/*--------------------------------*- C++ -*----------------------------------*\
| =========                 |                                                 |
| \\      /  F ield         | OpenFOAM: The Open Source CFD Toolbox           |
|  \\    /   O peration     | Version:  5.x                                   |
|   \\  /    A nd           | Web:      www.OpenFOAM.org                      |
|    \\/     M anipulation  |                                                 |
\*---------------------------------------------------------------------------*/
FoamFile
{
    version     2.0;
    format      ascii;
    class       volScalarField;
    location    "100";
    object      p_rgh;
}
// * * * * * * * * * * * * * * * * * * * * * * * * * * * * * * * * * * * * * //

dimensions      [0 2 -2 0 0 0 0];

internalField   nonuniform List<scalar> 
6584
(
12.8784
13.7401
14.7694
16.3057
18.2656
20.7862
23.8436
27.4755
31.3341
35.1962
38.0195
38.6706
36.2753
30.9182
23.6607
15.875
8.66412
2.38921
-2.72086
-6.77026
-9.84707
-12.1912
-13.7379
-15.0018
12.5762
13.5201
14.488
16.0099
17.9229
20.4383
23.5255
27.3231
31.4461
35.7819
39.0947
40.1096
37.6701
31.8507
24.0179
15.6304
8.10446
1.69613
-3.39399
-7.37651
-10.3503
-12.6435
-14.0832
-15.4514
11.9272
12.8899
13.7422
15.1812
16.9729
19.4415
22.5976
26.8502
31.5428
36.0126
41.8878
45.0785
43.6452
37.0942
27.4827
14.6543
6.39195
-0.319655
-5.31392
-9.05927
-11.7501
-13.84
-15.0622
-16.4145
11.0757
11.973
12.6571
13.9204
15.4861
17.7696
20.935
25.623
31.9605
38.1921
47.292
54.0875
53.5533
43.8294
29.9081
16.8226
3.34313
-3.68186
-8.37243
-11.6298
-13.845
-15.5624
-16.4693
-17.6586
10.0879
10.8376
11.2943
12.2553
13.4378
15.2572
18.0892
22.7656
28.5561
39.46
53.4887
67.7919
69.6803
52.9163
30.5777
12.9804
1.37111
-9.03191
-12.8491
-15.0883
-16.559
-17.6917
-18.1819
-19.0697
9.02024
9.54266
9.71124
10.2205
10.812
11.6465
13.5831
16.4001
23.8282
35.4357
55.1545
89.5106
105.948
71.9853
26.4726
3.40522
-8.00487
-16.1703
-18.5526
-19.3073
-19.7655
-20.1041
-20.0849
-20.5403
7.95408
8.18632
8.03028
7.9729
7.82709
7.35611
7.82044
9.26524
12.3899
20.9505
45.1315
106.302
198.135
80.7018
13.4236
-16.1238
-22.0914
-25.579
-25.3288
-24.0557
-23.2329
-22.6003
-22.0096
-21.9282
6.98001
6.89376
6.42139
5.76209
4.8102
2.89703
1.17699
0.349813
-3.43102
-6.92
-2.15629
28.5751
4.91022
-41.7386
-47.8637
-41.1292
-36.2644
-32.4743
-28.842
-26.5904
-24.9107
-23.748
-23.0768
6.18014
5.79479
5.07115
3.89446
2.23697
-0.894337
-4.77174
-8.49487
-19.5872
-39.0458
-69.051
-148.418
-218.596
-122.34
-83.6994
-60.7591
-46.0696
-38.6679
-32.898
-29.3451
-26.7228
-25.079
-23.84
5.61271
4.99786
4.14349
2.66173
0.613718
-3.07063
-8.18492
-13.9275
-28.6704
-55.9531
-102.634
-211.069
-332.353
-175.385
-106.6
-73.8554
-52.2766
-42.419
-35.3991
-31.0066
-27.7474
-25.8072
-24.1054
5.29779
4.55869
3.72097
2.21389
0.202526
-3.1885
-8.14691
-14.1246
-27.0834
-49.9037
-88.6345
-165.476
-305.36
-174.259
-106.938
-75.7331
-53.1084
-42.8392
-35.8404
-31.2677
-27.8105
-25.8144
-23.8205
5.21198
4.4623
3.77212
2.49309
0.893531
-1.54171
-5.1555
-9.70927
-17.0435
-27.7186
-44.3253
-65.4019
-195.753
-130.315
-87.6854
-66.8988
-48.7313
-40.0527
-34.2381
-30.1338
-26.9039
-25.0919
-23.0032
5.2967
4.63078
4.16763
3.26878
2.28546
1.05327
-0.696813
-3.06315
-4.23874
-2.8132
1.89865
26.3713
-67.0749
-71.4104
-59.8121
-51.9683
-40.9523
-35.0619
-31.0601
-27.8868
-25.2037
-23.7388
-21.7353
5.47682
4.95324
4.73494
4.24878
3.89482
3.7338
3.72369
5.22357
6.00831
14.4542
28.1613
70.7527
163.342
16.5048
-24.59
-34.5451
-36.3998
-32.1259
-29.1943
-27.0222
-24.9563
-22.9611
-21.9273
-20.1412
5.67999
5.31904
5.31272
5.17608
5.31097
5.84542
6.86324
9.22164
11.8169
20.5603
33.943
56.7171
64.9326
29.5494
-3.71762
-17.7031
-22.5638
-23.9419
-23.5063
-22.8031
-21.7703
-20.4461
-19.8481
-18.3495
5.84981
5.64273
5.78997
5.90213
6.34351
7.24493
8.67158
11.506
14.1319
20.3474
28.9921
38.6824
38.481
18.8165
3.96812
-8.3759
-15.4738
-17.6481
-18.6408
-18.8662
-18.653
-17.9047
-17.6831
-16.498
5.95087
5.87241
6.1112
6.37361
6.96083
7.98147
9.451
12.0505
15.6147
17.5865
23.2659
27.5344
24.1536
14.4486
4.57178
-3.51378
-9.97773
-12.8543
-14.6493
-15.4275
-15.7935
-15.47
-15.5463
-14.6619
5.96656
5.98499
6.26197
6.5911
7.20553
8.14271
9.47717
11.1673
14.4504
15.0084
18.8839
18.0786
16.2773
9.29491
1.21246
-1.14558
-6.48184
-9.3718
-11.502
-12.5428
-13.2788
-13.2469
-13.5324
-12.9085
5.89485
5.97893
6.25566
6.59041
7.16639
7.91096
9.07869
9.9447
12.5421
11.6416
15.5816
12.9767
10.5131
8.18667
0.669399
-0.233682
-5.00541
-7.01291
-9.15534
-10.2007
-11.1344
-11.2776
-11.6932
-11.2827
5.74323
5.86625
6.12032
6.42411
6.93864
7.467
8.48399
8.78648
10.8862
9.70789
12.2574
10.6028
8.85376
6.80051
1.18404
0.361163
-3.88574
-5.26325
-7.37451
-8.30251
-9.32968
-9.56196
-10.0484
-9.80362
5.52391
5.66509
5.8861
6.13994
6.58812
6.91519
7.79494
7.72247
9.40133
8.14815
9.69828
8.19986
6.93906
5.56412
1.30645
0.689576
-2.98479
-3.9435
-5.98549
-6.75568
-7.81704
-8.08156
-8.59781
-8.47543
5.25027
5.39443
5.57926
5.77614
6.16015
6.3163
7.06994
6.75315
8.08183
6.82112
7.89962
6.46063
5.46086
4.54841
1.18664
0.805145
-2.34247
-2.974
-4.89706
-5.49836
-6.55295
-6.81222
-7.33074
-7.29404
4.93533
5.07222
5.22212
5.36317
5.68859
5.7103
6.35168
5.88782
6.94587
5.72992
6.512
5.23399
4.41288
3.75675
1.04048
0.831996
-1.8768
-2.25544
-4.0371
-4.47737
-5.49741
-5.72827
-6.23113
-6.25015
4.59055
4.71431
4.83265
4.92393
5.19733
5.12017
5.66369
5.12244
5.97017
4.83279
5.40039
4.2917
3.60162
3.12456
0.898406
0.817408
-1.52514
-1.71242
-3.34817
-3.64526
-4.61434
-4.8045
-5.28081
-5.33206
4.22536
4.33358
4.42448
4.4747
4.70232
4.55766
5.01561
4.44661
5.12716
4.09497
4.50479
3.55579
2.94851
2.60896
0.761307
0.778511
-1.25523
-1.29745
-2.78988
-2.96467
-3.873
-4.01732
-4.46095
-4.52679
3.84742
3.94013
4.0077
4.02641
4.21353
4.02822
4.41031
3.84773
4.39088
3.46941
3.7598
2.95905
2.41015
2.19308
0.64045
0.729684
-1.04544
-0.978246
-2.33359
-2.40588
-3.24807
-3.34613
-3.75411
-3.82204
3.46276
3.54164
3.58955
3.5865
3.73727
3.53295
3.84715
3.31442
3.74389
2.93268
3.13897
2.4674
1.98555
1.869
0.537809
0.677017
-0.881354
-0.731637
-1.95713
-1.94533
-2.71987
-2.77386
-3.14506
-3.20594
3.07605
3.14385
3.17506
3.15895
3.27681
3.07053
3.32331
2.83795
3.17375
2.47379
2.61815
2.06839
1.64423
1.58073
0.425358
0.616567
-0.750585
-0.537086
-1.64139
-1.56252
-2.26895
-2.28304
-2.61771
-2.66628
2.69077
2.75062
2.76751
2.7459
2.83401
2.63877
2.83627
2.40872
2.66484
2.0761
2.16897
1.72998
1.34902
1.33575
0.326832
0.558071
-0.646297
-0.384398
-1.37573
-1.24308
-1.8824
-1.86112
-2.16022
-2.19341
2.30979
2.36486
2.36948
2.34871
2.40934
2.23447
2.38296
2.01604
2.20229
1.72194
1.77347
1.43807
1.0916
1.12748
0.239287
0.500782
-0.562947
-0.264149
-1.14998
-0.974469
-1.54847
-1.49662
-1.76149
-1.77809
1.9355
1.98831
1.98233
1.96731
2.00232
1.85474
1.95793
1.65205
1.77764
1.4007
1.4206
1.18426
0.867949
0.946352
0.156957
0.44144
-0.49702
-0.169521
-0.955521
-0.746811
-1.25719
-1.17952
-1.41165
-1.41173
1.56972
1.62201
1.60721
1.6005
1.61377
1.49401
1.55418
1.30672
1.37861
1.0994
1.10094
0.962568
0.679866
0.786492
0.0755657
0.374961
-0.44807
-0.0969958
-0.785905
-0.551799
-0.999347
-0.900989
-1.10181
-1.08675
1.21347
1.26541
1.24416
1.24742
1.24328
1.15005
1.17362
0.977583
1.00251
0.811122
0.807741
0.765023
0.524605
0.638112
-0.00522792
0.299517
-0.409354
-0.041101
-0.632251
-0.382168
-0.766504
-0.653684
-0.824124
-0.796556
0.870278
0.921582
0.896587
0.909899
0.890515
0.820325
0.80601
0.630388
0.60131
0.486885
0.527152
0.610605
0.476476
0.510983
-0.114989
0.173844
-0.406459
-0.00702625
-0.488509
-0.23127
-0.548437
-0.429776
-0.569851
-0.534696
0.528994
0.571261
0.548681
0.566328
0.545632
0.502223
0.480175
0.351507
0.301439
0.233016
0.277805
0.423627
0.354719
0.332647
-0.16526
0.0928199
-0.327322
0.0289831
-0.328268
-0.102464
-0.338911
-0.231879
-0.336079
-0.299725
0.246643
0.292467
0.276386
0.309762
0.283907
0.253729
0.15478
-0.231065
-0.539074
-0.619568
-0.155052
0.636152
1.39066
0.280301
-0.753687
-0.533156
-0.631021
0.028435
-0.154404
0.053625
-0.100917
-0.0204588
-0.0920354
-0.070015
-132.732
-211.87
15.8892
-209.296
-354.97
-238.568
-175.889
-340.356
-362.579
-78.3302
-223.667
-328.454
16.7519
-79.5036
-205.695
69.6761
183.981
177.743
24.2987
-62.5269
50.8334
196.83
44.7146
102.385
-54.0135
-116.326
22.3324
-142.757
126.267
-194.893
-116.159
-40.0664
-98.8664
-189.597
-130.738
-184.731
-267.111
-222.057
-433.62
-343.99
-325.592
-192.479
-139.819
-96.1306
-162.855
-191.338
-205.783
-283.552
-296.266
-489.081
-492.307
-315.109
-204.24
-201.821
-56.6578
-75.5873
-153.444
-130.308
-155.991
-218.008
-341.467
-424.987
-211.443
-158.377
-196.904
-161.539
-245.397
-82.5992
-88.1947
-141.658
30.2826
-51.3252
62.2663
73.2184
166.626
72.58
43.0209
28.8018
-213.466
-121.571
-72.7842
-134.511
-229.857
88.1317
-116.317
-336.366
-167.152
-120.408
-159.96
-326.365
-294.74
-271.801
-193.211
-280.881
-303.692
-238.118
-279.899
-487.151
-438.195
-318.447
-423.975
-483.447
-333.332
-419.839
-302.058
-225.997
-277.611
-200.295
-287.425
-231.262
-303.308
-291.338
-429.036
-485.617
-365.494
-484.515
-420.057
-486.847
-487.554
-369.146
-151.492
-84.5256
-225.77
-161.097
-251.413
-335.876
-271.32
-333.203
-250.944
-415.452
-338.827
-286.608
-6.48293
41.9645
-75.2713
-14.3058
-63.7273
-149.497
-239.694
-159.761
-151.209
97.1855
117.148
47.7267
93.3072
85.5608
38.4577
-48.8562
-102.186
78.4781
-19.3239
276.243
-8.45822
12.1224
-63.7008
-27.6041
-16.5902
-75.4269
8.66729
-46.1751
11.0317
-28.0298
-70.8862
174.848
-83.7915
107.212
-132.066
-85.9108
-84.3013
-146.934
-117.565
-121.163
-82.8933
33.3089
56.2992
-77.5692
-40.2753
-53.3044
-103.009
-133.177
-148.09
-66.0932
59.6613
89.8638
-54.3405
20.6291
-15.9118
319.622
201.647
118.198
157.035
221.004
324.563
-56.5316
-32.9022
-66.1457
251.192
-28.516
6.79331
-399.254
-390.511
-500.839
-499.42
-378.871
-385.403
-196.202
-164.139
-202.87
67.8481
16.7029
-47.547
5.97468
-14.0253
-211.179
-184.967
-253.201
-216.342
-256.309
-198.038
-205.3
-91.9237
-38.974
-111.482
-200.549
-269.298
-259.93
-294.976
-295.188
-258.744
-260.473
-465.421
-464.403
-460.681
-393.165
-369.035
-416.076
-399.674
-463.143
-381.995
-318.976
-279.305
-360.408
-330.389
-388.35
-265.113
-260.296
-305.144
-303.172
-460.518
-462.988
-461.658
-405.653
-419.517
-380.379
-399.818
-458.476
-496.448
-427.322
-420
-422.997
-427.656
-497.132
-125.895
-123.312
-126.824
-164.388
-82.7784
-121.773
-113.609
-199.359
-168.698
-189.737
-291.78
-298.078
-379.855
-348.472
-373.149
-313.363
-339.827
-374.458
3.24837
30.4093
-47.9849
-41.3416
-77.5171
-3.36017
-36.4161
-39.277
-35.16
-1.20086
-100.61
-102.811
-54.5065
-158.942
-109.569
-113.068
-109.456
130.308
149.39
206.267
93.8757
123.493
207.47
114.765
72.9927
489.462
24.6314
54.3481
20.8364
50.9233
80.7937
46.6628
106.116
79.5085
88.9023
255.442
36.0466
-9.03594
-15.785
51.3102
60.6299
254.678
158.13
149.827
64.6794
78.8509
128.765
125.232
211.999
476.674
323.388
206.661
312.331
375.531
492.777
-251.654
-208.76
-227.346
-422.98
-368.603
-365.857
-295.04
-249.218
-243.406
-250.982
-252.553
-296.766
-496.368
-495.157
-357.642
-408.886
92.9449
76.3725
-2.06791
13.8488
56.7672
116.155
95.0957
109.901
-8.44711
-69.1198
163.665
-309.269
-336.942
-364.052
-239.093
-193.884
-128.415
-264.354
-211.915
-260.904
-287.259
-244.103
-252.065
-229.959
-243.303
-284.101
-288.581
-309.787
-300.554
-328.201
-326.803
-300.012
-297.937
-291.931
-271.46
-480.174
-448.797
-440.095
-411.89
-402.884
-450.96
-441.622
-476.178
-237.895
-225.825
-257.557
-278.866
-295.643
-312.326
-305.927
-333.031
-329.522
-316.139
-326.466
-297.298
-443.277
-477.242
-475.859
-445.997
-452.155
-412.206
-413.925
-435.997
-491.821
-458.891
-451.602
-455.928
-459.153
-493.915
-268.572
-276.532
-257.02
-341.982
-330.467
-320.912
-295.928
-276.118
-304.119
-237.29
-266.315
-284.691
15.6291
29.3571
0.936126
52.5203
33.2068
22.501
144.171
154.601
68.7655
83.7132
59.6821
130.248
141.515
115.29
98.7792
92.8616
379.42
140.97
19.065
-15.9064
-11.6379
18.1144
-20.9013
-23.8081
46.1953
30.2185
244.069
-21.2954
7.54724
-105.796
-99.0278
42.7944
48.6965
42.9338
48.7134
41.1492
60.5747
51.4208
45.8988
-61.4015
-55.8418
-74.5887
-81.7976
72.1633
77.4102
64.1538
83.9178
101.073
-128.83
-107.338
-30.0204
-187.367
-129.432
-152.148
-419.144
-372.06
-497.882
-499.041
-362.473
-403.567
-187.092
-185.806
-203.708
-161.555
-179.729
-180.234
-235.275
-253.705
-209.475
-228.211
46.4598
65.1284
84.9657
26.3302
56.4923
40.3376
63.114
29.8809
-233.434
-203.684
-224.649
-167.203
-195.571
-225.572
-249.866
-260.578
-230.536
-245.994
-159.309
-120.205
-157.409
-177.103
-191.028
-308.269
-329.052
-301.781
-308.978
-258.573
-205.505
-300.546
-272.831
-222.175
-255.827
-297.811
-319.825
-313.579
-289.254
-316.543
-322.299
-310.795
-312.356
-331.102
-329.871
-321.755
-328.342
-299.99
-324.998
-320.383
-282.544
-292.818
-264.175
-278.116
-302.483
-308.169
-295.177
-301.82
-270.29
-290.53
-283.927
-479.309
-450.404
-427.722
-414.699
-445.459
-473.842
-440.386
-429.448
-277.756
-290.708
-274.438
-300.304
-287.008
-316.158
-304.908
-265.537
-247.364
-282.1
-269.871
-333.921
-332.842
-304.85
-335.39
-338.605
-332.013
-336.522
-329.733
-317.916
-335.846
-332.457
-300.248
-328.643
-332.652
-447.692
-471.054
-433.831
-441.605
-471.348
-442.918
-419.211
-429.322
-462.905
-458.6
-494.252
-495.439
-461.974
-461.425
-141.592
-142.28
-139.489
-124.38
-160.208
-144.79
-148.984
-99.374
-97.8406
-85.016
-119.209
-103.251
-105.439
-220.698
-205.262
-241.39
-225.937
-183.113
-180.03
-165.138
-200.383
-185.15
-189.953
-300.15
-283.37
-274.919
-283.654
-299.076
-259.204
-276.547
-303.985
-315.251
-324.087
-305.052
15.4768
21.1715
10.9558
38.1688
25.1995
19.3223
39.9501
-20.2233
5.62214
-15.3278
-138.316
-135.823
-155.341
-109.821
-129.633
-131.197
-130.115
-137.281
159.497
181.859
107.626
125.438
155.533
122.701
29.1744
-17.3616
24.7772
-3.19689
33.7038
66.8041
638.077
463.6
373.814
521.231
557.198
661.915
93.7708
183.539
134.577
-179.341
-204.165
-245.476
-429.425
-431.539
-436.411
-494.026
-492.673
-194.023
-174
-192.181
-425.978
-420.757
-420.15
-251.034
-232.649
-228.236
-182.107
-139.748
-172.256
-254.463
-241.193
-220.379
-194.766
-241.785
-210.463
-244.32
-270.056
-258.199
-483.134
-442.438
-446.861
-442.558
-468.699
-465.884
-480.4
-394.657
-386.227
-408.248
-249.864
-218.797
-201.997
-241.932
-256.585
-244.363
-433.654
-431.609
-428.403
-483.485
-481.941
-466.917
-469.494
-488.636
-473.46
-471.365
-472.327
-474.916
-490.815
-217.198
-223.706
-237.269
-400.484
-390.614
-401.604
-205.502
-196.299
-226.615
152.068
153.63
115.065
92.1374
74.4578
151.15
151.905
68.7509
100.366
65.6566
-6.08361
14.8674
-116.395
-81.6394
-86.934
-88.3287
-72.2371
-71.0085
-76.3168
-39.0964
-44.3116
-45.5033
-101.347
-95.3324
-96.2574
98.5107
82.3045
76.0264
213.49
327.055
284.204
-79.7047
-96.9558
-78.7009
-47.6095
-201.494
-182.247
-4.69366
71.9484
93.7708
-409.576
-413.106
-406.333
-383.341
-396.781
-403.18
-504.114
-499.592
-384.957
-378.954
-372.766
-392.209
-396.411
-390.852
-200.503
-205.261
-163.775
-169.636
-169.261
-210.062
-214.913
-222.032
-226.228
-208.685
-219.307
-245.419
-246.037
-251.666
-192.076
-201.802
-224.701
-272.654
-277.803
-255.914
-258.393
-256.459
-65.0803
-109.401
-144.437
-133.9
-125.931
-139.865
-185.28
-234.586
-223.262
-281.665
-273.477
-246.951
-281.618
-282.365
-468.891
-463.487
-354.001
-341.168
-362.585
-404.588
-376.95
-366.165
-249.418
-260.885
-273.243
-455.712
-464.588
-481.044
-480.549
-496.141
-498.374
-481.881
-481.372
-130.744
-132.057
-130.763
-125.41
-164.439
-159.64
-160.26
-204.072
-218.77
-208.878
-214.324
-209.576
-242.406
-238.904
-173.238
-174.117
-169.217
-205.214
-201.02
-370.033
-380.147
-395.359
-359.879
-351.381
-360.622
-56.5221
-55.4208
-45.7774
-75.7826
-65.4654
-61.752
-82.079
-85.2119
-103.099
-59.8685
-73.5098
-75.2928
-153.707
-151.178
-157.582
-116.411
-107.709
-153.604
185.623
187.379
199.594
121.253
107.712
121.157
104.36
137.349
125.631
116.983
194.361
160.087
91.3095
110.239
92.8112
174.687
357.326
83.5417
54.1558
57.2302
191.885
192.552
220.603
69.4917
69.3064
64.646
79.4796
74.2805
74.0635
215.64
173.39
163.817
361.321
504.471
464.549
-427.107
-428.427
-426.075
-371.405
-373.141
-366.981
-385.855
-375.064
-496.708
-492.793
-362.01
-365.68
-348.753
-355.448
-414.399
-414.072
-408.431
85.8768
90.6088
97.973
79.8449
84.6793
79.6707
-345.534
-344.166
-335.267
-360.372
-352.5
-355.104
-480.391
-446.054
-448.248
-449.297
-477.917
-463.455
-461.121
-439.649
-434.778
-439.398
-482.828
-460.961
-464.236
-479.72
-476.824
-474.978
-489.881
-492.961
-476.987
-478.27
-337.445
-338.784
-343.101
-329.062
-333.727
-333.799
156.238
159.821
142.011
146.394
134.55
141.667
137.002
121.216
113.183
109.082
114.571
121.036
103.022
107.466
103.94
80.028
56.635
45.0193
113.908
325.735
282.362
351.537
167.175
200.316
250.569
-2.23963
-4.26746
-13.2887
14.1579
5.06608
7.23372
-36.2603
-37.1741
-44.7596
-21.9641
-30.0616
-29.1406
58.8868
78.7117
19.8947
-75.8582
-106.859
-35.9779
-40.7683
-111.748
-93.8687
-92.2755
-98.4022
44.3908
46.3226
37.7734
40.6037
43.66
-60.4178
-65.725
-66.8664
-42.8232
-37.6577
-48.3076
-50.5011
-49.136
-55.0438
-73.2942
-66.677
-67.6394
-64.7082
-71.8278
-51.5018
-58.11
-89.2188
-88.3017
-80.9454
89.2902
90.5759
84.8911
103.244
96.688
95.0111
-136.509
-107.738
-103.364
-172.569
-180.655
-160.108
-413.748
-413.36
-419.226
-424.719
-394.523
-392.018
-405.396
-398.628
-501.515
-500.927
-377.502
-382.595
-369.191
-373.07
-367.353
-373.767
-369.144
-403.96
-399.92
-398.135
-390.351
-187.98
-194.926
-174.609
-175.505
-181.607
-242.194
-242.384
-235.052
-253.635
-249.231
-248.413
-215.445
-216.575
-210.922
-228.43
-222.042
-221.487
-220.586
36.2805
32.4162
22.8942
51.8251
40.578
-224.899
-233.276
-240.348
-239.134
-229.503
-213.308
-222.742
-266.936
-268.887
-274.879
-271.131
-256.762
-256.058
-264.05
-163.408
-148.1
-159.812
-124.282
-197.398
-186.693
-178.852
-318.409
-302.512
-291.535
-325.155
-315.129
-327.87
-331.413
-319.293
-240.391
-242.266
-260.667
-224.466
-239.893
-224.007
-288.71
-273.498
-280.452
-284.58
-320.2
-322.931
-312.342
-314.943
-315.01
-313.825
-312.802
-330.1
-329.036
-322.967
-325.366
-287.841
-293.401
-287.587
-295.223
-294.575
-290.822
-267.849
-280.383
-278.09
-286.688
-283.397
-272.308
-284.284
-286.603
-303.821
-305.511
-304.472
-311.186
-308.043
-305.819
-297.724
-300.932
-297.74
-305.448
-305.653
-300.58
-473.398
-457.699
-296.398
-296.669
-298.992
-286.261
-292.29
-292.061
-312.124
-301.316
-304.487
-307.924
-260.024
-260.686
-266.951
-248.603
-254.054
-253.716
-277.727
-277.004
-281.006
-270.89
-273.677
-273.699
-336.043
-337.684
-334.792
-337.565
-324.719
-320.732
-333.307
-332.273
-451.083
-467.13
-495.93
-480.05
-478.578
-479.802
-481.109
-497.38
-135.685
-141.842
-136.367
-137.463
-155.279
-154.295
-148.062
-226.082
-219.721
-215.405
-220.601
-226.236
-236.335
-240.936
-244.181
-231.603
-236.204
-230.966
-235.911
-232.252
-184.922
-179.327
-178.024
-196.545
-190.162
-294.87
-291.188
-297.039
-279.334
-285.38
-289.571
-290.535
-295.122
-264.368
-263.192
-258.064
-270.284
-316.897
-316.502
-323.224
-302.961
-309.55
-310.682
17.5213
16.2845
20.0735
8.40646
12.552
14.4294
34.5617
31.3801
34.7025
23.924
27.8255
29.5586
35.1662
-22.2933
-17.3646
-32.5154
-27.2181
0.282683
-1.49837
3.46707
-12.1631
-6.18508
-5.43964
-136.943
-144.138
-145.772
-123.21
-144.899
165.209
172.514
113.977
119.865
110.758
131.787
125.541
119.698
130.213
137.462
143.027
129.26
56.1263
75.371
61.0127
83.2528
95.5309
71.1696
94.9021
77.7492
63.26
67.7861
43.1708
41.7834
29.5067
41.6029
45.0348
50.6197
89.5716
79.7579
110.228
178.738
106.473
179.643
106.451
83.9684
81.8305
32.0743
39.9133
20.6073
4.22647
13.1806
8.64035
9.26465
36.434
13.5409
41.0797
88.3766
102.464
167.755
149.498
282.401
210.485
168.52
82.4782
48.0618
58.2914
-23.7668
-25.9604
-8.14922
-23.7604
-45.5079
-3.48937
-19.4999
-23.037
-0.717763
3.83087
6.5299
36.498
-81.4609
-76.3556
-24.0536
-103.11
-73.9122
-48.6645
-50.2731
-83.0921
-57.6984
-81.8947
-100.956
-85.5494
-162.398
-182.221
-167.222
-276.774
-214.68
-167.519
-167.336
-117.565
-98.0638
-55.6576
-82.0695
-86.3192
-103.447
-124.491
-124.485
-211.261
-235.257
-234.961
-338.151
-268.749
-257.573
-179.902
-133.728
-129.845
-40.0064
-50.2204
-76.0158
-79.3053
-91.4194
-103.531
-154.412
-167.247
-180.192
-269.724
-226.501
-248.672
-144.046
-118.068
-129.378
-14.8092
-9.96014
-40.0116
-52.5115
-53.502
-68.2361
-146.96
-132.75
-170.644
-86.0964
-82.9765
-101.835
7.10799
19.2725
-1.14094
-24.2491
-44.2432
-67.1913
-33.8468
-45.9469
-63.6968
18.5508
26.5162
22.5867
34.854
55.1499
58.7771
70.7635
88.6806
104.432
124.75
113.054
125.567
30.4907
1.34434
-17.9439
-10.8908
-19.8241
-31.2174
21.0416
27.7449
27.9113
32.3617
35.1681
51.1932
42.2249
45.3668
69.2536
43.0766
30.8729
40.2762
19.2404
9.61438
3.88581
1.95918
-6.79503
-12.0452
25.9923
28.1904
33.7484
33.1456
31.4247
40.5788
28.2369
25.6204
28.3748
16.4602
11.0292
10.7046
-150
-130.143
-114.777
-181.758
-203.161
-251.16
32.8988
-3.77219
-16.4306
-232.7
-228.549
-205.517
-344.965
-382.472
-399.393
-265.089
-303.614
-262.255
-192.487
-203.798
-185.173
-350.727
-387.644
-368.889
-403.122
-411.484
-367.631
-83.1511
-97.1043
-91.2711
-239.59
-260.86
-234.065
-361.322
-338.312
-315.316
-97.0196
-98.1656
-79.1583
-216.199
-196.09
-187.36
104.082
89.7462
56.2031
205.886
187.847
171.989
167.006
168.65
202.938
-59.7326
-40.7143
-45.9436
104.007
167.741
95.3434
745.221
623.796
625.585
165.534
196.818
277.603
762.36
787.511
66.3464
90.5069
66.4816
151.861
178.831
101.109
-66.9183
-45.6767
-37.1126
-62.0446
-52.6312
-79.4919
5.19567
-23.5241
-41.5447
-109.745
-119.144
-176.854
151.2
107.566
89.6533
-152.124
-94.7721
-111.301
-90.6511
-95.7075
-127.841
-33.4019
-63.397
-65.0072
-120.575
-112.673
-91.8001
-173.427
-135.511
-144.818
-102.648
-121.426
-165.524
-206.106
-195.102
-174.314
-262.335
-248.099
-253.23
-207.236
-215.467
-229.107
-352.578
-361.763
-351.557
-254.69
-224.118
-291.987
-178.592
-205.264
-221.752
-157.609
-183.747
-161.044
-113.512
-120.68
-101.106
-183.627
-143.972
-134.746
-149.291
-148.965
-188.332
-228.902
-233.222
-209.335
-288.482
-270.875
-267.035
-278.782
-279.376
-297.284
-257.288
-265.195
-335.214
-207.589
-238.025
-232.799
-232.741
-238.197
-207.031
-63.1063
-77.7411
-68.4377
-110.658
-89.659
-71.5907
-122.038
-106.731
-122.196
-139.748
-153.677
-142.554
-182.998
-165.624
-143.762
-209.865
-202.118
-210.453
-347.249
-353.815
-346.824
-183.61
-214.9
-256.071
-173.449
-193.417
-174.866
-223.07
-209.727
-186.581
-173.548
-179.102
-160.813
-247.657
-241.865
-240
-92.8006
-115.896
-130.822
-106.026
-112.961
-91.1097
-154.711
-133.553
-123.967
20.2294
27.5494
38.4687
-48.8666
-35.7503
-38.8296
71.0891
82.9626
67.1811
97.6762
87.947
70.322
142.486
120.328
126.65
62.1026
74.3613
94.8907
42.8123
64.5499
55.0655
72.0524
67.2811
42.4321
-204.061
-188.567
-198.387
-87.4491
-129.332
-169.348
-94.911
-107.546
-81.9773
-153.845
-184.659
-158.139
56.3076
60.3204
100.121
-132.96
-109.285
-94.0625
-328.08
-336.387
-344.481
-175.303
-192.533
-184.242
-129.058
-166.049
-152.896
-189.07
-175.709
-149.091
-295.412
-280.211
-297.888
-292.694
-276.22
-277.845
-257.782
-262.147
-276.477
-200.319
-222.766
-215.247
-284.437
-290.361
-287.572
-312.915
-311.864
-301.809
-285.354
-282.841
-276.247
-352.702
-376.281
-332.76
-428.925
-423.352
-416.872
-355.953
-327.539
-312.458
-414.096
-407.86
-415.446
-283.366
-314.457
-344.451
-234.077
-225.404
-217.908
-262.371
-257.386
-271.267
-193.494
-213.889
-222.326
-285.407
-292.891
-296.487
-234.984
-239.132
-235.479
-305.123
-314.731
-313.674
-300.061
-302.904
-292.833
-405.932
-393.529
-359.238
-415.404
-417.733
-424.368
-369.865
-411.921
-409.191
-141.901
-143.323
-158.266
-85.5679
-95.2606
-93.9497
-218.836
-229.065
-230.867
-163.304
-178.362
-170.585
-256.778
-259.278
-253.536
-340.188
-334.646
-330.899
-295.806
-269.69
-255.644
-320.026
-311.191
-321.148
-246.154
-257.123
-262.339
-410.875
-407.114
-410.306
-331.353
-341.572
-354.859
-301.293
-329.852
-304.838
1.1369
3.8731
-3.94813
45.4886
38.9312
35.6123
-66.0276
-66.0033
-75.8475
-12.049
-20.4403
-22.4004
-76.1286
-74.9019
-61.9174
-154.59
-135.112
-137.284
-228.315
-224.255
-235.219
-154.844
-185.475
-194.558
-169.281
-176.358
-156.778
110.658
137.916
121.225
140.402
142.914
111.494
55.2933
59.5061
52.2038
70.4797
108.521
114.677
-53.6728
-23.525
-22.8755
-31.3483
-24.3987
-73.2527
49.4057
12.5845
-4.23609
311.754
257.961
233.504
-18.0325
-17.5315
-1.39609
-53.1774
-34.9625
-28.9074
-25.9387
-39.4284
-39.8812
-40.7799
-39.1527
-24.53
-70.9298
-54.5973
-49.1809
0.374369
2.98437
11.7128
-45.3856
-38.0655
-38.88
-9.3314
-24.8009
-12.7065
129.839
140.429
193.817
-123.747
-94.0555
-56.7462
4.08044
-9.64578
52.2467
-105.91
-34.0737
-32.6364
-50.8332
-45.1347
-87.544
-110.997
-103.402
-85.9092
-135.332
-111.919
-119.807
-104.615
-111.328
-125.56
36.7471
39.0604
35.8929
58.0296
54.5343
52.5119
-60.4656
-59.6754
-52.617
-137.153
-117.602
-115.144
-112.931
-112.064
-144.185
-75.1562
-101.287
-101.318
63.8911
65.6258
61.6225
92.7733
87.8023
84.8221
-18.8704
-34.4096
-55.5162
3.20746
-14.668
-7.84329
-30.3329
-22.9169
-6.56036
274.373
318.912
431.942
189.442
279.449
251.426
197.395
277.032
179.887
181.434
216.752
187.931
270.46
319.162
220.19
442.511
358.888
292.719
-27.1619
-98.2927
-72.1727
135.758
133.379
183.928
-15.3742
18.2057
9.11282
47.7372
58.8041
13.8843
-202.996
-185.211
-185.579
-210.033
-212.18
-207.171
60.242
66.1074
72.9839
20.1667
28.8427
25.1143
-25.4715
-32.4485
-46.21
-4.29391
-18.4332
-17.9128
-26.4029
-22.563
-9.38864
-212.751
-192.133
-170.465
-209.85
-236.409
-218.802
-188.819
-171.384
-182.415
-73.2197
-95.0952
-111.133
-67.9065
-80.2631
-51.4711
-281.483
-292.482
-281.659
-246.753
-258.416
-270.55
-303.077
-301.354
-292.529
-297.508
-305.921
-304.351
-266.296
-263.226
-254.142
-264.807
-271.665
-268.811
-446.274
-443.261
-457.601
-385.577
-403.623
-411.815
-387.038
-394.521
-377.471
-411.159
-431.922
-437.429
-419.021
-425.801
-405.882
-466.299
-451.997
-448.912
-371.976
-363.92
-375.256
-306.533
-323.976
-336.431
-296.43
-310.791
-293.519
-351.022
-368.884
-378.182
-348.114
-358.964
-341.237
-394.459
-384.587
-376.788
-268.842
-272.7
-267.673
-257.44
-260.608
-264.528
-315.449
-315.693
-304.52
-303.201
-313.39
-314.396
-447.569
-450.478
-464.435
-410.743
-432.06
-425.765
-442.746
-437.859
-415.586
-386.857
-403.306
-394.816
-418.767
-411.086
-393.711
-454.09
-440.926
-444.404
-425.713
-449.231
-451.276
-442.198
-446.189
-423.426
-425.424
-449.855
-446.868
-452.113
-451.718
-427.189
-124.515
-138.427
-132.387
-88.238
-88.3635
-83.2488
-120.246
-115.084
-116.672
-103.728
-105.371
-115.562
-180.122
-183.627
-199.048
-294.388
-289.04
-286.554
-303.613
-305.794
-300.003
-376.062
-380.903
-385.154
-356.855
-368.28
-359.177
-386.251
-377.38
-365.309
-322.314
-331.229
-321.456
-350.084
-340.871
-331.279
-369.596
-365.313
-369.784
7.50196
9.52931
5.33326
32.6571
28.9794
26.7682
-47.1283
-56.4148
-56.9035
-46.3768
-47.5027
-42.3801
-78.255
-73.0291
-72.2694
-17.1117
-18.2029
-9.52199
-36.3859
-27.1812
-21.8001
-30.7208
-29.1296
-38.051
-30.1042
-28.7567
-33.9215
0.721347
-4.06848
-5.81873
-100.176
-87.3158
-88.2597
-95.7927
-95.8308
-102.781
-55.4001
-62.6656
-61.5736
-109.453
-116.305
-116.711
-125.2
-124.753
-113.33
136.767
151.174
140.438
172.464
155.229
143.226
99.053
102.86
97.6133
104.308
116.898
142.534
79.1036
85.707
80.3378
47.3049
35.4997
42.8493
13.0281
25.2355
41.3235
70.0569
60.7117
70.1075
38.9901
50.1896
58.0714
99.5734
108.611
116.463
84.4857
98.7239
90.3727
112.909
102.655
88.6622
19.1393
15.3596
27.3353
-10.5455
2.73748
12.5607
-4.39712
-0.568392
-12.9789
227.009
241.639
298.674
160.651
179.504
179.966
162.532
173.402
156.908
132.445
149.543
144.36
149.326
151.875
132.135
280.769
206.257
203.455
432.243
465.527
592.284
319.191
383.813
375.273
316.249
410.476
296.303
341.037
385.089
354.229
424.266
492.374
383.711
611.47
536.369
470.111
-236.778
-242.778
-257.282
-216.721
-229.447
-223.13
-239.987
-234.607
-220.275
-358.521
-370.035
-379.853
-276.519
-274.178
-292.317
-249.176
-263.216
-265.089
-256.621
-259.965
-244.705
-253.468
-267.525
-266.535
-266.854
-267.215
-251.31
-297.432
-279.094
-278.299
-364.676
-360.01
-352.768
3.50904
16.0296
9.54724
31.8165
23.2712
9.70943
47.2204
35.3724
43.8326
111.031
121.583
135.641
103.155
113.564
102.995
122.418
115.773
105.796
-17.4033
20.5169
23.7925
18.6082
21.161
-25.6559
116.804
70.1865
52.8247
-320.138
-328.498
-320.309
-222.431
-199.843
-215.276
-171.668
-185.073
-207.032
-138.078
-162.527
-151.811
-248.479
-264.381
-280.713
-227.409
-246.849
-231.468
-281.006
-262.626
-243.277
-271.807
-274.329
-290.18
-248.61
-261.752
-258.802
-265.657
-263.6
-248.516
-236.206
-248.894
-244.292
-256.142
-252.393
-237.933
-280.521
-265.772
-269.115
-295.297
-292.776
-285.379
-307.167
-300.273
-302.115
-295.856
-298.131
-303.434
-327.433
-316.215
-317.052
-314.868
-315.705
-327.298
-302.063
-311.147
-309.951
-295.629
-291.363
-293.653
-287.133
-289.272
-293.613
-275.21
-280.864
-278.486
-431.523
-427.409
-433.829
-405.151
-415.508
-420.735
-446.827
-460
-462.938
-454.614
-457.579
-445.887
-235.502
-247.434
-251.989
-236.311
-241.804
-229.185
-264.707
-251.813
-245.916
-284.809
-288.599
-280.987
-300.701
-293.915
-290.532
-301.12
-297.732
-307.019
-315.865
-315.289
-304.493
-332.773
-320.179
-320.57
-318.058
-319.246
-331.163
-319.594
-306.905
-304.103
-312.567
-309.856
-323.1
-296.232
-305.862
-308.138
-447.317
-460.367
-457.581
-465.554
-463.289
-451.35
-424.857
-424.367
-408.275
-430.44
-424.362
-428.22
-455.505
-469.267
-471.346
-465.21
-467.676
-455.377
-456.272
-470.219
-468.255
-473.408
-472.298
-459.54
-271.408
-265.36
-262.973
-269.594
-266.712
-272.988
-255.054
-260.674
-262.957
-325.841
-329.095
-323.933
-290.098
-301.439
-306.733
-285.605
-292.096
-282.143
-311.629
-301.786
-294.977
-246.305
-252.001
-241.742
-272.189
-262.374
-256.748
-273.738
-268.245
-279.048
18.6772
11.3921
8.45757
17.0707
14.5179
22.0076
-1.17363
6.82206
13.2222
45.7357
42.3294
49.0892
29.2987
35.7274
39.0955
29.1814
32.3769
25.7112
147.12
153.233
150.818
159.895
156.208
150.484
73.7168
66.4228
61.1781
75.4316
70.9387
78.6399
56.0631
63.4605
67.4151
148.808
146.056
138.37
187.745
202.146
145.178
-14.2355
-5.67388
-7.76781
-31.542
-30.6949
-22.5988
36.5028
86.4732
86.4238
212.403
145.344
153.287
-26.4361
-54.1704
-12.7443
45.0659
41.9931
39.5132
46.1174
43.3125
46.1421
57.2649
55.4844
59.0395
49.0796
52.2016
54.2669
49.4218
51.3141
48.1031
74.1055
69.6983
67.5941
72.7283
71.3437
75.8819
62.8366
67.004
68.2781
-83.7615
-93.0214
-116.872
-38.6476
-67.3067
-58.7179
-168.966
-183.365
-205.053
-139.223
-162.842
-150.273
-386.903
-391.771
-377.603
-191.969
-193.733
-187.034
-205.454
-199.925
-197.962
-167.647
-168.26
-162.26
-180.643
-174.338
-173.703
52.415
59.641
54.5257
71.3019
65.9752
58.8429
79.4325
72.6694
78.0399
50.6312
41.6648
46.5212
31.8997
36.8955
45.1457
-211.273
-221.043
-215.162
-232.549
-226.562
-218.088
-177.686
-191.718
-181.472
-208.234
-200.747
-186.951
-253.317
-267.765
-264.614
-236.267
-246.605
-238.899
-260.076
-252.482
-240.998
-147.282
-160.712
-176.321
-133.976
-146.311
-133.238
-170.346
-158.111
-144.288
-290.341
-302.652
-311.937
-233.186
-246.347
-236.26
-270.289
-257.526
-244.336
-281.176
-269.611
-283.941
-318.922
-307.56
-308.644
-304.101
-306.039
-316.661
-292.086
-299.635
-297.382
-308.809
-307.23
-297.692
-323.105
-312.019
-313.559
-309.487
-310.663
-321.497
-276.524
-273.968
-266.282
-288.744
-282.78
-285.146
-277.366
-280.208
-286.332
-422.688
-434.285
-438.275
-425.338
-430.232
-420.413
-452.204
-439.568
-435.353
-458.561
-455.165
-469.819
-435.764
-448.346
-451.895
-441.526
-445.186
-434.192
-282.274
-279.342
-275.337
-286.865
-283.259
-286.531
-272.269
-276.895
-280.603
-333.695
-320.559
-320.307
-320.503
-320.589
-333.128
-305.909
-316.013
-315.828
-310.351
-311.792
-300.724
-329.703
-316.257
-314.744
-319.194
-317.804
-331.036
-435.595
-447.499
-444.483
-454.021
-450.973
-439.955
-467.585
-453.705
-457.136
-432.87
-436.95
-448.738
-422.133
-432.813
-428.941
-440.778
-437.194
-427.148
-460.616
-474.893
-475.784
-472.704
-474.341
-461.537
-461.04
-475.571
-474.913
-475.858
-476.326
-463.191
-134.452
-135.348
-140.389
-125.068
-130.232
-129.451
-155.241
-156.426
-161.335
-145.832
-151.285
-150.084
-98.7232
-93.4293
-93.8447
-91.3929
-93.9016
-98.8858
-114.051
-114.847
-119.967
-104.219
-109.589
-108.681
-111.424
-109.815
-104.283
-210.164
-215.242
-210.21
-175.018
-176.572
-182.339
-166.241
-171.252
-170.027
-195.513
-200.034
-205.173
-188.154
-194.398
-190.415
-280.379
-283.34
-277.577
-318.155
-312.078
-310.021
17.3356
13.4429
11.5222
23.1413
25.1711
21.2456
-18.7121
-23.7265
-25.1566
-10.4685
-8.70405
-13.5978
-142.513
-143.331
-136.607
-156.129
-149.866
-148.995
-116.745
-116.661
-109.761
-130.057
-123.365
-123.124
-124.032
-123.163
-130.024
165.588
171.092
164.669
191.379
180.079
172.981
142.594
153.131
172.613
128.657
139.614
132.129
11.0042
32.8072
74.3452
0.603121
13.8493
-6.64174
47.5149
32.5388
19.3476
51.0342
43.4623
59.5578
593.654
622.538
688.465
455.195
530.25
526.147
430.974
515.497
426.94
570.742
657.997
679.985
607.816
646.754
572.751
722.233
704.91
652.094
179.266
139.441
147.781
97.5461
120.396
186.875
-238.117
-223.327
-230.496
-201.46
-194.012
-185.804
-245.204
-243.654
-249.385
-231.49
-237.655
-239.063
-233.872
-235.816
-229.826
-166.332
-178.046
-193.682
-250.038
-239.02
-244.76
-230.167
-236.162
-245.948
-211.857
-199.89
-182.362
-230.311
-215.299
-226.906
-195.881
-205.906
-219.906
-253.791
-250.244
-238.641
-266.166
-257.577
-261.144
-247.495
-253.427
-262.298
-412.015
-405.131
-398.928
-239.387
-232.671
-242.074
-214.568
-223.538
-229.805
-209.629
-216.436
-207.011
-246.834
-244.692
-239.686
-254.358
-249.695
-251.846
-240.783
-243.694
-247.922
-228.4
-224.798
-220.35
-234.647
-230.053
-233.102
-397.521
-401.379
-405.468
-201.995
-213.094
-216.818
-231.174
-220.776
-217.052
108.633
100.811
107.269
86.2336
93.7204
100.54
81.7418
87.6116
80.5756
80.0924
68.9155
58.2872
87.2057
78.5541
91.1133
92.8586
90.3981
95.599
80.5254
85.4035
87.4607
80.836
83.1691
78.4709
246.58
235.575
199.968
327.396
275.911
283.597
224.627
257.25
311.905
20.2704
21.3224
-8.74024
89.9989
52.2866
44.5988
51.0635
54.796
95.4988
-223.745
-217.915
-216.218
-220.093
-219.19
-225.256
-207.556
-213.293
-214.336
-120.652
-102.722
-91.7851
-128.93
-112.982
-131.962
-279.511
-271.557
-274.571
-264.685
-268.376
-276.931
-252.009
-260.339
-256.802
-369.227
-359.263
-351.287
-395.724
-388.698
-399.624
-252.335
-256.319
-252.556
-264.917
-262.921
-258.789
-271.136
-267.077
-269.007
-208.909
-205.038
-200.556
-214.955
-210.456
-213.939
-390.508
-387.25
-391.669
-355.12
-359.451
-364.548
-57.5497
-52.2883
-51.32
-67.0282
-67.8838
-62.5693
-82.8551
-89.6151
-89.0315
-102.875
-95.2394
-95.4821
-68.4355
-69.3782
-76.5126
114
107.806
102.978
115.81
111.089
116.088
100.825
106.132
110.291
133.722
127.324
131.616
119.57
124.366
130.012
97.3775
91.8621
85.6967
104.134
97.7031
103.507
85.2212
91.7005
99.1986
200.306
219.829
208.059
202.945
213.556
196.597
247.536
222.348
207.854
192.367
198.677
241.157
170.04
186.946
176.386
183.335
189.932
170.468
412.651
405.075
359.529
507.878
450.397
456.706
401.909
432.77
494.643
50.2782
55.6584
50.9806
60.3354
62.2755
55.0029
60.7942
55.9655
49.8871
48.0627
39.5306
37.3588
38.1692
46.2323
45.6051
29.6583
18.2841
21.2918
18.621
22.5579
28.1027
96.1909
106.233
96.8918
120.309
114.771
102.117
-4.93902
-10.4105
-3.01066
4.94457
5.35383
15.0411
37.3172
47.461
55.6762
220.279
214.375
194.391
-30.5985
-31.1243
-19.766
-11.989
-17.9998
-6.09009
-22.7929
-28.3544
-2.47952
-66.3517
-57.3757
-43.9419
-25.413
-36.4797
-28.6282
-240.091
-218.706
-198.865
-97.6882
-80.071
-69.8144
-29.2163
-40.6186
-40.5665
-336.797
-310.021
-305.286
-109.687
-89.662
-86.8065
-22.809
-30.2944
-36.9217
-294.479
-276.463
-286.031
-99.1654
-83.4806
-88.3587
-10.6063
-12.7354
-21.8441
-31.9294
-33.0259
-48.0307
-179.632
-172.354
-187.162
-74.0593
-66.1293
-75.6954
1.5207
3.55447
-4.0109
11.0172
17.8324
7.18506
35.429
42.9212
33.2099
-46.3117
-45.5297
-55.7443
9.79309
13.5383
9.45758
32.3659
40.0341
37.0502
148.553
143.912
155.194
23.7204
11.2618
2.88205
-24.936
-28.1674
-36.2223
13.6201
17.3233
15.955
51.3154
56.5496
64.1996
57.1596
52.4812
59.1162
27.5215
21.1076
20.6381
-12.2277
-16.4249
-21.8794
19.2206
23.4098
25.76
4.53003
-1.3359
-3.5573
20.8963
20.8296
24.3875
22.2317
22.3061
26.7961
19.7278
17.9958
21.7759
11.8276
10.4198
10.6765
22.7098
11.2812
6.40904
16.9299
29.0834
36.3004
64.0201
86.5106
69.619
191.472
209.771
218.366
-99.5976
-87.1295
-103.611
-177.58
-154.482
-168.368
-185.465
-165.828
-171.87
-115.137
-129.238
-144.181
-298.805
-289.986
-316.475
-170.764
-154.62
-149.385
-171.465
-174.515
-192.262
-294.644
-301.602
-323.434
-139.953
-132.841
-143.778
-164.938
-160.476
-151.998
-201.596
-215.379
-226.609
158.373
147.423
151.118
41.3114
45.2492
35.4717
-107.779
-124.546
-139.513
-317.07
-306.547
-317.768
-341.135
-331.958
-322.913
-328.231
-323.252
-328.084
-334.078
-338.886
-344.354
-157.864
-168.987
-171.388
103.013
110.431
105.235
100.057
93.8901
86.6708
48.6239
58.9976
49.6209
-81.0844
-70.0116
-89.7307
68.2531
47.2485
51.5674
-5.03734
-18.5628
-19.8597
-24.4831
-26.1971
-18.404
-75.0635
-66.5516
-66.5831
-40.392
-33.684
-19.6993
-69.7386
-50.4603
-54.7619
74.6397
60.8079
91.4804
-121.24
-92.4961
-101.231
-93.2554
-91.9141
-83.5607
-143.368
-134.784
-137.855
-136.309
-135.404
-146.656
-68.3533
-80.427
-78.2225
-42.3432
-45.4319
-57.5701
316.604
346.006
356.489
138.124
168.743
143.655
362.788
360.041
326.419
215.405
196.673
220.95
-40.2995
-41.3238
-48.7421
3.26807
-5.01655
-2.23938
-7.90478
-9.7348
-5.03469
-37.6846
-32.6514
-31.4552
32.8577
26.3931
18.546
59.8618
51.8602
43.5844
240.276
283.418
233.836
22.9867
18.9365
10.1942
-42.5794
-27.3847
-52.3356
136.395
108.299
123.064
24.8868
22.5959
26.6987
-1.04343
3.4174
5.20319
38.9756
28.7603
14.591
7.60062
19.4045
7.87661
118.772
108.364
82.8169
114.08
128.938
155.983
-189.353
-201.964
-193.481
-216.909
-209.421
-195.177
-188.404
-195.1
-202.161
-179.718
-187.328
-180.187
-152.383
-164.753
-153.089
-184.881
-174.945
-161.024
-206.005
-209.965
-199.449
56.3352
67.5483
75.8307
249.637
266.229
310.994
87.5415
75.2609
74.4383
128.394
117.34
103.225
137.126
129.846
156.905
103.689
115.837
120.605
158.611
129.475
137.197
98.5748
115.028
127.062
93.5134
103.094
90.8004
62.6793
64.1849
79.6671
19.2853
35.5675
26.8262
80.3812
49.6557
30.3
70.6818
62.2959
87.6043
164.362
143.827
142.454
268.027
239.7
249.423
196.471
219.296
240.339
182.63
199.601
182.346
-79.3693
-53.7213
-51.741
-252.8
-236.514
-259.436
-312.777
-312.308
-338.679
-254.172
-265.637
-282.516
-142.099
-157.306
-163.342
58.4878
49.0684
47.3856
46.9761
49.2539
60.2407
94.5176
86.2783
82.2324
92.2132
90.0403
100.04
128.971
134.589
136.76
117.764
126.625
121.014
138.755
132.974
122.495
19.7118
16.6911
28.6399
-4.49704
4.9466
8.94816
-8.83932
-0.796063
-9.81763
45.0577
42.7342
46.7516
43.6976
49.665
46.4123
51.7724
50.8827
44.5865
66.1634
58.6511
60.3903
39.6861
45.4788
49.1735
33.6628
39.4653
34.4334
50.9554
45.0413
36.8703
-238.595
-223.024
-236.354
-389.023
-372.626
-364.102
-382.295
-375.011
-394.058
-278.951
-265.277
-250.248
-289.269
-275.38
-291.272
-382.06
-367.333
-370.245
-355.79
-359.574
-375.239
-407.038
-389.209
-383.328
-393.04
-388.778
-409.239
-354.121
-342.786
-347.46
-328.454
-333.888
-345.932
100.623
87.9328
90.7712
77.9189
84.8432
97.3066
63.1619
72.8523
66.5734
197.297
195.403
191.418
190.226
191.654
190.273
158.774
108.602
83.6805
137.681
127.232
159.628
84.8063
103.634
114.41
176.842
193.806
178.931
227.328
210.693
187.771
246.584
232.506
256.622
163.484
145.732
139.187
150.038
148.65
171.786
105.536
126.09
124.159
-54.1402
-72.5114
-81.8146
-19.9098
-17.9981
-36.9825
-139.34
-130.337
-110.768
-166.306
-147.26
-158.055
-140.322
-130.394
-105.125
-154.521
-163.373
-180.626
-155.258
-137.631
-149.155
-305.286
-279.56
-266.94
-165.399
-162.516
-178.163
-190.756
-171.3
-171.211
-330.258
-307.25
-310.849
-102.839
-93.2711
-99.1656
-133.027
-122.397
-113.853
-177.387
-169.005
-173.944
-159.05
-163.745
-171.59
-147.578
-155.525
-150.648
-241.762
-228.928
-241.766
-173.062
-172.196
-178.075
-160.064
-166.036
-166.926
95.5406
87.376
88.1308
81.5358
86.2734
93.8943
135.422
143.998
152.645
131.092
136.146
127.925
139.298
138.666
134.5
82.5749
76.0944
69.4137
85.8814
81.9653
89.9005
72.6476
58.7541
55.9428
57.8592
58.9393
70.3788
-140.973
-127.324
-115.241
-155.236
-139.714
-153.701
-176.501
-164.629
-174.052
-146.423
-158.02
-168.788
-361.267
-345.929
-335.355
-360.451
-350.798
-368.59
-346.266
-337.618
-348.317
-325.39
-310.614
-297.91
-329.394
-317.836
-334.809
-402.745
-385.191
-385.83
-377.253
-379.11
-398.025
-412.272
-393.522
-391.034
-390.755
-389.962
-410.781
-148.273
-146.436
-141.442
-156.338
-151.71
-153.342
-168.223
-165.971
-161.511
-175.55
-171.131
-173.347
-287.289
-280.421
-287.475
-309.996
-317.307
-323.238
-349.922
-344.848
-349.358
-321.928
-313.215
-319.216
-297.178
-303.732
-313.15
-148.271
-147.558
-153.826
-133.816
-141.111
-141.846
-164.896
-167.348
-156.631
-188.732
-178.181
-175.64
-183.09
-180.081
-191.013
118.63
114.585
105.805
132.743
123.512
127.908
113.098
118.63
127.129
144.115
133.426
131.191
131.24
132.831
144.486
82.1666
87.2352
77.4875
113.399
99.3213
94.3915
103.072
102.232
115.569
-22.4238
-48.0894
-57.5774
23.7591
23.5589
-0.0582039
-41.7838
-33.7125
-32.4846
-57.8068
-58.0765
-49.7581
-0.376689
30.3056
39.5222
-81.8337
-86.5384
-112.893
-31.8335
-59.4571
-57.7369
-68.031
-62.6226
-31.7864
-109.034
-100.569
-102.239
-128.667
-126.121
-117.614
-112.942
-124.145
-124.544
-89.7835
-90.8578
-101.786
294.874
320.325
296.649
359.206
339.187
308.399
390.199
371.466
402.18
275.446
247.783
245.476
239.213
199.14
162.148
238.47
224.059
265.551
164.049
191.401
206.858
292.444
272.496
253.478
283.433
278.663
306.774
214.845
248.495
251.232
428.885
390.678
398.091
339.353
366.287
395.457
312.393
341.381
319.386
-54.9032
-53.7899
-30.6377
-91.8362
-72.0837
-76.713
130.476
161.842
176.121
-197.184
-196.208
-201.942
-184.282
-190.202
-191.225
-26.8434
-34.5765
-33.1145
-9.96866
-11.9393
-19.9455
-206.02
-195.093
-203.329
-180.542
-189.488
-199.536
-230.659
-219.944
-226.742
-208.233
-215.781
-225.195
-136.047
-129.356
-134.618
-188.809
-185.385
-180.818
-195.266
-190.733
-194.075
-18.7899
-13.9342
-12.3904
-26.6466
-28.109
-23.1685
147.186
140.941
145.435
134.24
138.334
143.854
165.412
156.429
163.587
148.279
153.542
160.268
125.076
117.25
109.043
131.812
122.209
132.896
111.493
101.953
101.652
168.816
175.537
186.921
155.61
144.394
136.762
513.09
487.481
440.936
539.398
528.536
566.298
366.73
317.734
269.623
354.045
346.516
397.976
456.657
436.15
466.472
608.312
559.259
555.103
503.037
536.267
576.431
126.9
124.143
131.253
25.6426
-1.71858
-13.1302
87.3161
81.2301
54.6099
14.9749
19.1268
21.0646
9.19178
7.15563
11.409
44.7858
47.3391
43.5785
49.5669
49.8939
44.9822
48.4895
45.5335
41.2312
40.5161
35.3515
32.9304
39.6229
44.3121
42.5251
30.477
22.8436
23.7216
26.9057
31.3437
33.2414
9.0631
2.63854
7.16957
75.9798
63.5904
62.1337
4.02297
-3.9943
3.82995
-61.7017
-59.894
-42.9219
-140.363
-125.27
-108.479
-180.743
-160.252
-152.978
-166.575
-150.362
-154.454
-115.975
-108.638
-119.703
-51.7639
-55.2811
-69.7447
-57.5112
-58.7425
-70.692
72.8783
80.3102
80.6694
33.7355
37.0785
39.2249
14.463
17.6468
17.6756
-5.51496
-9.31397
-12.8379
16.1745
19.138
21.142
3.572
1.39901
0.0846119
19.8163
13.0136
17.7019
12.4474
19.2751
19.1045
13.9125
12.4477
15.0899
3.48744
15.1877
10.1556
78.534
76.1148
65.8769
17.165
0.131756
1.71316
-87.2878
-82.0751
-71.8788
-83.6638
-98.7498
-98.5804
80.633
80.9765
77.2182
70.6006
75.5804
78.8039
122.141
123.628
115.164
79.6667
90.1232
91.3286
2.49044
-1.29028
8.07985
-60.9051
-50.4439
-51.8773
22.0555
8.08651
12.7517
31.5582
29.9069
39.735
-11.3325
-3.82998
-1.56656
17.3959
32.9345
48.5019
88.9838
80.2693
75.491
83.8739
84.0783
94.2217
92.3615
81.9825
83.1819
70.0732
76.5938
85.4365
60.6495
63.2074
54.4908
72.3529
74.261
83.9556
158.879
159.551
176.313
178.248
160.543
159.43
37.5934
49.1558
45.3089
20.3778
15.9467
6.88215
57.1552
46.2751
33.4846
120.794
124.304
107.367
138.293
142.887
158.556
-28.1745
-15.3802
-8.46656
-31.6309
-25.546
-37.5832
-3.29499
-14.935
-17.5515
-94.2347
-75.8401
-82.1676
-76.7741
-62.24
-69.1486
-46.4361
-56.6727
-68.5864
-198.471
-217.428
-232.751
-183.01
-201.39
-185.892
-148.22
-135.445
-154.966
-85.7123
-71.2794
-70.0267
-70.753
-73.5869
-87.5092
-264.669
-287.967
-289.013
-281.172
-286.039
-265.068
-160.577
-159.293
-181.637
-59.7769
-52.0386
-45.0021
-64.4523
-59.7819
-68.6718
-233.481
-249.017
-239.252
-266.562
-258.677
-243.824
-132.061
-140.353
-155.974
-36.3197
-28.1088
-29.7309
-83.2243
-95.4917
-101.035
-30.1093
-43.1409
-37.6376
40.6303
40.9829
33.4639
72.8484
77.4767
70.957
42.1662
40.0073
41.4718
24.6288
20.6464
24.9436
-222.149
-211.236
-192.467
-254.497
-240.945
-252.4
125.638
106.629
90.636
-132.339
-142.977
-163.936
-99.4146
-121.717
-114.824
-243.977
-266.886
-275.469
-245.498
-257.554
-237.766
-259.566
-279.685
-274.187
-287.238
-284.697
-265.894
-193.741
-204.363
-191.983
-228.031
-216.777
-206.183
-114.605
-113.047
-127.536
77.6683
76.53
76.3402
75.7605
80.015
75.181
64.4372
70.786
66.5683
59.2897
58.7858
56.4056
37.4776
46.308
43.8328
-102.916
-113.03
-97.1797
-262.603
-270.521
-278.207
114.476
122.58
121.07
-43.5986
-45.5621
-21.9868
-80.6491
-63.2658
-57.4327
-19.9479
-9.97504
-7.43099
-40.2601
-39.9766
-29.6192
11.1389
22.3635
-4.07853
76.1659
48.0987
32.065
-92.6821
-101.916
-107.614
-128.137
-131.306
-139.317
-115.319
-123.115
-119.687
-123.155
-124.191
-113.564
-145.773
-134.954
-133.778
-103.281
-95.1057
-86.5254
-22.7974
-34.7899
-30.6896
3.11741
-1.03042
-12.8922
216.14
219.213
189.66
233.587
246.592
267.102
16.3438
23.7517
25.6405
5.5021
2.78776
10.0812
63.7832
48.0038
55.9721
173.94
145.758
153.599
166.475
152.073
141.918
142.153
153.269
168.928
66.9104
59.1414
70.6923
133.657
123.469
144.052
37.961
40.976
38.8679
29.0461
23.875
22.1539
15.4312
9.85314
10.8107
-3.04719
-7.25786
-3.75973
12.8383
15.1394
19.7633
56.4792
64.0559
63.0183
-14.3271
-16.7348
-11.5913
4.7875
4.56642
10.3233
109.844
125.377
123.17
-31.2653
-30.4011
-22.9347
-4.80658
-8.17491
-1.7261
-51.4762
-45.9331
-37.4927
-12.4254
-18.2243
-13.7514
-68.7214
-59.0272
-52.0712
-15.2459
-21.4606
-20.7345
-76.4583
-65.2518
-62.0363
-12.7179
-17.2933
-20.1241
-72.5447
-62.9829
-64.1477
-6.60876
-8.56507
-13.2247
-59.8985
-53.9794
-58.4317
0.309469
0.901896
-3.80719
-43.9703
-41.9193
-47.7458
-16.7644
-21.2917
-29.6527
-29.2737
-30.2903
-35.827
37.7027
33.8661
39.0726
36.3641
29.5993
35.0048
-1.78048
-4.81674
-7.13936
122.293
125.933
107.348
8.35719
-1.77889
5.68109
15.6397
24.3027
29.0529
69.2105
64.9148
70.3296
60.5114
55.0115
61.7323
45.4896
37.9154
34.8681
50.4026
50.8506
40.6967
11.1933
15.7052
26.2766
29.5988
23.98
29.4929
65.7858
69.061
87.0474
-58.2519
-55.7146
-77.2698
-12.1467
-35.3121
-42.1711
-19.6268
-19.6357
-11.4076
-145.985
-151.807
-137.973
-178.759
-165.509
-159.223
13.5215
8.79956
14.6611
-4.07724
3.21656
6.85831
-37.7562
-48.0798
-44.9943
11.2109
11.5103
7.56133
39.56
33.9775
38.5685
30.4835
25.0704
29.9643
-2.38498
-9.1335
-20.2229
36.0341
30.5724
39.3478
92.2044
78.6333
75.2856
-499.619
-501.27
-506.478
-509.582
-516.912
-538.425
-503.04
-501.053
-507.225
-498.625
-497.484
-501.798
-123.239
-123.055
-123.701
-91.2615
-75.4488
-122.16
-254.565
-245.982
-275.243
-250.548
-243.106
-264.694
-127.915
-127.336
-127.879
197.689
184.791
117.403
-117.726
-113.385
-171.682
-478.054
-475.793
-479.958
-479.768
-478.24
-486.559
-512.988
-512.391
-517.131
-514.781
-515.979
-520.925
-474.923
-477.719
-490.2
-475.723
-478.168
-487.122
61.7202
61.1495
61.2085
53.0792
52.568
52.9372
307.451
343.376
292.68
485.41
480.425
423.723
-384.616
-389.795
-413.005
-360.273
-354.48
-362.371
-385.409
-383.438
-393.742
-494.845
-494.661
-504.021
-507.986
-508.563
-512.916
-510.525
-510.465
-515.401
-491.443
-490.146
-498.705
-339.301
-342.797
-354.597
-105.347
-101.295
-174.586
-109.132
-108.59
-110.854
46.9046
47.3007
51.2369
50.8002
50.2088
50.7695
16.381
16.8927
15.9509
-338.209
-337.6
-339.96
-344.305
-349.472
-365.715
-330.871
-329.036
-332.027
-338.507
-341.072
-347.838
-328.514
-324.621
-327.514
-333.438
-332.249
-338.355
-329.527
-328.423
-331.729
-340.651
-341.267
-343.87
-348.005
-347.714
-354.454
-353.534
-358.445
-375.248
-345.44
-344.431
-347.93
-329.759
-329.618
-333.251
-344.19
-346.104
-358.768
-348.301
-347.587
-354.425
-347.202
-352.126
-367.422
-331.705
-335.102
-349.722
-195.389
-194.983
-197.65
-145.212
-144.398
-145.302
44.2677
46.7737
53.978
-361.799
-355.275
-370.881
-331.79
-327.065
-335.992
-332.898
-328.859
-345.891
-496.716
-504.381
-526.697
-472.021
-468.319
-472.874
-515.034
-519.991
-534.427
-512.305
-510.506
-516.062
-464.799
-466.278
-482.324
-482.608
-479.873
-483.844
-281.272
-279.688
-281.409
-304.553
-304.326
-306.082
-289.257
-288.351
-292.036
-331.383
-330.852
-336.221
-308.614
-308.323
-309.359
-190.519
-190.216
-191.731
-139.96
-138.677
-140.504
-132.282
-131.175
-132.149
28.8814
28.9755
26.1671
66.6557
69.4972
70.7498
-448.22
-448.655
-452.54
-443.607
-442.301
-446.091
-494.955
-494.824
-498.635
-456.795
-461.213
-474.003
-462.741
-467.143
-484.605
-507.275
-507.018
-515.691
-510.863
-512.603
-526.766
-438.808
-437.817
-441.06
-442.546
-440.002
-443.128
-496.668
-497.198
-502.119
-438.716
-441.974
-455.484
-432.086
-432.083
-440.965
-82.5042
-81.937
-82.2526
-88.1795
-87.4803
-87.9314
-118.722
-118.817
-119.708
-76.9319
-76.4806
-76.7144
-71.4216
-71.0373
-71.2019
-37.0888
-35.4339
-72.2458
-104.083
-104.309
-106.135
-98.1015
-98.7036
-102.355
-255.43
-231.559
-248.342
-231.9
-196.595
-232.929
-249.71
-241.159
-254.016
-133.078
-132.215
-132.906
179.596
177.328
163.682
-118.592
-113.108
-133.007
-438.801
-437.859
-452.961
-480.906
-480.49
-484.238
-482.771
-487.773
-508.238
-514.168
-513.068
-520.305
-523.797
-532.269
-557.194
-469.302
-468.532
-474.549
-475.396
-475.149
-478.188
-409.036
-412.236
-426.549
-110.374
-110.225
-110.703
-118.308
-117.501
-117.998
319.775
289.137
158.54
122.13
113.858
-62.9097
58.4872
57.9879
58.1553
55.6898
55.2313
55.5089
-373.835
-375.9
-388.63
-364.147
-361.747
-368.065
-384.166
-382.902
-387.351
-443.947
-443.922
-455.603
-442.008
-439.676
-445.027
-492.537
-490.706
-495.06
-459.311
-458.408
-461.699
-461.414
-460.172
-467.788
-505.509
-504.292
-508.832
-514.136
-519.121
-536.255
-451.681
-450.962
-456.159
-447.158
-443.217
-447.022
-500.279
-506.581
-527.911
-416.572
-414.931
-417.323
-423.142
-421.041
-424.89
-344.045
-343.337
-345.302
-340.257
-340.241
-342.492
-101.091
-100.393
-101.031
-94.3462
-93.6409
-94.4004
-115.543
-117.043
-122.319
-60.7784
-60.4296
-60.5705
-66.0068
-65.6611
-65.8003
-55.3848
-54.9135
-54.9255
47.4785
46.7253
48.2964
48.8279
48.096
48.9588
-9.42601
1.88302
-68.7297
-74.0468
-73.5507
-73.904
-82.5215
-81.5017
-82.1467
-90.4425
-89.8067
-91.3677
-224.287
-214.026
-241.298
-223.754
-222.452
-244.32
-219.999
-203.816
-228.1
-229.337
-213.224
-258.709
-249.206
-248.517
-261.196
-295.85
-296.213
-299.134
-337.896
-336.279
-339.289
-340.851
-340.186
-346.616
-331.404
-330.62
-333.009
-333.965
-334.406
-337.021
-336.797
-340.634
-355.724
-332.437
-334.235
-342.098
-345.055
-347.712
-354.187
-351.256
-356.884
-373.659
-350.062
-353.329
-362.521
-346.332
-346.79
-350.189
-331.98
-330.758
-334.304
-336.688
-335.029
-340.432
-344.47
-343.463
-347.368
-343.647
-344.118
-347.991
-327.69
-327.036
-338.151
-138.879
-137.867
-138.85
36.2958
37.0817
37.8822
-337.51
-335.09
-342.419
-351.479
-357.438
-376.392
-330.972
-329.436
-360.389
-443.943
-447.181
-464.795
-438.907
-437.247
-445.342
-485.621
-486.724
-490.883
-476.672
-477.733
-487.451
-518.231
-522.306
-539.465
-518.371
-518.336
-529.56
-465.366
-464.495
-470.347
-477.916
-476.412
-479.449
-412.322
-411.677
-414.027
-409.235
-409.294
-412.158
-399.484
-400.203
-406.283
-274.819
-273.42
-274.593
-301.109
-302.134
-306.57
-297.676
-299.922
-309.057
-316.501
-314.806
-316.4
-322.948
-321.076
-323.446
-149.163
-149.217
-153.907
-125.274
-124.41
-125.117
41.5962
42.9956
42.1206
53.9634
56.1001
56.2653
655.867
679.369
672.958
819.732
896.57
968.478
874.955
956.601
1025.92
159.742
159.303
164.761
157.818
156.156
158.461
-275.326
-272.654
-283.636
-292.457
-295.289
-306.739
-276.834
-281.015
-304.673
-296.575
-299.583
-314.055
-248.51
-247.899
-249.228
-214.01
-213.421
-214.568
-171.883
-171.486
-172.345
-210.026
-209.997
-211.385
-167.845
-167.972
-169.113
205.116
201.078
191.283
-241.001
-231.856
-246.258
-257.886
-261.16
-299.527
-166.608
-166.628
-167.373
-212.687
-212.318
-213.064
-208.078
-208.158
-209.156
-161.87
-162.205
-163.27
-158.355
-161.15
-167.094
-77.504
-48.5137
-165.631
3.06838
-6.15457
-113.272
293.241
329.299
-328.869
-23.1124
-23.115
-26.1858
7.98458
9.09465
10.388
15.048
17.7485
24.205
23.5894
23.2979
23.9542
148.89
150.319
154.358
161.645
159.876
159.752
-410.578
-414.605
-435.423
-347.61
-347.053
-348.413
-356.434
-354.129
-356.577
-373.551
-374.96
-380.036
123.115
120.261
119.669
-181.03
-161.124
-208.904
-37.4099
-36.97
-36.97
117.058
123.08
36.995
64.1642
63.0758
17.8258
-52.3543
-52.064
-52.3853
-12.8766
-11.9981
-13.1885
-45.8685
-45.7992
-46.2667
-38.4809
-38.6589
-39.2004
-182.227
-179.702
-218.864
-285.556
-282.697
-291.175
-290.2
-291.417
-310.865
-275.288
-267.501
-294.964
-269.148
-260.771
-274.13
-240.677
-242.903
-252.967
-232.658
-231.547
-235.609
-188.032
-186.434
-188.331
-153.841
-152.762
-155.413
-11.2417
-10.9553
-10.7088
-31.9153
-31.4058
-31.1508
-16.5344
-16.4292
-16.1854
27.4954
27.3666
27.8526
144.593
148.501
156.942
164.884
162.447
161.095
-188.062
-178.533
-195.248
-182.129
-171.205
-199.131
-417.632
-417.301
-421.718
-412.668
-414.166
-431.365
-427.783
-432.231
-443.891
-391.369
-388.75
-392.444
-375.904
-375.706
-377.705
-183.219
-182.484
-183.715
128.194
122.456
113.454
69.1607
68.0743
66.0771
161.566
166.513
180.653
158.206
156.836
158.243
107.208
110.74
121.788
96.9784
97.1241
99.9888
110.855
110.887
117.036
113.396
111.567
114.232
-270.27
-268.602
-273.457
103.27
103.061
101.155
97.2522
97.3912
97.2059
-286.256
-285.249
-289.596
-268.235
-266.057
-275.863
-294.268
-292.968
-299.133
-306.157
-304.209
-307.711
-308.062
-306.385
-312.841
-320.207
-322.121
-326.994
-316.249
-316.535
-319.12
-307.999
-307.43
-310.662
-311.04
-311.777
-315.252
-327.304
-333.062
-349.64
-325.023
-324.663
-331.627
-256.515
-254.095
-256.014
-262.271
-260.046
-262.995
-288.856
-286.929
-289.336
-284.408
-283.426
-285.468
-295.473
-293.336
-297.53
-303.888
-304.292
-314.058
-245.865
-244.856
-246.866
-218.927
-217.831
-219.156
-176.501
-175.619
-176.515
-207.151
-208.066
-211.784
-164.922
-166.334
-170.818
120.915
122.917
123.315
111.498
112.391
110.953
-237.338
-222.005
-243.749
-206.31
-210.966
-238.079
-259.77
-257.544
-270.674
-262.481
-262.312
-263.685
-267.073
-266.793
-267.584
-171.356
-170.98
-171.58
-258.19
-258.671
-261.051
-255.467
-258.149
-267.254
-217.968
-217.356
-218.158
-204.518
-205.757
-209.839
154.986
143.915
117.348
64.5344
63.9978
63.3814
79.9238
80.0421
79.8674
74.5244
74.3832
73.7658
707.05
728.384
724.655
318.153
310.64
201.857
207.041
200.98
143.973
-32.5068
-34.8093
-41.4456
1.47748
2.04138
2.42457
-5.80288
-5.28969
-5.07698
17.6421
17.7225
20.15
20.0649
19.5464
20.5266
154.192
156.434
162.042
159.607
158.256
158.988
-401.099
-396.93
-403.175
-364.02
-362.851
-367.879
-372.082
-375.422
-387.674
83.5754
90.3734
100.748
90.5429
91.3001
96.4036
114.952
114.153
114.967
-177.635
-157.113
-226.587
-168.84
-129.568
-203.863
-43.2413
-42.9802
-43.1686
-49.5692
-49.2019
-49.236
85.4092
85.536
85.4741
91.1214
91.2222
91.131
-58.8797
-58.4392
-58.7587
-66.0988
-65.6818
-66.1813
6.1877
7.06369
6.53346
-3.44248
-2.62783
-3.3707
-283.882
-280.958
-285.79
-286.835
-281.229
-291.133
-265.176
-259.199
-267.662
-294.72
-293.22
-297.122
-309.392
-309.725
-322.07
-312.224
-314.486
-330.108
-313.484
-311.734
-315.063
-313.75
-312.857
-315.351
-316.708
-316.622
-324.173
-319.393
-325.846
-343.961
-320.802
-319.735
-322.228
-277.461
-279.928
-290.783
-269.965
-269.295
-275.521
-280.23
-282.607
-290.358
-281.238
-281.224
-283.463
-313.024
-310.144
-313.704
-314.915
-313.796
-317.541
-309.871
-308.288
-311.616
-308.959
-310.953
-322.051
-243.066
-243.424
-247.753
-224.895
-223.271
-225.18
-181.745
-180.409
-181.594
-204.487
-206.369
-215.668
-160.848
-162.04
-168.207
-26.0789
-25.204
-23.6288
-21.2492
-21.0168
-20.4298
32.2276
32.5129
33.2816
134.896
139.144
146.121
168.033
162.079
149.655
-173.347
-161.317
-208.426
-299.456
-301.886
-335.752
-285.758
-274.264
-286.592
-302.393
-298.898
-317.428
-300.442
-297.944
-305.549
-412.089
-409.953
-414.614
-410.563
-407.791
-415.208
-384.515
-382.257
-384.43
-379.591
-378.334
-380.113
-176.884
-176.248
-177.014
-238.93
-237.474
-239.087
-247.177
-246.518
-250.06
-223.871
-223.418
-224.019
-231.971
-230.597
-231.587
-199.447
-200.381
-205.92
141.512
138.409
132.997
838.517
906.607
963.397
)
;

boundaryField
{
    topAndBottom
    {
        type            slip;
    }
    inlet
    {
        type            zeroGradient;
    }
    outlet
    {
        type            fixedValue;
        value           uniform 0;
    }
    wing
    {
        type            zeroGradient;
    }
    front
    {
        type            empty;
    }
    back
    {
        type            empty;
    }
}


// ************************************************************************* //
