/*--------------------------------*- C++ -*----------------------------------*\
| =========                 |                                                 |
| \\      /  F ield         | OpenFOAM: The Open Source CFD Toolbox           |
|  \\    /   O peration     | Version:  5.x                                   |
|   \\  /    A nd           | Web:      www.OpenFOAM.org                      |
|    \\/     M anipulation  |                                                 |
\*---------------------------------------------------------------------------*/
FoamFile
{
    version     2.0;
    format      ascii;
    class       volScalarField;
    location    "100";
    object      Y;
}
// * * * * * * * * * * * * * * * * * * * * * * * * * * * * * * * * * * * * * //

dimensions      [0 0 0 0 0 0 0];

internalField   nonuniform List<scalar> 
6584
(
0.00632995
0.00632995
0.00632995
0.00632995
0.00632995
0.00632995
0.00632995
0.00632995
0.00632995
0.00632995
0.00632995
0.00632995
0.00632995
0.00632995
0.00632995
0.00632995
0.00632995
0.00632995
0.00632995
0.00632995
0.00632995
0.00632995
0.00632995
0.00632995
0.0063299
0.0063299
0.0063299
0.0063299
0.0063299
0.0063299
0.0063299
0.0063299
0.0063299
0.0063299
0.0063299
0.0063299
0.0063299
0.0063299
0.0063299
0.0063299
0.0063299
0.0063299
0.0063299
0.0063299
0.0063299
0.0063299
0.0063299
0.0063299
0.00632985
0.00632985
0.00632985
0.00632985
0.00632985
0.00632985
0.00632985
0.00632985
0.00632985
0.00632988
0.00632988
0.00632988
0.00632988
0.00632988
0.00632988
0.00632985
0.00632985
0.00632985
0.00632985
0.00632985
0.00632985
0.00632985
0.00632985
0.00632985
0.0063298
0.0063298
0.0063298
0.0063298
0.00632981
0.00632981
0.00632981
0.00632981
0.00632981
0.00632983
0.00632983
0.00632983
0.00632983
0.00632983
0.00632983
0.00632983
0.00632981
0.00632981
0.00632981
0.00632981
0.00632981
0.00632981
0.0063298
0.0063298
0.00632976
0.00632976
0.00632976
0.00632976
0.00632976
0.00632976
0.00632976
0.00632976
0.00632978
0.00632978
0.00632978
0.00632978
0.00632978
0.00632978
0.00632978
0.00632978
0.00632978
0.00632976
0.00632976
0.00632976
0.00632976
0.00632976
0.00632976
0.00632976
0.00632971
0.00632971
0.00632971
0.00632971
0.00632971
0.00632971
0.00632971
0.00632973
0.00632973
0.00632973
0.00632974
0.00632974
0.00632974
0.00632974
0.00632973
0.00632973
0.00632973
0.00632971
0.00632971
0.00632971
0.00632971
0.00632971
0.00632971
0.00632971
0.00632966
0.00632966
0.00632966
0.00632966
0.00632966
0.00632966
0.00632966
0.00632968
0.00632968
0.00632968
0.00632969
0.0063297
0.0063297
0.00632969
0.0063297
0.00632968
0.00632968
0.00632966
0.00632966
0.00632966
0.00632966
0.00632966
0.00632966
0.00632966
0.00632961
0.00632961
0.00632961
0.00632961
0.00632961
0.00632961
0.00632961
0.00632964
0.00632964
0.00632964
0.00632965
0.00632965
0.00632965
0.00632965
0.00632964
0.00632964
0.00632961
0.00632961
0.00632961
0.00632961
0.00632961
0.00632961
0.00632961
0.00632956
0.00632956
0.00632956
0.00632956
0.00632956
0.00632956
0.00632956
0.00632959
0.00632959
0.00632959
0.0063296
0.0063296
0.0063296
0.0063296
0.00632959
0.00632959
0.00632956
0.00632956
0.00632956
0.00632956
0.00632956
0.00632956
0.00632956
0.00632951
0.00632951
0.00632951
0.00632951
0.00632951
0.00632951
0.00632951
0.00632954
0.00632954
0.00632954
0.00632955
0.00632956
0.00632956
0.00632956
0.00632954
0.00632954
0.00632952
0.00632952
0.00632951
0.00632951
0.00632951
0.00632951
0.00632951
0.00632946
0.00632946
0.00632946
0.00632946
0.00632947
0.00632947
0.00632947
0.00632949
0.00632949
0.00632949
0.00632951
0.00632951
0.00632952
0.00632951
0.0063295
0.0063295
0.00632947
0.00632947
0.00632947
0.00632947
0.00632946
0.00632946
0.00632946
0.00632942
0.00632942
0.00632942
0.00632942
0.00632942
0.00632942
0.00632942
0.00632944
0.00632944
0.00632945
0.00632946
0.00632947
0.00632947
0.00632947
0.00632945
0.00632945
0.00632942
0.00632942
0.00632942
0.00632942
0.00632942
0.00632942
0.00632942
0.00632937
0.00632937
0.00632937
0.00632937
0.00632937
0.00632937
0.00632937
0.00632939
0.0063294
0.0063294
0.00632941
0.00632942
0.00632942
0.00632942
0.0063294
0.0063294
0.00632937
0.00632937
0.00632937
0.00632937
0.00632937
0.00632937
0.00632937
0.00632932
0.00632932
0.00632932
0.00632932
0.00632932
0.00632932
0.00632932
0.00632932
0.00632935
0.00632935
0.00632936
0.00632937
0.00610341
0.00632937
0.00632937
0.00632936
0.00632935
0.00632933
0.00632932
0.00632932
0.00632932
0.00632932
0.00632932
0.00632932
0.00632927
0.00632927
0.00632927
0.00632927
0.00632927
0.00632927
0.00632927
0.00632927
0.0063293
0.0063293
0.00632931
0.00632931
0.00627437
0.00632932
0.00632931
0.00632931
0.00632928
0.00632928
0.00632927
0.00632927
0.00632927
0.00632927
0.00632927
0.00632927
0.00632922
0.00632922
0.00632922
0.00632922
0.00632922
0.00632922
0.00632922
0.00632923
0.00632925
0.00632925
0.00632925
0.00632926
0.00627866
0.00632926
0.00632926
0.00632926
0.00632923
0.00632923
0.00632923
0.00632922
0.00632922
0.00632922
0.00632922
0.00632922
0.00632917
0.00632917
0.00632917
0.00632917
0.00632917
0.00632917
0.00632918
0.00632918
0.00632918
0.0063292
0.00632921
0.00632881
0.00630481
0.0063292
0.00632921
0.00632921
0.00632918
0.00632918
0.00632918
0.00632918
0.00632917
0.00632917
0.00632917
0.00632917
0.00632912
0.00632912
0.00632912
0.00632912
0.00632913
0.00632913
0.00632913
0.00632913
0.00632913
0.00632913
0.00632916
0.00632841
0.0063054
0.00632915
0.00632914
0.00632914
0.00632913
0.00632913
0.00632913
0.00632913
0.00632913
0.00632912
0.00632912
0.00632912
0.00632907
0.00632908
0.00632908
0.00632908
0.00632908
0.00632908
0.00632908
0.00632908
0.00632908
0.00632909
0.00632902
0.00631674
0.00631743
0.00632908
0.00632909
0.00632909
0.00632909
0.00632908
0.00632908
0.00632908
0.00632908
0.00632908
0.00632907
0.00632907
0.00632903
0.00632903
0.00632903
0.00632903
0.00632903
0.00632903
0.00632903
0.00632903
0.00632903
0.00632904
0.00632892
0.00631669
0.00631748
0.00632903
0.00632904
0.00632904
0.00632904
0.00632903
0.00632903
0.00632903
0.00632903
0.00632903
0.00632903
0.00632902
0.00632898
0.00632898
0.00632898
0.00632898
0.00632898
0.00632898
0.00632898
0.00632898
0.00632899
0.00632899
0.00632882
0.00631665
0.00631752
0.00632898
0.00632899
0.00632899
0.00632899
0.00632899
0.00632898
0.00632898
0.00632898
0.00632898
0.00632898
0.00632898
0.00632893
0.00632893
0.00632893
0.00632893
0.00632893
0.00632893
0.00632893
0.00632894
0.00632894
0.00632894
0.00632873
0.0063166
0.00631756
0.00632893
0.00632895
0.00632894
0.00632894
0.00632894
0.00632893
0.00632893
0.00632893
0.00632893
0.00632893
0.00632893
0.00632888
0.00632888
0.00632888
0.00632888
0.00632888
0.00632888
0.00632889
0.00632889
0.00632889
0.00632889
0.00632865
0.00631656
0.00631759
0.00632888
0.0063289
0.00632889
0.00632889
0.00632889
0.00632888
0.00632888
0.00632888
0.00632888
0.00632888
0.00632888
0.00632883
0.00632883
0.00632883
0.00632883
0.00632883
0.00632884
0.00632884
0.00632884
0.00632884
0.00632884
0.00632857
0.00631651
0.00631761
0.00632883
0.00632885
0.00632885
0.00632884
0.00632884
0.00632884
0.00632883
0.00632883
0.00632883
0.00632883
0.00632883
0.00632878
0.00632878
0.00632878
0.00632878
0.00632879
0.00632879
0.00632879
0.00632879
0.0063288
0.00632879
0.0063285
0.00631647
0.00631763
0.00632878
0.0063288
0.0063288
0.00632879
0.00632879
0.00632879
0.00632878
0.00632878
0.00632878
0.00632878
0.00632878
0.00632873
0.00632873
0.00632874
0.00632874
0.00632874
0.00632874
0.00632874
0.00632874
0.00632875
0.00632874
0.00632842
0.00631643
0.00631765
0.00632873
0.00632875
0.00632875
0.00632875
0.00632874
0.00632874
0.00632874
0.00632873
0.00632873
0.00632873
0.00632873
0.00632869
0.00632869
0.00632869
0.00632869
0.00632869
0.00632869
0.00632869
0.0063287
0.0063287
0.00632869
0.00632835
0.00631638
0.00631767
0.00632868
0.0063287
0.0063287
0.0063287
0.00632869
0.00632869
0.00632869
0.00632868
0.00632868
0.00632868
0.00632868
0.00632864
0.00632864
0.00632864
0.00632864
0.00632864
0.00632864
0.00632864
0.00632865
0.00632865
0.00632865
0.00632828
0.00631634
0.00631768
0.00632863
0.00632865
0.00632865
0.00632865
0.00632865
0.00632864
0.00632864
0.00632864
0.00632863
0.00632863
0.00632863
0.00632859
0.00632859
0.00632859
0.00632859
0.00632859
0.00632859
0.0063286
0.0063286
0.0063286
0.0063286
0.00632821
0.00631629
0.00631769
0.00632858
0.00632861
0.0063286
0.0063286
0.0063286
0.00632859
0.00632859
0.00632859
0.00632859
0.00632858
0.00632858
0.00632854
0.00632854
0.00632854
0.00632854
0.00632854
0.00632855
0.00632855
0.00632855
0.00632856
0.00632855
0.00632815
0.00631625
0.0063177
0.00632853
0.00632856
0.00632856
0.00632855
0.00632855
0.00632854
0.00632854
0.00632854
0.00632854
0.00632854
0.00632853
0.00632849
0.00632849
0.00632849
0.00632849
0.0063285
0.0063285
0.0063285
0.0063285
0.00632851
0.0063285
0.00632809
0.0063162
0.00631771
0.00632848
0.00632851
0.00632851
0.0063285
0.0063285
0.00632849
0.00632849
0.00632849
0.00632849
0.00632849
0.00632849
0.00632844
0.00632844
0.00632844
0.00632845
0.00632845
0.00632845
0.00632845
0.00632846
0.00632846
0.00632845
0.00632803
0.00631616
0.00631771
0.00632843
0.00632846
0.00632846
0.00632846
0.00632845
0.00632845
0.00632844
0.00632844
0.00632844
0.00632844
0.00632844
0.00632839
0.0063284
0.0063284
0.0063284
0.0063284
0.0063284
0.0063284
0.00632841
0.00632841
0.0063284
0.00632797
0.00631611
0.00631771
0.00632838
0.00632841
0.00632841
0.00632841
0.0063284
0.0063284
0.00632839
0.00632839
0.00632839
0.00632839
0.00632839
0.00632835
0.00632835
0.00632835
0.00632835
0.00632835
0.00632835
0.00632836
0.00632836
0.00632837
0.00632835
0.00632792
0.00631607
0.0063177
0.00632833
0.00632836
0.00632836
0.00632836
0.00632835
0.00632835
0.00632835
0.00632834
0.00632834
0.00632834
0.00632834
0.0063283
0.0063283
0.0063283
0.0063283
0.0063283
0.0063283
0.00632831
0.00632831
0.00632832
0.0063283
0.00632787
0.00631602
0.00631769
0.00632828
0.00632831
0.00632831
0.00632831
0.0063283
0.0063283
0.0063283
0.00632829
0.00632829
0.00632829
0.00632829
0.00632825
0.00632825
0.00632825
0.00632825
0.00632825
0.00632826
0.00632826
0.00632827
0.00632827
0.00632826
0.00632782
0.00631597
0.00631768
0.00632823
0.00632826
0.00632826
0.00632826
0.00632826
0.00632825
0.00632825
0.00632825
0.00632824
0.00632824
0.00632824
0.00632961
0.00632961
0.00632965
0.00632956
0.00632956
0.0063296
0.00632952
0.00632952
0.00632956
0.00632947
0.00632948
0.00632952
0.00632942
0.00632943
0.00632947
0.00632937
0.00621987
0.00609694
0.00632938
0.00632942
0.00632965
0.0063297
0.00632965
0.0063297
0.00632961
0.00632961
0.00632965
0.00632962
0.00632965
0.00632961
0.00632961
0.00632965
0.00632956
0.00632956
0.0063296
0.00632958
0.00632958
0.0063296
0.00632958
0.0063296
0.00632956
0.00632957
0.0063296
0.00632952
0.00632952
0.00632956
0.00632954
0.00632954
0.00632956
0.00632943
0.00632954
0.00632952
0.00632952
0.00632955
0.00632947
0.00632947
0.00632951
0.0063295
0.00632949
0.00632951
0.00632945
0.00632938
0.00632948
0.00632948
0.00632951
0.00632944
0.00632946
0.00632943
0.00632943
0.00632947
0.00632939
0.00632941
0.00632932
0.00625243
0.00621628
0.00622397
0.00632933
0.00632937
0.0063296
0.00632962
0.00632962
0.00632962
0.0063296
0.00632965
0.00632962
0.0063296
0.00632962
0.00632962
0.00632962
0.0063296
0.00632956
0.00632958
0.00632958
0.00632958
0.00632956
0.0063296
0.00632958
0.00632954
0.00632957
0.00632958
0.00632957
0.00632955
0.0063296
0.00632958
0.00632958
0.00632951
0.00632953
0.00632953
0.00632953
0.00632951
0.00632956
0.00632953
0.00632938
0.00632942
0.00632954
0.00632953
0.00632951
0.00632955
0.00632953
0.00632954
0.00632949
0.00632947
0.00632951
0.00632949
0.00632946
0.00632945
0.00632949
0.00632948
0.00632947
0.0063295
0.00632949
0.0063295
0.00632944
0.00632942
0.00632946
0.00632944
0.00632941
0.00632943
0.00632946
0.00632944
0.00632945
0.00632939
0.00632936
0.00632941
0.00632939
0.00632936
0.00632939
0.00632963
0.00632963
0.00632965
0.00632963
0.00632964
0.00632942
0.00632942
0.00632947
0.00632945
0.00632944
0.00632946
0.00632902
0.00632878
0.00632938
0.00632938
0.00632942
0.00632965
0.00632963
0.00632965
0.00632962
0.00632963
0.00632947
0.00632949
0.00632949
0.00632885
0.00632899
0.00632932
0.00632934
0.006329
0.00632916
0.00632874
0.00632829
0.00632945
0.00632944
0.00632942
0.00632935
0.00632936
0.00632942
0.00632939
0.00632941
0.00632967
0.00632967
0.00632965
0.00632965
0.00632967
0.00632967
0.00632963
0.00632963
0.00632963
0.00632964
0.00632963
0.00632964
0.00632959
0.00632959
0.00632951
0.00632951
0.00632943
0.00632942
0.00632944
0.00632828
0.00632945
0.00632918
0.00632905
0.00632906
0.00632919
0.0063294
0.00632962
0.00632961
0.00632961
0.00632962
0.00632961
0.00632961
0.00632962
0.00632963
0.00632963
0.00632963
0.00632962
0.00632961
0.00632961
0.00632957
0.00632957
0.00632959
0.00632959
0.00632956
0.00632956
0.00632956
0.00632957
0.00632958
0.00632956
0.00632957
0.00632956
0.00632959
0.00632959
0.0063296
0.00632958
0.00632959
0.00632959
0.00632952
0.00632952
0.00632955
0.00632954
0.0063293
0.00632932
0.00632951
0.00632953
0.00632954
0.00632952
0.00632952
0.00632951
0.00632954
0.00632955
0.00632956
0.00632954
0.00632955
0.00632954
0.00632887
0.00632948
0.00632911
0.006329
0.00632925
0.00632912
0.00632947
0.0063295
0.00632901
0.0063295
0.00632946
0.00632946
0.0063295
0.00632951
0.00632951
0.00632949
0.0063295
0.00632949
0.00632927
0.00632931
0.00632945
0.00632933
0.00632926
0.00632937
0.00632933
0.00632945
0.00632917
0.00632926
0.00632942
0.00632877
0.00632903
0.00632835
0.00632872
0.00632943
0.00632818
0.00632933
0.00632932
0.0063189
0.00632936
0.00632933
0.00626218
0.00632917
0.00632919
0.00632964
0.00632938
0.00632937
0.00632942
0.0063294
0.00632939
0.00632941
0.00621092
0.00632929
0.00632935
0.00632964
0.00632942
0.00632944
0.00632944
0.00632837
0.00632845
0.00623886
0.00632926
0.00632921
0.00632851
0.0063286
0.00632785
0.00632917
0.00601031
0.00632966
0.00632966
0.00632965
0.00632965
0.00632966
0.00632966
0.00632959
0.00632959
0.00632958
0.00632958
0.0063296
0.00632959
0.00632954
0.00632955
0.00632954
0.00632956
0.00632955
0.00632955
0.00632947
0.00632953
0.00632944
0.00632938
0.00632717
0.00632664
0.0063294
0.00632921
0.00632928
0.00632935
0.00632933
0.00625558
0.00632964
0.00632963
0.00632965
0.0063296
0.0063296
0.0063296
0.00632961
0.00632961
0.00632962
0.0063296
0.00632961
0.00632961
0.00632957
0.00632957
0.00632956
0.00632958
0.00632957
0.00632957
0.00632957
0.00632957
0.00632958
0.00632955
0.00632956
0.00632956
0.00632958
0.00632958
0.00632958
0.00632955
0.00632957
0.00632957
0.00632957
0.00632958
0.00632956
0.00632956
0.00632956
0.00632954
0.00632953
0.00632953
0.00632953
0.00632952
0.00632953
0.00632955
0.00632955
0.00632955
0.00632953
0.00632953
0.00632954
0.00632933
0.00632937
0.00632952
0.00632953
0.00632953
0.00632951
0.00632952
0.00632951
0.00632955
0.00632955
0.00632956
0.00632953
0.00632954
0.00632953
0.00632946
0.00632902
0.00632913
0.00632892
0.00632886
0.00632945
0.00632948
0.00632948
0.00632949
0.00632947
0.00632948
0.00632947
0.00632943
0.00632938
0.00632937
0.00632939
0.0063294
0.00632943
0.00632884
0.00632886
0.0063294
0.00632938
0.00632939
0.0063288
0.00632883
0.00632777
0.00632731
0.00632963
0.00632964
0.00632964
0.00632702
0.00632893
0.00632736
0.00632752
0.0063275
0.0063289
0.00632964
0.00632964
0.00632964
0.00632964
0.00632964
0.00632884
0.0063289
0.00632837
0.00632837
0.00632933
0.00632864
0.00632859
0.00632874
0.00632865
0.00632934
0.00632905
0.00632908
0.00632857
0.0063285
0.00632935
0.00632887
0.00632879
0.00632861
0.00632866
0.00632962
0.00632963
0.00632963
0.00632962
0.00632962
0.00632962
0.00632958
0.00632959
0.00632948
0.00632952
0.00632944
0.00632939
0.00632832
0.00632916
0.00632909
0.00632924
0.00632919
0.0063283
0.00632891
0.00632883
0.00632906
0.00632895
0.00632914
0.00632808
0.0063283
0.00632768
0.00632798
0.00632912
0.00632634
0.00632684
0.00632961
0.00632962
0.00632961
0.00632962
0.00632962
0.00632962
0.0063296
0.0063296
0.00632961
0.0063296
0.00632963
0.00632963
0.00632962
0.00632963
0.00632962
0.00632961
0.0063296
0.0063296
0.00632961
0.00632961
0.00632962
0.00632961
0.00632961
0.00632961
0.00632961
0.00632961
0.00632956
0.00632957
0.00632957
0.00632957
0.00632956
0.00632957
0.00632957
0.00632955
0.00632954
0.00632956
0.00632955
0.00632956
0.00632956
0.00632956
0.00632959
0.00632959
0.0063296
0.00632959
0.00632958
0.00632958
0.00632959
0.00632958
0.00632959
0.00632958
0.00632959
0.00632955
0.00632957
0.00632957
0.00632957
0.00632957
0.00632956
0.00632956
0.00632957
0.00632952
0.00632952
0.00632953
0.00632948
0.00632948
0.00632946
0.00632947
0.00632947
0.00632948
0.00632947
0.00632947
0.00632954
0.00632954
0.00632955
0.00632952
0.00632951
0.00632954
0.00632953
0.00632948
0.00632947
0.00632951
0.00632949
0.00632954
0.00632953
0.00632954
0.0063293
0.00632935
0.00632952
0.00632953
0.00632952
0.00632951
0.00632952
0.00632952
0.00632955
0.00632955
0.00632955
0.00632953
0.00632954
0.00632954
0.00632893
0.00632903
0.00632947
0.00632947
0.00632947
0.00632947
0.00632898
0.00632921
0.00632946
0.00632945
0.00632947
0.00632946
0.00632918
0.00632948
0.00632948
0.00632948
0.00632948
0.00632908
0.00632948
0.00632948
0.00632948
0.00632948
0.00632909
0.00632893
0.006329
0.00632946
0.00632863
0.00632881
0.00632879
0.00632862
0.0063288
0.00632946
0.0063288
0.00632887
0.00632929
0.00632834
0.00632836
0.00632855
0.00632835
0.00632929
0.00632835
0.00632921
0.00632835
0.00632922
0.00632854
0.00632929
0.00632925
0.00632934
0.00632931
0.00632857
0.00632801
0.00632807
0.00632888
0.00632889
0.00632869
0.00632879
0.00632806
0.00632787
0.00632965
0.00632966
0.00632969
0.0063294
0.00632939
0.00632937
0.00632965
0.00632965
0.00632964
0.00632964
0.00632965
0.00632965
0.00632967
0.00632967
0.00632965
0.0063296
0.00632959
0.00632959
0.00632958
0.00632958
0.00632957
0.00632944
0.00632953
0.00632951
0.00632951
0.0063295
0.00632922
0.00632917
0.00632938
0.00632915
0.00632921
0.00632945
0.00632961
0.00632961
0.0063296
0.0063296
0.0063296
0.0063296
0.00632962
0.00632961
0.00632962
0.0063296
0.00632959
0.0063296
0.00632954
0.00632957
0.00632957
0.00632957
0.00632955
0.00632956
0.00632955
0.00632958
0.00632958
0.00632958
0.00632952
0.00632952
0.00632952
0.00632951
0.00632951
0.00632952
0.00632937
0.00632926
0.00632926
0.00632942
0.00632952
0.00632953
0.00632953
0.00632955
0.00632955
0.00632955
0.00632953
0.00632953
0.00632953
0.00632951
0.0063295
0.00632951
0.0063295
0.00632951
0.00632951
0.00632945
0.00632946
0.00632947
0.00632758
0.00632759
0.00632937
0.00632938
0.0063294
0.00632757
0.00632758
0.00632929
0.0063293
0.00632938
0.00632963
0.00632963
0.00632884
0.0063287
0.00632874
0.00632898
0.00632901
0.00632862
0.00632865
0.00632882
0.00632879
0.00632914
0.00632804
0.00632796
0.00632836
0.00632893
0.00632889
0.00632935
0.00632966
0.00632966
0.00632965
0.00632963
0.00632963
0.00632963
0.00632963
0.00632962
0.00632962
0.00632963
0.00632964
0.00632964
0.00632958
0.00632958
0.00632958
0.00632959
0.00632959
0.00632959
0.00632949
0.00632951
0.00632921
0.00632923
0.00632943
0.0063294
0.00632913
0.00632917
0.00632841
0.00632842
0.00632868
0.00632864
0.00632825
0.00632842
0.00632843
0.00632945
0.00632922
0.00632928
0.00632962
0.00632961
0.00632961
0.00632961
0.00632962
0.00632962
0.00632962
0.0063296
0.0063296
0.00632961
0.00632961
0.00632961
0.00632963
0.00632963
0.00632963
0.00632963
0.00632963
0.00632963
0.00632962
0.00632962
0.00632962
0.00632959
0.00632959
0.00632959
0.00632959
0.00632959
0.00632956
0.00632956
0.00632959
0.00632959
0.00632959
0.00632958
0.00632958
0.00632959
0.00632952
0.00632951
0.00632952
0.00632929
0.00632934
0.00632954
0.00632954
0.00632954
0.00632954
0.00632954
0.00632954
0.0063289
0.0063291
0.00632933
0.00632934
0.00632925
0.00632926
0.00632898
0.0063295
0.0063295
0.0063295
0.00632915
0.00632913
0.00632929
0.00632929
0.00632903
0.00632924
0.00632925
0.00632912
0.00632913
0.0063295
0.0063295
0.0063295
0.00632949
0.0063295
0.0063295
0.0063293
0.00632944
0.00632944
0.00632945
0.00632945
0.00632929
0.00632889
0.00632931
0.00632934
0.00632933
0.00632932
0.00632893
0.00632842
0.00632879
0.00632874
0.00632807
0.00632806
0.0063282
0.00632639
0.0063278
0.0063278
0.0063277
0.00632936
0.00632902
0.00632896
0.00632906
0.00632903
0.00632933
0.00632547
0.00632549
0.00632836
0.00632853
0.00632922
0.00632964
0.00632964
0.00632964
0.00632838
0.0063284
0.00632715
0.00632532
0.0061917
0.00632856
0.00632842
0.00632845
0.00632833
0.00632838
0.00632859
0.00601036
0.00632228
0.00632788
0.00632965
0.00632965
0.00632964
0.00632958
0.00632958
0.00632958
0.00632959
0.00632959
0.0063296
0.00632959
0.00632959
0.00632946
0.00632953
0.00632892
0.00632898
0.00632893
0.0063289
0.00632938
0.00632914
0.00632911
0.00632706
0.00632602
0.00632608
0.0063264
0.00632629
0.0063269
0.0063296
0.0063296
0.0063296
0.0063296
0.0063296
0.0063296
0.00632955
0.00632957
0.00632957
0.00632957
0.00632956
0.00632956
0.00632956
0.00632928
0.00632927
0.00632936
0.00632939
0.00632953
0.00632953
0.00632952
0.00632955
0.00632955
0.00632955
0.00632953
0.00632954
0.00632954
0.00632893
0.00632905
0.00632899
0.0063291
0.00632908
0.00632894
0.00632759
0.00632762
0.00632765
0.00632756
0.00632881
0.00632837
0.00632836
0.00632652
0.00632648
0.00632763
0.00632662
0.00632683
0.00632621
0.00632641
0.00632747
0.00632963
0.00632963
0.00632963
0.00632963
0.00632964
0.00632964
0.00632964
0.00632964
0.00632964
0.00632964
0.0063273
0.0063282
0.00632815
0.00632835
0.00632828
0.00632735
0.00632784
0.00632794
0.00632784
0.0063281
0.00632804
0.00632767
0.00632964
0.00632964
0.00632964
0.00632963
0.00632963
0.00632964
0.00632963
0.00632882
0.00632895
0.00632877
0.00632879
0.00632837
0.00632837
0.00632895
0.00632896
0.00632861
0.0063286
0.00632859
0.00632902
0.0063286
0.00632856
0.00632861
0.00632911
0.00632872
0.00632864
0.00632806
0.00632816
0.00632864
0.00632783
0.00632785
0.00632778
0.00632779
0.00632842
0.00632792
0.00632795
0.00632862
0.00632822
0.00632828
0.00632812
0.00632818
0.00632863
0.00632962
0.00632963
0.00632963
0.00632962
0.00632962
0.00632962
0.00632959
0.00632958
0.00632958
0.00632958
0.00632959
0.00632959
0.00632959
0.00632959
0.00632948
0.00632952
0.00632903
0.00632905
0.006329
0.00632901
0.00632943
0.00632924
0.00632925
0.0063291
0.00632913
0.00632939
0.00632906
0.00632849
0.00632841
0.00632827
0.00632861
0.00632856
0.00632887
0.00632846
0.00632844
0.00632864
0.00632853
0.00632885
0.00632904
0.00632864
0.00632869
0.00632847
0.00632856
0.006329
0.00632844
0.00632778
0.00632848
0.00632842
0.00632639
0.00632659
0.00632962
0.00632961
0.00632961
0.00632961
0.00632962
0.00632962
0.00632962
0.0063296
0.0063296
0.0063296
0.0063296
0.0063296
0.00632961
0.0063296
0.00632963
0.00632963
0.00632963
0.00632963
0.00632962
0.00632962
0.00632963
0.00632961
0.00632961
0.00632961
0.0063296
0.0063296
0.0063296
0.0063296
0.00632961
0.00632961
0.00632961
0.00632961
0.00632962
0.00632962
0.00632962
0.00632961
0.00632961
0.00632961
0.00632961
0.00632956
0.00632956
0.00632957
0.00632957
0.00632957
0.00632957
0.00632957
0.00632954
0.00632954
0.00632955
0.00632955
0.00632959
0.00632959
0.00632959
0.00632958
0.00632959
0.00632959
0.0063296
0.0063296
0.0063296
0.00632959
0.00632959
0.00632959
0.00632959
0.00632959
0.00632958
0.00632957
0.00632958
0.00632957
0.00632957
0.00632958
0.00632958
0.00632958
0.00632958
0.00632958
0.00632958
0.00632958
0.00632956
0.00632957
0.00632948
0.00632942
0.00632944
0.00632938
0.0063294
0.00632948
0.00632946
0.00632944
0.00632944
0.00632947
0.00632947
0.00632929
0.00632931
0.00632929
0.00632928
0.00632947
0.00632947
0.00632936
0.00632937
0.00632934
0.00632935
0.00632947
0.00632952
0.00632952
0.00632954
0.00632953
0.00632947
0.00632947
0.0063295
0.0063295
0.0063293
0.00632934
0.00632954
0.00632955
0.00632955
0.00632954
0.00632954
0.00632954
0.00632892
0.00632931
0.00632932
0.00632908
0.00632896
0.00632927
0.00632929
0.0063292
0.00632917
0.00632948
0.00632936
0.00632936
0.00632948
0.00632935
0.00632932
0.00632936
0.00632936
0.00632948
0.00632928
0.00632924
0.00632921
0.00632923
0.00632905
0.00632914
0.00632918
0.00632896
0.00632924
0.00632922
0.00632927
0.00632926
0.00632898
0.0063287
0.00632879
0.00632872
0.00632864
0.00632864
0.00632865
0.00632878
0.00632913
0.00632911
0.0063292
0.00632917
0.0063288
0.00632835
0.00632874
0.00632876
0.00632872
0.00632873
0.00632836
0.00632848
0.00632888
0.00632892
0.00632879
0.00632883
0.0063284
0.0063283
0.00632846
0.00632847
0.00632851
0.00632849
0.00632842
0.00632866
0.0063287
0.00632851
0.00632859
0.00632845
0.00632888
0.00632884
0.00632849
0.00632801
0.00632814
0.00632768
0.0063277
0.00632873
0.0063282
0.0063281
0.00632834
0.00632829
0.00632877
0.00632771
0.00632774
0.0063259
0.00632613
0.00632976
0.00632976
0.00632978
0.00632976
0.00632976
0.00632978
0.00632976
0.00632976
0.00632978
0.00632976
0.00632976
0.00632978
0.00632971
0.00632971
0.00632973
0.00632971
0.00632971
0.00632974
0.00632971
0.0063297
0.00632974
0.0063297
0.00632971
0.00632974
0.00632971
0.00632971
0.00632974
0.00632971
0.00632971
0.00632973
0.00632966
0.00632966
0.00632969
0.00632966
0.00632965
0.00632969
0.00632968
0.00632968
0.0063297
0.00632968
0.00632968
0.0063297
0.00632968
0.00632968
0.00632969
0.00632966
0.00632966
0.00632968
0.00632961
0.00632961
0.00632965
0.00632963
0.00632963
0.00632964
0.00632964
0.00632964
0.00632965
0.00632963
0.00632963
0.00632965
0.00632961
0.00632961
0.00632964
0.00632956
0.00632956
0.0063296
0.00632959
0.00632959
0.0063296
0.00632959
0.00632959
0.0063296
0.00632958
0.00632959
0.0063296
0.00632957
0.00632957
0.00632959
0.00632952
0.00632952
0.00632955
0.00632954
0.00632954
0.00632955
0.00632955
0.00632955
0.00632956
0.00632954
0.00632954
0.00632956
0.00632952
0.00632952
0.00632954
0.00632947
0.00632947
0.00632951
0.00632949
0.0063295
0.00632951
0.00632951
0.00632951
0.00632951
0.0063295
0.0063295
0.00632952
0.00632948
0.00632948
0.0063295
0.00632942
0.00632942
0.00632946
0.00632946
0.00632946
0.00632947
0.00632945
0.00632945
0.00632947
0.00632943
0.00632943
0.00632945
0.00632937
0.00632938
0.00632941
0.00632941
0.00632941
0.00632942
0.00632938
0.00632938
0.00632941
0.00632933
0.00632933
0.00632935
0.00632933
0.00632932
0.00632936
0.00632935
0.00632934
0.00632936
0.00612486
0.00632546
0.00632619
0.00632933
0.00632934
0.00632937
0.00632933
0.00632933
0.00632936
0.00632928
0.00632928
0.0063293
0.00632928
0.00632927
0.00632931
0.00632927
0.00628588
0.00628636
0.00627779
0.00632927
0.00632931
0.00632928
0.00632929
0.00632932
0.00632929
0.00632929
0.00632931
0.00632923
0.00632923
0.00632925
0.00632901
0.00630567
0.00628577
0.00630444
0.00632921
0.00632926
0.00632923
0.00632924
0.00632926
0.00632961
0.00632961
0.00632961
0.00632961
0.00632961
0.0063296
0.00632965
0.00632964
0.00632964
0.00632956
0.00632957
0.00632957
0.00632957
0.00632957
0.00632956
0.0063296
0.00632959
0.0063296
0.00632952
0.00632952
0.00632952
0.00632953
0.00632953
0.00632952
0.00632956
0.00632955
0.00632955
0.00632947
0.00632948
0.00632948
0.00632948
0.00632948
0.00632947
0.00632951
0.00632951
0.00632951
0.00632944
0.00632943
0.00632943
0.00632947
0.00632946
0.00632947
0.00632936
0.00632939
0.00632939
0.00618416
0.00631852
0.00631636
0.00627253
0.00627254
0.00601039
0.00632942
0.00632942
0.00632942
0.00632965
0.00632967
0.00632967
0.00632964
0.00632964
0.00632964
0.0063297
0.00632968
0.00632968
0.00632964
0.00632964
0.00632966
0.00632966
0.00632965
0.0063297
0.00632968
0.00632968
0.00632961
0.00632962
0.00632962
0.00632962
0.00632962
0.00632961
0.00632964
0.00632963
0.00632963
0.00632963
0.00632963
0.00632962
0.00632965
0.00632964
0.00632964
0.00632961
0.00632963
0.00632962
0.00632962
0.00632962
0.00632961
0.00632965
0.00632963
0.00632963
0.00632956
0.00632957
0.00632957
0.00632958
0.00632958
0.00632956
0.0063296
0.00632959
0.00632958
0.00632958
0.00632959
0.00632959
0.00632958
0.00632958
0.00632958
0.0063296
0.0063296
0.0063296
0.0063296
0.00632959
0.0063296
0.00632956
0.00632958
0.00632958
0.00632958
0.00632958
0.00632957
0.0063296
0.00632959
0.00632959
0.00632952
0.00632953
0.00632953
0.00632953
0.00632953
0.00632952
0.00632955
0.00632954
0.00632954
0.00632954
0.00632955
0.00632955
0.00632954
0.00632954
0.00632954
0.00632956
0.00632955
0.00632955
0.00632952
0.00632954
0.00632954
0.00632953
0.00632953
0.00632952
0.00632956
0.00632954
0.00632954
0.00632947
0.00632948
0.00632948
0.00632949
0.00632948
0.00632947
0.00632951
0.0063295
0.0063295
0.0063295
0.0063295
0.0063295
0.0063295
0.0063295
0.00632949
0.00632951
0.00632951
0.00632951
0.00632944
0.00632928
0.0063293
0.00632948
0.00632949
0.00632949
0.00632949
0.00632949
0.00632948
0.00632951
0.0063295
0.0063295
0.00632944
0.00632933
0.00632936
0.00632943
0.00632943
0.00632946
0.00632943
0.00632944
0.00632945
0.00632944
0.00632944
0.00632943
0.00632947
0.00632946
0.00632945
0.00632939
0.00632938
0.00632938
0.0063294
0.00632939
0.00632941
0.00632931
0.00632933
0.00632933
0.00625458
0.00632932
0.0063293
0.00632921
0.00632914
0.00620787
0.00632927
0.00632928
0.00621472
0.00632934
0.00632933
0.00632932
0.00632936
0.00632934
0.00632935
0.00632961
0.00632961
0.0063296
0.00632963
0.00632962
0.00632961
0.00632962
0.00632962
0.00632962
0.00632962
0.00632962
0.00632962
0.00632964
0.00632964
0.00632965
0.00632962
0.00632963
0.00632963
0.0063296
0.0063296
0.0063296
0.00632962
0.00632962
0.00632962
0.00632962
0.00632962
0.00632962
0.00632962
0.00632962
0.00632962
0.0063296
0.0063296
0.0063296
0.00632956
0.00632956
0.00632956
0.00632958
0.00632958
0.00632958
0.00632957
0.00632957
0.00632958
0.00632958
0.00632958
0.00632958
0.00632956
0.00632956
0.00632956
0.00632958
0.00632958
0.00632958
0.00632958
0.00632957
0.00632957
0.00632957
0.00632957
0.00632958
0.00632959
0.0063296
0.0063296
0.00632958
0.00632958
0.00632958
0.00632959
0.00632959
0.00632958
0.00632952
0.00632952
0.00632952
0.00632953
0.00632953
0.00632953
0.00632953
0.00632953
0.00632953
0.00632953
0.00632953
0.00632953
0.00632951
0.00632951
0.00632951
0.00632955
0.00632955
0.00632955
0.00632953
0.00632953
0.00632954
0.00632954
0.00632953
0.00632953
0.00632951
0.00632951
0.00632951
0.00632955
0.00632955
0.00632954
0.00632948
0.00632948
0.00632948
0.00632946
0.00632947
0.00632947
0.00632951
0.00632951
0.00632951
0.00632948
0.00632949
0.00632949
0.00632946
0.00632942
0.00632942
0.00632932
0.00632933
0.00632945
0.00632949
0.00632948
0.00632949
0.00632948
0.00632949
0.00632949
0.00632947
0.00632947
0.00632947
0.0063295
0.00632951
0.00632951
0.00632949
0.00632949
0.00632949
0.0063295
0.0063295
0.0063295
0.00632943
0.00632943
0.00632944
0.00632941
0.00632942
0.00632942
0.00632946
0.00632946
0.00632946
0.00632944
0.00632944
0.00632944
0.00632942
0.0063294
0.0063294
0.00632936
0.00632938
0.00632943
0.00632946
0.00632946
0.00632947
0.00632945
0.00632946
0.00632945
0.00632946
0.00632946
0.00632945
0.00632938
0.00632936
0.00632937
0.00632932
0.00632935
0.00632937
0.00632941
0.00632941
0.00632941
0.00632937
0.0063293
0.00632929
0.00632963
0.00632963
0.00632964
0.00632963
0.00632964
0.00632963
0.00632965
0.00632964
0.00632964
0.00632964
0.00632964
0.00632964
0.00632944
0.00632944
0.00632943
0.00632946
0.00632945
0.00632945
0.00632945
0.00632945
0.00632945
0.00632945
0.00632945
0.00632945
0.00632946
0.00632946
0.00632946
0.00632899
0.0063287
0.00632875
0.00632837
0.00632845
0.00632883
0.00632938
0.0063294
0.0063294
0.00632964
0.00632964
0.00632964
0.00632963
0.00632963
0.00632963
0.00632964
0.00632964
0.00632965
0.00632963
0.00632964
0.00632963
0.00632963
0.00632963
0.00632963
0.00632948
0.00632948
0.00632947
0.00632949
0.00632948
0.00632948
0.00632948
0.00632948
0.00632949
0.00632933
0.0063292
0.00632918
0.00632924
0.00632923
0.00632934
0.00632869
0.00632823
0.0063283
0.00632945
0.00632944
0.00632944
0.00632943
0.00632944
0.00632945
0.00632942
0.00632943
0.00632943
0.00632935
0.00632926
0.00632925
0.00632929
0.00632929
0.00632935
0.00632941
0.00632941
0.00632942
0.0063294
0.00632941
0.0063294
0.00632941
0.00632941
0.0063294
0.00632967
0.00632966
0.00632966
0.00632966
0.00632966
0.00632967
0.00632965
0.00632966
0.00632966
0.00632965
0.00632965
0.00632965
0.00632967
0.00632966
0.00632966
0.00632966
0.00632966
0.00632967
0.00632963
0.00632963
0.00632963
0.00632964
0.00632964
0.00632964
0.00632963
0.00632963
0.00632963
0.00632964
0.00632964
0.00632963
0.00632929
0.00632932
0.00632944
0.00632945
0.00632943
0.00632944
0.00632917
0.00632899
0.00632901
0.00632879
0.00632883
0.00632907
0.00632913
0.00632934
0.00632933
0.00632935
0.00632934
0.00632915
0.00632941
0.00632939
0.00632939
0.00632961
0.00632962
0.00632962
0.00632961
0.00632961
0.00632961
0.00632962
0.00632962
0.00632962
0.00632963
0.00632963
0.00632963
0.00632963
0.00632963
0.00632963
0.00632961
0.00632961
0.00632961
0.00632961
0.00632961
0.00632961
0.00632957
0.00632957
0.00632957
0.00632957
0.00632956
0.00632957
0.00632959
0.00632959
0.00632959
0.00632959
0.00632959
0.00632959
0.00632957
0.00632957
0.00632957
0.00632957
0.00632957
0.00632957
0.00632958
0.00632957
0.00632958
0.00632956
0.00632956
0.00632956
0.00632957
0.00632956
0.00632956
0.00632956
0.00632956
0.00632956
0.00632959
0.00632959
0.00632959
0.00632959
0.00632959
0.00632959
0.0063296
0.0063296
0.0063296
0.00632958
0.00632958
0.00632958
0.00632959
0.00632959
0.00632959
0.00632958
0.00632959
0.00632959
0.00632952
0.00632952
0.00632952
0.00632952
0.00632952
0.00632952
0.00632954
0.00632955
0.00632955
0.00632954
0.00632954
0.00632954
0.00632952
0.00632952
0.00632951
0.00632953
0.00632953
0.00632953
0.00632953
0.00632953
0.00632953
0.00632952
0.00632952
0.00632952
0.00632952
0.00632952
0.00632952
0.00632951
0.00632952
0.00632952
0.00632955
0.00632955
0.00632955
0.00632956
0.00632955
0.00632955
0.00632954
0.00632954
0.00632954
0.00632954
0.00632954
0.00632954
0.00632947
0.00632948
0.00632948
0.00632924
0.00632939
0.00632939
0.00632935
0.00632935
0.00632913
0.00632947
0.00632947
0.00632947
0.00632949
0.00632949
0.00632949
0.0063294
0.0063294
0.00632946
0.00632946
0.00632938
0.00632939
0.0063295
0.0063295
0.0063295
0.00632951
0.00632951
0.0063295
0.00632951
0.00632951
0.00632951
0.0063295
0.0063295
0.00632949
0.0063295
0.0063295
0.0063295
0.00632949
0.0063295
0.0063295
0.00632928
0.00632907
0.00632906
0.00632917
0.00632915
0.00632931
0.00632945
0.00632945
0.00632946
0.00632932
0.00632941
0.00632941
0.00632939
0.0063294
0.00632927
0.00632936
0.00632943
0.00632943
0.00632944
0.00632944
0.00632935
0.00632945
0.00632944
0.00632945
0.00632918
0.00632886
0.00632884
0.00632905
0.00632902
0.00632925
0.0063294
0.0063294
0.00632942
0.00632882
0.00632907
0.00632904
0.00632922
0.0063292
0.006329
0.00632901
0.00632898
0.00632867
0.00632943
0.0063294
0.0063294
0.00632933
0.00632908
0.00632906
0.0063291
0.00632909
0.00632933
0.00632936
0.0063293
0.00632929
0.00632917
0.00632858
0.00632867
0.00632903
0.00632905
0.0063292
0.00632939
0.00632939
0.00632938
0.00632941
0.0063294
0.0063294
0.0063294
0.0063294
0.0063294
0.00632942
0.00632941
0.00632941
0.00632036
0.00631999
0.00620659
0.00632929
0.00632876
0.00632877
0.00632904
0.00632877
0.0063293
0.00632943
0.00632943
0.00632942
0.00632944
0.00632943
0.00632943
0.00632944
0.00632944
0.00632944
0.00630416
0.00628648
0.00620667
0.00632923
0.00632853
0.00632858
0.00632836
0.00632848
0.00632922
0.00632876
0.00631689
0.00631404
0.00632863
0.00632865
0.00632917
0.00601032
0.00618024
0.00622895
0.00632966
0.00632965
0.00632965
0.00632966
0.00632965
0.00632966
0.00632965
0.00632965
0.00632965
0.00632965
0.00632965
0.00632965
0.00632966
0.00632965
0.00632965
0.00632965
0.00632965
0.00632966
0.00632959
0.00632959
0.00632959
0.00632959
0.00632959
0.00632959
0.00632958
0.00632958
0.00632959
0.00632959
0.00632959
0.00632959
0.00632955
0.00632954
0.00632954
0.00632954
0.00632954
0.00632955
0.00632954
0.00632954
0.00632954
0.00632955
0.00632955
0.00632956
0.00632955
0.00632955
0.00632955
0.00632955
0.00632955
0.00632955
0.00632925
0.00632926
0.00632944
0.00632939
0.00632939
0.0063294
0.00632927
0.00632935
0.00632935
0.00632935
0.00632935
0.00632928
0.00632934
0.00632932
0.00632931
0.00632924
0.00632929
0.00632934
0.00625677
0.00632682
0.00632547
0.00632964
0.00632964
0.00632964
0.00632964
0.00632964
0.00632964
0.00632965
0.00632964
0.00632964
0.0063296
0.0063296
0.0063296
0.00632961
0.00632962
0.00632961
0.00632962
0.00632962
0.00632961
0.00632962
0.00632962
0.00632962
0.00632961
0.0063296
0.0063296
0.00632961
0.00632961
0.00632961
0.00632961
0.00632961
0.00632961
0.00632957
0.00632956
0.00632956
0.00632957
0.00632957
0.00632957
0.00632956
0.00632956
0.00632956
0.00632958
0.00632958
0.00632958
0.00632957
0.00632957
0.00632957
0.00632957
0.00632957
0.00632957
0.00632957
0.00632957
0.00632958
0.00632957
0.00632957
0.00632957
0.00632958
0.00632957
0.00632957
0.00632955
0.00632956
0.00632955
0.00632956
0.00632956
0.00632955
0.00632956
0.00632956
0.00632956
0.00632958
0.00632958
0.00632958
0.00632958
0.00632958
0.00632958
0.00632958
0.00632958
0.00632958
0.00632957
0.00632957
0.00632957
0.00632957
0.00632957
0.00632957
0.00632956
0.00632956
0.00632956
0.00632956
0.00632956
0.00632956
0.00632953
0.00632953
0.00632954
0.00632953
0.00632953
0.00632953
0.00632953
0.00632953
0.00632953
0.00632953
0.00632953
0.00632953
0.00632952
0.00632953
0.00632953
0.00632953
0.00632953
0.00632953
0.00632955
0.00632955
0.00632955
0.00632955
0.00632955
0.00632955
0.00632955
0.00632955
0.00632955
0.00632953
0.00632953
0.00632953
0.00632954
0.00632953
0.00632953
0.00632954
0.00632954
0.00632954
0.00632953
0.00632953
0.00632953
0.00632953
0.00632953
0.00632953
0.00632952
0.00632951
0.00632952
0.00632951
0.00632951
0.00632951
0.00632955
0.00632955
0.00632955
0.00632955
0.00632955
0.00632955
0.00632954
0.00632954
0.00632953
0.00632954
0.00632954
0.00632954
0.00632941
0.00632942
0.00632946
0.00632906
0.0063293
0.00632928
0.00632933
0.00632931
0.0063291
0.00632945
0.00632935
0.00632935
0.00632948
0.00632948
0.00632948
0.00632949
0.00632949
0.00632948
0.00632949
0.00632949
0.00632949
0.00632947
0.00632947
0.00632947
0.00632948
0.00632948
0.00632948
0.00632947
0.00632947
0.00632948
0.00632943
0.00632943
0.00632943
0.00632938
0.00632942
0.00632942
0.00632943
0.00632943
0.00632938
0.00632939
0.00632941
0.00632941
0.00632942
0.00632941
0.00632939
0.00632942
0.00632942
0.00632942
0.00632884
0.00632841
0.0063284
0.00632844
0.00632842
0.00632885
0.0063294
0.0063294
0.00632941
0.00632938
0.0063294
0.0063294
0.00632941
0.0063294
0.00632939
0.00632839
0.00632838
0.00632882
0.00632964
0.00632964
0.00632964
0.00632861
0.00632865
0.00632896
0.00632887
0.00632851
0.00632856
0.00632964
0.00632964
0.00632964
0.00632964
0.00632964
0.00632964
0.00632964
0.00632963
0.00632964
0.00632921
0.0063292
0.00632933
0.00632862
0.00632898
0.00632899
0.0063287
0.00632903
0.00632905
0.006329
0.00632901
0.00632867
0.00632934
0.00632923
0.00632922
0.00632927
0.00632927
0.00632935
0.00632886
0.00632911
0.00632912
0.00632908
0.0063291
0.00632883
0.00632963
0.00632963
0.00632963
0.00632963
0.00632963
0.00632963
0.00632962
0.00632962
0.00632962
0.00632962
0.00632962
0.00632962
0.00632959
0.00632959
0.00632959
0.00632914
0.00632882
0.00632888
0.00632873
0.00632877
0.00632911
0.00632922
0.00632899
0.00632902
0.00632892
0.00632896
0.00632921
0.00632893
0.00632896
0.00632915
0.00632818
0.00632868
0.00632863
0.00632875
0.00632872
0.00632824
0.00632858
0.00632853
0.00632787
0.00632909
0.00632886
0.0063289
0.00632961
0.00632961
0.00632961
0.00632961
0.00632961
0.00632961
0.00632962
0.00632962
0.00632962
0.00632962
0.00632962
0.00632962
0.0063296
0.0063296
0.0063296
0.00632961
0.00632961
0.00632961
0.0063296
0.00632961
0.00632961
0.00632963
0.00632962
0.00632962
0.00632963
0.00632963
0.00632963
0.00632962
0.00632962
0.00632962
0.00632961
0.0063296
0.0063296
0.00632961
0.00632961
0.00632961
0.00632961
0.00632961
0.00632961
0.00632961
0.00632961
0.00632961
0.00632956
0.00632957
0.00632957
0.00632957
0.00632957
0.00632957
0.00632957
0.00632957
0.00632957
0.00632956
0.00632956
0.00632956
0.00632956
0.00632956
0.00632956
0.00632956
0.00632956
0.00632956
0.00632958
0.00632959
0.00632959
0.00632958
0.00632958
0.00632958
0.00632959
0.00632959
0.00632959
0.00632957
0.00632957
0.00632957
0.00632957
0.00632957
0.00632957
0.00632957
0.00632957
0.00632957
0.00632956
0.00632956
0.00632956
0.00632956
0.00632956
0.00632956
0.00632957
0.00632956
0.00632957
0.00632952
0.00632952
0.00632952
0.00632952
0.00632952
0.00632952
0.00632953
0.00632952
0.00632953
0.00632954
0.00632954
0.00632954
0.00632955
0.00632955
0.00632954
0.00632955
0.00632955
0.00632955
0.00632954
0.00632954
0.00632954
0.00632954
0.00632954
0.00632954
0.00632954
0.00632954
0.00632954
0.00632953
0.00632952
0.00632952
0.00632953
0.00632953
0.00632953
0.00632952
0.00632952
0.00632953
0.00632952
0.00632952
0.00632951
0.00632952
0.00632952
0.00632952
0.00632952
0.00632952
0.00632952
0.00632955
0.00632955
0.00632954
0.00632955
0.00632955
0.00632955
0.00632954
0.00632954
0.00632954
0.00632954
0.00632954
0.00632954
0.00632947
0.00632944
0.00632943
0.00632944
0.00632944
0.00632947
0.00632947
0.00632942
0.00632942
0.00632943
0.00632943
0.00632947
0.00632937
0.00632938
0.00632923
0.00632946
0.00632944
0.00632944
0.00632947
0.00632944
0.00632944
0.00632944
0.00632944
0.00632946
0.00632915
0.00632936
0.00632937
0.00632937
0.00632936
0.00632948
0.00632948
0.00632941
0.00632941
0.00632942
0.00632942
0.00632948
0.00632948
0.00632938
0.00632937
0.0063294
0.00632939
0.00632948
0.00632946
0.00632941
0.00632941
0.00632936
0.00632937
0.00632946
0.0063291
0.00632909
0.00632928
0.0063293
0.00632913
0.00632912
0.00632891
0.00632888
0.00632919
0.00632924
0.00632899
0.00632894
0.00632928
0.00632911
0.00632913
0.00632905
0.00632908
0.00632927
0.00632933
0.00632919
0.00632921
0.00632915
0.00632917
0.00632932
0.00632861
0.00632894
0.00632891
0.00632889
0.00632851
0.00632847
0.00632855
0.00632855
0.00632891
0.00632803
0.00632715
0.00632712
0.00632695
0.00632705
0.00632796
0.00632966
0.00632967
0.00632967
0.00632967
0.00632967
0.00632966
0.00632938
0.00632939
0.00632939
0.00632937
0.00632938
0.00632937
0.00632965
0.00632965
0.00632965
0.00632965
0.00632965
0.00632965
0.00632964
0.00632965
0.00632965
0.00632965
0.00632964
0.00632964
0.00632965
0.00632965
0.00632965
0.00632965
0.00632965
0.00632965
0.00632966
0.00632967
0.00632967
0.00632965
0.00632966
0.00632966
0.00632959
0.00632959
0.00632959
0.00632951
0.00632951
0.0063295
0.00632917
0.00632935
0.00632934
0.00632936
0.00632935
0.00632919
0.00632946
0.00632943
0.00632943
0.00632961
0.00632961
0.00632961
0.0063296
0.0063296
0.0063296
0.0063296
0.0063296
0.0063296
0.00632962
0.00632962
0.00632962
0.00632961
0.00632962
0.00632962
0.00632962
0.00632962
0.00632962
0.0063296
0.0063296
0.0063296
0.0063296
0.0063296
0.00632959
0.0063296
0.0063296
0.0063296
0.00632958
0.00632958
0.00632958
0.00632952
0.00632952
0.00632952
0.00632952
0.00632952
0.00632952
0.00632952
0.00632952
0.00632952
0.00632951
0.00632951
0.00632951
0.00632951
0.00632951
0.00632951
0.00632951
0.00632951
0.00632951
0.0063295
0.0063295
0.0063295
0.00632951
0.00632951
0.0063295
0.0063295
0.00632951
0.0063295
0.00632946
0.00632946
0.00632946
0.00632947
0.00632947
0.00632947
0.00632937
0.00632939
0.00632938
0.00632939
0.00632939
0.00632938
0.0063294
0.00632939
0.0063294
0.00632929
0.00632935
0.00632935
0.00632935
0.00632935
0.0063293
0.00632892
0.00632915
0.00632916
0.00632913
0.00632914
0.0063289
0.00632935
0.00632928
0.00632928
0.00632966
0.00632966
0.00632966
0.00632966
0.00632966
0.00632966
0.00632965
0.00632965
0.00632965
0.00632964
0.00632963
0.00632963
0.00632964
0.00632964
0.00632964
0.00632963
0.00632963
0.00632964
0.00632943
0.00632943
0.00632945
0.00632924
0.00632938
0.00632937
0.00632939
0.00632938
0.00632926
0.00632963
0.00632963
0.00632963
0.00632963
0.00632963
0.00632963
0.00632959
0.00632959
0.00632959
0.00632959
0.00632959
0.00632959
0.00632959
0.00632959
0.00632959
0.00632959
0.00632959
0.00632959
0.00632958
0.00632958
0.00632958
0.00632952
0.00632952
0.00632952
0.00632951
0.00632952
0.00632951
0.00632952
0.00632952
0.00632952
0.0063295
0.0063295
0.0063295
0.0063295
0.0063295
0.0063295
0.0063295
0.0063295
0.0063295
0.00632949
0.0063295
0.00632949
0.0063294
0.00632941
0.00632931
0.00632928
0.0063294
0.0063294
0.00632913
0.0063291
0.00632885
0.00632923
0.00632924
0.00632935
0.00632897
0.00632918
0.00632916
0.0063293
0.0063293
0.00632936
0.006329
0.00632919
0.0063292
0.00632917
0.00632918
0.00632898
0.00632905
0.00632922
0.00632922
0.00632921
0.00632921
0.00632904
0.00632842
0.00632882
0.00632878
0.00632888
0.00632885
0.00632848
0.00632921
0.00632907
0.00632909
0.00632564
0.00631662
0.00632219
0.00631415
0.00631511
0.00632539
0.00619833
0.00628051
0.00627662
0.00615354
0.00616286
0.00601034
0.00632791
0.00628888
0.00626285
0.0063204
0.00630812
0.00632789
0.00632965
0.00632965
0.00632965
0.00632965
0.00632965
0.00632965
0.00632964
0.00632965
0.00632965
0.00632981
0.00632981
0.00632983
0.00632981
0.00632981
0.00632983
0.00632981
0.00632981
0.00632983
0.00632981
0.00632981
0.00632983
0.00632976
0.00632976
0.00632978
0.00632976
0.00632976
0.00632978
0.00632971
0.00632971
0.00632973
0.00632973
0.00632973
0.00632974
0.00632973
0.00632973
0.00632974
0.00632971
0.00632971
0.00632973
0.00632966
0.00632966
0.00632968
0.00632968
0.00632968
0.00632969
0.00632969
0.00632969
0.0063297
0.00632966
0.00632966
0.00632968
0.00632961
0.00632961
0.00632964
0.00632964
0.00632964
0.00632965
0.00632961
0.00632961
0.00632964
0.00632956
0.00632956
0.00632959
0.0063296
0.0063296
0.0063296
0.00632957
0.00632957
0.00632959
0.00632952
0.00632952
0.00632954
0.00632955
0.00632955
0.00632956
0.00632952
0.00632952
0.00632954
0.00632947
0.00632947
0.00632949
0.00632951
0.00632951
0.00632952
0.00632947
0.00632947
0.0063295
0.00632942
0.00632942
0.00632945
0.00632945
0.00632945
0.00632946
0.00632947
0.00632947
0.00632947
0.00632943
0.00632943
0.00632945
0.00632937
0.00632937
0.0063294
0.0063294
0.0063294
0.00632941
0.00632941
0.00632941
0.00632942
0.00632938
0.00632938
0.0063294
0.00632932
0.00632932
0.00632935
0.00632935
0.00632935
0.00632936
0.00611067
0.00627319
0.00627252
0.00632935
0.00632936
0.00632937
0.00632933
0.00632933
0.00632935
0.00632927
0.00632928
0.0063293
0.0063293
0.00632928
0.0063293
0.00627568
0.00632903
0.00632904
0.0063293
0.00632931
0.00632932
0.00632928
0.00632928
0.00632931
0.00632923
0.00632923
0.00632925
0.00632924
0.00632924
0.00632926
0.00632918
0.00632917
0.0063292
0.00632862
0.00630561
0.00630564
0.00630513
0.00632916
0.00632919
0.00632918
0.00632919
0.00632921
0.00632942
0.00632943
0.00632943
0.00632939
0.00632938
0.00632938
0.00632965
0.00632966
0.00632966
0.0063297
0.00632969
0.00632969
0.00632961
0.00632961
0.00632961
0.00632961
0.00632961
0.00632961
0.00632957
0.00632957
0.00632956
0.0063296
0.0063296
0.0063296
0.00632956
0.00632957
0.00632957
0.00632952
0.00632952
0.00632952
0.00632956
0.00632955
0.00632955
0.00632952
0.00632953
0.00632953
0.00632951
0.00632951
0.00632951
0.00632949
0.0063295
0.00632949
0.00632948
0.00632948
0.00632948
0.00631413
0.00631186
0.00621309
0.00632937
0.00632936
0.00632937
0.00632962
0.00632962
0.00632962
0.0063296
0.0063296
0.0063296
0.0063296
0.0063296
0.0063296
0.00632948
0.00632949
0.00632949
0.00632949
0.00632949
0.00632949
0.00632945
0.00632945
0.00632945
0.00632938
0.00632938
0.00632938
0.00632939
0.00632939
0.00632939
0.00632938
0.00632938
0.00632938
0.00632963
0.00632963
0.00632963
0.00632965
0.00632965
0.00632964
0.00632942
0.00632944
0.00632944
0.00632945
0.00632945
0.00632944
0.00632947
0.00632946
0.00632946
0.0063294
0.0063294
0.00632938
0.00632942
0.00632941
0.00632941
0.00632964
0.00632964
0.00632965
0.00632962
0.00632963
0.00632963
0.00632947
0.00632947
0.00632947
0.00632949
0.00632949
0.00632949
0.00632944
0.00632944
0.00632944
0.00632942
0.00632942
0.00632942
0.00632941
0.00632942
0.00632942
0.00632967
0.00632967
0.00632967
0.00632965
0.00632965
0.00632965
0.00632967
0.00632967
0.00632967
0.00632964
0.00632964
0.00632965
0.00632908
0.00632924
0.00632923
0.0063293
0.00632929
0.00632918
0.00632936
0.00632942
0.00632942
0.00632941
0.00632941
0.00632934
0.00632938
0.00632939
0.00632939
0.0063294
0.00632941
0.00632941
0.00632965
0.00632965
0.00632965
0.00632922
0.00632931
0.0063293
0.00632963
0.00632964
0.00632963
0.00632965
0.00632964
0.00632964
0.00632938
0.00632941
0.00632941
0.00632941
0.00632941
0.00632937
0.00632969
0.00632968
0.00632968
0.0063294
0.00632939
0.00632939
0.00632967
0.00632967
0.00632967
0.00632965
0.00632965
0.00632965
0.0063296
0.0063296
0.0063296
0.00632959
0.0063296
0.0063296
0.00632951
0.00632951
0.00632951
0.0063295
0.00632951
0.00632951
0.00632961
0.00632961
0.00632961
0.0063296
0.00632961
0.00632961
0.00632946
0.00632946
0.00632946
0.00632938
0.00632937
0.00632937
0.00632965
0.00632965
0.00632965
0.00632972
0.00632972
0.00632971
0.00632971
0.00632972
0.00632972
0.00632972
0.00632972
0.0063297
0.00632974
0.00632973
0.00632973
0.0063297
0.00632972
0.00632972
0.00632972
0.00632972
0.00632971
0.00632974
0.00632973
0.00632973
0.00632971
0.00632972
0.00632972
0.00632966
0.00632967
0.00632967
0.00632967
0.00632967
0.00632966
0.00632969
0.00632968
0.00632968
0.00632969
0.00632969
0.00632968
0.00632968
0.00632968
0.00632968
0.00632968
0.00632968
0.00632968
0.0063297
0.00632969
0.00632969
0.00632963
0.00632964
0.00632964
0.00632959
0.00632959
0.00632959
0.00632954
0.00632955
0.00632955
0.0063295
0.0063295
0.0063295
0.00632945
0.00632946
0.00632946
0.00632934
0.00632934
0.00632933
0.00632936
0.00632935
0.00632935
0.00632934
0.00632935
0.00632934
0.00632936
0.00632936
0.00632935
0.0062767
0.00627491
0.00611786
0.00632533
0.00631311
0.00631368
0.00631303
0.00631303
0.00632533
0.00632933
0.00632935
0.00632934
0.00632935
0.00632935
0.00632934
0.00632937
0.00632936
0.00632936
0.00632932
0.0063293
0.0063293
0.00632922
0.00632925
0.00632928
0.00628601
0.00632745
0.00632696
0.00632851
0.00632797
0.00628617
0.00632902
0.00632902
0.00627681
0.00632929
0.00632928
0.00632926
0.0063293
0.00632929
0.0063293
0.00632961
0.00632961
0.00632961
0.00632957
0.00632957
0.00632957
0.00632956
0.00632956
0.00632956
0.0063296
0.0063296
0.0063296
0.00632959
0.0063296
0.0063296
0.00632952
0.00632952
0.00632953
0.00632952
0.00632952
0.00632952
0.00632955
0.00632956
0.00632956
0.00632955
0.00632955
0.00632955
0.00632951
0.00632951
0.00632952
0.00632951
0.00632951
0.00632951
0.00632937
0.00632938
0.00632937
0.00632939
0.00632938
0.00632938
0.00632939
0.00632939
0.00632939
0.00627317
0.00627042
0.00617759
0.00601774
0.00615442
0.00615144
0.00632966
0.00632966
0.00632965
0.00632967
0.00632967
0.00632967
0.00632967
0.00632967
0.00632967
0.00632969
0.00632969
0.0063297
0.00632968
0.00632968
0.00632968
0.00632968
0.00632968
0.00632968
0.00632969
0.00632969
0.0063297
0.00632968
0.00632969
0.00632969
0.00632969
0.00632969
0.00632968
0.00632962
0.00632962
0.00632962
0.00632964
0.00632964
0.00632963
0.00632962
0.00632962
0.00632963
0.00632962
0.00632962
0.00632962
0.00632962
0.00632962
0.00632962
0.00632958
0.00632957
0.00632957
0.00632959
0.00632959
0.00632958
0.00632957
0.00632957
0.00632958
0.00632953
0.00632953
0.00632953
0.00632955
0.00632955
0.00632954
0.00632953
0.00632953
0.00632954
0.00632949
0.00632948
0.00632948
0.0063295
0.0063295
0.0063295
0.0063295
0.0063295
0.0063295
0.0063295
0.0063295
0.0063295
0.00632949
0.0063295
0.0063295
0.00632949
0.00632949
0.00632949
0.00632934
0.00632941
0.00632941
0.00632941
0.00632941
0.00632935
0.00632416
0.00632289
0.00625375
0.00632932
0.00632909
0.00632917
0.00632919
0.0063279
0.00632816
0.0063272
0.00632759
0.00632917
0.00621032
0.0063096
0.00630755
0.00632879
0.0063288
0.00632928
0.00621809
0.00632098
0.00632069
0.00632935
0.00632936
0.00632937
0.00632935
0.00632935
0.00632934
0.00632962
0.00632962
0.00632962
0.00632962
0.00632962
0.00632961
0.00632962
0.00632962
0.00632962
0.00632962
0.00632962
0.00632962
0.00632958
0.00632958
0.00632958
0.00632957
0.00632957
0.00632957
0.00632959
0.0063296
0.00632959
0.00632959
0.00632959
0.00632959
0.00632958
0.00632959
0.00632958
0.00632953
0.00632953
0.00632954
0.00632953
0.00632953
0.00632953
0.00632954
0.00632954
0.00632955
0.00632954
0.00632954
0.00632954
0.00632948
0.00632948
0.00632948
0.00632949
0.00632948
0.00632948
0.00632949
0.00632949
0.00632949
0.00632949
0.00632949
0.00632949
0.00632949
0.00632949
0.00632949
0.00632948
0.00632948
0.00632948
0.00632949
0.00632949
0.00632949
0.0063295
0.0063295
0.0063295
0.0063295
0.0063295
0.0063295
0.00632937
0.00632942
0.00632941
0.00632942
0.00632942
0.00632937
0.00632945
0.00632945
0.00632945
0.00632946
0.00632945
0.00632945
0.00632945
0.00632945
0.00632945
0.00632937
0.00632938
0.00632938
0.00632936
0.00632937
0.00632937
0.00632938
0.00632938
0.00632937
0.00632932
0.00632935
0.00632935
0.00632936
0.00632936
0.00632933
0.00632937
0.00632936
0.00632937
0.00632929
0.00632934
0.00632935
0.00632934
0.00632934
0.00632929
0.00632964
0.00632963
0.00632963
0.00632964
0.00632964
0.00632964
0.00632945
0.00632945
0.00632945
0.00632946
0.00632946
0.00632946
0.00632964
0.00632964
0.00632964
0.00632963
0.00632963
0.00632963
0.00632964
0.00632963
0.00632963
0.00632963
0.00632963
0.00632963
0.00632948
0.00632947
0.00632947
0.00632948
0.00632948
0.00632948
0.00632943
0.00632944
0.00632943
0.00632943
0.00632943
0.00632943
0.00632967
0.00632967
0.00632967
0.00632966
0.00632967
0.00632967
0.00632967
0.00632967
0.00632966
0.00632967
0.00632967
0.00632966
0.00632965
0.00632965
0.00632965
0.00632966
0.00632966
0.00632966
0.00632966
0.00632966
0.00632966
0.00632967
0.00632967
0.00632967
0.00632966
0.00632967
0.00632967
0.00632967
0.00632967
0.00632966
0.00632966
0.00632967
0.00632967
0.00632967
0.00632967
0.00632966
0.00632967
0.00632967
0.00632967
0.00632963
0.00632963
0.00632963
0.00632963
0.00632963
0.00632963
0.00632964
0.00632964
0.00632964
0.0063293
0.0063294
0.00632939
0.0063294
0.0063294
0.00632931
0.00632927
0.00632926
0.00632911
0.00632916
0.00632928
0.00632927
0.00632961
0.00632961
0.00632961
0.00632962
0.00632962
0.00632961
0.00632961
0.00632961
0.00632961
0.00632961
0.00632961
0.00632961
0.00632948
0.00632948
0.00632948
0.00632949
0.00632949
0.00632949
0.0063295
0.00632949
0.00632949
0.00632941
0.00632942
0.00632936
0.00632934
0.00632941
0.00632941
0.00632908
0.00632924
0.00632924
0.00632923
0.00632923
0.00632907
0.00632911
0.00632925
0.00632924
0.00632924
0.00632925
0.0063291
0.00632862
0.00632894
0.00632891
0.00632897
0.00632896
0.00632865
0.00632861
0.0063293
0.00632933
0.00632907
0.00632893
0.00632816
0.00632863
0.00632895
0.00632895
0.00632965
0.00632966
0.00632966
0.00632966
0.00632966
0.00632965
0.00632965
0.00632965
0.00632965
0.00632965
0.00632965
0.00632965
0.00632965
0.00632966
0.00632966
0.00632965
0.00632966
0.00632966
0.00632966
0.00632966
0.00632965
0.00632934
0.00632934
0.00632931
0.00632964
0.00632964
0.00632964
0.00632964
0.00632964
0.00632964
0.00632941
0.00632941
0.00632938
0.00632937
0.00632941
0.00632941
0.00632985
0.00632985
0.00632988
0.00632985
0.00632985
0.00632988
0.00632985
0.00632985
0.00632988
0.00632985
0.00632985
0.00632988
0.00632981
0.00632981
0.00632983
0.00632981
0.00632981
0.00632983
0.00632976
0.00632976
0.00632978
0.00632976
0.00632976
0.00632978
0.00632973
0.00632973
0.00632974
0.00632968
0.00632968
0.0063297
0.00632964
0.00632964
0.00632965
0.00632959
0.00632959
0.0063296
0.00632954
0.00632954
0.00632955
0.0063295
0.0063295
0.00632951
0.00632945
0.00632945
0.00632946
0.00632942
0.00632942
0.00632942
0.00632941
0.00632941
0.00632942
0.00632936
0.00632936
0.00632937
0.0063293
0.0063293
0.00632932
0.00632923
0.00632923
0.00632925
0.00632924
0.00632923
0.00632926
0.00632918
0.00632918
0.00632921
0.00632919
0.00632919
0.00632921
0.00632913
0.00632912
0.00632915
0.00632818
0.00630556
0.00630558
0.00630562
0.00632911
0.00632913
0.00632913
0.00632914
0.00632916
0.00632937
0.00632938
0.00632938
0.00632965
0.00632964
0.00632964
0.00632948
0.00632948
0.00632947
0.00632943
0.00632944
0.00632944
0.00625304
0.00632169
0.00632056
0.00632146
0.00632123
0.00622111
0.00632936
0.00632936
0.00632936
0.00632937
0.00632936
0.00632936
0.00632943
0.00632943
0.00632942
0.00632947
0.00632946
0.00632946
0.0063294
0.0063294
0.0063294
0.00632942
0.00632942
0.00632942
0.00632944
0.00632944
0.00632944
0.00632966
0.00632966
0.00632966
0.00632976
0.00632977
0.00632977
0.00632977
0.00632977
0.00632976
0.00632976
0.00632977
0.00632977
0.00632977
0.00632977
0.00632976
0.00632971
0.00632972
0.00632972
0.00632974
0.00632973
0.00632973
0.00632971
0.00632971
0.0063297
0.0063297
0.00632971
0.00632971
0.00632972
0.00632972
0.00632971
0.00632967
0.00632967
0.00632966
0.00632966
0.00632966
0.00632966
0.00632968
0.00632969
0.00632969
0.0063297
0.00632969
0.00632969
0.00632966
0.00632967
0.00632967
0.00632962
0.00632962
0.00632961
0.00632965
0.00632963
0.00632963
0.00632961
0.00632962
0.00632962
0.00632958
0.00632958
0.00632956
0.0063296
0.00632959
0.00632959
0.00632959
0.00632959
0.00632959
0.0063296
0.0063296
0.0063296
0.00632957
0.00632958
0.00632958
0.00632953
0.00632953
0.00632952
0.00632955
0.00632954
0.00632954
0.00632955
0.00632955
0.00632954
0.00632956
0.00632955
0.00632955
0.00632952
0.00632953
0.00632953
0.00632948
0.00632948
0.00632947
0.00632951
0.00632949
0.00632949
0.0063295
0.0063295
0.0063295
0.00632952
0.00632951
0.00632951
0.00632948
0.00632949
0.00632949
0.00632946
0.00632945
0.00632945
0.00632943
0.00632944
0.00632944
0.00632941
0.00632941
0.00632941
0.00632933
0.00632934
0.00632934
0.00632935
0.00632935
0.00632935
0.00632929
0.00632929
0.00632928
0.00632928
0.0063293
0.00632929
0.00632961
0.00632961
0.00632961
0.00632948
0.00632948
0.00632948
0.00632965
0.00632966
0.00632965
0.00632962
0.00632961
0.00632961
0.00632963
0.00632962
0.00632962
0.00632957
0.00632957
0.00632956
0.00632958
0.00632958
0.00632958
0.00632953
0.00632953
0.00632952
0.00632954
0.00632953
0.00632953
0.00632948
0.00632948
0.00632948
0.00632949
0.00632949
0.00632949
0.00632944
0.00632944
0.00632945
0.00632934
0.00632933
0.00632932
0.00632886
0.00632898
0.00632931
0.00632927
0.00632881
0.00632882
0.00632932
0.00632933
0.00632934
0.00632936
0.00632936
0.00632935
0.00632962
0.00632962
0.00632962
0.00632949
0.00632949
0.00632949
0.00632937
0.00632936
0.00632937
0.00632963
0.00632963
0.00632964
0.00632963
0.00632963
0.00632963
0.00632944
0.00632944
0.00632944
0.00632945
0.00632945
0.00632945
0.00632964
0.00632964
0.00632964
0.00632965
0.00632965
0.00632965
0.00632948
0.00632948
0.00632948
0.00632949
0.00632949
0.00632949
0.00632948
0.00632948
0.00632948
0.00632944
0.00632944
0.00632944
0.00632944
0.00632944
0.00632944
0.00632943
0.00632943
0.00632943
0.00632941
0.00632941
0.00632941
0.0063294
0.0063294
0.00632941
0.00632966
0.00632967
0.00632967
0.00632967
0.00632967
0.00632967
0.00632943
0.00632943
0.00632942
0.00632943
0.00632943
0.00632943
0.00632967
0.00632967
0.00632967
0.00632966
0.00632966
0.00632966
0.0063297
0.00632971
0.00632971
0.00632971
0.00632971
0.0063297
0.00632967
0.00632967
0.00632967
0.00632966
0.00632966
0.00632966
0.00632985
0.00632985
0.00632988
0.00632985
0.00632985
0.00632988
0.00632981
0.00632981
0.00632983
0.00632976
0.00632976
0.00632978
0.00632971
0.00632971
0.00632973
0.00632973
0.00632973
0.00632974
0.00632971
0.00632971
0.00632973
0.00632966
0.00632966
0.00632968
0.00632969
0.00632969
0.0063297
0.00632966
0.00632966
0.00632968
0.00632961
0.00632961
0.00632964
0.00632961
0.00632961
0.00632964
0.00632956
0.00632956
0.00632959
0.00632957
0.00632956
0.00632959
0.00632952
0.00632952
0.00632954
0.00632952
0.00632952
0.00632954
0.00632947
0.00632947
0.00632949
0.00632947
0.00632947
0.00632949
0.00632942
0.00632942
0.00632944
0.00632942
0.00632942
0.00632945
0.00632937
0.00632937
0.0063294
0.00632938
0.00632938
0.0063294
0.00632936
0.00632936
0.00632937
0.00632933
0.00632933
0.00632935
0.00632924
0.00632916
0.00632919
0.00627937
0.006329
0.00632901
0.00632919
0.00632918
0.00632921
0.0063297
0.00632969
0.00632969
0.00632938
0.00632939
0.00632939
0.00632942
0.00632941
0.00632941
0.00632977
0.00632977
0.00632976
0.00632976
0.00632977
0.00632977
0.00632972
0.00632972
0.00632971
0.00632974
0.00632973
0.00632973
0.00632971
0.00632972
0.00632972
0.00632969
0.00632968
0.00632968
0.00632968
0.00632969
0.00632969
0.00632964
0.00632964
0.00632963
0.00632965
0.00632964
0.00632964
0.00632944
0.00632943
0.00632942
0.00632946
0.00632946
0.00632945
0.00632947
0.00632947
0.00632947
0.00632939
0.00632939
0.00632937
0.00632941
0.0063294
0.0063294
0.00632938
0.00632939
0.0063294
0.00632932
0.00632931
0.00632931
0.00632648
0.00632597
0.00628568
0.00632925
0.00632923
0.00632925
0.00632939
0.00632939
0.0063294
0.00632941
0.00632941
0.0063294
0.00632969
0.00632969
0.00632968
0.00632897
0.00631461
0.00603047
0.00632883
0.00631273
0.00602609
0.00632755
0.00629995
0.00596501
0.00632751
0.00629975
0.00596055
0.0063202
0.00625598
0.00575219
0.00632963
0.00632946
0.00626801
0.0063296
0.00632805
0.00622938
0.0063296
0.00632774
0.00622447
0.00632033
0.00625651
0.00575704
0.00629053
0.00616311
0.00547694
0.00632962
0.00632916
0.00626361
0.00632915
0.00631742
0.00605611
0.00632916
0.00631756
0.00606056
0.00632853
0.00630901
0.00599711
0.00632853
0.00630904
0.00599483
0.00632627
0.00629065
0.00592668
0.00632653
0.00629252
0.00593117
0.00631253
0.00621796
0.0055681
0.0063126
0.00621866
0.0055814
0.00617299
0.00600196
0.00547435
0.00632964
0.0063296
0.00630328
0.0063295
0.00632452
0.00616045
0.00632953
0.00632546
0.00617249
0.0063295
0.00632433
0.00615616
0.00632899
0.00631491
0.00604124
0.00632877
0.00631192
0.0060143
0.00632809
0.00630459
0.00597829
0.00632689
0.00629492
0.00594858
0.00632014
0.00625754
0.00580537
0.00632963
0.00632954
0.00628367
0.00631946
0.0062523
0.00573888
0.00631261
0.0062193
0.00559915
0.00631261
0.00621889
0.00558615
0.00630118
0.00618335
0.00555087
0.00632885
0.00631399
0.00601391
0.00632892
0.00631507
0.00602758
0.00632903
0.00631678
0.0060434
0.00632902
0.00631661
0.00603222
0.00632913
0.0063186
0.00606432
0.00632903
0.00631692
0.0060481
0.00632913
0.00631857
0.00606118
0.00632885
0.00631395
0.00601047
0.00632868
0.00631148
0.00599785
0.00632851
0.00630924
0.00598116
0.00632868
0.00631137
0.00599323
0.00632797
0.00630351
0.00594696
0.00632812
0.0063049
0.00595962
0.00632844
0.00630837
0.00597654
0.0063283
0.00630681
0.00596422
0.00632779
0.00630177
0.00594264
0.00632296
0.00627001
0.00581484
0.00632093
0.00625944
0.00577117
0.00631258
0.00621923
0.00560238
0.00632954
0.0063255
0.00617673
0.00632955
0.00632609
0.0061909
0.00632955
0.00632613
0.00619525
0.00632904
0.00631565
0.00604566
0.00632928
0.00631958
0.00607256
0.00632873
0.00631148
0.00600991
0.00632809
0.00630464
0.00598162
0.00632572
0.00628723
0.00591439
0.00632672
0.00629373
0.00594409
0.00631746
0.00624583
0.00576286
0.00631889
0.00625197
0.00578143
0.00631779
0.00624723
0.00576738
0.00631972
0.00625562
0.00580071
0.00631892
0.00625213
0.00578546
0.00631308
0.00622742
0.00568966
0.00631067
0.00621764
0.00565166
0.0063103
0.00621614
0.00564688
0.00630007
0.00617958
0.00554629
0.00629566
0.00616492
0.00553219
0.00632935
0.00632104
0.0060935
0.00632935
0.00632106
0.00609652
0.00632897
0.00631461
0.00603315
0.00632935
0.00632097
0.00608937
0.0063293
0.00631998
0.00608495
0.00632878
0.00631203
0.00602168
0.00632768
0.00630102
0.00596946
0.00632513
0.00628364
0.0058958
0.00632514
0.00628373
0.00589938
0.0063275
0.00629971
0.00595748
0.00632477
0.00628141
0.00589126
0.00632441
0.0062793
0.00588669
0.00631829
0.00624674
0.00571778
0.00631853
0.00624787
0.00572266
0.00632014
0.00625578
0.00574761
0.00631806
0.00624563
0.00571291
0.00631782
0.00624455
0.00570803
0.00632963
0.00632948
0.00627183
0.00630915
0.006212
0.00562661
0.00630861
0.00620977
0.00562188
0.00632961
0.00632846
0.00623411
0.00632962
0.00632919
0.00625903
0.00632959
0.00632771
0.00622017
0.00632051
0.00625735
0.00576189
0.00630422
0.0061914
0.0054808
0.00632962
0.00632913
0.00625775
0.00632942
0.00632254
0.00611729
0.00632915
0.00631737
0.00605246
0.00632919
0.0063181
0.006065
0.00632853
0.0063091
0.00600112
0.00632828
0.00630643
0.00599045
0.00632616
0.00629004
0.0059222
0.00632662
0.00629307
0.00593564
0.00632345
0.00627399
0.0058659
0.00630937
0.00621272
0.00563109
0.0063097
0.00621385
0.00563809
0.00632964
0.00632961
0.00630587
0.00632964
0.0063296
0.00630192
0.00631255
0.00621817
0.00557202
0.00631257
0.00621841
0.0055766
0.00632953
0.00632541
0.006165
0.00632953
0.00632544
0.00616887
0.00632949
0.00632429
0.00615046
0.00632936
0.00632122
0.00610497
0.00632936
0.00632111
0.00610044
0.00632897
0.00631466
0.00603681
0.00632928
0.00631961
0.00607533
0.00632928
0.00631969
0.00608082
0.00632877
0.00631193
0.00601733
0.00632791
0.00630302
0.00597388
0.00632538
0.00628509
0.00590811
0.00632522
0.00628411
0.0059039
0.00632713
0.00629661
0.00595305
0.00632396
0.00627685
0.0058775
0.00632415
0.00627782
0.0058821
0.00632072
0.00626048
0.00581333
0.00632071
0.00626042
0.00581002
0.00631903
0.00625021
0.00573198
0.00631878
0.00624905
0.00572748
0.00631975
0.00625371
0.00574302
0.00631736
0.00624243
0.00569853
0.00631759
0.00624345
0.00570318
0.00631715
0.00624144
0.00569436
0.00631263
0.00621924
0.00559517
0.00631263
0.00621909
0.0055908
0.00632963
0.00632951
0.00627809
0.00630721
0.00620443
0.00560601
0.0063078
0.00620666
0.00561306
0.00630818
0.00620814
0.00561727
0.00632961
0.00632852
0.00624495
0.00632961
0.00632848
0.00623787
0.00632961
0.00632862
0.00624962
0.00632962
0.00632864
0.00625426
0.00632959
0.00632768
0.00621397
0.00632938
0.00632263
0.00613302
0.00632886
0.00631407
0.00601826
0.00632888
0.0063144
0.00602293
0.00632902
0.0063167
0.00603917
0.00632902
0.00631667
0.00603577
0.00632906
0.00631736
0.0060528
0.00632913
0.00631851
0.00605749
0.00632885
0.0063139
0.00600708
0.00632873
0.00631217
0.00600248
0.00632867
0.00631122
0.00598574
0.00632867
0.00631132
0.00598982
0.00632798
0.00630357
0.00595036
0.00632801
0.00630386
0.005955
0.00632843
0.00630824
0.00597192
0.00632842
0.00630821
0.00596877
0.00632759
0.00629996
0.00593877
0.00632071
0.00625833
0.00576669
0.00631255
0.00621908
0.00560482
0.00632955
0.00632608
0.00618751
0.00632954
0.00632577
0.00618076
0.00632956
0.00632645
0.00619974
0.00632939
0.00632179
0.00610949
0.00632942
0.00632251
0.00611393
0.00632915
0.00631738
0.00605003
0.00632928
0.00631954
0.00606938
0.00632859
0.00630978
0.00600552
0.00632815
0.0063051
0.00598604
0.00632611
0.00628992
0.00591818
0.00632663
0.00629318
0.00593958
0.00632389
0.0062766
0.00587292
0.00632388
0.00627653
0.00586976
0.00632291
0.00627117
0.00585942
0.0063172
0.00624474
0.00575877
0.00631877
0.00625173
0.00577676
0.00631819
0.00624899
0.00577207
0.00631915
0.00625306
0.00579218
0.0063194
0.00625416
0.00579623
0.0063111
0.00621933
0.0056564
0.00630997
0.00621489
0.00564228
0.00629882
0.0061756
0.0055414
0.00629737
0.00617083
0.00553661
0.00632964
0.00632962
0.00631201
0.00632964
0.00632963
0.00631603
0.00632964
0.00632963
0.00631576
0.0063066
0.00619103
0.00550047
0.00630669
0.0061913
0.00549799
0.00632952
0.00632539
0.00618665
0.00632944
0.00632382
0.00615255
0.00632953
0.00632565
0.00619127
0.0063294
0.006323
0.0061476
0.00632525
0.00628301
0.00586759
0.00632392
0.00627522
0.00583477
0.00632223
0.00626617
0.00579598
0.00632386
0.00627505
0.00583011
0.00632219
0.00626599
0.00579146
0.00623981
0.00608412
0.00550214
0.00632961
0.00632854
0.00623126
0.0063296
0.00632791
0.00622686
0.00631235
0.00622449
0.00567112
0.00631437
0.00623287
0.00570954
0.00631434
0.00623267
0.00570523
0.00631233
0.00622437
0.00566776
0.00631158
0.00622139
0.00566085
0.00632963
0.00632957
0.00629071
0.00632963
0.00632958
0.00629491
0.00593394
0.00575913
0.00548764
0.00630435
0.00619387
0.00557187
0.00631387
0.00622602
0.00563819
0.00631388
0.00622605
0.00563493
0.00631366
0.00622484
0.00562054
0.00630674
0.0061921
0.00550427
0.00630682
0.00619158
0.00548886
0.00632948
0.00632385
0.0061434
0.00632079
0.00626064
0.00581767
0.00632106
0.0062619
0.0058243
0.00632223
0.00626785
0.00583733
0.00629343
0.00615763
0.00549696
0.00632963
0.00632924
0.00627026
0.00631627
0.00623734
0.00567805
0.00632963
0.00632956
0.00628866
0.00632963
0.00632953
0.00628242
0.00630631
0.00620105
0.00559208
0.00630365
0.00619133
0.00556703
0.0063061
0.0062004
0.00558786
0.00630594
0.00620005
0.00558117
0.00632963
0.00632921
0.0062631
0.00632946
0.00632398
0.00616668
0.00632947
0.00632437
0.00617163
0.00632957
0.00632688
0.00620972
0.00632956
0.00632662
0.00620496
0.00632475
0.00628007
0.00585385
0.00632446
0.00627837
0.0058491
0.00632273
0.00626873
0.0058104
0.00632132
0.00626143
0.00577802
0.00631518
0.0062324
0.00565455
0.00631597
0.00623591
0.00567316
0.00631541
0.00623342
0.00565873
0.00631348
0.00622398
0.00561589
0.00630728
0.00619471
0.00550915
0.00630689
0.00619203
0.00548922
0.00632961
0.00632862
0.0062453
0.00632962
0.00632863
0.00624893
0.00632943
0.00632281
0.00612698
0.00632944
0.00632309
0.00613886
0.00632943
0.00632274
0.00612115
0.00632265
0.00626981
0.00585513
0.00632229
0.006268
0.00584167
0.00631281
0.0062263
0.00568521
0.00629211
0.00615419
0.00549199
0.00631208
0.00621569
0.00555692
0.00630645
0.00619048
0.00550187
0.00630675
0.00619142
0.00549475
0.00629351
0.00615797
0.00551302
0.00629342
0.0061575
0.00551491
0.00629357
0.00615819
0.00551012
0.00629358
0.00615812
0.00550653
0.00632952
0.00632534
0.00618023
0.00631018
0.00620737
0.00552847
0.00631075
0.00620976
0.00553302
0.00632945
0.00632389
0.0061575
0.00632956
0.00632656
0.00619616
0.00632939
0.00632271
0.00614267
0.0063293
0.00632138
0.00611473
0.00632931
0.00632145
0.00611939
0.00632921
0.00631991
0.00608284
0.00632921
0.00631993
0.00608591
0.0063293
0.00632133
0.0061108
0.0063293
0.00632133
0.00610785
0.00632916
0.00631896
0.00607813
0.00632914
0.00631875
0.00607374
0.00632541
0.006284
0.00587421
0.00632558
0.00628509
0.00587822
0.00632658
0.00629192
0.00590549
0.00632651
0.00629147
0.00590079
0.00632672
0.00629291
0.00591019
0.0063269
0.0062943
0.00591487
0.00632521
0.00628286
0.00586328
0.00632405
0.00627591
0.00583955
0.00632235
0.00626672
0.00580081
0.00632379
0.00627489
0.00582564
0.006322
0.00626508
0.00578671
0.00630772
0.00619657
0.00551757
0.00630944
0.00620407
0.00552438
0.00632961
0.00632856
0.00623445
0.00632961
0.00632858
0.00623828
0.0063296
0.00632788
0.00622064
0.00631687
0.00624348
0.0057476
0.00631693
0.00624365
0.00575197
0.00631242
0.00622471
0.0056757
0.00631685
0.00624331
0.0057437
0.00631622
0.00624038
0.00573899
0.0063145
0.00623334
0.00571428
0.00631411
0.00623183
0.0057007
0.0062916
0.00615419
0.00550909
0.00631236
0.00621715
0.00556135
0.00631156
0.00621322
0.00554738
0.00631182
0.00621444
0.00555217
0.00632964
0.00632962
0.00630926
0.00632964
0.00632959
0.00629925
0.00632963
0.00632957
0.00629286
0.00630511
0.00619669
0.00557667
0.00631433
0.00622841
0.00564306
0.0063147
0.00623021
0.0056476
0.00631386
0.00622584
0.0056303
0.00631379
0.0062255
0.0056254
0.00630619
0.00618918
0.00549936
0.00630678
0.00619144
0.00549127
0.00632949
0.00632428
0.00614772
0.00632133
0.0062632
0.0058283
0.00632169
0.00626494
0.00583274
0.00629541
0.00616448
0.00552472
0.00629468
0.00616211
0.00551999
0.00629346
0.00615773
0.00549976
0.00632963
0.00632926
0.00627471
0.00632963
0.00632952
0.00627945
0.00631653
0.00623862
0.0056829
0.00631677
0.00623969
0.00568742
0.00631129
0.00621198
0.00554258
0.00631102
0.00621079
0.00553779
0.00630658
0.00620206
0.00559672
0.00630689
0.00620325
0.0056015
0.00630241
0.00618718
0.00555807
0.006303
0.00618913
0.00556235
0.00632945
0.00632392
0.00616174
0.00632951
0.0063253
0.00617634
0.00632956
0.00632658
0.00620035
0.00632939
0.00632266
0.00613829
0.00632938
0.00632257
0.00612895
0.00632933
0.00632171
0.00612429
0.00632922
0.00632001
0.0060935
0.00632921
0.00631995
0.00608936
0.00632922
0.00632009
0.00609816
0.00632924
0.00632034
0.00610302
0.00632914
0.00631865
0.00606771
0.00632608
0.00628846
0.00588738
0.0063258
0.00628651
0.0058827
0.00632639
0.00629066
0.00589204
0.0063265
0.00629135
0.00589671
0.00632735
0.00629799
0.00592808
0.00632741
0.00629844
0.00593238
0.00632735
0.00629788
0.00592418
0.00632716
0.00629638
0.00591952
0.00632513
0.00628265
0.00585858
0.00632423
0.00627698
0.00584433
0.00632252
0.00626763
0.00580562
0.0063234
0.00627247
0.00582159
0.00632161
0.00626291
0.00578213
0.00631582
0.00623528
0.00566826
0.00631562
0.00623438
0.00566339
0.00631324
0.00622273
0.00561172
0.00630731
0.00619491
0.00551307
0.00630648
0.0061918
0.00548597
0.00632962
0.00632865
0.00625346
0.00632958
0.00632727
0.00621316
0.0063296
0.00632787
0.0062176
0.00632958
0.00632723
0.00620892
0.00632958
0.00632722
0.00620376
0.00632944
0.00632283
0.00613014
0.00632944
0.00632288
0.00613427
0.00632244
0.00626876
0.00585052
0.00632231
0.00626815
0.00584587
0.00631259
0.00622537
0.00568047
0.0063154
0.00623699
0.00572972
0.00631577
0.00623849
0.00573427
0.00631469
0.00623409
0.00571872
0.00631509
0.00623571
0.0057256
0.00631364
0.00622974
0.00569657
0.00629164
0.00615392
0.00548945
0.00632964
0.00632963
0.00631424
)
;

boundaryField
{
    topAndBottom
    {
        type            slip;
    }
    inlet
    {
        type            fixedValue;
        value           uniform 0.00633;
    }
    outlet
    {
        type            zeroGradient;
    }
    wing
    {
        type            groovyBC;
        refValue        uniform 0.00179731;
        refGradient     uniform 0;
        valueFraction   uniform 1;
        value           uniform 0.00179731;
        valueExpression "YSat*rh";
        gradientExpression "0";
        fractionExpression "1";
        evaluateDuringConstruction 0;
        cyclicSlave     0;
        variables       "rh=0.7;";
        timelines       (
);
        lookuptables    (
);
        lookuptables2D  (
);
    }
    front
    {
        type            empty;
    }
    back
    {
        type            empty;
    }
}


// ************************************************************************* //
