/*--------------------------------*- C++ -*----------------------------------*\
| =========                 |                                                 |
| \\      /  F ield         | OpenFOAM: The Open Source CFD Toolbox           |
|  \\    /   O peration     | Version:  5.x                                   |
|   \\  /    A nd           | Web:      www.OpenFOAM.org                      |
|    \\/     M anipulation  |                                                 |
\*---------------------------------------------------------------------------*/
FoamFile
{
    version     2.0;
    format      ascii;
    class       volScalarField;
    location    "100";
    object      YSat;
}
// * * * * * * * * * * * * * * * * * * * * * * * * * * * * * * * * * * * * * //

dimensions      [0 0 0 0 0 0 0];

internalField   nonuniform List<scalar> 
6584
(
0.00431405
0.00431405
0.00431405
0.00431405
0.00431405
0.00431405
0.00431405
0.00431405
0.00431405
0.00431405
0.00431405
0.00431405
0.00431405
0.00431405
0.00431405
0.00431405
0.00431405
0.00431405
0.00431405
0.00431405
0.00431405
0.00431405
0.00431405
0.00431405
0.00431405
0.00431405
0.00431405
0.00431405
0.00431405
0.00431405
0.00431405
0.00431405
0.00431405
0.00431405
0.00431405
0.00431405
0.00431405
0.00431405
0.00431405
0.00431405
0.00431405
0.00431405
0.00431405
0.00431405
0.00431405
0.00431405
0.00431405
0.00431405
0.00431405
0.00431405
0.00431405
0.00431405
0.00431405
0.00431405
0.00431405
0.00431405
0.00431405
0.00431405
0.00431405
0.00431405
0.00431405
0.00431405
0.00431405
0.00431405
0.00431405
0.00431405
0.00431405
0.00431405
0.00431405
0.00431405
0.00431405
0.00431405
0.00431405
0.00431405
0.00431405
0.00431405
0.00431405
0.00431405
0.00431405
0.00431405
0.00431405
0.00431405
0.00431405
0.00431405
0.00431405
0.00431405
0.00431405
0.00431405
0.00431405
0.00431405
0.00431405
0.00431405
0.00431405
0.00431405
0.00431405
0.00431405
0.00431405
0.00431405
0.00431405
0.00431405
0.00431405
0.00431405
0.00431405
0.00431405
0.00431405
0.00431405
0.00431405
0.00431405
0.00431405
0.00431405
0.00431405
0.00431405
0.00431405
0.00431405
0.00431405
0.00431405
0.00431405
0.00431405
0.00431405
0.00431405
0.00431405
0.00431405
0.00431405
0.00431405
0.00431405
0.00431405
0.00431405
0.00431405
0.00431405
0.00431405
0.00431405
0.00431405
0.00431405
0.00431405
0.00431405
0.00431405
0.00431405
0.00431405
0.00431405
0.00431405
0.00431405
0.00431405
0.00431405
0.00431405
0.00431405
0.00431405
0.00431405
0.00431405
0.00431405
0.00431405
0.00431405
0.00431405
0.00431405
0.00431405
0.00431405
0.00431405
0.00431405
0.00431405
0.00431405
0.00431405
0.00431405
0.00431405
0.00431405
0.00431405
0.00431405
0.00431405
0.00431405
0.00431405
0.00431405
0.00431405
0.00431405
0.00431405
0.00431405
0.00431405
0.00431405
0.00431405
0.00431405
0.00431405
0.00431405
0.00431405
0.00431405
0.00431405
0.00431405
0.00431405
0.00431405
0.00431405
0.00431405
0.00431405
0.00431405
0.00431405
0.00431405
0.00431405
0.00431405
0.00431405
0.00431405
0.00431405
0.00431405
0.00431405
0.00431405
0.00431405
0.00431405
0.00431405
0.00431405
0.00431405
0.00431405
0.00431405
0.00431405
0.00431405
0.00431405
0.00431405
0.00431405
0.00431405
0.00431405
0.00431405
0.00431405
0.00431405
0.00431405
0.00431405
0.00431405
0.00431405
0.00431405
0.00431405
0.00431405
0.00431405
0.00431405
0.00431405
0.00431405
0.00431405
0.00431405
0.00431405
0.00431405
0.00431405
0.00431405
0.00431405
0.00431405
0.00431405
0.00431405
0.00431405
0.00431405
0.00431405
0.00431405
0.00431405
0.00431405
0.00431405
0.00431405
0.00431405
0.00431405
0.00431405
0.00431405
0.00431405
0.00431405
0.00431405
0.00431405
0.00431405
0.00431405
0.00431405
0.00431405
0.00431405
0.00431405
0.00431405
0.00431405
0.00431405
0.00431405
0.00431405
0.00431405
0.00431405
0.00431405
0.00431405
0.00431405
0.00431405
0.00431405
0.00431405
0.00431405
0.00431405
0.00431405
0.00431405
0.00431405
0.00431405
0.00431405
0.00431405
0.00431405
0.00431405
0.00431405
0.00431405
0.00431405
0.00431405
0.00431405
0.00431405
0.00431405
0.00431405
0.00431405
0.00431405
0.00431405
0.00431405
0.00431405
0.00431405
0.00431405
0.00431405
0.00431405
0.00431405
0.00431405
0.00431405
0.00431405
0.00431405
0.00431405
0.00431405
0.00431405
0.00431405
0.00431405
0.00431405
0.00431405
0.00431405
0.00431405
0.00431405
0.00431405
0.00431405
0.00431405
0.00431405
0.0042619
0.00431405
0.00431405
0.00431405
0.00431405
0.00431405
0.00431405
0.00431405
0.00431405
0.00431405
0.00431405
0.00431405
0.00431405
0.00431405
0.00431405
0.00431405
0.00431405
0.00431405
0.00431405
0.00431405
0.00431405
0.00431405
0.00431405
0.00431405
0.00430293
0.00431405
0.00431405
0.00431405
0.00431405
0.00431405
0.00431405
0.00431405
0.00431405
0.00431405
0.00431405
0.00431405
0.00431405
0.00431405
0.00431405
0.00431405
0.00431405
0.00431405
0.00431405
0.00431405
0.00431405
0.00431405
0.00431405
0.00431405
0.00430435
0.00431405
0.00431405
0.00431405
0.00431405
0.00431405
0.00431405
0.00431405
0.00431405
0.00431405
0.00431405
0.00431405
0.00431405
0.00431405
0.00431405
0.00431405
0.00431405
0.00431405
0.00431405
0.00431405
0.00431405
0.00431405
0.00431405
0.00431398
0.00430958
0.00431405
0.00431405
0.00431405
0.00431405
0.00431405
0.00431405
0.00431405
0.00431405
0.00431405
0.00431405
0.00431405
0.00431405
0.00431405
0.00431405
0.00431405
0.00431405
0.00431405
0.00431405
0.00431405
0.00431405
0.00431405
0.00431405
0.00431392
0.00430982
0.00431405
0.00431405
0.00431405
0.00431405
0.00431405
0.00431405
0.00431405
0.00431405
0.00431405
0.00431405
0.00431405
0.00431405
0.00431405
0.00431405
0.00431405
0.00431405
0.00431405
0.00431405
0.00431405
0.00431405
0.00431405
0.00431404
0.00431199
0.00431204
0.00431405
0.00431405
0.00431405
0.00431405
0.00431405
0.00431405
0.00431405
0.00431405
0.00431405
0.00431405
0.00431405
0.00431405
0.00431405
0.00431405
0.00431405
0.00431405
0.00431405
0.00431405
0.00431405
0.00431405
0.00431405
0.00431403
0.00431201
0.00431209
0.00431405
0.00431405
0.00431405
0.00431405
0.00431405
0.00431405
0.00431405
0.00431405
0.00431405
0.00431405
0.00431405
0.00431405
0.00431405
0.00431405
0.00431405
0.00431405
0.00431405
0.00431405
0.00431405
0.00431405
0.00431405
0.00431402
0.00431204
0.00431214
0.00431405
0.00431405
0.00431405
0.00431405
0.00431405
0.00431405
0.00431405
0.00431405
0.00431405
0.00431405
0.00431405
0.00431405
0.00431405
0.00431405
0.00431405
0.00431405
0.00431405
0.00431405
0.00431405
0.00431405
0.00431405
0.00431402
0.00431207
0.00431218
0.00431405
0.00431405
0.00431405
0.00431405
0.00431405
0.00431405
0.00431405
0.00431405
0.00431405
0.00431405
0.00431405
0.00431405
0.00431405
0.00431405
0.00431405
0.00431405
0.00431405
0.00431405
0.00431405
0.00431405
0.00431405
0.00431401
0.0043121
0.00431222
0.00431405
0.00431405
0.00431405
0.00431405
0.00431405
0.00431405
0.00431405
0.00431405
0.00431405
0.00431405
0.00431405
0.00431405
0.00431405
0.00431405
0.00431405
0.00431405
0.00431405
0.00431405
0.00431405
0.00431405
0.00431405
0.00431401
0.00431213
0.00431227
0.00431405
0.00431405
0.00431405
0.00431405
0.00431405
0.00431405
0.00431405
0.00431405
0.00431405
0.00431405
0.00431405
0.00431405
0.00431405
0.00431405
0.00431405
0.00431405
0.00431405
0.00431405
0.00431405
0.00431405
0.00431405
0.00431401
0.00431216
0.00431231
0.00431405
0.00431405
0.00431405
0.00431405
0.00431405
0.00431405
0.00431405
0.00431405
0.00431405
0.00431405
0.00431405
0.00431405
0.00431405
0.00431405
0.00431405
0.00431405
0.00431405
0.00431405
0.00431405
0.00431405
0.00431405
0.00431401
0.00431219
0.00431235
0.00431405
0.00431405
0.00431405
0.00431405
0.00431405
0.00431405
0.00431405
0.00431405
0.00431405
0.00431405
0.00431405
0.00431405
0.00431405
0.00431405
0.00431405
0.00431405
0.00431405
0.00431405
0.00431405
0.00431405
0.00431405
0.004314
0.00431222
0.00431239
0.00431405
0.00431405
0.00431405
0.00431405
0.00431405
0.00431405
0.00431405
0.00431405
0.00431405
0.00431405
0.00431405
0.00431405
0.00431405
0.00431405
0.00431405
0.00431405
0.00431405
0.00431405
0.00431405
0.00431405
0.00431405
0.004314
0.00431225
0.00431242
0.00431405
0.00431405
0.00431405
0.00431405
0.00431405
0.00431405
0.00431405
0.00431405
0.00431405
0.00431405
0.00431405
0.00431405
0.00431405
0.00431405
0.00431405
0.00431405
0.00431405
0.00431405
0.00431405
0.00431405
0.00431405
0.004314
0.00431228
0.00431246
0.00431405
0.00431405
0.00431405
0.00431405
0.00431405
0.00431405
0.00431405
0.00431405
0.00431405
0.00431405
0.00431405
0.00431405
0.00431405
0.00431405
0.00431405
0.00431405
0.00431405
0.00431405
0.00431405
0.00431405
0.00431405
0.004314
0.00431231
0.0043125
0.00431405
0.00431405
0.00431405
0.00431405
0.00431405
0.00431405
0.00431405
0.00431405
0.00431405
0.00431405
0.00431405
0.00431405
0.00431405
0.00431405
0.00431405
0.00431405
0.00431405
0.00431405
0.00431405
0.00431405
0.00431405
0.004314
0.00431234
0.00431253
0.00431405
0.00431405
0.00431405
0.00431405
0.00431405
0.00431405
0.00431405
0.00431405
0.00431405
0.00431405
0.00431405
0.00431405
0.00431405
0.00431405
0.00431405
0.00431405
0.00431405
0.00431405
0.00431405
0.00431405
0.00431405
0.004314
0.00431237
0.00431256
0.00431405
0.00431405
0.00431405
0.00431405
0.00431405
0.00431405
0.00431405
0.00431405
0.00431405
0.00431405
0.00431405
0.00431405
0.00431405
0.00431405
0.00431405
0.00431405
0.00431405
0.00431405
0.00431405
0.00431405
0.00431405
0.00431401
0.0043124
0.0043126
0.00431405
0.00431405
0.00431405
0.00431405
0.00431405
0.00431405
0.00431405
0.00431405
0.00431405
0.00431405
0.00431405
0.00431405
0.00431405
0.00431405
0.00431405
0.00431405
0.00431405
0.00431405
0.00431405
0.00431405
0.00431405
0.00431401
0.00431243
0.00431263
0.00431405
0.00431405
0.00431405
0.00431405
0.00431405
0.00431405
0.00431405
0.00431405
0.00431405
0.00431405
0.00431405
0.00431405
0.00431405
0.00431405
0.00431405
0.00431405
0.00431405
0.00431405
0.00431405
0.00431405
0.00431405
0.00431401
0.00431246
0.00431266
0.00431405
0.00431405
0.00431405
0.00431405
0.00431405
0.00431405
0.00431405
0.00431405
0.00431405
0.00431405
0.00431405
0.00431405
0.00431405
0.00431405
0.00431405
0.00431405
0.00431405
0.00431405
0.00431405
0.00431405
0.00431405
0.00431401
0.00431249
0.00431268
0.00431405
0.00431405
0.00431405
0.00431405
0.00431405
0.00431405
0.00431405
0.00431405
0.00431405
0.00431405
0.00431405
0.00431405
0.00431405
0.00431405
0.00431405
0.00431405
0.00431405
0.00431405
0.00431405
0.00431405
0.00431405
0.00431405
0.00431405
0.00431405
0.00431405
0.00431405
0.00431405
0.00429075
0.0042598
0.00431405
0.00431405
0.00431405
0.00431405
0.00431405
0.00431405
0.00431405
0.00431405
0.00431405
0.00431405
0.00431405
0.00431405
0.00431405
0.00431405
0.00431405
0.00431405
0.00431405
0.00431405
0.00431405
0.00431405
0.00431405
0.00431405
0.00431405
0.00431405
0.00431405
0.00431405
0.00431405
0.00431405
0.00431405
0.00431405
0.00431405
0.004314
0.00431404
0.00431405
0.00431405
0.00431405
0.00431405
0.00431405
0.00431405
0.00431405
0.00431405
0.00431405
0.00431404
0.004314
0.00431405
0.00431405
0.00431405
0.00431405
0.00431405
0.00431405
0.00431405
0.00431405
0.00431405
0.00431405
0.00431405
0.00429916
0.00429013
0.00429235
0.00431405
0.00431405
0.00431405
0.00431405
0.00431405
0.00431405
0.00431405
0.00431405
0.00431405
0.00431405
0.00431405
0.00431405
0.00431405
0.00431405
0.00431405
0.00431405
0.00431405
0.00431405
0.00431405
0.00431405
0.00431405
0.00431404
0.00431405
0.00431405
0.00431405
0.00431405
0.00431405
0.00431405
0.00431405
0.00431405
0.00431405
0.00431405
0.00431405
0.00431405
0.00431405
0.00431405
0.00431399
0.00431399
0.00431405
0.00431405
0.00431405
0.00431405
0.00431405
0.00431405
0.00431405
0.00431405
0.00431405
0.00431405
0.00431405
0.00431404
0.00431405
0.00431405
0.00431405
0.00431405
0.00431405
0.00431405
0.00431405
0.00431405
0.00431405
0.00431405
0.00431405
0.00431405
0.00431405
0.00431405
0.00431405
0.00431405
0.00431405
0.00431405
0.00431405
0.00431405
0.00431405
0.00431405
0.00431405
0.00431405
0.00431405
0.00431405
0.00431405
0.00431405
0.00431405
0.00431405
0.00431405
0.00431405
0.00431404
0.00431403
0.00431405
0.00431405
0.00431405
0.00431405
0.00431405
0.00431405
0.00431405
0.00431405
0.00431405
0.00431405
0.00431405
0.00431392
0.00431398
0.00431405
0.00431405
0.00431398
0.00431402
0.00431402
0.00431397
0.00431405
0.00431405
0.00431405
0.00431405
0.00431405
0.00431405
0.00431405
0.00431405
0.00431405
0.00431405
0.00431405
0.00431405
0.00431405
0.00431405
0.00431405
0.00431405
0.00431405
0.00431405
0.00431405
0.00431405
0.00431405
0.00431405
0.00431403
0.00431403
0.00431403
0.00431402
0.00431405
0.00431394
0.00431405
0.00431405
0.00431404
0.00431404
0.00431405
0.00431405
0.00431405
0.00431405
0.00431405
0.00431405
0.00431405
0.00431405
0.00431405
0.00431405
0.00431405
0.00431405
0.00431405
0.00431405
0.00431405
0.00431405
0.00431405
0.00431405
0.00431405
0.00431405
0.00431405
0.00431405
0.00431405
0.00431405
0.00431405
0.00431405
0.00431405
0.00431405
0.00431405
0.00431405
0.00431405
0.00431405
0.00431405
0.00431405
0.00431405
0.00431405
0.00431405
0.00431395
0.00431396
0.00431404
0.00431405
0.00431405
0.00431405
0.00431405
0.00431404
0.00431405
0.00431405
0.00431405
0.00431405
0.00431405
0.00431405
0.00431392
0.00431405
0.00431398
0.00431392
0.00431402
0.00431398
0.00431405
0.00431405
0.00431392
0.00431405
0.00431405
0.00431405
0.00431405
0.00431405
0.00431405
0.00431405
0.00431405
0.00431405
0.00431404
0.00431404
0.00431405
0.00431404
0.00431402
0.00431405
0.00431404
0.00431405
0.00431402
0.00431404
0.00431405
0.00431402
0.00431404
0.00431395
0.00431401
0.00431405
0.00431396
0.00431405
0.00431405
0.00431306
0.00431405
0.00431405
0.004303
0.00431405
0.00431405
0.00431405
0.00431405
0.00431405
0.00431405
0.00431405
0.00431405
0.00431405
0.00428839
0.00431404
0.00431405
0.00431405
0.00431405
0.00431405
0.00431405
0.00431399
0.004314
0.00429537
0.00431404
0.00431404
0.00431401
0.00431402
0.00431376
0.00431405
0.00423438
0.00431405
0.00431405
0.00431405
0.00431405
0.00431405
0.00431405
0.00431405
0.00431405
0.00431405
0.00431405
0.00431405
0.00431405
0.00431405
0.00431405
0.00431405
0.00431405
0.00431405
0.00431405
0.00431402
0.00431404
0.00431403
0.004314
0.00431394
0.00431388
0.00431405
0.00431405
0.00431405
0.00431405
0.00431405
0.0042992
0.00431405
0.00431405
0.00431405
0.00431405
0.00431405
0.00431405
0.00431405
0.00431405
0.00431405
0.00431405
0.00431405
0.00431405
0.00431405
0.00431405
0.00431405
0.00431405
0.00431405
0.00431405
0.00431405
0.00431405
0.00431405
0.00431405
0.00431405
0.00431405
0.00431405
0.00431405
0.00431405
0.00431404
0.00431405
0.00431405
0.00431405
0.00431405
0.00431405
0.00431405
0.00431405
0.00431405
0.00431405
0.00431405
0.00431405
0.00431405
0.00431405
0.00431405
0.00431405
0.00431405
0.00431405
0.00431405
0.00431405
0.00431397
0.00431397
0.00431404
0.00431405
0.00431405
0.00431405
0.00431405
0.00431405
0.00431405
0.00431405
0.00431405
0.00431405
0.00431405
0.00431405
0.00431405
0.00431398
0.004314
0.0043139
0.0043139
0.00431404
0.00431405
0.00431405
0.00431405
0.00431405
0.00431405
0.00431405
0.00431405
0.00431405
0.00431405
0.00431405
0.00431405
0.00431405
0.00431404
0.00431404
0.00431405
0.00431405
0.00431405
0.00431404
0.00431404
0.00431399
0.00431395
0.00431405
0.00431405
0.00431405
0.0043139
0.00431404
0.00431393
0.00431395
0.00431394
0.00431403
0.00431405
0.00431405
0.00431405
0.00431405
0.00431405
0.00431393
0.00431395
0.00431398
0.00431399
0.00431405
0.00431401
0.004314
0.00431402
0.00431401
0.00431405
0.004314
0.00431401
0.00431401
0.004314
0.00431405
0.00431403
0.00431403
0.00431402
0.00431403
0.00431405
0.00431405
0.00431405
0.00431405
0.00431405
0.00431405
0.00431405
0.00431405
0.00431402
0.00431404
0.00431403
0.00431401
0.00431393
0.00431403
0.00431401
0.00431404
0.00431403
0.00431393
0.00431398
0.00431395
0.00431401
0.00431399
0.00431404
0.004314
0.00431402
0.00431397
0.00431399
0.00431404
0.00431385
0.00431389
0.00431405
0.00431405
0.00431405
0.00431405
0.00431405
0.00431405
0.00431405
0.00431405
0.00431405
0.00431405
0.00431405
0.00431405
0.00431405
0.00431405
0.00431405
0.00431405
0.00431405
0.00431405
0.00431405
0.00431405
0.00431405
0.00431405
0.00431405
0.00431405
0.00431405
0.00431405
0.00431405
0.00431405
0.00431405
0.00431405
0.00431405
0.00431405
0.00431405
0.00431404
0.00431404
0.00431405
0.00431405
0.00431405
0.00431405
0.00431405
0.00431405
0.00431405
0.00431405
0.00431405
0.00431405
0.00431405
0.00431405
0.00431405
0.00431405
0.00431405
0.00431405
0.00431404
0.00431405
0.00431405
0.00431405
0.00431405
0.00431405
0.00431405
0.00431405
0.00431405
0.00431405
0.00431405
0.00431403
0.00431403
0.00431402
0.00431403
0.00431403
0.00431404
0.00431403
0.00431403
0.00431405
0.00431405
0.00431405
0.00431404
0.00431404
0.00431404
0.00431404
0.00431402
0.00431402
0.00431403
0.00431403
0.00431405
0.00431405
0.00431405
0.00431395
0.00431396
0.00431405
0.00431405
0.00431404
0.00431405
0.00431405
0.00431405
0.00431405
0.00431405
0.00431405
0.00431405
0.00431405
0.00431405
0.00431392
0.00431395
0.00431405
0.00431405
0.00431405
0.00431405
0.00431393
0.00431401
0.00431405
0.00431405
0.00431405
0.00431405
0.004314
0.00431404
0.00431404
0.00431404
0.00431404
0.00431393
0.00431405
0.00431405
0.00431404
0.00431405
0.00431393
0.00431394
0.00431397
0.00431405
0.00431389
0.00431392
0.00431394
0.00431389
0.00431391
0.00431404
0.00431389
0.00431392
0.00431404
0.00431396
0.00431395
0.00431399
0.00431396
0.00431404
0.00431397
0.00431403
0.00431394
0.00431403
0.00431399
0.00431404
0.00431404
0.00431405
0.00431404
0.00431399
0.00431393
0.00431393
0.00431404
0.00431404
0.00431403
0.00431404
0.00431401
0.00431399
0.00431405
0.00431405
0.00431405
0.00431405
0.00431405
0.00431405
0.00431405
0.00431405
0.00431405
0.00431405
0.00431405
0.00431405
0.00431405
0.00431405
0.00431405
0.00431405
0.00431405
0.00431405
0.00431405
0.00431405
0.00431405
0.004314
0.00431404
0.00431405
0.00431405
0.00431405
0.00431393
0.00431392
0.004314
0.00431401
0.00431402
0.00431405
0.00431405
0.00431405
0.00431405
0.00431405
0.00431405
0.00431405
0.00431405
0.00431405
0.00431405
0.00431405
0.00431405
0.00431405
0.00431404
0.00431405
0.00431405
0.00431405
0.00431405
0.00431405
0.00431405
0.00431405
0.00431405
0.00431405
0.00431405
0.00431405
0.00431405
0.00431405
0.00431405
0.00431405
0.00431399
0.00431394
0.00431395
0.00431399
0.00431405
0.00431405
0.00431405
0.00431405
0.00431405
0.00431405
0.00431405
0.00431405
0.00431405
0.00431405
0.00431405
0.00431405
0.00431405
0.00431405
0.00431405
0.00431405
0.00431405
0.00431405
0.00431397
0.00431398
0.00431405
0.00431405
0.00431405
0.00431397
0.00431397
0.00431405
0.00431405
0.00431405
0.00431405
0.00431405
0.00431392
0.00431392
0.00431393
0.00431397
0.00431399
0.00431392
0.00431392
0.00431398
0.00431397
0.00431402
0.00431395
0.00431395
0.00431398
0.00431404
0.00431403
0.00431405
0.00431405
0.00431405
0.00431405
0.00431405
0.00431405
0.00431405
0.00431405
0.00431405
0.00431405
0.00431405
0.00431405
0.00431405
0.00431405
0.00431405
0.00431405
0.00431405
0.00431405
0.00431405
0.00431402
0.00431403
0.00431396
0.00431396
0.00431403
0.00431402
0.00431392
0.00431394
0.00431393
0.00431393
0.00431399
0.00431398
0.00431393
0.00431392
0.00431392
0.00431405
0.00431402
0.00431403
0.00431405
0.00431405
0.00431405
0.00431405
0.00431405
0.00431405
0.00431405
0.00431405
0.00431405
0.00431405
0.00431405
0.00431405
0.00431405
0.00431405
0.00431405
0.00431405
0.00431405
0.00431405
0.00431405
0.00431405
0.00431405
0.00431405
0.00431405
0.00431405
0.00431405
0.00431405
0.00431405
0.00431405
0.00431405
0.00431405
0.00431405
0.00431405
0.00431405
0.00431405
0.00431405
0.00431405
0.00431405
0.00431394
0.00431396
0.00431405
0.00431405
0.00431405
0.00431405
0.00431405
0.00431405
0.00431392
0.00431397
0.00431402
0.00431402
0.00431399
0.00431399
0.00431392
0.00431405
0.00431405
0.00431405
0.00431393
0.00431392
0.00431397
0.00431397
0.00431392
0.00431398
0.00431399
0.00431393
0.00431393
0.00431405
0.00431405
0.00431405
0.00431405
0.00431405
0.00431405
0.00431403
0.00431405
0.00431405
0.00431405
0.00431405
0.00431403
0.00431403
0.00431405
0.00431405
0.00431405
0.00431405
0.00431403
0.00431397
0.004314
0.004314
0.00431394
0.00431395
0.00431394
0.0043139
0.004314
0.004314
0.00431396
0.00431405
0.00431404
0.00431404
0.00431404
0.00431404
0.00431405
0.00431382
0.00431382
0.00431402
0.00431403
0.00431405
0.00431405
0.00431405
0.00431405
0.00431399
0.004314
0.00431371
0.00431337
0.0042839
0.00431401
0.00431401
0.00431401
0.004314
0.004314
0.00431402
0.00423677
0.00431266
0.00431397
0.00431405
0.00431405
0.00431405
0.00431405
0.00431405
0.00431405
0.00431405
0.00431405
0.00431405
0.00431405
0.00431405
0.00431401
0.00431404
0.00431388
0.0043139
0.0043139
0.00431388
0.004314
0.00431391
0.0043139
0.00431392
0.00431383
0.00431384
0.00431386
0.00431386
0.00431391
0.00431405
0.00431405
0.00431405
0.00431405
0.00431405
0.00431405
0.00431404
0.00431405
0.00431405
0.00431405
0.00431405
0.00431405
0.00431405
0.00431395
0.00431395
0.00431398
0.00431398
0.00431405
0.00431405
0.00431404
0.00431405
0.00431405
0.00431405
0.00431405
0.00431405
0.00431405
0.00431391
0.00431394
0.00431392
0.00431396
0.00431395
0.00431392
0.00431398
0.00431398
0.00431397
0.00431396
0.00431404
0.00431402
0.00431402
0.0043139
0.00431389
0.00431398
0.0043139
0.00431392
0.00431386
0.00431388
0.00431396
0.00431405
0.00431405
0.00431405
0.00431405
0.00431405
0.00431405
0.00431405
0.00431405
0.00431405
0.00431405
0.00431393
0.004314
0.00431399
0.00431401
0.00431401
0.00431393
0.00431396
0.00431397
0.00431396
0.00431399
0.00431398
0.00431395
0.00431405
0.00431405
0.00431405
0.00431405
0.00431405
0.00431405
0.00431405
0.00431392
0.00431396
0.00431393
0.00431393
0.00431398
0.00431398
0.00431403
0.00431403
0.004314
0.00431392
0.00431392
0.00431399
0.00431394
0.00431394
0.00431394
0.00431401
0.00431395
0.00431394
0.00431397
0.00431398
0.00431401
0.00431395
0.00431394
0.00431395
0.00431395
0.00431399
0.00431394
0.00431395
0.00431402
0.004314
0.004314
0.00431399
0.004314
0.00431403
0.00431405
0.00431405
0.00431405
0.00431405
0.00431405
0.00431405
0.00431405
0.00431405
0.00431405
0.00431405
0.00431405
0.00431405
0.00431405
0.00431405
0.00431402
0.00431403
0.0043139
0.0043139
0.0043139
0.00431389
0.00431403
0.00431397
0.00431398
0.0043139
0.00431391
0.00431401
0.0043139
0.00431395
0.00431393
0.00431393
0.00431397
0.00431396
0.00431397
0.0043139
0.0043139
0.00431392
0.00431391
0.00431396
0.004314
0.00431395
0.00431396
0.00431391
0.00431393
0.004314
0.00431391
0.00431398
0.00431402
0.00431402
0.00431385
0.00431387
0.00431405
0.00431405
0.00431405
0.00431405
0.00431405
0.00431405
0.00431405
0.00431405
0.00431405
0.00431405
0.00431405
0.00431405
0.00431405
0.00431405
0.00431405
0.00431405
0.00431405
0.00431405
0.00431405
0.00431405
0.00431405
0.00431405
0.00431405
0.00431405
0.00431405
0.00431405
0.00431405
0.00431405
0.00431405
0.00431405
0.00431405
0.00431405
0.00431405
0.00431405
0.00431405
0.00431405
0.00431405
0.00431405
0.00431405
0.00431405
0.00431405
0.00431405
0.00431405
0.00431405
0.00431405
0.00431405
0.00431404
0.00431404
0.00431405
0.00431405
0.00431405
0.00431405
0.00431405
0.00431405
0.00431405
0.00431405
0.00431405
0.00431405
0.00431405
0.00431405
0.00431405
0.00431405
0.00431405
0.00431405
0.00431405
0.00431405
0.00431405
0.00431405
0.00431405
0.00431405
0.00431405
0.00431405
0.00431405
0.00431405
0.00431405
0.00431405
0.00431405
0.00431405
0.00431403
0.00431401
0.00431401
0.00431399
0.004314
0.00431403
0.00431402
0.00431401
0.00431401
0.00431402
0.00431403
0.00431396
0.00431397
0.00431396
0.00431396
0.00431403
0.00431403
0.00431398
0.00431398
0.00431398
0.00431398
0.00431403
0.00431404
0.00431404
0.00431404
0.00431404
0.00431402
0.00431402
0.00431403
0.00431403
0.00431395
0.00431396
0.00431405
0.00431405
0.00431405
0.00431405
0.00431405
0.00431405
0.00431392
0.00431401
0.00431402
0.00431396
0.00431392
0.004314
0.00431401
0.00431394
0.00431393
0.00431404
0.004314
0.004314
0.00431404
0.00431399
0.00431398
0.004314
0.004314
0.00431404
0.00431397
0.00431395
0.00431397
0.00431398
0.00431392
0.00431394
0.00431395
0.00431395
0.00431401
0.004314
0.00431402
0.00431401
0.00431396
0.0043139
0.00431392
0.00431393
0.00431391
0.00431392
0.00431391
0.00431389
0.00431398
0.00431397
0.004314
0.00431399
0.0043139
0.00431396
0.004314
0.004314
0.00431399
0.00431399
0.00431395
0.00431398
0.00431402
0.00431402
0.00431401
0.00431401
0.00431397
0.00431396
0.00431394
0.00431394
0.00431393
0.00431393
0.00431395
0.00431398
0.00431398
0.00431395
0.00431397
0.00431395
0.00431401
0.00431401
0.00431398
0.00431393
0.00431394
0.00431399
0.00431399
0.00431403
0.004314
0.00431399
0.00431401
0.00431401
0.00431403
0.00431396
0.00431397
0.00431385
0.00431387
0.00431405
0.00431405
0.00431405
0.00431405
0.00431405
0.00431405
0.00431405
0.00431405
0.00431405
0.00431405
0.00431405
0.00431405
0.00431405
0.00431405
0.00431405
0.00431405
0.00431405
0.00431405
0.00431405
0.00431405
0.00431405
0.00431405
0.00431405
0.00431405
0.00431405
0.00431405
0.00431405
0.00431405
0.00431405
0.00431405
0.00431405
0.00431405
0.00431405
0.00431405
0.00431405
0.00431405
0.00431405
0.00431405
0.00431405
0.00431405
0.00431405
0.00431405
0.00431405
0.00431405
0.00431405
0.00431405
0.00431405
0.00431405
0.00431405
0.00431405
0.00431405
0.00431405
0.00431405
0.00431405
0.00431405
0.00431405
0.00431405
0.00431405
0.00431405
0.00431405
0.00431405
0.00431405
0.00431405
0.00431405
0.00431405
0.00431405
0.00431405
0.00431405
0.00431405
0.00431405
0.00431405
0.00431405
0.00431405
0.00431405
0.00431405
0.00431405
0.00431405
0.00431405
0.00431405
0.00431405
0.00431405
0.00431405
0.00431405
0.00431405
0.00431405
0.00431405
0.00431405
0.00431405
0.00431405
0.00431405
0.00431405
0.00431405
0.00431405
0.00431405
0.00431405
0.00431405
0.00431405
0.00431405
0.00431405
0.00431405
0.00431405
0.00431405
0.00431405
0.00431405
0.00431405
0.00431405
0.00431405
0.00431405
0.00431405
0.00431405
0.00431405
0.00431405
0.00431405
0.00431405
0.00431405
0.00431405
0.00431405
0.00431405
0.00431405
0.00431405
0.00431405
0.00431405
0.00431405
0.00431405
0.00431405
0.00431405
0.00431405
0.00431405
0.00431405
0.00431405
0.00431405
0.00431405
0.00431405
0.00431405
0.00431405
0.00431405
0.00431405
0.00431405
0.00426846
0.00431328
0.0043134
0.00431405
0.00431405
0.00431405
0.00431405
0.00431405
0.00431405
0.00431405
0.00431405
0.00431405
0.00431405
0.00431405
0.00431405
0.00431405
0.00430603
0.00430584
0.00430405
0.00431405
0.00431405
0.00431405
0.00431405
0.00431405
0.00431405
0.00431405
0.00431405
0.00431405
0.00431405
0.00431405
0.00431401
0.00430985
0.0043061
0.00430944
0.00431405
0.00431405
0.00431405
0.00431405
0.00431405
0.00431405
0.00431405
0.00431405
0.00431405
0.00431405
0.00431405
0.00431405
0.00431405
0.00431405
0.00431405
0.00431405
0.00431405
0.00431405
0.00431405
0.00431405
0.00431405
0.00431405
0.00431405
0.00431405
0.00431405
0.00431405
0.00431405
0.00431405
0.00431405
0.00431405
0.00431405
0.00431405
0.00431405
0.00431405
0.00431405
0.00431405
0.00431405
0.00431405
0.00431405
0.00431405
0.00431405
0.00431405
0.00431405
0.00431405
0.00431405
0.00431405
0.00431405
0.00431405
0.00431405
0.00431405
0.00428231
0.00431204
0.0043116
0.00430113
0.00430099
0.00423757
0.00431405
0.00431405
0.00431405
0.00431405
0.00431405
0.00431405
0.00431405
0.00431405
0.00431405
0.00431405
0.00431405
0.00431405
0.00431405
0.00431405
0.00431405
0.00431405
0.00431405
0.00431405
0.00431405
0.00431405
0.00431405
0.00431405
0.00431405
0.00431405
0.00431405
0.00431405
0.00431405
0.00431405
0.00431405
0.00431405
0.00431405
0.00431405
0.00431405
0.00431405
0.00431405
0.00431405
0.00431405
0.00431405
0.00431405
0.00431405
0.00431405
0.00431405
0.00431405
0.00431405
0.00431405
0.00431405
0.00431405
0.00431405
0.00431405
0.00431405
0.00431405
0.00431405
0.00431405
0.00431405
0.00431405
0.00431405
0.00431405
0.00431405
0.00431405
0.00431405
0.00431405
0.00431405
0.00431405
0.00431405
0.00431405
0.00431405
0.00431405
0.00431405
0.00431405
0.00431405
0.00431405
0.00431405
0.00431405
0.00431405
0.00431405
0.00431405
0.00431405
0.00431405
0.00431405
0.00431405
0.00431405
0.00431405
0.00431405
0.00431405
0.00431405
0.00431405
0.00431405
0.00431405
0.00431405
0.00431405
0.00431405
0.00431405
0.00431405
0.00431405
0.00431405
0.00431405
0.00431405
0.00431405
0.00431405
0.00431405
0.00431405
0.00431405
0.00431405
0.00431405
0.00431405
0.00431405
0.00431405
0.00431405
0.00431405
0.00431405
0.00431405
0.00431405
0.00431405
0.00431405
0.00431405
0.00431405
0.00431405
0.00431405
0.00431405
0.00431404
0.00431399
0.004314
0.00431405
0.00431405
0.00431405
0.00431405
0.00431405
0.00431405
0.00431405
0.00431405
0.00431405
0.00431405
0.00431404
0.00431404
0.00431404
0.00431405
0.00431405
0.00431405
0.00431405
0.00431405
0.00431405
0.00431405
0.00431405
0.00431405
0.00431405
0.00431405
0.00431405
0.00431405
0.00431405
0.00431405
0.00431405
0.00431405
0.00431405
0.00431405
0.00431405
0.00429913
0.00431405
0.00431405
0.00431404
0.00431403
0.00428891
0.00431404
0.00431404
0.00428952
0.00431405
0.00431405
0.00431405
0.00431405
0.00431405
0.00431405
0.00431405
0.00431405
0.00431405
0.00431405
0.00431405
0.00431405
0.00431405
0.00431405
0.00431405
0.00431405
0.00431405
0.00431405
0.00431405
0.00431405
0.00431405
0.00431405
0.00431405
0.00431405
0.00431405
0.00431405
0.00431405
0.00431405
0.00431405
0.00431405
0.00431405
0.00431405
0.00431405
0.00431405
0.00431405
0.00431405
0.00431405
0.00431405
0.00431405
0.00431405
0.00431405
0.00431405
0.00431405
0.00431405
0.00431405
0.00431405
0.00431405
0.00431405
0.00431405
0.00431405
0.00431405
0.00431405
0.00431405
0.00431405
0.00431405
0.00431405
0.00431405
0.00431405
0.00431405
0.00431405
0.00431405
0.00431405
0.00431405
0.00431405
0.00431405
0.00431405
0.00431405
0.00431405
0.00431405
0.00431405
0.00431405
0.00431405
0.00431405
0.00431405
0.00431405
0.00431405
0.00431405
0.00431405
0.00431405
0.00431405
0.00431405
0.00431405
0.00431405
0.00431405
0.00431405
0.00431405
0.00431405
0.00431405
0.00431405
0.00431405
0.00431405
0.00431405
0.00431405
0.00431405
0.00431405
0.00431405
0.00431405
0.00431405
0.00431405
0.00431405
0.00431405
0.00431405
0.00431405
0.00431405
0.00431405
0.00431405
0.00431405
0.00431405
0.00431405
0.00431405
0.00431405
0.00431405
0.00431405
0.00431405
0.00431405
0.00431404
0.00431404
0.00431401
0.00431401
0.00431404
0.00431405
0.00431405
0.00431405
0.00431405
0.00431405
0.00431405
0.00431405
0.00431405
0.00431405
0.00431405
0.00431405
0.00431405
0.00431405
0.00431405
0.00431405
0.00431405
0.00431405
0.00431405
0.00431405
0.00431405
0.00431405
0.00431405
0.00431405
0.00431405
0.00431405
0.00431405
0.00431405
0.00431405
0.00431405
0.00431405
0.00431405
0.00431405
0.00431405
0.00431404
0.00431405
0.00431405
0.00431405
0.00431405
0.00431405
0.00431405
0.00431405
0.00431405
0.00431405
0.00431405
0.00431405
0.00431405
0.00431405
0.00431405
0.00431405
0.00431405
0.00431405
0.00431405
0.00431405
0.00431405
0.00431405
0.00431405
0.00431405
0.00431405
0.00431405
0.00431405
0.00431405
0.00431405
0.00431405
0.00431405
0.00431405
0.00431405
0.00431405
0.00431405
0.00431405
0.00431405
0.00431405
0.00431405
0.00431405
0.00431405
0.00431405
0.00431405
0.00431405
0.00431405
0.00431405
0.00431405
0.00431405
0.00431405
0.00431405
0.00431405
0.00431404
0.00431403
0.00431403
0.004314
0.00431401
0.00431403
0.00431405
0.00431405
0.00431405
0.00431405
0.00431405
0.00431405
0.00431405
0.00431405
0.00431405
0.00431405
0.00431405
0.00431405
0.00431405
0.00431405
0.00431405
0.00431405
0.00431405
0.00431405
0.00431405
0.00431405
0.00431405
0.00431405
0.00431405
0.00431405
0.00431405
0.00431405
0.00431405
0.00431405
0.00431404
0.00431404
0.00431404
0.00431404
0.00431405
0.00431402
0.00431399
0.00431399
0.00431405
0.00431405
0.00431405
0.00431405
0.00431405
0.00431405
0.00431405
0.00431405
0.00431405
0.00431405
0.00431405
0.00431404
0.00431405
0.00431405
0.00431405
0.00431405
0.00431405
0.00431405
0.00431405
0.00431405
0.00431405
0.00431405
0.00431405
0.00431405
0.00431405
0.00431405
0.00431405
0.00431405
0.00431405
0.00431405
0.00431405
0.00431405
0.00431405
0.00431405
0.00431405
0.00431405
0.00431405
0.00431405
0.00431405
0.00431405
0.00431405
0.00431405
0.00431405
0.00431405
0.00431405
0.00431405
0.00431405
0.00431405
0.00431405
0.00431405
0.00431405
0.00431405
0.00431405
0.00431405
0.00431404
0.00431404
0.00431405
0.00431405
0.00431405
0.00431405
0.00431405
0.00431404
0.00431404
0.00431403
0.00431404
0.00431404
0.00431404
0.00431405
0.00431405
0.00431405
0.00431405
0.00431404
0.00431405
0.00431405
0.00431405
0.00431405
0.00431405
0.00431405
0.00431405
0.00431405
0.00431405
0.00431405
0.00431405
0.00431405
0.00431405
0.00431405
0.00431405
0.00431405
0.00431405
0.00431405
0.00431405
0.00431405
0.00431405
0.00431405
0.00431405
0.00431405
0.00431405
0.00431405
0.00431405
0.00431405
0.00431405
0.00431405
0.00431405
0.00431405
0.00431405
0.00431405
0.00431405
0.00431405
0.00431405
0.00431405
0.00431405
0.00431405
0.00431405
0.00431405
0.00431405
0.00431405
0.00431405
0.00431405
0.00431405
0.00431405
0.00431405
0.00431405
0.00431405
0.00431405
0.00431405
0.00431405
0.00431405
0.00431405
0.00431405
0.00431405
0.00431405
0.00431405
0.00431405
0.00431405
0.00431405
0.00431405
0.00431405
0.00431405
0.00431405
0.00431405
0.00431405
0.00431405
0.00431405
0.00431405
0.00431405
0.00431405
0.00431405
0.00431405
0.00431405
0.00431405
0.00431405
0.00431405
0.00431405
0.00431405
0.00431405
0.00431405
0.00431405
0.00431405
0.00431404
0.00431405
0.00431405
0.00431405
0.00431405
0.00431405
0.00431405
0.00431405
0.00431405
0.00431405
0.00431405
0.00431405
0.00431405
0.00431404
0.00431405
0.00431405
0.00431405
0.00431405
0.00431405
0.00431405
0.00431405
0.00431405
0.00431405
0.00431405
0.00431405
0.00431405
0.00431405
0.00431405
0.00431405
0.00431405
0.00431405
0.00431402
0.00431404
0.00431404
0.00431403
0.00431403
0.00431399
0.00431405
0.00431405
0.00431405
0.00431405
0.00431405
0.00431405
0.00431404
0.00431404
0.00431405
0.00431405
0.00431403
0.00431403
0.00431405
0.00431405
0.00431405
0.00431405
0.00431405
0.00431405
0.00431405
0.00431405
0.00431405
0.00431405
0.00431405
0.00431405
0.00431405
0.00431405
0.00431405
0.00431405
0.00431405
0.00431405
0.00431404
0.00431403
0.00431402
0.00431404
0.00431404
0.00431404
0.00431405
0.00431405
0.00431405
0.00431404
0.00431405
0.00431405
0.00431404
0.00431404
0.00431403
0.00431404
0.00431405
0.00431405
0.00431405
0.00431405
0.00431404
0.00431405
0.00431405
0.00431405
0.00431403
0.00431399
0.00431398
0.00431402
0.00431402
0.00431404
0.00431405
0.00431405
0.00431405
0.00431402
0.00431403
0.00431403
0.00431404
0.00431404
0.00431404
0.00431403
0.00431403
0.004314
0.00431405
0.00431405
0.00431405
0.00431405
0.00431405
0.00431404
0.00431405
0.00431405
0.00431405
0.00431405
0.00431405
0.00431405
0.00431405
0.00431403
0.00431404
0.00431404
0.00431404
0.00431405
0.00431405
0.00431405
0.00431405
0.00431405
0.00431405
0.00431405
0.00431405
0.00431405
0.00431405
0.00431405
0.00431405
0.00431405
0.00431224
0.00431214
0.00428713
0.00431404
0.00431394
0.00431395
0.004314
0.00431394
0.00431404
0.00431405
0.00431405
0.00431405
0.00431405
0.00431405
0.00431405
0.00431405
0.00431405
0.00431405
0.0043091
0.00430521
0.00428715
0.00431404
0.00431394
0.00431396
0.00431391
0.00431394
0.00431404
0.00431396
0.00431131
0.00431069
0.00431403
0.00431401
0.00431405
0.00423517
0.00427779
0.0042896
0.00431405
0.00431405
0.00431405
0.00431405
0.00431405
0.00431405
0.00431405
0.00431405
0.00431405
0.00431405
0.00431405
0.00431405
0.00431405
0.00431405
0.00431405
0.00431405
0.00431405
0.00431405
0.00431405
0.00431405
0.00431405
0.00431405
0.00431405
0.00431405
0.00431405
0.00431405
0.00431405
0.00431405
0.00431405
0.00431405
0.00431405
0.00431405
0.00431405
0.00431405
0.00431405
0.00431405
0.00431405
0.00431405
0.00431405
0.00431405
0.00431405
0.00431405
0.00431405
0.00431405
0.00431405
0.00431405
0.00431405
0.00431405
0.00431398
0.00431399
0.00431404
0.00431405
0.00431405
0.00431405
0.00431405
0.00431405
0.00431405
0.00431405
0.00431405
0.00431405
0.00431405
0.00431405
0.00431405
0.00431404
0.00431404
0.00431405
0.00429931
0.00431359
0.00431333
0.00431405
0.00431405
0.00431405
0.00431405
0.00431405
0.00431405
0.00431405
0.00431405
0.00431405
0.00431405
0.00431405
0.00431405
0.00431405
0.00431405
0.00431405
0.00431405
0.00431405
0.00431405
0.00431405
0.00431405
0.00431405
0.00431405
0.00431405
0.00431405
0.00431405
0.00431405
0.00431405
0.00431405
0.00431405
0.00431405
0.00431405
0.00431405
0.00431405
0.00431405
0.00431405
0.00431405
0.00431405
0.00431405
0.00431405
0.00431405
0.00431405
0.00431405
0.00431405
0.00431405
0.00431405
0.00431405
0.00431405
0.00431405
0.00431405
0.00431405
0.00431405
0.00431405
0.00431405
0.00431405
0.00431405
0.00431405
0.00431405
0.00431405
0.00431405
0.00431405
0.00431405
0.00431405
0.00431405
0.00431405
0.00431405
0.00431405
0.00431405
0.00431405
0.00431405
0.00431405
0.00431405
0.00431405
0.00431405
0.00431405
0.00431405
0.00431405
0.00431405
0.00431405
0.00431405
0.00431405
0.00431405
0.00431405
0.00431405
0.00431405
0.00431405
0.00431405
0.00431405
0.00431405
0.00431405
0.00431405
0.00431405
0.00431405
0.00431405
0.00431405
0.00431405
0.00431405
0.00431405
0.00431405
0.00431405
0.00431405
0.00431405
0.00431405
0.00431405
0.00431405
0.00431405
0.00431405
0.00431405
0.00431405
0.00431405
0.00431405
0.00431405
0.00431405
0.00431405
0.00431405
0.00431405
0.00431405
0.00431405
0.00431405
0.00431405
0.00431405
0.00431405
0.00431405
0.00431405
0.00431405
0.00431405
0.00431405
0.00431405
0.00431405
0.00431405
0.00431405
0.00431405
0.00431405
0.00431405
0.00431405
0.00431405
0.00431405
0.00431405
0.00431405
0.00431405
0.00431405
0.00431405
0.00431405
0.00431405
0.00431405
0.00431405
0.00431405
0.00431405
0.00431404
0.00431404
0.00431405
0.00431399
0.00431402
0.00431402
0.00431403
0.00431403
0.00431399
0.00431404
0.00431402
0.00431402
0.00431405
0.00431405
0.00431405
0.00431405
0.00431405
0.00431405
0.00431405
0.00431405
0.00431405
0.00431405
0.00431405
0.00431405
0.00431405
0.00431405
0.00431405
0.00431405
0.00431405
0.00431405
0.00431405
0.00431405
0.00431405
0.00431405
0.00431405
0.00431405
0.00431405
0.00431405
0.00431405
0.00431405
0.00431405
0.00431405
0.00431405
0.00431405
0.00431405
0.00431405
0.00431405
0.00431405
0.00431404
0.00431402
0.00431402
0.00431403
0.00431403
0.00431404
0.00431405
0.00431405
0.00431405
0.00431405
0.00431405
0.00431405
0.00431405
0.00431405
0.00431405
0.00431402
0.00431402
0.00431404
0.00431405
0.00431405
0.00431405
0.00431402
0.00431402
0.00431404
0.00431403
0.00431401
0.00431402
0.00431405
0.00431405
0.00431405
0.00431405
0.00431405
0.00431405
0.00431405
0.00431405
0.00431405
0.00431404
0.00431404
0.00431405
0.00431401
0.00431403
0.00431403
0.00431402
0.00431404
0.00431404
0.00431403
0.00431403
0.00431401
0.00431405
0.00431404
0.00431404
0.00431405
0.00431405
0.00431405
0.00431403
0.00431404
0.00431404
0.00431404
0.00431404
0.00431403
0.00431405
0.00431405
0.00431405
0.00431405
0.00431405
0.00431405
0.00431405
0.00431405
0.00431405
0.00431405
0.00431405
0.00431405
0.00431405
0.00431405
0.00431405
0.00431402
0.00431399
0.004314
0.00431397
0.00431398
0.00431402
0.00431403
0.00431401
0.00431402
0.004314
0.00431401
0.00431403
0.00431404
0.00431404
0.00431405
0.00431401
0.00431403
0.00431403
0.00431404
0.00431403
0.00431401
0.00431403
0.00431402
0.00431398
0.00431404
0.00431404
0.00431404
0.00431405
0.00431405
0.00431405
0.00431405
0.00431405
0.00431405
0.00431405
0.00431405
0.00431405
0.00431405
0.00431405
0.00431405
0.00431405
0.00431405
0.00431405
0.00431405
0.00431405
0.00431405
0.00431405
0.00431405
0.00431405
0.00431405
0.00431405
0.00431405
0.00431405
0.00431405
0.00431405
0.00431405
0.00431405
0.00431405
0.00431405
0.00431405
0.00431405
0.00431405
0.00431405
0.00431405
0.00431405
0.00431405
0.00431405
0.00431405
0.00431405
0.00431405
0.00431405
0.00431405
0.00431405
0.00431405
0.00431405
0.00431405
0.00431405
0.00431405
0.00431405
0.00431405
0.00431405
0.00431405
0.00431405
0.00431405
0.00431405
0.00431405
0.00431405
0.00431405
0.00431405
0.00431405
0.00431405
0.00431405
0.00431405
0.00431405
0.00431405
0.00431405
0.00431405
0.00431405
0.00431405
0.00431405
0.00431405
0.00431405
0.00431405
0.00431405
0.00431405
0.00431405
0.00431405
0.00431405
0.00431405
0.00431405
0.00431405
0.00431405
0.00431405
0.00431405
0.00431405
0.00431405
0.00431405
0.00431405
0.00431405
0.00431405
0.00431405
0.00431405
0.00431405
0.00431405
0.00431405
0.00431405
0.00431405
0.00431405
0.00431405
0.00431405
0.00431405
0.00431405
0.00431405
0.00431405
0.00431405
0.00431405
0.00431405
0.00431405
0.00431405
0.00431405
0.00431405
0.00431405
0.00431405
0.00431405
0.00431405
0.00431405
0.00431405
0.00431405
0.00431404
0.00431405
0.00431405
0.00431405
0.00431405
0.00431404
0.00431405
0.00431405
0.00431405
0.00431405
0.00431405
0.00431405
0.00431405
0.00431405
0.00431405
0.00431405
0.00431405
0.00431405
0.00431405
0.00431405
0.00431405
0.00431405
0.00431405
0.00431405
0.00431405
0.00431404
0.00431404
0.00431404
0.00431404
0.00431405
0.00431405
0.00431404
0.00431403
0.00431404
0.00431404
0.00431405
0.00431404
0.00431404
0.00431401
0.00431405
0.00431405
0.00431405
0.00431405
0.00431404
0.00431404
0.00431405
0.00431404
0.00431405
0.00431399
0.00431403
0.00431403
0.00431401
0.004314
0.00431404
0.00431405
0.00431403
0.00431403
0.00431403
0.00431403
0.00431405
0.00431404
0.00431401
0.00431401
0.00431402
0.00431402
0.00431404
0.00431405
0.00431404
0.00431404
0.00431402
0.00431403
0.00431404
0.00431403
0.00431403
0.00431404
0.00431404
0.00431403
0.00431403
0.004314
0.00431399
0.00431403
0.00431403
0.00431401
0.00431401
0.00431404
0.00431403
0.00431403
0.00431402
0.00431403
0.00431404
0.00431404
0.00431404
0.00431404
0.00431403
0.00431404
0.00431404
0.004314
0.00431402
0.00431402
0.00431404
0.00431403
0.00431403
0.00431403
0.00431403
0.00431404
0.00431401
0.00431395
0.00431395
0.00431393
0.00431394
0.004314
0.00431405
0.00431405
0.00431405
0.00431405
0.00431405
0.00431405
0.00431405
0.00431405
0.00431405
0.00431405
0.00431405
0.00431405
0.00431405
0.00431405
0.00431405
0.00431405
0.00431405
0.00431405
0.00431405
0.00431405
0.00431405
0.00431405
0.00431405
0.00431405
0.00431405
0.00431405
0.00431405
0.00431405
0.00431405
0.00431405
0.00431405
0.00431405
0.00431405
0.00431405
0.00431405
0.00431405
0.00431405
0.00431405
0.00431405
0.00431405
0.00431405
0.00431405
0.00431401
0.00431404
0.00431403
0.00431404
0.00431404
0.00431402
0.00431405
0.00431405
0.00431405
0.00431405
0.00431405
0.00431405
0.00431405
0.00431405
0.00431405
0.00431405
0.00431405
0.00431405
0.00431405
0.00431405
0.00431405
0.00431405
0.00431405
0.00431405
0.00431405
0.00431405
0.00431405
0.00431405
0.00431405
0.00431405
0.00431405
0.00431405
0.00431405
0.00431405
0.00431405
0.00431405
0.00431405
0.00431405
0.00431405
0.00431405
0.00431405
0.00431405
0.00431405
0.00431405
0.00431405
0.00431405
0.00431405
0.00431405
0.00431405
0.00431405
0.00431405
0.00431405
0.00431405
0.00431405
0.00431405
0.00431405
0.00431405
0.00431405
0.00431405
0.00431405
0.00431405
0.00431405
0.00431405
0.00431405
0.00431405
0.00431405
0.00431405
0.00431405
0.00431405
0.00431405
0.00431405
0.00431405
0.00431405
0.00431405
0.00431405
0.00431405
0.00431405
0.00431405
0.00431405
0.00431405
0.00431405
0.00431405
0.00431405
0.00431405
0.00431405
0.00431405
0.00431405
0.00431404
0.00431404
0.00431404
0.00431404
0.00431404
0.00431404
0.00431405
0.00431405
0.00431405
0.00431405
0.00431405
0.00431405
0.00431405
0.00431405
0.00431405
0.00431405
0.00431405
0.00431405
0.00431405
0.00431405
0.00431405
0.00431405
0.00431405
0.00431405
0.00431405
0.00431405
0.00431405
0.00431405
0.00431405
0.00431405
0.00431403
0.00431404
0.00431404
0.00431404
0.00431404
0.00431403
0.00431405
0.00431405
0.00431405
0.00431405
0.00431405
0.00431405
0.00431405
0.00431405
0.00431405
0.00431405
0.00431405
0.00431405
0.00431405
0.00431405
0.00431405
0.00431405
0.00431405
0.00431405
0.00431405
0.00431405
0.00431405
0.00431405
0.00431405
0.00431405
0.00431405
0.00431405
0.00431405
0.00431405
0.00431405
0.00431405
0.00431405
0.00431405
0.00431405
0.00431405
0.00431405
0.00431405
0.00431405
0.00431405
0.00431405
0.00431405
0.00431405
0.00431405
0.00431404
0.00431404
0.00431403
0.00431403
0.00431404
0.00431404
0.00431404
0.00431404
0.00431402
0.00431404
0.00431404
0.00431405
0.00431403
0.00431404
0.00431404
0.00431405
0.00431405
0.00431405
0.00431404
0.00431405
0.00431405
0.00431404
0.00431405
0.00431404
0.00431404
0.00431405
0.00431405
0.00431405
0.00431405
0.00431404
0.00431402
0.00431404
0.00431404
0.00431404
0.00431404
0.00431403
0.00431405
0.00431404
0.00431405
0.00431342
0.00431162
0.00431276
0.00431116
0.00431133
0.00431338
0.00428528
0.00430398
0.00430322
0.00427207
0.00427391
0.00423597
0.00431398
0.00430471
0.00429858
0.0043123
0.00430932
0.00431397
0.00431405
0.00431405
0.00431405
0.00431405
0.00431405
0.00431405
0.00431405
0.00431405
0.00431405
0.00431405
0.00431405
0.00431405
0.00431405
0.00431405
0.00431405
0.00431405
0.00431405
0.00431405
0.00431405
0.00431405
0.00431405
0.00431405
0.00431405
0.00431405
0.00431405
0.00431405
0.00431405
0.00431405
0.00431405
0.00431405
0.00431405
0.00431405
0.00431405
0.00431405
0.00431405
0.00431405
0.00431405
0.00431405
0.00431405
0.00431405
0.00431405
0.00431405
0.00431405
0.00431405
0.00431405
0.00431405
0.00431405
0.00431405
0.00431405
0.00431405
0.00431405
0.00431405
0.00431405
0.00431405
0.00431405
0.00431405
0.00431405
0.00431405
0.00431405
0.00431405
0.00431405
0.00431405
0.00431405
0.00431405
0.00431405
0.00431405
0.00431405
0.00431405
0.00431405
0.00431405
0.00431405
0.00431405
0.00431405
0.00431405
0.00431405
0.00431405
0.00431405
0.00431405
0.00431405
0.00431405
0.00431405
0.00431405
0.00431405
0.00431405
0.00431405
0.00431405
0.00431405
0.00431405
0.00431405
0.00431405
0.00431405
0.00431405
0.00431405
0.00431405
0.00431405
0.00431405
0.00431405
0.00431405
0.00431405
0.00431405
0.00431405
0.00431405
0.00431405
0.00431405
0.00431405
0.00431405
0.00431405
0.00431405
0.00431405
0.00431405
0.00431405
0.00431405
0.00431405
0.00431405
0.00431405
0.00431405
0.00431405
0.00426414
0.00430156
0.00430127
0.00431405
0.00431405
0.00431405
0.00431405
0.00431405
0.00431405
0.00431405
0.00431405
0.00431405
0.00431405
0.00431405
0.00431405
0.00430334
0.00431401
0.00431401
0.00431405
0.00431405
0.00431405
0.00431405
0.00431405
0.00431405
0.00431405
0.00431405
0.00431405
0.00431405
0.00431405
0.00431405
0.00431405
0.00431405
0.00431405
0.00431395
0.00430995
0.0043099
0.00430971
0.00431405
0.00431405
0.00431405
0.00431405
0.00431405
0.00431405
0.00431405
0.00431405
0.00431405
0.00431405
0.00431405
0.00431405
0.00431405
0.00431405
0.00431405
0.00431405
0.00431405
0.00431405
0.00431405
0.00431405
0.00431405
0.00431405
0.00431405
0.00431405
0.00431405
0.00431405
0.00431405
0.00431405
0.00431405
0.00431405
0.00431405
0.00431405
0.00431405
0.00431405
0.00431405
0.00431405
0.00431405
0.00431405
0.00431405
0.00431405
0.00431405
0.00431405
0.00431405
0.00431405
0.00431405
0.00431405
0.00431405
0.00431405
0.00431405
0.00431405
0.00431115
0.0043107
0.00428962
0.00431405
0.00431405
0.00431405
0.00431405
0.00431405
0.00431405
0.00431405
0.00431405
0.00431405
0.00431405
0.00431405
0.00431405
0.00431405
0.00431405
0.00431405
0.00431405
0.00431405
0.00431405
0.00431405
0.00431405
0.00431405
0.00431405
0.00431405
0.00431405
0.00431405
0.00431405
0.00431405
0.00431405
0.00431405
0.00431405
0.00431405
0.00431405
0.00431405
0.00431405
0.00431405
0.00431405
0.00431405
0.00431405
0.00431405
0.00431405
0.00431405
0.00431405
0.00431405
0.00431405
0.00431405
0.00431405
0.00431405
0.00431405
0.00431405
0.00431405
0.00431405
0.00431405
0.00431405
0.00431405
0.00431405
0.00431405
0.00431405
0.00431405
0.00431405
0.00431405
0.00431405
0.00431405
0.00431405
0.00431405
0.00431405
0.00431405
0.00431405
0.00431405
0.00431405
0.00431405
0.00431405
0.00431405
0.00431405
0.00431405
0.00431405
0.00431405
0.00431405
0.00431405
0.00431405
0.00431405
0.00431405
0.00431405
0.00431405
0.00431405
0.00431404
0.00431404
0.00431404
0.00431405
0.00431405
0.00431404
0.00431404
0.00431405
0.00431405
0.00431405
0.00431405
0.00431404
0.00431405
0.00431405
0.00431405
0.00431405
0.00431405
0.00431405
0.00431405
0.00431405
0.00431405
0.00431405
0.00431405
0.00431405
0.00431405
0.00431405
0.00431405
0.00431405
0.00431405
0.00431405
0.00431405
0.00431405
0.00431405
0.00431405
0.00431405
0.00431405
0.00431405
0.00431405
0.00431405
0.00431405
0.00431405
0.00431405
0.00431405
0.00431405
0.00431405
0.00431405
0.00431405
0.00431405
0.00431405
0.00431405
0.00431405
0.00431405
0.00431405
0.00431405
0.00431405
0.00431405
0.00431405
0.00431405
0.00431405
0.00431405
0.00431405
0.00431405
0.00431405
0.00431405
0.00431405
0.00431405
0.00431405
0.00431405
0.00431405
0.00431405
0.00431405
0.00431405
0.00431405
0.00431405
0.00431405
0.00431405
0.00431405
0.00431405
0.00431405
0.00431405
0.00431405
0.00431405
0.00431405
0.00431405
0.00431405
0.00431405
0.00431405
0.00431405
0.00431405
0.00431405
0.00431405
0.00431405
0.00431405
0.00431405
0.00431405
0.00431405
0.00431405
0.00431405
0.00431405
0.00431405
0.00431405
0.00431405
0.00431405
0.00431405
0.00431405
0.00431405
0.00431405
0.00431405
0.00431405
0.00431405
0.00431405
0.00431405
0.00431405
0.00431405
0.00431405
0.00431405
0.00431405
0.00431405
0.00431405
0.00431405
0.00431405
0.00431405
0.00431405
0.00431405
0.00431405
0.00431405
0.00431405
0.00431405
0.00431405
0.00431405
0.00431405
0.00431405
0.00431405
0.00431405
0.00431405
0.00431405
0.00431405
0.00431405
0.00431405
0.00431405
0.00431405
0.00431405
0.00431405
0.00431405
0.00431405
0.00431405
0.00431405
0.00430263
0.0043021
0.00426634
0.00431324
0.00431061
0.00431077
0.00431051
0.00431055
0.00431323
0.00431405
0.00431405
0.00431405
0.00431405
0.00431405
0.00431405
0.00431405
0.00431405
0.00431405
0.00431405
0.00431405
0.00431405
0.00431404
0.00431404
0.00431405
0.00430596
0.00431371
0.00431363
0.0043139
0.0043138
0.0043059
0.00431401
0.00431401
0.00430371
0.00431405
0.00431405
0.00431405
0.00431405
0.00431405
0.00431405
0.00431405
0.00431405
0.00431405
0.00431405
0.00431405
0.00431405
0.00431405
0.00431405
0.00431405
0.00431405
0.00431405
0.00431405
0.00431405
0.00431405
0.00431405
0.00431405
0.00431405
0.00431405
0.00431405
0.00431405
0.00431405
0.00431405
0.00431405
0.00431405
0.00431405
0.00431405
0.00431405
0.00431405
0.00431405
0.00431405
0.00431405
0.00431405
0.00431405
0.00431405
0.00431405
0.00431405
0.00431405
0.00431405
0.00431405
0.00431405
0.00431405
0.00431405
0.00430257
0.00430208
0.00428101
0.00424016
0.00427316
0.00427201
0.00431405
0.00431405
0.00431405
0.00431405
0.00431405
0.00431405
0.00431405
0.00431405
0.00431405
0.00431405
0.00431405
0.00431405
0.00431405
0.00431405
0.00431405
0.00431405
0.00431405
0.00431405
0.00431405
0.00431405
0.00431405
0.00431405
0.00431405
0.00431405
0.00431405
0.00431405
0.00431405
0.00431405
0.00431405
0.00431405
0.00431405
0.00431405
0.00431405
0.00431405
0.00431405
0.00431405
0.00431405
0.00431405
0.00431405
0.00431405
0.00431405
0.00431405
0.00431405
0.00431405
0.00431405
0.00431405
0.00431405
0.00431405
0.00431405
0.00431405
0.00431405
0.00431405
0.00431405
0.00431405
0.00431405
0.00431405
0.00431405
0.00431405
0.00431405
0.00431405
0.00431405
0.00431405
0.00431405
0.00431405
0.00431405
0.00431405
0.00431405
0.00431405
0.00431405
0.00431405
0.00431405
0.00431405
0.00431405
0.00431405
0.00431405
0.00431405
0.00431405
0.00431405
0.00431404
0.00431405
0.00431405
0.00431405
0.00431405
0.00431404
0.00431307
0.00431283
0.00429911
0.00431405
0.00431401
0.00431402
0.00431404
0.00431383
0.00431388
0.0043137
0.00431377
0.00431403
0.00428922
0.00431026
0.00430987
0.00431395
0.00431396
0.00431404
0.00429054
0.00431241
0.00431233
0.00431405
0.00431405
0.00431405
0.00431405
0.00431405
0.00431405
0.00431405
0.00431405
0.00431405
0.00431405
0.00431405
0.00431405
0.00431405
0.00431405
0.00431405
0.00431405
0.00431405
0.00431405
0.00431405
0.00431405
0.00431405
0.00431405
0.00431405
0.00431405
0.00431405
0.00431405
0.00431405
0.00431405
0.00431405
0.00431405
0.00431405
0.00431405
0.00431405
0.00431405
0.00431405
0.00431405
0.00431405
0.00431405
0.00431405
0.00431405
0.00431405
0.00431405
0.00431405
0.00431405
0.00431405
0.00431405
0.00431405
0.00431405
0.00431405
0.00431405
0.00431405
0.00431405
0.00431405
0.00431405
0.00431405
0.00431405
0.00431405
0.00431405
0.00431405
0.00431405
0.00431405
0.00431405
0.00431405
0.00431405
0.00431405
0.00431405
0.00431405
0.00431405
0.00431405
0.00431405
0.00431405
0.00431405
0.00431405
0.00431405
0.00431405
0.00431405
0.00431405
0.00431405
0.00431405
0.00431405
0.00431405
0.00431405
0.00431405
0.00431405
0.00431405
0.00431405
0.00431405
0.00431405
0.00431405
0.00431405
0.00431405
0.00431405
0.00431405
0.00431405
0.00431405
0.00431405
0.00431405
0.00431405
0.00431405
0.00431405
0.00431405
0.00431405
0.00431405
0.00431405
0.00431405
0.00431405
0.00431405
0.00431405
0.00431405
0.00431405
0.00431405
0.00431405
0.00431405
0.00431405
0.00431405
0.00431405
0.00431405
0.00431405
0.00431405
0.00431405
0.00431405
0.00431405
0.00431405
0.00431405
0.00431405
0.00431405
0.00431405
0.00431405
0.00431405
0.00431405
0.00431405
0.00431405
0.00431405
0.00431405
0.00431405
0.00431405
0.00431405
0.00431405
0.00431405
0.00431405
0.00431405
0.00431405
0.00431405
0.00431405
0.00431405
0.00431405
0.00431405
0.00431405
0.00431405
0.00431405
0.00431405
0.00431405
0.00431405
0.00431405
0.00431405
0.00431405
0.00431405
0.00431405
0.00431405
0.00431405
0.00431405
0.00431405
0.00431405
0.00431405
0.00431405
0.00431405
0.00431405
0.00431405
0.00431405
0.00431405
0.00431405
0.00431405
0.00431405
0.00431405
0.00431405
0.00431405
0.00431405
0.00431405
0.00431405
0.00431405
0.00431405
0.00431405
0.00431405
0.00431405
0.00431405
0.00431405
0.00431405
0.00431405
0.00431405
0.00431405
0.00431405
0.00431405
0.00431405
0.00431405
0.00431405
0.00431404
0.00431405
0.00431404
0.00431405
0.00431405
0.00431404
0.00431405
0.00431405
0.00431404
0.00431404
0.00431405
0.00431405
0.00431405
0.00431405
0.00431405
0.00431405
0.00431405
0.00431405
0.00431405
0.00431405
0.00431405
0.00431405
0.00431405
0.00431405
0.00431405
0.00431405
0.00431405
0.00431405
0.00431405
0.00431405
0.00431405
0.00431405
0.00431405
0.00431405
0.00431405
0.00431404
0.00431404
0.00431405
0.00431405
0.00431404
0.00431405
0.00431405
0.00431405
0.00431405
0.00431404
0.00431405
0.00431405
0.00431405
0.00431405
0.00431405
0.00431405
0.00431403
0.00431404
0.00431404
0.00431404
0.00431404
0.00431404
0.00431391
0.00431404
0.00431405
0.00431402
0.00431401
0.00431389
0.00431403
0.00431404
0.00431404
0.00431405
0.00431405
0.00431405
0.00431405
0.00431405
0.00431405
0.00431405
0.00431405
0.00431405
0.00431405
0.00431405
0.00431405
0.00431405
0.00431405
0.00431405
0.00431405
0.00431405
0.00431405
0.00431405
0.00431405
0.00431405
0.00431405
0.00431405
0.00431405
0.00431405
0.00431405
0.00431405
0.00431405
0.00431405
0.00431405
0.00431405
0.00431405
0.00431405
0.00431405
0.00431405
0.00431405
0.00431405
0.00431405
0.00431405
0.00431405
0.00431405
0.00431405
0.00431405
0.00431405
0.00431405
0.00431405
0.00431405
0.00431405
0.00431405
0.00431405
0.00431405
0.00431405
0.00431405
0.00431405
0.00431405
0.00431405
0.00431405
0.00431405
0.00431405
0.00431405
0.00431405
0.00431405
0.00431405
0.00431405
0.00431405
0.00431405
0.00431405
0.00431405
0.00431405
0.00431405
0.00431405
0.00431405
0.00431405
0.00431405
0.00431405
0.00431405
0.00431405
0.00431405
0.00431405
0.00431405
0.00431405
0.00431405
0.00431405
0.00431405
0.00431405
0.00431405
0.00431405
0.00431405
0.00431405
0.00431405
0.00431405
0.00431405
0.00431405
0.00431405
0.00431405
0.00431405
0.00431405
0.00431405
0.00431405
0.00431405
0.00431405
0.00431405
0.00431405
0.00431405
0.00431405
0.00431405
0.00431405
0.00431405
0.00431389
0.00431006
0.00431
0.00430993
0.00431405
0.00431405
0.00431405
0.00431405
0.00431405
0.00431405
0.00431405
0.00431405
0.00431405
0.00431405
0.00431405
0.00431405
0.00431405
0.00431405
0.00431405
0.00431405
0.00431405
0.00429912
0.00431261
0.00431241
0.00431255
0.00431248
0.00429147
0.00431405
0.00431405
0.00431405
0.00431405
0.00431405
0.00431405
0.00431405
0.00431405
0.00431405
0.00431405
0.00431405
0.00431405
0.00431405
0.00431405
0.00431405
0.00431405
0.00431405
0.00431405
0.00431405
0.00431405
0.00431405
0.00431405
0.00431405
0.00431405
0.00431405
0.00431405
0.00431405
0.00431405
0.00431405
0.00431405
0.00431405
0.00431405
0.00431405
0.00431405
0.00431405
0.00431405
0.00431405
0.00431405
0.00431405
0.00431405
0.00431405
0.00431405
0.00431405
0.00431405
0.00431405
0.00431405
0.00431405
0.00431405
0.00431405
0.00431405
0.00431405
0.00431405
0.00431405
0.00431405
0.00431405
0.00431405
0.00431405
0.00431405
0.00431405
0.00431405
0.00431405
0.00431405
0.00431405
0.00431405
0.00431405
0.00431405
0.00431405
0.00431405
0.00431405
0.00431405
0.00431405
0.00431405
0.00431405
0.00431405
0.00431405
0.00431405
0.00431405
0.00431405
0.00431405
0.00431405
0.00431405
0.00431405
0.00431405
0.00431405
0.00431405
0.00431405
0.00431405
0.00431405
0.00431405
0.00431405
0.00431405
0.00431405
0.00431405
0.00431405
0.00431405
0.00431405
0.00431405
0.00431405
0.00431405
0.00431405
0.00431405
0.00431405
0.00431405
0.00431405
0.00431405
0.00431405
0.00431405
0.00431405
0.00431405
0.00431405
0.00431405
0.00431405
0.00431405
0.00431405
0.00431405
0.00431405
0.00431405
0.00431405
0.00431405
0.00431405
0.00431405
0.00431405
0.00431405
0.00431405
0.00431405
0.00431405
0.00431405
0.00431405
0.00431405
0.00431405
0.00431405
0.00431405
0.00431405
0.00431405
0.00431405
0.00431405
0.00431405
0.00431405
0.00431405
0.00431405
0.00431405
0.00431405
0.00431405
0.00431405
0.00431405
0.00431405
0.00431405
0.00431405
0.00431405
0.00431405
0.00431405
0.00431405
0.00431405
0.00431405
0.00431405
0.00431405
0.00431405
0.00431405
0.00431405
0.00431405
0.00431405
0.00431405
0.00431405
0.00431405
0.00431405
0.00431405
0.00431405
0.00431405
0.00431405
0.00431405
0.00431405
0.00431405
0.00431405
0.00431405
0.00431405
0.00431405
0.00431405
0.00431405
0.00431405
0.00431405
0.00431397
0.00431399
0.00431405
0.00431404
0.00431396
0.00431397
0.00431405
0.00431405
0.00431405
0.00431405
0.00431405
0.00431405
0.00431405
0.00431405
0.00431405
0.00431405
0.00431405
0.00431405
0.00431405
0.00431405
0.00431405
0.00431405
0.00431405
0.00431405
0.00431405
0.00431405
0.00431405
0.00431405
0.00431405
0.00431405
0.00431405
0.00431405
0.00431405
0.00431405
0.00431405
0.00431405
0.00431405
0.00431405
0.00431405
0.00431405
0.00431405
0.00431405
0.00431405
0.00431405
0.00431405
0.00431405
0.00431405
0.00431405
0.00431405
0.00431405
0.00431405
0.00431405
0.00431405
0.00431405
0.00431405
0.00431405
0.00431405
0.00431405
0.00431405
0.00431405
0.00431405
0.00431405
0.00431405
0.00431405
0.00431405
0.00431405
0.00431405
0.00431405
0.00431405
0.00431405
0.00431405
0.00431405
0.00431405
0.00431405
0.00431405
0.00431405
0.00431405
0.00431405
0.00431405
0.00431405
0.00431405
0.00431405
0.00431405
0.00431405
0.00431405
0.00431405
0.00431405
0.00431405
0.00431405
0.00431405
0.00431405
0.00431405
0.00431405
0.00431405
0.00431405
0.00431405
0.00431405
0.00431405
0.00431405
0.00431405
0.00431405
0.00431405
0.00431405
0.00431405
0.00431405
0.00431405
0.00431405
0.00431405
0.00431405
0.00431405
0.00431405
0.00431405
0.00431405
0.00431405
0.00431405
0.00431405
0.00431405
0.00431405
0.00431405
0.00431405
0.00431405
0.00431405
0.00431405
0.00431405
0.00431405
0.00431405
0.00431405
0.00431405
0.00431405
0.00431405
0.00431405
0.00431405
0.00431405
0.00431405
0.00431405
0.00431405
0.00431405
0.00431405
0.00431405
0.00431405
0.00431405
0.00431405
0.00431405
0.00431405
0.00431405
0.00431405
0.00431405
0.00431405
0.00431405
0.00431405
0.00431405
0.00431405
0.00431405
0.00431405
0.00431405
0.00431405
0.00431405
0.00431405
0.00431405
0.00431405
0.00431405
0.00431405
0.00431405
0.00431405
0.00431405
0.00431405
0.00431403
0.00431404
0.00430463
0.00431401
0.00431401
0.00431405
0.00431405
0.00431405
0.00431405
0.00431405
0.00431405
0.00431405
0.00431405
0.00431405
0.00431405
0.00431405
0.00431405
0.00431405
0.00431405
0.00431405
0.00431405
0.00431405
0.00431405
0.00431405
0.00431405
0.00431405
0.00431405
0.00431405
0.00431405
0.00431405
0.00431405
0.00431405
0.00431405
0.00431405
0.00431405
0.00431405
0.00431405
0.00431405
0.00431405
0.00431405
0.00431405
0.00431405
0.00431405
0.00431405
0.00431405
0.00431405
0.00431405
0.00431405
0.00431405
0.00431405
0.00431405
0.00431405
0.00431405
0.00431405
0.00431405
0.00431405
0.00431405
0.00431405
0.00431405
0.00431405
0.00431405
0.00431405
0.00431405
0.00431405
0.00431405
0.00431355
0.00431346
0.00430619
0.00431405
0.00431405
0.00431405
0.00431405
0.00431405
0.00431405
0.00431405
0.00431405
0.00431405
0.00431405
0.00431405
0.00431405
0.00431377
0.00430688
0.00417129
0.0043137
0.00430595
0.00416919
0.00431306
0.00429958
0.00414099
0.00431305
0.00429951
0.00413908
0.00431164
0.00429058
0.00409022
0.00431405
0.00431397
0.00428451
0.00431404
0.00431327
0.00426603
0.00431404
0.00431312
0.00426367
0.00431161
0.00429034
0.0040907
0.00430981
0.00428636
0.00407511
0.00431405
0.00431383
0.00428241
0.00431386
0.00430836
0.0041836
0.00431386
0.00430844
0.00418572
0.00431354
0.00430398
0.00415543
0.00431354
0.00430397
0.00415437
0.00431252
0.00429572
0.00412612
0.00431263
0.0042965
0.0041277
0.00431249
0.0042946
0.00407616
0.00431232
0.00429355
0.0040767
0.00428045
0.00423708
0.00407585
0.00431405
0.00431403
0.00430141
0.004314
0.00431159
0.00423308
0.00431402
0.00431205
0.00423885
0.004314
0.00431149
0.00423103
0.00431378
0.00430709
0.00417647
0.00431367
0.00430548
0.00416355
0.00431332
0.00430178
0.00414682
0.00431276
0.00429732
0.00413425
0.0043113
0.00428902
0.00410148
0.00431405
0.00431401
0.004292
0.00431163
0.00429049
0.00408943
0.00431207
0.00429203
0.00407769
0.00431227
0.0042932
0.00407705
0.00431126
0.00428798
0.00407636
0.00431378
0.00430712
0.00416537
0.0043138
0.00430769
0.00417173
0.00431384
0.00430853
0.00417907
0.00431385
0.00430844
0.00417389
0.00431388
0.00430931
0.00418864
0.00431384
0.0043086
0.00418123
0.00431388
0.00430933
0.00418723
0.00431378
0.00430708
0.00416377
0.0043137
0.00430583
0.00415792
0.00431362
0.00430468
0.00415027
0.0043137
0.00430576
0.00415578
0.00431337
0.00430188
0.00413534
0.00431343
0.00430254
0.0041407
0.00431359
0.00430424
0.00414818
0.00431352
0.00430345
0.00414271
0.00431328
0.00430107
0.00413356
0.00431178
0.00429108
0.00409767
0.0043116
0.0042902
0.00409202
0.004312
0.00429158
0.00407752
0.00431402
0.00431207
0.00424088
0.00431402
0.00431236
0.00424766
0.00431402
0.00431238
0.00424974
0.0043138
0.00430747
0.00417858
0.00431392
0.00430942
0.00419144
0.00431365
0.00430524
0.00416146
0.00431332
0.00430181
0.0041483
0.00431233
0.00429452
0.00412223
0.00431269
0.00429681
0.00413248
0.00431118
0.00428862
0.00409723
0.00431129
0.00428911
0.00409884
0.0043112
0.00428867
0.00409756
0.00431123
0.00428869
0.004101
0.00431121
0.00428868
0.00409901
0.00431133
0.00428919
0.00409003
0.00431148
0.00428976
0.00408681
0.00431148
0.00428974
0.00408641
0.00431113
0.0042872
0.00407607
0.00431052
0.00428379
0.00407509
0.00431395
0.00431007
0.00420134
0.00431395
0.00431006
0.00420276
0.00431377
0.0043069
0.00417259
0.00431395
0.00431005
0.00419939
0.00431392
0.00430959
0.00419731
0.00431367
0.00430558
0.00416708
0.00431312
0.00430007
0.00414291
0.00431216
0.00429359
0.00411677
0.00431214
0.00429342
0.00411757
0.00431305
0.00429952
0.00413786
0.00431204
0.00429277
0.00411558
0.00431191
0.00429204
0.00411445
0.00431159
0.00429021
0.00408692
0.00431158
0.00429017
0.00408734
0.0043117
0.00429096
0.00408987
0.0043116
0.00429026
0.00408649
0.00431161
0.00429032
0.00408606
0.00431405
0.00431398
0.00428634
0.00431158
0.00429032
0.00408426
0.00431155
0.00429004
0.00408388
0.00431404
0.00431347
0.00426829
0.00431405
0.00431383
0.00428021
0.00431404
0.0043131
0.00426161
0.0043116
0.00429023
0.00409119
0.00431224
0.00429481
0.00407499
0.00431405
0.00431382
0.00427961
0.00431397
0.00431069
0.00421254
0.00431386
0.00430833
0.00418185
0.00431388
0.00430871
0.00418784
0.00431354
0.00430404
0.00415731
0.00431342
0.0043027
0.00415234
0.00431249
0.00429556
0.00412459
0.00431266
0.00429666
0.00412932
0.00431172
0.00429102
0.00411041
0.00431154
0.00429006
0.0040845
0.00431153
0.00428995
0.00408599
0.00431405
0.00431404
0.00430264
0.00431405
0.00431403
0.00430075
0.00431243
0.00429425
0.0040761
0.00431238
0.0042939
0.00407634
0.00431402
0.00431202
0.00423526
0.00431402
0.00431203
0.00423712
0.004314
0.00431147
0.00422832
0.00431395
0.0043101
0.00420674
0.00431395
0.00431007
0.00420461
0.00431377
0.00430695
0.00417435
0.00431392
0.00430943
0.00419276
0.00431392
0.00430946
0.00419535
0.00431367
0.00430551
0.00416501
0.00431323
0.00430103
0.00414486
0.00431219
0.00429368
0.00412003
0.00431215
0.00429341
0.00411884
0.00431287
0.00429808
0.00413605
0.0043118
0.00429144
0.0041123
0.00431184
0.00429161
0.00411335
0.00431135
0.00428937
0.00410197
0.00431142
0.00428978
0.00410199
0.00431158
0.00429014
0.00408802
0.00431158
0.00429015
0.00408776
0.00431165
0.00429059
0.00408954
0.00431164
0.00429048
0.00408535
0.00431162
0.00429038
0.00408566
0.00431166
0.00429058
0.00408528
0.00431214
0.00429244
0.00407759
0.0043122
0.00429283
0.00407736
0.00431405
0.00431399
0.00428934
0.00431152
0.0042897
0.00408194
0.00431156
0.00428997
0.00408345
0.00431155
0.00428998
0.00408356
0.00431404
0.00431351
0.00427348
0.00431404
0.00431349
0.0042701
0.00431404
0.00431356
0.00427571
0.00431405
0.00431357
0.00427793
0.00431404
0.00431308
0.00425865
0.00431394
0.00431058
0.00421982
0.00431378
0.00430718
0.0041674
0.00431379
0.00430735
0.00416957
0.00431384
0.00430849
0.00417712
0.00431385
0.00430847
0.00417554
0.00431385
0.0043088
0.00418339
0.00431388
0.00430933
0.00418554
0.00431378
0.00430704
0.00416219
0.00431372
0.00430618
0.00416006
0.00431369
0.00430564
0.00415235
0.00431369
0.00430571
0.00415422
0.00431337
0.00430191
0.00413672
0.00431338
0.00430204
0.0041387
0.00431358
0.00430417
0.0041461
0.00431358
0.00430413
0.00414472
0.00431319
0.00430023
0.00413203
0.00431159
0.00429018
0.00409167
0.00431193
0.0042911
0.00407702
0.00431402
0.00431235
0.00424603
0.00431402
0.0043122
0.00424282
0.00431403
0.00431253
0.00425188
0.00431396
0.00431036
0.00420886
0.00431397
0.00431069
0.00421096
0.00431386
0.00430832
0.00418068
0.00431392
0.0043094
0.00418992
0.00431358
0.0043044
0.00415939
0.00431335
0.00430204
0.00415031
0.00431248
0.00429564
0.00412333
0.00431266
0.00429663
0.00413075
0.00431181
0.0042916
0.0041113
0.00431185
0.00429186
0.00411098
0.00431155
0.00429009
0.00410868
0.00431119
0.00428869
0.0040971
0.00431133
0.0042895
0.00409841
0.00431124
0.00428888
0.00409798
0.0043112
0.00428858
0.00410043
0.0043112
0.00428855
0.0041006
0.00431149
0.00428985
0.00408719
0.0043115
0.00428981
0.0040861
0.00431097
0.00428636
0.00407565
0.00431077
0.00428526
0.00407527
0.00431405
0.00431404
0.00430558
0.00431405
0.00431404
0.00430751
0.00431405
0.00431404
0.00430738
0.00431229
0.00429219
0.00407328
0.00431235
0.00429263
0.00407366
0.004314
0.00431193
0.00424551
0.00431397
0.00431112
0.00422911
0.00431401
0.00431207
0.00424773
0.00431395
0.00431073
0.00422674
0.0043123
0.00429384
0.00410824
0.00431198
0.00429207
0.00410123
0.00431173
0.00429093
0.00409517
0.004312
0.0042923
0.00410043
0.00431178
0.00429124
0.00409468
0.00429898
0.0042632
0.00407757
0.00431405
0.00431354
0.00426694
0.00431404
0.00431324
0.00426484
0.00431151
0.0042902
0.00408868
0.0043113
0.00428917
0.00409208
0.00431138
0.00428961
0.00409184
0.0043116
0.00429066
0.00408886
0.00431151
0.00429008
0.00408743
0.00431405
0.00431402
0.00429537
0.00431405
0.00431402
0.00429739
0.00421274
0.00416248
0.00407746
0.00431155
0.00428958
0.00407882
0.0043117
0.00429024
0.00407965
0.00431178
0.00429071
0.00407981
0.00431195
0.00429172
0.00407872
0.00431218
0.00429156
0.00407098
0.0043125
0.00429379
0.00407425
0.00431399
0.00431126
0.00422494
0.0043113
0.00428899
0.00410237
0.00431133
0.00428909
0.00410388
0.00431157
0.00429044
0.00410535
0.00431076
0.00428515
0.004072
0.00431405
0.00431386
0.00428558
0.00431166
0.00429049
0.00408325
0.00431405
0.00431401
0.0042944
0.00431405
0.004314
0.00429141
0.0043116
0.00429005
0.00408096
0.00431149
0.00428921
0.00407841
0.00431164
0.00429034
0.00408085
0.00431169
0.00429071
0.00407946
0.00431405
0.00431384
0.00428216
0.00431397
0.00431121
0.0042359
0.00431398
0.00431141
0.00423829
0.00431403
0.00431269
0.0042566
0.00431402
0.00431256
0.00425432
0.00431217
0.00429316
0.0041051
0.00431209
0.00429264
0.00410407
0.00431175
0.00429088
0.00409712
0.00431167
0.00429059
0.00409349
0.00431178
0.00429109
0.00408167
0.00431166
0.00429044
0.00408283
0.00431176
0.00429098
0.00408173
0.00431199
0.00429189
0.00407844
0.00431222
0.00429197
0.00407135
0.00431255
0.00429422
0.00407553
0.00431405
0.00431357
0.00427365
0.00431405
0.00431358
0.00427539
0.00431398
0.0043108
0.00421712
0.00431398
0.0043109
0.00422277
0.00431398
0.00431077
0.00421437
0.0043115
0.00428982
0.004108
0.00431153
0.00429012
0.00410591
0.00431135
0.00428929
0.00408977
0.00431059
0.0042845
0.00407151
0.00431251
0.00429466
0.00407468
0.00431222
0.0042917
0.00407257
0.0043124
0.00429302
0.0040738
0.00431045
0.00428342
0.00407298
0.00431035
0.00428285
0.0040725
0.00431054
0.00428392
0.00407318
0.00431062
0.00428437
0.00407325
0.004314
0.0043119
0.00424244
0.00431251
0.0042944
0.00407289
0.00431255
0.00429478
0.0040731
0.00431397
0.00431116
0.00423149
0.00431402
0.00431251
0.00425009
0.00431394
0.00431059
0.00422439
0.00431391
0.00431009
0.0042113
0.00431391
0.00431008
0.00421346
0.00431389
0.00430979
0.00419699
0.00431389
0.00430974
0.00419834
0.00431391
0.00431011
0.00420952
0.00431391
0.00431015
0.00420821
0.00431387
0.00430937
0.00419487
0.00431387
0.00430932
0.0041929
0.00431235
0.00429411
0.00411034
0.0043124
0.00429443
0.00411128
0.00431277
0.00429683
0.00411954
0.00431274
0.00429672
0.00411796
0.00431282
0.00429721
0.00412116
0.00431289
0.00429779
0.00412282
0.00431231
0.00429398
0.00410726
0.00431199
0.00429209
0.00410214
0.00431172
0.00429077
0.0040958
0.00431201
0.00429254
0.00409976
0.00431177
0.00429126
0.00409413
0.00431218
0.0042917
0.00407156
0.00431243
0.00429374
0.00407291
0.00431405
0.00431354
0.00426847
0.00431405
0.00431355
0.0042703
0.00431404
0.00431322
0.00426187
0.00431127
0.0042892
0.00409545
0.0043112
0.00428876
0.00409569
0.00431144
0.00428975
0.00408899
0.00431136
0.00428964
0.00409537
0.00431126
0.004289
0.00409497
0.00431124
0.00428884
0.00409248
0.00431141
0.00428981
0.00409155
0.00431066
0.00428537
0.00407912
0.00431251
0.00429474
0.00407484
0.00431253
0.00429467
0.00407404
0.00431252
0.00429466
0.00407439
0.00431405
0.00431404
0.00430427
0.00431405
0.00431403
0.00429947
0.00431405
0.00431402
0.00429641
0.00431161
0.00429005
0.00407921
0.00431173
0.00429061
0.00408003
0.00431174
0.00429078
0.00408026
0.00431185
0.00429112
0.00407951
0.00431191
0.00429148
0.0040791
0.00431214
0.00429106
0.00407063
0.00431245
0.0042934
0.00407386
0.004314
0.00431146
0.004227
0.00431136
0.00428923
0.00410418
0.00431143
0.00428957
0.00410471
0.00431056
0.00428416
0.00407335
0.00431051
0.00428387
0.00407301
0.00431068
0.00428472
0.00407174
0.00431405
0.00431387
0.00428772
0.00431405
0.004314
0.00428998
0.00431165
0.00429048
0.00408364
0.00431164
0.0042904
0.00408387
0.00431254
0.00429468
0.00407376
0.00431255
0.0042947
0.00407342
0.00431157
0.00428989
0.00408129
0.00431154
0.0042898
0.00408167
0.00431142
0.00428879
0.00407795
0.00431145
0.00428895
0.00407808
0.00431397
0.00431118
0.00423352
0.004314
0.00431187
0.00424056
0.00431402
0.00431253
0.00425211
0.00431394
0.00431058
0.0042223
0.00431394
0.00431056
0.00421791
0.00431391
0.00431017
0.00421574
0.00431388
0.00430968
0.00420171
0.00431389
0.00430971
0.00419986
0.00431388
0.00430966
0.00420381
0.00431389
0.00430972
0.00420601
0.00431387
0.0043093
0.00419016
0.00431259
0.00429568
0.00411385
0.00431248
0.00429493
0.00411249
0.00431271
0.00429656
0.00411526
0.00431275
0.00429676
0.00411671
0.00431309
0.00429936
0.0041277
0.00431311
0.00429954
0.00412936
0.00431309
0.00429935
0.00412626
0.00431301
0.0042987
0.00412452
0.00431231
0.00429409
0.00410616
0.00431203
0.00429229
0.00410308
0.00431173
0.00429078
0.00409646
0.00431191
0.0042918
0.00409933
0.0043117
0.00429078
0.00409369
0.00431171
0.0042907
0.00408242
0.00431173
0.00429085
0.00408202
0.00431201
0.00429192
0.00407841
0.00431216
0.0042916
0.00407141
0.00431254
0.00429454
0.00407582
0.00431405
0.00431359
0.00427755
0.00431404
0.00431293
0.00425829
0.00431404
0.00431322
0.00426041
0.00431404
0.00431291
0.00425626
0.00431404
0.0043129
0.00425381
0.00431398
0.00431079
0.00421862
0.00431398
0.00431081
0.00422059
0.00431147
0.00428971
0.00410721
0.00431148
0.00428981
0.00410644
0.00431139
0.00428947
0.00408938
0.00431121
0.0042887
0.00409426
0.00431123
0.00428877
0.00409457
0.0043112
0.00428861
0.00409273
0.00431122
0.00428871
0.00409415
0.00431138
0.00428954
0.00409146
0.00431059
0.00428488
0.00407181
0.00431405
0.00431404
0.00430666
)
;

boundaryField
{
    topAndBottom
    {
        type            calculated;
        value           nonuniform List<scalar> 
72
(
0.00431405
0.00431405
0.00431405
0.00431405
0.00431405
0.00431405
0.00431405
0.00431405
0.00431405
0.00431405
0.00431405
0.00431405
0.00431405
0.00431405
0.00431405
0.00431405
0.00431405
0.00431405
0.00431405
0.00431405
0.00431405
0.00431405
0.00431405
0.00431405
0.00431405
0.00431405
0.00431405
0.00431405
0.00431405
0.00431405
0.00431405
0.00431405
0.00431405
0.00431405
0.00431405
0.00431405
0.00431405
0.00431405
0.00431405
0.00431405
0.00431405
0.00431405
0.00431405
0.00431405
0.00431405
0.00431405
0.00431405
0.00431405
0.00431405
0.00431405
0.00431405
0.00431405
0.00431405
0.00431405
0.00431405
0.00431405
0.00431405
0.00431405
0.00431405
0.00431405
0.00431405
0.00431405
0.00431405
0.00431405
0.00431405
0.00431405
0.00431405
0.00431405
0.00431405
0.00431405
0.00431405
0.00431405
)
;
    }
    inlet
    {
        type            calculated;
        value           uniform 0.00431405;
    }
    outlet
    {
        type            calculated;
        value           nonuniform List<scalar> 
24
(
0.00431405
0.00431405
0.00431405
0.00431405
0.00431405
0.00431405
0.00431405
0.00431405
0.00431405
0.00431405
0.00431401
0.00431249
0.00431268
0.00431405
0.00431405
0.00431405
0.00431405
0.00431405
0.00431405
0.00431405
0.00431405
0.00431405
0.00431405
0.00431405
)
;
    }
    wing
    {
        type            calculated;
        value           uniform 0.00256758;
    }
    front
    {
        type            empty;
    }
    back
    {
        type            empty;
    }
}


// ************************************************************************* //
