/*--------------------------------*- C++ -*----------------------------------*\
| =========                 |                                                 |
| \\      /  F ield         | OpenFOAM: The Open Source CFD Toolbox           |
|  \\    /   O peration     | Version:  5.x                                   |
|   \\  /    A nd           | Web:      www.OpenFOAM.org                      |
|    \\/     M anipulation  |                                                 |
\*---------------------------------------------------------------------------*/
FoamFile
{
    version     2.0;
    format      ascii;
    class       volScalarField;
    location    "500";
    object      massFlux;
}
// * * * * * * * * * * * * * * * * * * * * * * * * * * * * * * * * * * * * * //

dimensions      [0 0 0 0 0 0 0];

internalField   nonuniform List<scalar> 
6584
(
0.0241652
0.0241651
0.0241651
0.0241652
0.0241652
0.0241652
0.0241652
0.0241652
0.0241652
0.0241652
0.0241652
0.0241652
0.0241652
0.0241652
0.0241652
0.0241652
0.0241652
0.0241652
0.0241652
0.0241652
0.0241651
0.0241651
0.0241651
0.0241651
0.0241388
0.0241388
0.0241388
0.0241388
0.0241388
0.0241389
0.0241389
0.024139
0.024139
0.024139
0.024139
0.024139
0.024139
0.024139
0.024139
0.024139
0.024139
0.0241389
0.0241389
0.0241389
0.0241388
0.0241388
0.0241388
0.0241387
0.0241124
0.0241124
0.0241124
0.0241124
0.0241124
0.0241125
0.0241126
0.0241127
0.0241128
0.0241259
0.0241259
0.0241259
0.0241259
0.0241259
0.0241259
0.0241128
0.0241127
0.0241126
0.0241126
0.0241125
0.0241125
0.0241125
0.0241124
0.0241124
0.024086
0.0240861
0.0240861
0.0240861
0.0240861
0.0240862
0.0240863
0.0240864
0.0240865
0.0240996
0.0240996
0.0240995
0.0240995
0.0240996
0.0240996
0.0240997
0.0240864
0.0240863
0.0240863
0.0240862
0.0240862
0.0240861
0.0240861
0.024086
0.0240597
0.0240597
0.0240598
0.0240598
0.0240598
0.0240599
0.0240599
0.0240599
0.0240732
0.0240733
0.0240731
0.024073
0.024073
0.0240731
0.0240733
0.0240733
0.0240733
0.0240602
0.02406
0.0240599
0.0240599
0.0240598
0.0240597
0.0240597
0.0240334
0.0240334
0.0240334
0.0240335
0.0240335
0.0240336
0.0240337
0.0240467
0.0240467
0.0240466
0.0240531
0.0240528
0.0240528
0.0240531
0.0240468
0.0240471
0.0240471
0.0240341
0.0240338
0.0240337
0.0240336
0.0240335
0.0240334
0.0240334
0.0240071
0.0240071
0.0240071
0.0240072
0.0240073
0.0240074
0.0240075
0.0240205
0.0240204
0.0240202
0.024026
0.0240288
0.0240284
0.0240259
0.0240271
0.024021
0.0240211
0.0240081
0.0240077
0.0240075
0.0240074
0.0240073
0.0240072
0.0240071
0.0239807
0.0239808
0.0239808
0.0239809
0.023981
0.0239812
0.0239814
0.0239944
0.0239942
0.0239942
0.0239995
0.0240007
0.024002
0.0240012
0.0239954
0.0239953
0.0239823
0.0239817
0.0239814
0.0239812
0.023981
0.0239809
0.0239808
0.0239545
0.0239545
0.0239546
0.0239547
0.0239548
0.023955
0.0239554
0.0239683
0.0239684
0.0239687
0.0239739
0.023975
0.0239769
0.0239761
0.0239702
0.0239697
0.0239565
0.0239557
0.0239553
0.023955
0.0239548
0.0239546
0.0239545
0.0239282
0.0239282
0.0239283
0.0239285
0.0239287
0.0239289
0.0239294
0.0239424
0.0239426
0.0239433
0.0239489
0.0239511
0.0239539
0.0239519
0.0239452
0.0239443
0.0239308
0.0239298
0.0239292
0.0239289
0.0239286
0.0239284
0.0239282
0.0239019
0.0239019
0.0239021
0.0239022
0.0239025
0.0239028
0.0239034
0.0239165
0.0239169
0.023918
0.0239241
0.0239272
0.0239312
0.0239278
0.0239203
0.0239189
0.023905
0.0239039
0.0239032
0.0239027
0.0239024
0.0239021
0.0239019
0.0238756
0.0238757
0.0238758
0.023876
0.0238763
0.0238767
0.0238773
0.0238905
0.0238912
0.0238924
0.023899
0.0239026
0.0239076
0.0239033
0.0238951
0.0238935
0.0238792
0.0238779
0.0238771
0.0238765
0.0238761
0.0238758
0.0238756
0.0238493
0.0238494
0.0238496
0.0238498
0.0238501
0.0238506
0.0238513
0.0238645
0.0238653
0.0238666
0.0238733
0.0238769
0.0238824
0.023878
0.0238697
0.0238678
0.0238533
0.0238519
0.023851
0.0238503
0.0238498
0.0238495
0.0238493
0.023823
0.0238231
0.0238233
0.0238236
0.0238239
0.0238244
0.0238251
0.0238256
0.0238391
0.0238403
0.0238467
0.0238493
0.017718
0.0238523
0.0238521
0.0238439
0.023842
0.0238273
0.0238258
0.0238248
0.023824
0.0238235
0.0238232
0.0238229
0.0237967
0.0237969
0.023797
0.0237973
0.0237977
0.0237982
0.0237988
0.0237991
0.0238125
0.0238137
0.0238201
0.0238193
0.0222881
0.0238257
0.0238187
0.0238177
0.0238021
0.023801
0.0237994
0.0237985
0.0237978
0.0237972
0.0237968
0.0237965
0.0237704
0.0237706
0.0237708
0.0237711
0.0237715
0.0237719
0.0237724
0.0237728
0.0237862
0.0237874
0.0237873
0.0237927
0.0223953
0.0237926
0.0237924
0.0237915
0.0237759
0.0237747
0.0237731
0.0237721
0.0237713
0.0237707
0.0237704
0.02377
0.0237441
0.0237443
0.0237445
0.0237448
0.0237452
0.0237456
0.0237461
0.0237466
0.0237473
0.0237612
0.0237611
0.0237384
0.023107
0.0237661
0.023766
0.0237652
0.0237495
0.0237483
0.0237467
0.0237456
0.0237448
0.0237442
0.0237439
0.0237435
0.0237178
0.023718
0.0237182
0.0237185
0.0237189
0.0237192
0.0237198
0.0237204
0.0237211
0.0237217
0.0237349
0.0236996
0.0230981
0.0237397
0.0237266
0.0237247
0.0237232
0.0237219
0.0237202
0.0237192
0.0237183
0.0237177
0.0237173
0.0237169
0.0236915
0.0236917
0.0236919
0.0236922
0.0236926
0.0236929
0.0236936
0.0236942
0.0236949
0.0236955
0.0236918
0.0229425
0.0233939
0.0237005
0.0237002
0.0236984
0.0236968
0.0236955
0.0236938
0.0236927
0.0236918
0.0236912
0.0236908
0.0236903
0.0236652
0.0236654
0.0236656
0.023666
0.0236664
0.0236667
0.0236674
0.023668
0.0236688
0.0236693
0.0236626
0.0229202
0.0233697
0.0236741
0.0236739
0.023672
0.0236704
0.0236691
0.0236673
0.0236662
0.0236653
0.0236646
0.0236642
0.0236638
0.0236389
0.0236391
0.0236393
0.0236397
0.0236401
0.0236405
0.0236412
0.0236419
0.0236427
0.0236432
0.0236335
0.0228976
0.0233453
0.0236478
0.0236476
0.0236457
0.0236439
0.0236426
0.0236408
0.0236397
0.0236388
0.0236381
0.0236377
0.0236372
0.0236126
0.0236128
0.023613
0.0236134
0.0236139
0.0236142
0.023615
0.0236157
0.0236166
0.023617
0.0236047
0.0228748
0.0233207
0.0236215
0.0236213
0.0236194
0.0236175
0.0236162
0.0236144
0.0236131
0.0236122
0.0236115
0.0236111
0.0236106
0.0235863
0.0235865
0.0235867
0.0235871
0.0235876
0.023588
0.0235889
0.0235896
0.0235905
0.0235909
0.0235759
0.0228519
0.0232958
0.0235953
0.023595
0.0235931
0.0235911
0.0235897
0.0235879
0.0235866
0.0235857
0.0235849
0.0235845
0.023584
0.02356
0.0235602
0.0235605
0.0235609
0.0235614
0.0235618
0.0235627
0.0235635
0.0235644
0.0235648
0.0235473
0.0228288
0.0232708
0.023569
0.0235687
0.0235668
0.0235647
0.0235633
0.0235613
0.0235601
0.0235591
0.0235584
0.0235579
0.0235573
0.0235337
0.0235339
0.0235342
0.0235346
0.0235351
0.0235356
0.0235366
0.0235374
0.0235384
0.0235387
0.0235189
0.0228056
0.0232458
0.0235428
0.0235424
0.0235405
0.0235383
0.0235368
0.0235348
0.0235335
0.0235325
0.0235318
0.0235313
0.0235307
0.0235074
0.0235076
0.0235079
0.0235084
0.0235089
0.0235094
0.0235104
0.0235113
0.0235123
0.0235126
0.0234903
0.0227825
0.0232207
0.0235165
0.0235162
0.0235142
0.023512
0.0235104
0.0235083
0.023507
0.023506
0.0235052
0.0235047
0.0235041
0.0234811
0.0234814
0.0234817
0.0234821
0.0234827
0.0234833
0.0234843
0.0234852
0.0234863
0.0234865
0.0234616
0.0227596
0.0231957
0.0234904
0.02349
0.0234879
0.0234856
0.023484
0.0234819
0.0234805
0.0234794
0.0234786
0.0234781
0.0234775
0.0234548
0.0234551
0.0234554
0.0234559
0.0234565
0.0234571
0.0234581
0.0234591
0.0234603
0.0234604
0.023433
0.0227365
0.0231707
0.0234642
0.0234638
0.0234617
0.0234593
0.0234576
0.0234554
0.023454
0.0234529
0.0234521
0.0234515
0.023451
0.0234286
0.0234288
0.0234292
0.0234296
0.0234303
0.0234309
0.023432
0.023433
0.0234343
0.0234344
0.0234044
0.0227135
0.0231457
0.023438
0.0234376
0.0234354
0.0234329
0.0234311
0.023429
0.0234275
0.0234264
0.0234255
0.0234249
0.0234244
0.0234023
0.0234026
0.0234029
0.0234034
0.0234041
0.0234047
0.0234059
0.023407
0.0234083
0.0234083
0.023376
0.0226903
0.0231206
0.0234118
0.0234114
0.0234092
0.0234066
0.0234047
0.0234025
0.023401
0.0233998
0.0233989
0.0233984
0.0233978
0.023376
0.0233763
0.0233767
0.0233772
0.0233779
0.0233786
0.0233798
0.0233809
0.0233823
0.0233822
0.0233476
0.0226671
0.0230954
0.0233857
0.0233853
0.0233829
0.0233803
0.0233783
0.023376
0.0233745
0.0233733
0.0233724
0.0233718
0.0233712
0.0233498
0.02335
0.0233504
0.023351
0.0233517
0.0233524
0.0233538
0.0233549
0.0233563
0.0233561
0.0233193
0.0226439
0.0230703
0.0233595
0.0233591
0.0233567
0.0233539
0.0233519
0.0233495
0.023348
0.0233467
0.0233458
0.0233452
0.0233446
0.0233235
0.0233238
0.0233242
0.0233247
0.0233255
0.0233263
0.0233277
0.0233289
0.0233304
0.0233301
0.0232909
0.0226206
0.0230451
0.0233333
0.0233329
0.0233304
0.0233276
0.0233255
0.0233231
0.0233215
0.0233202
0.0233192
0.0233186
0.023318
0.0232973
0.0232976
0.023298
0.0232985
0.0232993
0.0233002
0.0233016
0.0233029
0.0233044
0.023304
0.0232626
0.0225974
0.0230199
0.0233072
0.0233067
0.0233042
0.0233012
0.0232991
0.0232966
0.0232949
0.0232936
0.0232926
0.023292
0.0232914
0.023271
0.0232713
0.0232718
0.0232723
0.0232731
0.0232741
0.0232756
0.0232769
0.0232784
0.0232779
0.0232343
0.0225741
0.0229947
0.023281
0.0232805
0.0232779
0.0232749
0.0232727
0.0232701
0.0232684
0.023267
0.023266
0.0232654
0.0232648
0.0232448
0.0232451
0.0232455
0.0232461
0.023247
0.023248
0.0232495
0.0232509
0.0232525
0.0232518
0.0232059
0.0225508
0.0229695
0.0232549
0.0232543
0.0232517
0.0232485
0.0232462
0.0232436
0.0232419
0.0232405
0.0232395
0.0232388
0.0232382
0.0239781
0.0239796
0.0240013
0.023954
0.0239567
0.0239767
0.0239302
0.0239342
0.0239539
0.0239058
0.0239108
0.0239313
0.0238802
0.0238859
0.0239077
0.0238528
0.0171384
0.0174205
0.0238595
0.0238826
0.0240041
0.0240283
0.0240046
0.024029
0.0239802
0.0239785
0.0240014
0.0239883
0.0240004
0.0239799
0.0239819
0.0240006
0.0239552
0.0239542
0.0239754
0.023966
0.023956
0.0239729
0.0239389
0.0239713
0.0239567
0.0239578
0.0239758
0.0239303
0.0239302
0.0239512
0.0239421
0.0239091
0.0239225
0.0236404
0.0238038
0.0239341
0.023934
0.0239518
0.0239053
0.0239057
0.0239272
0.0239181
0.0238974
0.0239018
0.0238363
0.0237081
0.0239106
0.0239098
0.023928
0.0238814
0.0238883
0.0238857
0.0238849
0.0239036
0.0238676
0.0238762
0.0238259
0.0190053
0.0171652
0.021041
0.0238323
0.0238559
0.023975
0.023987
0.0239875
0.0239865
0.0239715
0.0240003
0.0239881
0.0239727
0.0239875
0.0239885
0.0239872
0.0239753
0.0239256
0.0239525
0.023963
0.0239279
0.0238419
0.023968
0.0239326
0.0238152
0.0239373
0.0239652
0.0239503
0.0239127
0.0239741
0.0239516
0.023968
0.0239024
0.0239081
0.0239392
0.023817
0.0238435
0.0238382
0.023816
0.0237032
0.023632
0.0239427
0.0238902
0.0238915
0.0239115
0.0238915
0.0239455
0.0238197
0.0238409
0.0238454
0.023816
0.0238874
0.0238435
0.0239197
0.0239017
0.0239028
0.0238916
0.0239011
0.0239226
0.0238541
0.0238547
0.0238431
0.0238534
0.0238772
0.0238813
0.0239019
0.023894
0.0238985
0.0238483
0.0238255
0.0238543
0.0238494
0.0238543
0.023866
0.0239907
0.0239886
0.024001
0.0239913
0.0239991
0.0238798
0.0238801
0.0239025
0.0238931
0.0238838
0.0238908
0.0234914
0.0232857
0.0238593
0.0238592
0.0238785
0.0239995
0.0239917
0.0240011
0.0239888
0.0239916
0.0238916
0.0238967
0.023915
0.0169203
0.0181732
0.0218527
0.0223575
0.0182466
0.0196851
0.0232456
0.0228643
0.0238954
0.0238928
0.023883
0.0224183
0.0227285
0.0238815
0.0238705
0.0238729
0.0240151
0.0240137
0.0240022
0.0240023
0.0240138
0.0240152
0.0239902
0.0239933
0.0239908
0.0239997
0.0239918
0.023995
0.0239516
0.0239579
0.0237389
0.0237464
0.0237932
0.023778
0.0238806
0.0228666
0.0238912
0.0236452
0.0235143
0.0235377
0.0236575
0.0238728
0.0238855
0.0239813
0.0236756
0.0239515
0.0236129
0.0239793
0.0239595
0.0239912
0.0239932
0.0239893
0.0239139
0.0239803
0.0239813
0.0238791
0.0238737
0.023957
0.0239544
0.0238667
0.0238732
0.02392
0.0239602
0.0239646
0.0239546
0.0239588
0.0239191
0.0239646
0.0239719
0.0239764
0.023966
0.0239704
0.0239619
0.0238301
0.0238315
0.0238192
0.0238175
0.0235207
0.0235371
0.0238795
0.0239381
0.0239422
0.0239327
0.0239368
0.0238787
0.0239036
0.023949
0.0239532
0.0239436
0.0239477
0.0239025
0.0170294
0.0238301
0.0183725
0.0169846
0.0199228
0.0184635
0.023833
0.0237996
0.017124
0.0238036
0.0238756
0.0238727
0.0238961
0.0239272
0.0239313
0.0239216
0.0239258
0.0238975
0.0210627
0.0217441
0.0238487
0.0211389
0.0200275
0.0220384
0.0212627
0.0238502
0.0198304
0.020948
0.0238796
0.023297
0.0235143
0.022911
0.0232528
0.0238802
0.0227699
0.0227024
0.0228086
0.0181843
0.0227639
0.0226596
0.0190934
0.0236433
0.0236572
0.0239974
0.0238536
0.0238529
0.0238768
0.0238671
0.0238634
0.0238728
0.0206044
0.0238293
0.0238474
0.0239974
0.0238737
0.0238827
0.0238899
0.0180112
0.0181333
0.0162641
0.0226696
0.0226513
0.0183586
0.0187547
0.0235955
0.0236396
0.0135621
0.0240066
0.0240071
0.0240006
0.0240003
0.0240071
0.0240067
0.0239642
0.0239695
0.0239649
0.0239418
0.0239402
0.0239654
0.0239133
0.0239454
0.023941
0.0239513
0.0239469
0.0239152
0.0236892
0.0237818
0.0238182
0.0237196
0.022142
0.021827
0.0238716
0.02367
0.0237497
0.0237919
0.0237828
0.0187634
0.0239949
0.0239925
0.0240001
0.0239759
0.0239575
0.0239446
0.0239825
0.023984
0.0239888
0.0239779
0.0239825
0.0239808
0.0239362
0.0239573
0.0239528
0.0239634
0.0239588
0.0239401
0.0239061
0.0230258
0.0235598
0.0226907
0.0227645
0.0238544
0.0236144
0.023674
0.023943
0.0238361
0.0238964
0.0239335
0.0239602
0.0239618
0.0239501
0.0239525
0.0239155
0.0239396
0.0239352
0.0239053
0.0238238
0.0225618
0.022274
0.0238285
0.0225849
0.0226706
0.0222206
0.0222608
0.0238144
0.0236303
0.0235751
0.0238844
0.0239365
0.0239383
0.0239276
0.0239312
0.0238868
0.0239084
0.0239471
0.0239493
0.0239389
0.0239409
0.0238966
0.0238834
0.0235242
0.0236046
0.0234181
0.0233714
0.0238582
0.0239062
0.0239158
0.0239201
0.0239098
0.0239144
0.0239054
0.0238552
0.0225694
0.0221197
0.0230318
0.0229008
0.0238552
0.0199473
0.0201459
0.0238527
0.0231765
0.0230722
0.0197031
0.019889
0.0225287
0.0222251
0.0239944
0.0239974
0.0239956
0.0218084
0.023416
0.0219566
0.0221333
0.0220581
0.0233895
0.0239961
0.0239947
0.0239981
0.0239932
0.023995
0.0170932
0.0174981
0.0182097
0.0180704
0.0220952
0.0188576
0.0187077
0.0192557
0.0189031
0.02216
0.018636
0.0189138
0.0231049
0.0230406
0.0225728
0.0198168
0.0194469
0.0187975
0.0190134
0.0239869
0.0239898
0.0239927
0.0239856
0.0239888
0.0239854
0.0239429
0.023964
0.0236973
0.023774
0.0238138
0.0237276
0.0229568
0.0236388
0.0235815
0.0236983
0.0236567
0.0229392
0.0234486
0.0233932
0.0235636
0.0234798
0.0235995
0.0226158
0.0228087
0.0222676
0.0225208
0.0235803
0.0216575
0.0217474
0.0238135
0.0239739
0.0239629
0.0239846
0.0239771
0.0238487
0.0238989
0.0238748
0.0239551
0.0239088
0.0239834
0.0239895
0.0239861
0.0239808
0.0239737
0.0239734
0.0239603
0.023977
0.0239653
0.0239797
0.0239845
0.0239681
0.0239778
0.0239841
0.0239806
0.0239748
0.0228649
0.0229485
0.023898
0.02208
0.0217276
0.0230887
0.0221503
0.0212292
0.02091
0.021621
0.0213728
0.0238591
0.0227914
0.0228453
0.0235569
0.0234421
0.023862
0.0236514
0.0233137
0.0232034
0.0234215
0.0233432
0.023946
0.023688
0.0237278
0.0238432
0.0238926
0.0239566
0.0239592
0.0239267
0.0239165
0.0239533
0.0239557
0.0226469
0.0226121
0.0238257
0.0206326
0.0206592
0.0191839
0.0204561
0.0205601
0.0209949
0.0206345
0.0205633
0.0224606
0.022557
0.0238257
0.0204004
0.0200694
0.0208381
0.0205002
0.0194322
0.0191033
0.0199383
0.0195952
0.0238152
0.0223093
0.0224219
0.0235795
0.023561
0.0239341
0.0239358
0.023883
0.0238832
0.0239318
0.0239334
0.0239442
0.0239463
0.0239073
0.0238979
0.0239415
0.0239435
0.0171772
0.0176129
0.0227446
0.0229238
0.0225047
0.0226802
0.0171388
0.019356
0.0231575
0.0228756
0.0229723
0.0231138
0.019053
0.0216733
0.02179
0.0212409
0.0216294
0.0175319
0.0222635
0.022455
0.0218521
0.0221623
0.0175271
0.0234541
0.0235045
0.0238819
0.0232378
0.0233414
0.0233672
0.0232323
0.0233404
0.0238616
0.02334
0.023411
0.0213475
0.0179323
0.0179432
0.0185874
0.0179856
0.0214454
0.0182176
0.0202596
0.0179481
0.0204454
0.0230901
0.0237448
0.023711
0.0237845
0.023756
0.0231196
0.0226182
0.0226746
0.0202372
0.0204544
0.019171
0.0196216
0.0227411
0.0225993
0.0240053
0.024007
0.0240267
0.0238696
0.0238675
0.0238571
0.0240027
0.0240031
0.023999
0.0239984
0.0240029
0.0240027
0.024015
0.0240144
0.024003
0.0239757
0.023971
0.0239666
0.0239399
0.0239011
0.0238953
0.0236531
0.0237962
0.0239278
0.0239234
0.0238998
0.0235354
0.0235082
0.0237114
0.0236222
0.0236628
0.0238901
0.0239804
0.023982
0.0239772
0.0239314
0.0239471
0.0239744
0.0239856
0.023982
0.0239849
0.0239655
0.0238529
0.0239244
0.0238221
0.0238893
0.0238819
0.0239331
0.0239342
0.023935
0.0239136
0.0239636
0.0239653
0.0239548
0.0239045
0.0239337
0.0239293
0.0227892
0.022673
0.0238377
0.023694
0.0235711
0.0235613
0.0236236
0.0238889
0.0239216
0.0239222
0.0239105
0.0239326
0.0239334
0.0239228
0.0239234
0.0238929
0.023792
0.0229656
0.0228472
0.0238915
0.0239253
0.0239265
0.0238988
0.0239037
0.0239082
0.0180467
0.0180482
0.0232851
0.0232072
0.0238519
0.0180586
0.01805
0.0237564
0.0237708
0.0238614
0.0239921
0.0239919
0.0168438
0.0170348
0.0171185
0.0180702
0.0183254
0.0168586
0.0169441
0.0181013
0.0178944
0.0194908
0.0225771
0.0225207
0.0229237
0.0201213
0.0198836
0.0226151
0.0240081
0.0240075
0.0240009
0.0239885
0.0239892
0.0239902
0.0239914
0.023982
0.0239835
0.0239937
0.0239967
0.023995
0.0239301
0.023927
0.0239471
0.023961
0.0239513
0.0239457
0.023719
0.0237539
0.0235971
0.0236164
0.0238029
0.0237591
0.0235134
0.0235575
0.0230261
0.0230365
0.0232643
0.0232325
0.0228677
0.023059
0.0230835
0.0238905
0.0236789
0.0237228
0.0238598
0.0237429
0.023898
0.023879
0.0239724
0.0239647
0.0239346
0.0233477
0.0232524
0.0238309
0.0236918
0.0234945
0.0239922
0.0239905
0.0239864
0.0239868
0.0239798
0.0239839
0.0239361
0.0239753
0.0239793
0.0237411
0.0238104
0.0239637
0.0231302
0.0230145
0.0238601
0.0238796
0.0239704
0.0239721
0.023969
0.0239559
0.0239669
0.0239687
0.0238361
0.0226594
0.0226455
0.0235199
0.023545
0.0239281
0.0239288
0.0239048
0.0239007
0.0239267
0.0239274
0.0171355
0.0182586
0.020218
0.0203392
0.018915
0.01902
0.016859
0.02305
0.0229879
0.0237958
0.0175261
0.0173549
0.0183962
0.0184153
0.0172704
0.0187989
0.0188528
0.0172241
0.0172646
0.023923
0.0239241
0.023892
0.0238993
0.0239207
0.0239218
0.0206077
0.0230625
0.0231211
0.0229387
0.0230006
0.0204187
0.023398
0.0237634
0.023792
0.0237822
0.0237734
0.0234315
0.022985
0.0233479
0.023305
0.0226672
0.0225975
0.0227797
0.0184182
0.018551
0.0186126
0.0181295
0.0228581
0.0205773
0.0202388
0.020865
0.0206589
0.0226136
0.0217199
0.0217427
0.0228609
0.0230233
0.0236863
0.0239965
0.0239975
0.0239955
0.0179663
0.0179898
0.0202084
0.0201834
0.0160311
0.0185796
0.0182006
0.018188
0.0181197
0.0181683
0.0186935
0.013689
0.022696
0.0227391
0.0240039
0.0240033
0.0239989
0.0239122
0.0239067
0.0239408
0.0239302
0.0239468
0.0239589
0.0239406
0.0239442
0.023673
0.0237889
0.0234045
0.0234351
0.0234333
0.0234019
0.0237148
0.0234882
0.023476
0.0220708
0.0215976
0.0215926
0.0216569
0.021646
0.0219814
0.0239541
0.0239665
0.0239676
0.0239633
0.0239653
0.0239505
0.023829
0.0239228
0.0238749
0.0238583
0.0239146
0.0239358
0.0239367
0.0235699
0.023576
0.0236741
0.0235954
0.0239204
0.023921
0.0238864
0.0239311
0.0239318
0.0239095
0.023895
0.023924
0.0239247
0.023422
0.023523
0.0234804
0.0235581
0.023545
0.0234131
0.018059
0.0180958
0.0181035
0.0180742
0.0197693
0.0187866
0.0187363
0.0217428
0.0217359
0.0224361
0.0218571
0.0219822
0.02163
0.0217282
0.0223285
0.0239939
0.0239931
0.0239934
0.0239938
0.0239966
0.0239969
0.023998
0.0239948
0.0239956
0.0239956
0.021922
0.022714
0.0226641
0.0228524
0.0227807
0.0219847
0.0222496
0.0224801
0.0223794
0.0226239
0.0225722
0.0221706
0.0239955
0.0239962
0.023995
0.0239897
0.0239866
0.0239936
0.0239925
0.0168569
0.0178777
0.0171701
0.0171349
0.0181745
0.0181264
0.0197145
0.0198097
0.0187741
0.0168654
0.0168043
0.0184423
0.0173565
0.0173452
0.0173024
0.019223
0.0175176
0.0171225
0.0226387
0.0227314
0.0231609
0.0224064
0.0224313
0.0223371
0.0223567
0.0229779
0.0224996
0.0225411
0.0188416
0.0180207
0.0180675
0.0180166
0.0179951
0.018906
0.0239882
0.0239892
0.0239881
0.0239826
0.0239846
0.0239871
0.0239079
0.0239445
0.0239228
0.0239175
0.0239308
0.0239354
0.0239206
0.023926
0.0237056
0.0237618
0.0234694
0.0234798
0.0234464
0.0234584
0.0238092
0.0236265
0.0236334
0.0234733
0.0234873
0.0237409
0.0234803
0.0231116
0.0230467
0.0229013
0.0232059
0.0231715
0.0234256
0.0231123
0.0231035
0.0232102
0.0231543
0.0234094
0.023542
0.0232624
0.0232958
0.0231392
0.0232036
0.0235133
0.0230909
0.0223515
0.0229659
0.0229157
0.0216022
0.0216506
0.0238
0.0239144
0.0239063
0.0237785
0.0238785
0.023945
0.0239269
0.0235004
0.023422
0.0237423
0.0237607
0.0238836
0.0236551
0.0235806
0.0239589
0.0239687
0.0239839
0.0239764
0.0239455
0.0239075
0.0239442
0.0239709
0.0239753
0.023977
0.0239693
0.0239719
0.0239624
0.0239511
0.0239621
0.0239811
0.0239778
0.0239752
0.0239828
0.0239792
0.0239827
0.0239706
0.0239728
0.0239675
0.0239731
0.0219911
0.0218506
0.0228219
0.0215865
0.0217155
0.0213143
0.0222154
0.0211051
0.0209991
0.0215302
0.0214553
0.0234991
0.0229757
0.0231012
0.0227288
0.0228471
0.0234657
0.023838
0.0236542
0.0237125
0.0231772
0.0235183
0.0237802
0.0229048
0.0226899
0.0232845
0.0220263
0.0221288
0.021859
0.0219406
0.0232524
0.0234009
0.0225369
0.0226255
0.0222477
0.0223841
0.0233729
0.0238535
0.0238874
0.0206905
0.0193571
0.019543
0.0189741
0.0191561
0.0206826
0.0195294
0.0196289
0.0196099
0.0200261
0.0206255
0.017986
0.0181638
0.0183378
0.018014
0.02077
0.0206105
0.0186581
0.0188086
0.0183633
0.0185232
0.020587
0.0203203
0.0202234
0.0207618
0.0206203
0.0192896
0.0191634
0.0198289
0.01974
0.0235424
0.0235526
0.023906
0.0239295
0.0239303
0.0239253
0.023926
0.0238992
0.017207
0.0197888
0.020044
0.0180455
0.0168631
0.0192067
0.0194839
0.0178893
0.0177028
0.0217088
0.0195501
0.0195599
0.021439
0.0192862
0.0188391
0.0195522
0.0194815
0.0215607
0.0183035
0.0180883
0.0184945
0.0187022
0.0174203
0.0175461
0.0180464
0.0234767
0.0236783
0.0236625
0.0237012
0.0236901
0.0234906
0.0232728
0.0233207
0.0233183
0.0232318
0.0232296
0.0232647
0.0233351
0.023589
0.0235709
0.0236403
0.0236138
0.0233643
0.0179242
0.0187238
0.0188187
0.0185726
0.0186495
0.017933
0.0183631
0.0193848
0.0195778
0.0189621
0.0191626
0.0181365
0.0181727
0.0173232
0.0174476
0.0173161
0.0172991
0.0179372
0.0183008
0.0184695
0.0177028
0.0180021
0.017879
0.0234123
0.0233846
0.0230521
0.02261
0.02274
0.0181971
0.0183716
0.0193493
0.0183486
0.0181393
0.0186696
0.0185562
0.0195075
0.0181556
0.0181361
0.0217189
0.0217159
0.0240598
0.0240597
0.0240731
0.0240596
0.0240595
0.0240729
0.0240595
0.0240596
0.024073
0.0240597
0.02406
0.0240732
0.0240333
0.0240331
0.0240465
0.0240328
0.0240325
0.024053
0.0240322
0.0240319
0.0240527
0.024032
0.0240325
0.0240528
0.0240328
0.0240333
0.0240533
0.0240337
0.0240339
0.0240469
0.0240072
0.0240066
0.0240264
0.0240061
0.0240048
0.0240256
0.0240181
0.0240178
0.0240287
0.0240171
0.0240175
0.0240284
0.0240191
0.0240195
0.0240261
0.0240076
0.0240082
0.024021
0.0239814
0.0239807
0.024
0.023993
0.0239929
0.0239994
0.0239973
0.023997
0.0240004
0.0239922
0.0239936
0.0240032
0.0239823
0.0239831
0.0239956
0.023956
0.0239555
0.0239743
0.0239676
0.0239676
0.0239738
0.023972
0.023972
0.023975
0.0239681
0.0239692
0.0239782
0.0239579
0.0239583
0.0239707
0.0239307
0.0239305
0.0239492
0.0239428
0.023943
0.0239491
0.0239481
0.0239482
0.0239511
0.0239454
0.0239458
0.0239545
0.0239339
0.0239337
0.023946
0.0239052
0.0239054
0.0239243
0.0239179
0.0239183
0.0239245
0.0239242
0.0239244
0.0239274
0.0239225
0.0239222
0.0239311
0.0239095
0.0239089
0.0239214
0.0238796
0.0238798
0.023899
0.0238995
0.0238996
0.0239028
0.0238984
0.0238975
0.0239068
0.0238844
0.0238837
0.0238964
0.0238536
0.0238537
0.0238733
0.0238726
0.0238725
0.0238789
0.0238587
0.0238581
0.023871
0.0238269
0.0238264
0.0238397
0.0238267
0.0238261
0.0238461
0.0238392
0.0238339
0.023844
0.0185616
0.0234951
0.0235245
0.0238324
0.0238329
0.0238527
0.023832
0.0238322
0.0238452
0.0238006
0.0238002
0.0238133
0.0238005
0.0237996
0.0238195
0.0237993
0.0207095
0.0206368
0.0223717
0.0238054
0.0238256
0.0238056
0.0238064
0.0238259
0.0238055
0.0238058
0.0238189
0.0237742
0.0237737
0.0237869
0.0237592
0.0221942
0.0207303
0.0231105
0.0237776
0.0237986
0.0237794
0.02378
0.0237931
0.0239781
0.0239812
0.0239812
0.0239825
0.0239836
0.0239788
0.0240011
0.0239978
0.023998
0.0239541
0.023957
0.023957
0.0239595
0.0239596
0.0239553
0.0239772
0.0239727
0.0239738
0.0239304
0.0239334
0.0239332
0.023937
0.0239374
0.0239333
0.023954
0.0239498
0.0239511
0.0239059
0.023909
0.0239089
0.0239138
0.0239146
0.0239102
0.0239319
0.0239276
0.0239285
0.0238891
0.0238888
0.0238856
0.0239072
0.0239042
0.0239047
0.0238473
0.0238601
0.0238636
0.0160328
0.0197607
0.0197915
0.021588
0.0215948
0.013802
0.0238824
0.0238792
0.0238794
0.0240028
0.0240141
0.0240146
0.0239995
0.0239994
0.0239984
0.0240284
0.0240174
0.024017
0.0239993
0.0239995
0.0240081
0.0240079
0.0240044
0.0240289
0.0240181
0.0240184
0.0239801
0.0239865
0.0239866
0.0239881
0.0239862
0.02398
0.023999
0.0239926
0.0239913
0.02399
0.0239896
0.0239866
0.0240001
0.0239982
0.0239986
0.0239812
0.0239904
0.023989
0.0239881
0.0239881
0.023982
0.0240005
0.0239942
0.0239943
0.0239553
0.0239614
0.0239614
0.0239632
0.0239615
0.0239554
0.0239738
0.0239676
0.0239662
0.023966
0.023969
0.023969
0.023959
0.023964
0.0239621
0.0239744
0.0239728
0.0239709
0.0239671
0.0239623
0.0239692
0.0239575
0.0239662
0.0239653
0.0239638
0.0239641
0.0239583
0.023976
0.02397
0.0239698
0.0239307
0.0239369
0.0239366
0.0239392
0.0239371
0.023931
0.0239493
0.0239432
0.0239422
0.0239423
0.0239452
0.0239451
0.0239104
0.0239347
0.0239333
0.0239441
0.0239423
0.0239197
0.0239341
0.0239429
0.0239426
0.0239399
0.0239406
0.0239347
0.0239524
0.0239465
0.0239459
0.0239058
0.0239121
0.0239116
0.023915
0.0239125
0.0239062
0.0239249
0.0239187
0.0239181
0.0239183
0.0239213
0.0239211
0.0238992
0.0239219
0.0239174
0.0239215
0.0239202
0.0239011
0.0238291
0.0236647
0.0236861
0.02391
0.0239191
0.0239196
0.0239159
0.0239167
0.0239106
0.0239288
0.0239228
0.023922
0.0238813
0.0237749
0.0237979
0.0238481
0.0238519
0.023889
0.0238853
0.0238916
0.0238952
0.0238912
0.023892
0.0238856
0.0239045
0.0238983
0.0238974
0.0238689
0.0238571
0.0238566
0.0238562
0.0238568
0.0238751
0.0238227
0.0238305
0.0238326
0.0188206
0.0237793
0.0237663
0.0226606
0.0226717
0.017319
0.0238175
0.0238264
0.0207225
0.0238389
0.0238395
0.0238304
0.0238536
0.0238428
0.0238457
0.0239768
0.0239777
0.0239761
0.0239884
0.0239836
0.023982
0.0239843
0.0239843
0.0239874
0.0239848
0.0239822
0.0239865
0.0239985
0.0239982
0.0240001
0.0239876
0.0239894
0.0239898
0.0239739
0.0239709
0.0239695
0.0239873
0.0239863
0.0239867
0.0239883
0.0239852
0.0239854
0.0239857
0.0239861
0.0239877
0.0239767
0.0239782
0.0239774
0.0239289
0.0239479
0.023946
0.0239602
0.0239581
0.0239484
0.02396
0.02396
0.023963
0.023922
0.0238632
0.0238795
0.0236889
0.0236955
0.0238458
0.0238903
0.0238981
0.0239364
0.0239653
0.023961
0.0239624
0.0239481
0.0239558
0.0239572
0.0239702
0.0239737
0.0239752
0.0239584
0.0239595
0.0239527
0.0239709
0.0239712
0.0239668
0.023903
0.023924
0.0239228
0.0239319
0.0239306
0.0239071
0.0239362
0.0239363
0.0239393
0.0238194
0.0236496
0.0236428
0.0237161
0.02371
0.0238414
0.0238348
0.0236769
0.0236828
0.0236381
0.0236353
0.0238146
0.0239429
0.0239388
0.0239399
0.0239182
0.0239184
0.023891
0.0239483
0.0239484
0.0239443
0.0238234
0.0233823
0.0233119
0.023649
0.0236348
0.0238385
0.0238473
0.0237282
0.0237223
0.0232895
0.0232112
0.023812
0.0238862
0.0238386
0.0238437
0.023709
0.023728
0.0238497
0.0239205
0.0239161
0.0239167
0.0239027
0.0239158
0.0239171
0.023908
0.0239094
0.0239037
0.0238914
0.0239177
0.023918
0.0239183
0.0239195
0.0238996
0.0239256
0.0239262
0.0239219
0.0238547
0.0237528
0.0237458
0.0237825
0.0237787
0.023855
0.0238452
0.0236752
0.0236623
0.0237381
0.0237295
0.0238525
0.0238781
0.0238539
0.0238552
0.0238044
0.0238212
0.0238811
0.0239009
0.0239053
0.0239067
0.0238975
0.0239021
0.0238977
0.0239016
0.0239012
0.0238981
0.0238446
0.0233585
0.0233069
0.0232398
0.0233289
0.023842
0.0238539
0.0237888
0.0237858
0.0238597
0.0237721
0.0237718
0.0239906
0.0239938
0.023994
0.0239937
0.0239951
0.0239901
0.0240001
0.0239967
0.0239955
0.0239987
0.0239974
0.0239979
0.0238898
0.0238871
0.0238806
0.0238999
0.0238935
0.023893
0.0238933
0.0238965
0.0238963
0.023887
0.0238956
0.0238925
0.0239018
0.0238987
0.023888
0.0234668
0.0231926
0.0232345
0.0229121
0.0229783
0.0233247
0.0238595
0.0238661
0.0238693
0.0239983
0.023998
0.0239992
0.0239904
0.023992
0.0239929
0.0239956
0.0239972
0.0240023
0.0239905
0.0239955
0.0239938
0.0239948
0.0239946
0.0239914
0.023894
0.0239097
0.0239049
0.0239158
0.0239113
0.0238947
0.023912
0.0239121
0.0239152
0.0219444
0.0209165
0.0208192
0.0214292
0.0213297
0.022291
0.0232054
0.0227914
0.0228472
0.0238951
0.0238919
0.0238922
0.0238888
0.0238912
0.0238958
0.0238848
0.0238895
0.0238874
0.022476
0.021622
0.0215284
0.0220252
0.0219638
0.022692
0.0238769
0.0238785
0.0238817
0.023872
0.0238753
0.0238753
0.0238761
0.023876
0.0238727
0.0240153
0.0240092
0.0240088
0.0240098
0.0240096
0.0240155
0.0240012
0.0240075
0.0240079
0.0240042
0.024004
0.024002
0.0240156
0.0240096
0.02401
0.0240089
0.0240093
0.0240153
0.0239935
0.0239905
0.0239917
0.0239962
0.0239977
0.0239997
0.0239924
0.0239934
0.0239928
0.0239968
0.0239964
0.0239946
0.0237338
0.0237654
0.023881
0.023891
0.0238667
0.0238688
0.0236319
0.0234515
0.0234742
0.0232731
0.0233067
0.0235349
0.0235981
0.0237968
0.02379
0.0238077
0.0238026
0.0236143
0.023874
0.0238573
0.0238575
0.0239741
0.0239805
0.0239831
0.023977
0.0239527
0.0239707
0.0239665
0.0239803
0.0239766
0.023992
0.0239909
0.0239897
0.0239915
0.0239911
0.0239928
0.0239791
0.0239778
0.0239793
0.0239822
0.0239812
0.0239802
0.0237521
0.0237626
0.0238847
0.0238687
0.0237343
0.0237428
0.0239372
0.0239425
0.0239594
0.0239517
0.0239266
0.0239319
0.0239413
0.0239425
0.0239212
0.0239617
0.0239607
0.0239592
0.0239637
0.0239622
0.0239631
0.023956
0.0239548
0.0239533
0.0239577
0.0239562
0.0239574
0.0239183
0.0239394
0.0239403
0.023968
0.0239692
0.0239664
0.0239734
0.0239728
0.0239713
0.0239758
0.0239743
0.0239749
0.0239675
0.0239667
0.0239652
0.0239698
0.0239683
0.023969
0.0239593
0.0239651
0.0239666
0.0236812
0.0236778
0.0238288
0.023833
0.023688
0.0236845
0.0236475
0.0236517
0.0238211
0.0238166
0.0236405
0.0236437
0.0239184
0.0239188
0.0238805
0.0239395
0.0239383
0.0239369
0.0239409
0.0239396
0.0239408
0.0239341
0.0239329
0.0239316
0.0239356
0.0239343
0.0239354
0.0238787
0.0239177
0.023918
0.0239504
0.0239491
0.0239477
0.0239519
0.0239505
0.0239518
0.0239449
0.0239436
0.0239423
0.0239463
0.023945
0.0239463
0.0235861
0.0234061
0.0238269
0.0197943
0.0213537
0.0214813
0.0204427
0.0205552
0.0185833
0.0238358
0.0236189
0.0236026
0.0238078
0.0231772
0.0230754
0.0238008
0.0238088
0.0238781
0.023869
0.0237798
0.0237909
0.0239166
0.0239166
0.0238945
0.0239286
0.0239276
0.0239262
0.0239303
0.0239289
0.0239299
0.023923
0.0239222
0.0239208
0.0239249
0.0239235
0.0239244
0.0238984
0.0239162
0.0239164
0.0211619
0.0199109
0.0198058
0.0207007
0.0205584
0.0216497
0.0236993
0.0236876
0.023847
0.020989
0.0222459
0.0223359
0.0215859
0.0216924
0.0201345
0.0217196
0.023268
0.0233099
0.0231735
0.023222
0.0216007
0.0238515
0.0237201
0.0237101
0.0199598
0.0183461
0.0182313
0.0196764
0.019497
0.0208071
0.0238503
0.0238522
0.0238789
0.023332
0.0235606
0.0235389
0.023681
0.0236665
0.0234896
0.0235138
0.0234867
0.0232025
0.0238807
0.023845
0.0238479
0.0227427
0.0211264
0.0209287
0.0213679
0.0212002
0.0227807
0.0227975
0.0221469
0.0220868
0.023633
0.023067
0.0231634
0.0234953
0.0235153
0.023668
0.0238601
0.0238609
0.0238541
0.0238741
0.0238676
0.0238669
0.0238665
0.0238699
0.0238666
0.0238765
0.0238732
0.0238696
0.0232604
0.0232421
0.0204658
0.0238327
0.0237487
0.0237476
0.0237524
0.0237523
0.0238369
0.0238777
0.023883
0.0238797
0.0238894
0.0238862
0.023879
0.0238867
0.0238868
0.0238901
0.0182431
0.0179735
0.0160569
0.0226488
0.0214391
0.0211128
0.0214822
0.0214557
0.0226444
0.02363
0.0229868
0.0229169
0.0231476
0.0232976
0.0236407
0.0135893
0.0191261
0.0201246
0.0240068
0.0240043
0.0240041
0.0240049
0.0240048
0.024007
0.0239996
0.0240036
0.0240028
0.0240015
0.0240013
0.024
0.024007
0.0240046
0.024005
0.0240041
0.0240043
0.0240067
0.0239676
0.0239658
0.0239617
0.0239679
0.0239673
0.0239689
0.0239641
0.0239657
0.0239664
0.0239671
0.0239588
0.0239565
0.0239376
0.0239361
0.0239118
0.0239439
0.0239422
0.0239437
0.0239393
0.0239408
0.0239425
0.0239498
0.0239481
0.0239497
0.0239451
0.0239466
0.0239483
0.0239173
0.0239406
0.0239391
0.0236402
0.0236496
0.0238231
0.0238576
0.0238574
0.0238703
0.0237335
0.0238158
0.0238121
0.0238215
0.0238189
0.023742
0.0237891
0.023426
0.0232461
0.0234213
0.0234248
0.023786
0.0187052
0.0220975
0.0220688
0.0239945
0.0239964
0.0239967
0.0239956
0.0239959
0.0239941
0.0239997
0.0239978
0.0239967
0.0239731
0.023972
0.0239749
0.023983
0.0239845
0.0239841
0.0239856
0.0239851
0.0239835
0.0239883
0.0239867
0.0239872
0.0239794
0.0239789
0.0239773
0.0239819
0.0239804
0.0239809
0.0239791
0.0239798
0.0239814
0.0239519
0.0239499
0.0239325
0.0239558
0.0239544
0.023956
0.0239512
0.0239528
0.0239543
0.0239618
0.0239609
0.0239625
0.0239576
0.0239593
0.0239603
0.0239441
0.023956
0.023954
0.0238134
0.0238394
0.0239144
0.0231863
0.0236477
0.0235716
0.0237743
0.023727
0.0234312
0.0227128
0.0233705
0.0233601
0.0233942
0.0233819
0.0227376
0.02385
0.0237026
0.0237102
0.0236415
0.0238137
0.0237989
0.023834
0.0238245
0.0236592
0.0239398
0.0239045
0.0239103
0.0239501
0.0239535
0.0239434
0.023961
0.0239603
0.0239585
0.0239509
0.0239462
0.0239454
0.023948
0.0239471
0.0239517
0.0239381
0.0239365
0.0239379
0.0239336
0.023935
0.0239366
0.0239062
0.0239293
0.0239279
0.0236642
0.0236571
0.0238216
0.0224742
0.0232988
0.0233232
0.0232465
0.0232711
0.022367
0.0236656
0.023671
0.0238314
0.022616
0.0233291
0.0233182
0.0233503
0.0233403
0.022648
0.0222021
0.0232221
0.0232302
0.0232254
0.0232198
0.0222195
0.0238148
0.0236343
0.0236342
0.0239371
0.0239322
0.0239316
0.0239334
0.0239328
0.0239377
0.0239272
0.0239268
0.0239307
0.0238896
0.0239183
0.0239181
0.0239478
0.0239429
0.0239422
0.0239446
0.0239437
0.0239485
0.0239396
0.0239346
0.023934
0.0239359
0.0239352
0.0239402
0.023827
0.023833
0.0238849
0.0235512
0.0237274
0.0237135
0.0237539
0.0237414
0.0235801
0.0238545
0.023741
0.0237504
0.0239133
0.0239146
0.0239069
0.0239173
0.0239166
0.0239152
0.0239194
0.023918
0.0239187
0.0239113
0.0239109
0.0239095
0.0239138
0.0239124
0.0239129
0.0239046
0.0239107
0.023912
0.0237648
0.0237591
0.023855
0.0223893
0.023412
0.0234402
0.0233474
0.0233812
0.0223256
0.0229895
0.0235088
0.0235282
0.0234651
0.0234878
0.0229464
0.0238552
0.0237745
0.0237699
0.0200069
0.0189778
0.0189289
0.019108
0.0190337
0.020071
0.0237939
0.0237915
0.0238533
0.023144
0.0235775
0.0235912
0.0235462
0.0235625
0.0231094
0.0188817
0.0188345
0.0198301
0.0239967
0.0239962
0.0239951
0.023114
0.0231515
0.0234414
0.0233598
0.023035
0.0230775
0.0239956
0.0239968
0.0239972
0.0239987
0.0239974
0.0239969
0.0239939
0.0239933
0.0239944
0.0210783
0.0209999
0.0220225
0.0188186
0.0198841
0.0199519
0.0190871
0.0202197
0.0203539
0.0200235
0.0201097
0.0189722
0.0222279
0.021239
0.0211554
0.0217762
0.0217041
0.0225272
0.0197338
0.0207339
0.0208209
0.0204959
0.0206267
0.0196148
0.0239907
0.02399
0.0239891
0.0239921
0.023991
0.0239917
0.0239867
0.0239854
0.0239843
0.0239881
0.0239867
0.0239877
0.023955
0.0239536
0.0239627
0.0236192
0.0233883
0.0234277
0.0233213
0.0233508
0.0235996
0.0236854
0.0235083
0.0235299
0.0234615
0.0234869
0.0236719
0.0233988
0.0234267
0.0236168
0.0226968
0.0231509
0.0231073
0.0232212
0.023188
0.0227574
0.0230596
0.0230121
0.0224292
0.0235584
0.0233381
0.023369
0.0239707
0.0239517
0.0239568
0.0239379
0.0239464
0.0239674
0.0239828
0.0239776
0.0239811
0.0239633
0.023971
0.0239803
0.0238911
0.0237742
0.0237875
0.0239394
0.0238683
0.023918
0.0238043
0.0238304
0.0239224
0.023987
0.0239839
0.0239743
0.0239885
0.0239873
0.0239889
0.0239835
0.0239855
0.0239873
0.0239782
0.0239762
0.0239745
0.0239834
0.0239823
0.0239831
0.0239783
0.0239808
0.0239822
0.0239782
0.0239795
0.0239763
0.0228868
0.0234705
0.0234548
0.023521
0.0234908
0.0229126
0.023891
0.0237753
0.0237916
0.0237182
0.0237261
0.0238638
0.0228107
0.0234182
0.0234067
0.0234414
0.0234295
0.0228275
0.0239158
0.0239213
0.0239489
0.0237018
0.0238517
0.0238429
0.0238692
0.0238605
0.0237152
0.0239574
0.0239539
0.0239528
0.0239568
0.0239552
0.0239583
0.0239232
0.0239442
0.0239467
0.0239376
0.0239385
0.0239175
0.0239541
0.0239498
0.0239489
0.0239517
0.0239508
0.0239549
0.0226454
0.0233586
0.0233647
0.0233404
0.0233513
0.0226353
0.0238273
0.0236742
0.0236699
0.0225009
0.0232887
0.0232774
0.0233082
0.0232988
0.0225313
0.0238233
0.0236561
0.0236606
0.0236354
0.0236376
0.0238155
0.0223535
0.0232468
0.023236
0.0232665
0.0232565
0.0223871
0.0239346
0.0239299
0.0239294
0.023931
0.0239305
0.0239353
0.0238817
0.0239193
0.0239199
0.0239179
0.0239177
0.0238802
0.0239323
0.0239279
0.0239276
0.0239288
0.0239284
0.0239329
0.0239449
0.0239399
0.0239392
0.0239414
0.0239407
0.0239456
0.0239422
0.0239372
0.0239365
0.0239385
0.0239379
0.0239428
0.0228049
0.0216766
0.0215419
0.0218754
0.0217859
0.0228682
0.0225574
0.0211299
0.0210399
0.0213914
0.0212474
0.022616
0.0210314
0.0211875
0.0196122
0.0231977
0.022398
0.0223098
0.0230208
0.0220366
0.0219555
0.0222169
0.0221233
0.0230665
0.018776
0.0206937
0.0208593
0.0195752
0.0195462
0.0217451
0.0223424
0.0207909
0.0206362
0.0209655
0.0208898
0.0224033
0.0219392
0.0198439
0.0196672
0.0203984
0.0201088
0.0220479
0.0238801
0.0238153
0.0238212
0.023759
0.0237688
0.0238655
0.020119
0.0200102
0.0212544
0.0215483
0.0204012
0.0202492
0.0186887
0.0184868
0.0200975
0.0206354
0.0192479
0.0189581
0.0237347
0.0235977
0.0236155
0.0235532
0.0235765
0.0237234
0.0237758
0.0236634
0.023679
0.0236316
0.0236475
0.0237665
0.0231555
0.0234601
0.0234358
0.0203436
0.0193601
0.0192161
0.0195303
0.0195048
0.0204452
0.0227129
0.0221902
0.0222012
0.0220604
0.0221272
0.022659
0.0240064
0.024013
0.0240156
0.0240135
0.0240133
0.0240068
0.0238642
0.0238654
0.0238687
0.0238585
0.023862
0.0238607
0.0240028
0.0240013
0.0240012
0.0240018
0.0240017
0.0240031
0.0239985
0.0240002
0.0240005
0.0239999
0.0239994
0.0239984
0.0240029
0.0240014
0.0240015
0.0240012
0.0240012
0.0240027
0.0240107
0.0240109
0.0240145
0.024004
0.0240075
0.0240087
0.0239688
0.0239711
0.0239693
0.0239005
0.0239189
0.0239177
0.0236358
0.0237728
0.0237642
0.0237886
0.0237807
0.0236485
0.0238896
0.0238553
0.0238584
0.023981
0.0239793
0.0239786
0.023937
0.0239604
0.023957
0.0239664
0.0239634
0.023942
0.0239844
0.0239854
0.0239863
0.0239833
0.0239843
0.0239832
0.0239858
0.0239854
0.0239844
0.0239595
0.0239642
0.023967
0.0238929
0.0239403
0.0239282
0.0239531
0.023948
0.0239136
0.0239537
0.0239605
0.0239615
0.0239266
0.0239253
0.0239037
0.0239323
0.0239308
0.0239322
0.0239279
0.0239293
0.0239308
0.022736
0.0234232
0.0234401
0.0233983
0.0234091
0.0226969
0.0238396
0.0237045
0.0236997
0.0229375
0.0234925
0.0235071
0.0234579
0.0234745
0.0228984
0.0239171
0.0239173
0.0238914
0.0239025
0.0239039
0.0238999
0.023908
0.0239065
0.0239068
0.0232614
0.0236259
0.0236353
0.0236039
0.0236154
0.0232356
0.0238512
0.0237977
0.0237959
0.0237623
0.0238253
0.0238236
0.0238271
0.0238264
0.0237671
0.0200249
0.0210444
0.021127
0.0208965
0.0209689
0.019949
0.0226544
0.0219032
0.0218413
0.024008
0.024006
0.0240061
0.0240054
0.0240056
0.0240077
0.0240016
0.0240036
0.0240033
0.0239947
0.0239942
0.0239931
0.0239965
0.0239953
0.0239957
0.0239939
0.0239945
0.0239956
0.0238614
0.0238642
0.0238909
0.0236953
0.0238043
0.0237965
0.0238176
0.0238114
0.0237102
0.0239901
0.0239912
0.0239914
0.0239882
0.0239898
0.0239886
0.0237569
0.023888
0.0238781
0.0239134
0.0238996
0.0237784
0.0239617
0.0239481
0.0239539
0.0239678
0.0239702
0.0239712
0.0239626
0.0239638
0.0239574
0.0236955
0.0236917
0.0238345
0.0226508
0.0233828
0.0233898
0.0233704
0.0233764
0.0226462
0.0230278
0.0235426
0.023555
0.0235197
0.0235316
0.0230079
0.023893
0.0239168
0.0239168
0.0239156
0.0239159
0.023899
0.0220228
0.0221416
0.0208079
0.020258
0.0217896
0.0219096
0.0236095
0.0235854
0.0233643
0.0236934
0.0237064
0.0237987
0.0234626
0.0236499
0.0236308
0.0222585
0.0222046
0.0228295
0.0204803
0.0213923
0.0214695
0.0212163
0.0213064
0.0203639
0.0207991
0.0217164
0.0217843
0.0215636
0.021644
0.0207313
0.0229168
0.0232852
0.0232533
0.0233451
0.0233163
0.0229725
0.0236777
0.023534
0.0235513
0.020103
0.019144
0.0192806
0.0192045
0.0191641
0.0201312
0.0160327
0.0179384
0.0179568
0.018594
0.0187814
0.0136342
0.0227763
0.0217421
0.0212575
0.0221324
0.0220162
0.0227489
0.0240038
0.0240026
0.0240027
0.0240019
0.0240022
0.0240035
0.0239995
0.0240009
0.0240005
0.0240864
0.0240863
0.0240996
0.0240863
0.0240863
0.0240995
0.0240863
0.0240863
0.0240995
0.0240864
0.0240864
0.0240996
0.02406
0.02406
0.0240732
0.0240601
0.02406
0.0240732
0.0240335
0.0240335
0.0240468
0.024046
0.024046
0.0240528
0.0240459
0.0240459
0.0240527
0.024034
0.024034
0.0240471
0.0240073
0.0240073
0.0240204
0.0240193
0.0240193
0.024026
0.0240247
0.0240247
0.0240283
0.0240082
0.0240081
0.024021
0.0239813
0.0239814
0.0239943
0.0239987
0.0239991
0.0240023
0.0239827
0.0239825
0.0239953
0.0239555
0.0239557
0.0239685
0.0239739
0.0239743
0.0239773
0.0239577
0.0239572
0.0239699
0.0239298
0.0239302
0.023943
0.0239511
0.0239512
0.0239541
0.0239328
0.023932
0.0239446
0.0239041
0.0239046
0.0239175
0.0239283
0.0239283
0.0239312
0.0239077
0.0239068
0.0239194
0.0238782
0.0238789
0.0238918
0.0238926
0.0238931
0.0238995
0.0239045
0.0239044
0.0239075
0.0238825
0.0238814
0.0238941
0.0238523
0.023853
0.023866
0.0238669
0.0238672
0.0238738
0.0238736
0.0238737
0.023877
0.0238568
0.0238557
0.0238686
0.0238259
0.0238265
0.0238398
0.0238399
0.0238402
0.0238469
0.0180051
0.0216126
0.0215815
0.0238456
0.0238463
0.0238529
0.023831
0.0238298
0.0238428
0.0237993
0.0238001
0.0238132
0.0238126
0.0238073
0.0238153
0.0223206
0.0237692
0.0237755
0.023819
0.0238197
0.0238264
0.0238046
0.0238032
0.0238163
0.0237743
0.0237739
0.023787
0.0237792
0.0237795
0.0237927
0.023748
0.0237471
0.0237604
0.023718
0.0221899
0.0221921
0.0231028
0.0237508
0.0237642
0.0237529
0.0237536
0.0237668
0.0238803
0.0238836
0.0238835
0.0238629
0.0238627
0.0238592
0.0240039
0.0240074
0.0240075
0.0240283
0.0240247
0.0240247
0.0239817
0.0239821
0.0239789
0.0239803
0.0239833
0.0239829
0.0239572
0.0239574
0.0239544
0.0239758
0.0239727
0.0239724
0.0239569
0.0239598
0.0239596
0.0239332
0.0239333
0.0239303
0.0239514
0.0239484
0.0239482
0.0239341
0.0239369
0.0239369
0.0239272
0.0239241
0.0239242
0.023898
0.0239138
0.0239125
0.0239105
0.0239135
0.0239136
0.0198056
0.0198025
0.0172011
0.0238558
0.0238524
0.0238525
0.0239874
0.0239858
0.0239853
0.0239758
0.0239766
0.0239764
0.0239728
0.0239741
0.023975
0.0239022
0.0239134
0.0239138
0.0239142
0.0239145
0.0239005
0.0238967
0.0238982
0.0238953
0.0238473
0.0238023
0.0238015
0.0238005
0.0237992
0.0238503
0.023856
0.0238553
0.0238646
0.0239903
0.0239908
0.0239891
0.0240013
0.0239995
0.0239991
0.0238802
0.0238867
0.0238862
0.0238849
0.0238917
0.0238903
0.0239004
0.023899
0.0238899
0.0238657
0.0238663
0.0238598
0.0238793
0.0238728
0.0238721
0.0239992
0.0239997
0.0240015
0.0239893
0.023991
0.0239905
0.0238924
0.0239032
0.0239019
0.0239112
0.0239099
0.0238961
0.0238915
0.0238937
0.0238952
0.0238843
0.0238858
0.0238845
0.02388
0.023881
0.0238825
0.0240151
0.0240131
0.0240131
0.024002
0.0240039
0.0240041
0.0240132
0.0240131
0.0240151
0.0239985
0.0239989
0.024
0.0235599
0.023706
0.0236942
0.023756
0.0237496
0.0236439
0.0219445
0.0227935
0.0228427
0.022413
0.0224834
0.021375
0.0238539
0.0238606
0.0238603
0.0238671
0.0238704
0.0238703
0.0240004
0.0240016
0.0240017
0.0236814
0.0237672
0.023762
0.0239936
0.0239941
0.0239931
0.0240002
0.0239992
0.0239989
0.0225122
0.0230979
0.0231258
0.0228878
0.022928
0.0221929
0.0240266
0.0240199
0.0240201
0.0238694
0.0238661
0.0238662
0.0240149
0.0240113
0.0240115
0.0240033
0.0240052
0.0240049
0.0239741
0.0239736
0.0239752
0.0239704
0.023972
0.0239726
0.0239264
0.023925
0.0239265
0.0239222
0.0239236
0.0239248
0.0239804
0.0239799
0.0239815
0.0239768
0.0239784
0.0239788
0.0239051
0.023905
0.0239035
0.023863
0.0238544
0.0238533
0.0240011
0.0240022
0.0240021
0.0240394
0.0240394
0.0240326
0.0240322
0.0240391
0.0240391
0.024039
0.024039
0.0240319
0.0240527
0.0240459
0.0240459
0.0240319
0.0240389
0.024039
0.0240393
0.0240392
0.0240323
0.0240528
0.024046
0.0240461
0.0240328
0.0240396
0.0240396
0.0240059
0.0240126
0.0240127
0.0240151
0.0240122
0.0240056
0.0240257
0.0240189
0.0240187
0.0240215
0.0240214
0.0240178
0.0240172
0.024021
0.024021
0.0240212
0.0240211
0.0240175
0.0240283
0.0240247
0.0240248
0.0239926
0.0239958
0.0239954
0.0239684
0.0239713
0.023971
0.0239455
0.0239483
0.0239483
0.0239224
0.0239254
0.0239254
0.0238983
0.0239014
0.0239015
0.0238328
0.0238337
0.0238271
0.0238471
0.0238404
0.0238394
0.0238372
0.0238419
0.0238385
0.0238486
0.0238453
0.0238406
0.0217404
0.0216777
0.0182761
0.0234856
0.0229013
0.0229327
0.0228972
0.0228947
0.0234876
0.0238332
0.0238397
0.0238391
0.0238394
0.0238401
0.0238335
0.0238532
0.0238466
0.0238461
0.0238205
0.0238139
0.0238129
0.0237906
0.0237991
0.023806
0.0206875
0.0234954
0.0234737
0.0235474
0.0235208
0.0206635
0.0237563
0.0237628
0.0223476
0.0238121
0.0238102
0.0238035
0.0238237
0.023817
0.0238188
0.0239792
0.0239807
0.0239804
0.0239582
0.0239587
0.0239601
0.0239559
0.0239573
0.0239568
0.0239757
0.0239761
0.0239776
0.0239732
0.0239747
0.0239742
0.023936
0.0239364
0.0239378
0.0239336
0.023935
0.0239346
0.0239526
0.0239531
0.0239545
0.0239503
0.0239517
0.0239512
0.0239305
0.0239307
0.0239321
0.0239279
0.0239293
0.0239291
0.0238514
0.0238556
0.023852
0.0238633
0.0238597
0.0238567
0.0238602
0.0238603
0.0238638
0.0179672
0.0179749
0.0160837
0.0145131
0.018737
0.0185809
0.0240086
0.024007
0.0240035
0.0240142
0.0240106
0.0240105
0.024011
0.0240109
0.0240145
0.0240248
0.0240248
0.0240284
0.0240174
0.0240211
0.0240211
0.0240209
0.024021
0.0240172
0.0240253
0.0240253
0.0240289
0.0240182
0.0240218
0.0240217
0.0240219
0.0240219
0.0240184
0.0239885
0.0239853
0.0239849
0.0239946
0.023995
0.0239917
0.0239886
0.0239891
0.0239901
0.0239873
0.0239882
0.0239876
0.0239859
0.0239864
0.0239895
0.0239635
0.0239605
0.0239602
0.0239693
0.0239696
0.0239665
0.0239624
0.0239626
0.0239655
0.0239393
0.0239363
0.0239363
0.0239452
0.0239454
0.0239424
0.0239398
0.0239398
0.0239426
0.0239148
0.0239117
0.0239119
0.0239211
0.023921
0.023918
0.0239164
0.0239151
0.0238986
0.0239204
0.0239193
0.0239207
0.0239164
0.0239178
0.0239189
0.0239166
0.0239165
0.0239195
0.0237833
0.0238484
0.0238446
0.0238544
0.0238515
0.0237908
0.022038
0.0220104
0.018876
0.0237757
0.0234019
0.023413
0.0226665
0.021513
0.0215011
0.0215145
0.0215189
0.0226698
0.017244
0.0197925
0.019788
0.0237474
0.0237469
0.0238235
0.0208279
0.0232892
0.0232762
0.0238499
0.0238516
0.023855
0.0238447
0.0238481
0.0238461
0.0239832
0.0239848
0.0239852
0.0239837
0.0239842
0.0239826
0.0239839
0.0239849
0.0239839
0.0239868
0.0239859
0.0239853
0.0239639
0.0239644
0.0239659
0.0239616
0.023963
0.0239624
0.0239722
0.0239731
0.0239715
0.0239697
0.0239702
0.0239717
0.0239673
0.0239688
0.0239682
0.0239415
0.023942
0.0239434
0.0239392
0.0239406
0.0239402
0.023947
0.0239476
0.0239489
0.0239448
0.0239462
0.0239457
0.0233581
0.0236819
0.0236911
0.0236634
0.0236729
0.0233347
0.0232662
0.023644
0.023654
0.0236214
0.0236333
0.0232406
0.023919
0.0239191
0.0239205
0.0239126
0.023913
0.0239025
0.0239
0.0239149
0.0239152
0.0239248
0.023925
0.0239264
0.023922
0.0239235
0.0239234
0.0238106
0.0238591
0.0238569
0.0238627
0.023861
0.0238162
0.0238989
0.0238989
0.0238974
0.023902
0.0239004
0.0239006
0.0238965
0.0238996
0.0239011
0.0238026
0.0238027
0.023846
0.0233449
0.023658
0.0236626
0.0236438
0.0236514
0.0233269
0.0232357
0.0235881
0.0235893
0.0236561
0.0236067
0.0232579
0.023852
0.0238501
0.0238578
0.0237707
0.0238252
0.023827
0.0238237
0.0238241
0.0237709
0.0239942
0.0239925
0.023992
0.0239973
0.0239977
0.0239959
0.0238947
0.0238933
0.023886
0.023889
0.0238976
0.0238962
0.0239961
0.0239979
0.0239974
0.0239921
0.0239916
0.02399
0.0239951
0.0239933
0.0239938
0.0239921
0.0239927
0.0239944
0.023906
0.0239046
0.0238932
0.0238954
0.0239086
0.0239073
0.0238906
0.0238922
0.0238901
0.023886
0.0238875
0.0238891
0.0240133
0.0240133
0.0240153
0.0240092
0.0240113
0.0240113
0.024011
0.0240111
0.024009
0.0240116
0.0240116
0.0240096
0.0240033
0.0240036
0.0240016
0.0240076
0.0240056
0.0240054
0.024006
0.0240059
0.0240079
0.0240136
0.0240136
0.0240156
0.0240097
0.0240117
0.0240116
0.0240119
0.0240119
0.02401
0.0240089
0.0240111
0.0240111
0.0240113
0.0240113
0.0240092
0.0240153
0.0240133
0.0240133
0.0239925
0.0239928
0.0239937
0.023991
0.0239919
0.0239915
0.0239967
0.0239978
0.0239973
0.0237445
0.0238301
0.023824
0.0238404
0.0238354
0.0237551
0.0237261
0.0237168
0.0235801
0.0236295
0.0237424
0.0237347
0.0239766
0.0239803
0.0239788
0.0239828
0.0239816
0.0239786
0.023959
0.0239722
0.0239693
0.0239771
0.0239749
0.0239655
0.0236998
0.023708
0.0234286
0.0231411
0.0235941
0.0236083
0.0235665
0.0235807
0.0231063
0.0226771
0.0227376
0.0218366
0.0214849
0.0225486
0.0226143
0.0210569
0.0219581
0.0220157
0.0218443
0.0219051
0.0209928
0.0213521
0.0221662
0.0221789
0.0220671
0.0221218
0.0212792
0.0231062
0.0234065
0.0233777
0.0234449
0.0234302
0.0231413
0.0237224
0.0238179
0.023823
0.0219402
0.0218365
0.0210055
0.0231508
0.0234287
0.0234278
0.0240044
0.0240056
0.0240056
0.0240054
0.0240054
0.0240041
0.024001
0.0240012
0.024
0.0240037
0.0240024
0.0240023
0.0240047
0.0240059
0.0240059
0.0240041
0.0240054
0.0240054
0.0240055
0.0240055
0.0240042
0.023592
0.0235942
0.0232511
0.0239961
0.0239951
0.0239946
0.0239978
0.0239982
0.0239971
0.0230347
0.0230671
0.0224523
0.0222605
0.0229657
0.0230011
0.0241127
0.0241127
0.0241259
0.0241127
0.0241127
0.0241259
0.0241127
0.0241127
0.0241259
0.0241128
0.0241128
0.0241259
0.0240865
0.0240864
0.0240996
0.0240865
0.0240864
0.0240996
0.0240599
0.0240601
0.0240733
0.0240602
0.0240602
0.0240733
0.0240464
0.0240463
0.0240531
0.0240205
0.0240206
0.0240272
0.0239948
0.0239949
0.0240013
0.02397
0.02397
0.0239762
0.0239459
0.0239457
0.0239517
0.0239218
0.0239212
0.0239273
0.0238971
0.0238961
0.0239023
0.0238792
0.0238786
0.0238818
0.0238716
0.0238704
0.0238767
0.023846
0.0238461
0.0238494
0.0238135
0.0238138
0.0238204
0.0237731
0.0237739
0.023787
0.0237784
0.0237768
0.0237899
0.0237481
0.0237477
0.0237608
0.0237528
0.0237531
0.0237663
0.0237218
0.0237205
0.0237338
0.023686
0.0221877
0.0221871
0.0230957
0.0237239
0.0237374
0.0237265
0.0237271
0.0237402
0.0238528
0.0238565
0.0238565
0.0240016
0.0239983
0.023998
0.0239088
0.0239085
0.0239054
0.0238852
0.0238884
0.0238889
0.0189296
0.0219905
0.0219852
0.0233082
0.0232999
0.0209265
0.0237625
0.0237632
0.023827
0.023856
0.0238484
0.0238471
0.0238833
0.0238829
0.0238797
0.0239022
0.0238991
0.0238994
0.0238711
0.0238727
0.0238721
0.0238751
0.0238795
0.0238779
0.0238887
0.0238873
0.0238815
0.0240057
0.024009
0.0240087
0.0240596
0.0240663
0.0240663
0.0240662
0.0240662
0.0240595
0.0240595
0.0240663
0.0240663
0.0240663
0.0240663
0.0240596
0.0240328
0.0240396
0.0240395
0.024053
0.0240463
0.0240462
0.0240355
0.0240355
0.0240319
0.0240319
0.0240355
0.0240355
0.0240399
0.0240399
0.0240332
0.0240132
0.0240132
0.0240067
0.0240082
0.0240084
0.024005
0.0240181
0.0240216
0.0240216
0.0240286
0.024025
0.0240251
0.0240077
0.0240141
0.024014
0.0239871
0.0239872
0.0239808
0.0240001
0.0239936
0.0239935
0.0239824
0.0239886
0.0239885
0.0239617
0.0239617
0.0239554
0.0239744
0.023968
0.023968
0.0239722
0.0239719
0.0239689
0.0239778
0.0239748
0.0239751
0.0239578
0.0239639
0.023964
0.0239368
0.0239365
0.0239302
0.0239491
0.0239428
0.023943
0.0239487
0.0239486
0.0239457
0.0239544
0.0239515
0.0239516
0.0239335
0.0239395
0.0239399
0.0239117
0.0239112
0.0239048
0.0239239
0.0239176
0.023918
0.0239251
0.0239254
0.0239225
0.0239313
0.0239284
0.0239282
0.0239087
0.0239149
0.0239156
0.0238984
0.023892
0.0238926
0.0238833
0.0238896
0.0238908
0.023872
0.0238752
0.0238759
0.023827
0.0238336
0.0238333
0.0238394
0.0238427
0.0238426
0.0238062
0.0238072
0.0238006
0.0238062
0.0238129
0.0238123
0.023982
0.0239822
0.0239837
0.0239131
0.0239131
0.0239146
0.0240047
0.0240049
0.0240031
0.0239843
0.023984
0.0239809
0.0239902
0.0239871
0.0239873
0.0239604
0.0239602
0.0239573
0.023966
0.0239631
0.0239633
0.023937
0.0239371
0.0239342
0.0239429
0.02394
0.02394
0.023913
0.0239135
0.0239104
0.0239195
0.0239165
0.0239161
0.0238921
0.0238917
0.0238949
0.0238352
0.0238318
0.0238271
0.023372
0.0233891
0.0237712
0.0238204
0.023746
0.0237448
0.0238362
0.023838
0.0238414
0.0238491
0.023849
0.0238455
0.0239868
0.0239864
0.0239881
0.0239161
0.0239176
0.0239176
0.0238318
0.0237735
0.0237988
0.0239934
0.0239932
0.023995
0.0239898
0.0239915
0.0239917
0.0238894
0.0238862
0.0238866
0.0238962
0.0238958
0.0238927
0.0239989
0.0239986
0.0239968
0.0240022
0.0240004
0.0240006
0.0239082
0.0239075
0.023909
0.0239144
0.0239135
0.0239149
0.0239105
0.023912
0.0239128
0.0238927
0.0238927
0.0238911
0.0238958
0.0238942
0.0238943
0.0238895
0.0238879
0.023888
0.0238777
0.0238792
0.0238784
0.0238737
0.0238744
0.023876
0.0240098
0.0240118
0.0240118
0.0240155
0.0240135
0.0240136
0.0238826
0.0238811
0.0238764
0.0238803
0.0238857
0.0238842
0.0240122
0.0240124
0.0240158
0.0240068
0.024007
0.0240088
0.024032
0.0240355
0.0240355
0.0240354
0.0240354
0.0240318
0.0240152
0.0240118
0.0240116
0.0240087
0.0240068
0.0240067
0.0241128
0.0241128
0.0241259
0.0241128
0.0241128
0.0241259
0.0240865
0.0240864
0.0240997
0.0240602
0.0240602
0.0240733
0.0240336
0.0240336
0.0240467
0.0240463
0.0240464
0.0240531
0.0240341
0.024034
0.0240471
0.0240074
0.0240074
0.0240205
0.0240251
0.0240252
0.0240288
0.0240081
0.0240081
0.024021
0.0239813
0.0239814
0.0239944
0.0239825
0.0239823
0.0239951
0.0239554
0.0239555
0.0239685
0.023957
0.0239566
0.0239694
0.0239294
0.0239297
0.0239426
0.0239316
0.0239311
0.0239438
0.0239035
0.0239039
0.0239168
0.0239062
0.0239054
0.0239182
0.0238775
0.0238781
0.023891
0.0238807
0.0238797
0.0238925
0.0238514
0.0238521
0.0238651
0.0238549
0.0238537
0.0238667
0.0238456
0.0238443
0.0238507
0.0238289
0.0238277
0.0238407
0.023786
0.0237727
0.0237819
0.0224271
0.0237429
0.0237497
0.023752
0.0237502
0.0237634
0.024029
0.0240255
0.0240254
0.0238587
0.0238619
0.0238626
0.0238763
0.0238731
0.0238735
0.0240664
0.0240664
0.0240597
0.0240597
0.0240664
0.0240664
0.0240398
0.0240397
0.024033
0.0240533
0.0240466
0.0240465
0.0240337
0.0240403
0.0240403
0.0240264
0.0240198
0.0240197
0.0240192
0.0240225
0.0240225
0.0239968
0.0239966
0.0239934
0.0240031
0.0239998
0.024
0.0238862
0.0238855
0.023879
0.0239005
0.0239011
0.023898
0.0239073
0.0239043
0.0239038
0.0238603
0.0238594
0.0238528
0.0238725
0.023866
0.0238668
0.0238573
0.0238638
0.0238652
0.0238268
0.0238201
0.0238193
0.0234583
0.0234504
0.020771
0.0237968
0.0237901
0.0237919
0.023866
0.0238654
0.0238686
0.0238702
0.0238697
0.0238665
0.0240221
0.0240222
0.0240187
0.0223447
0.016749
0.00493678
0.0222946
0.0166436
0.0047013
0.0217121
0.0155631
0.00352121
0.0216774
0.0154977
0.00355277
0.00713295
-5.82394e-05
-0.00554891
0.0239384
0.0229281
0.0135295
0.0228686
0.0180515
0.00413847
0.0227057
0.0175874
0.00358048
0.0070962
-7.21229e-05
-0.00555348
0.014373
0.00889839
0.000225878
0.0239209
0.0227335
0.012938
0.0225344
0.0170403
0.00487142
0.0225623
0.0170956
0.00485989
0.0220768
0.0162284
0.00441085
0.0220602
0.0162305
0.00452366
0.0212861
0.0148257
0.00312048
0.0213452
0.014926
0.00328253
0.0114913
0.00289768
-0.00459694
0.0121821
0.00346739
-0.00442961
0.0131516
0.00862954
0.000106098
0.0239889
0.0237412
0.0189721
0.0233043
0.0192323
0.00561461
0.023401
0.0196002
0.00594546
0.0232767
0.019107
0.00547154
0.0224109
0.0168244
0.00474887
0.0222165
0.0165126
0.00473075
0.021877
0.0158825
0.00406082
0.0214961
0.0152147
0.00322482
0.0200091
0.0128556
0.00200143
0.0239319
0.0226215
0.0131149
0.00688654
-0.0001656
-0.00556892
0.0127592
0.00445754
-0.00412523
0.0123544
0.00367733
-0.00436871
0.0155946
0.00732774
-0.0019621
0.0130105
0.00351025
-0.00459633
0.0134395
0.00385675
-0.00448647
0.0139726
0.00431983
-0.00437718
0.0136401
0.00403998
-0.0044469
0.014766
0.00502876
-0.00418074
0.0141248
0.00445161
-0.00433548
0.0146466
0.00492667
-0.00421278
0.0129209
0.00344262
-0.00461337
0.0124893
0.00309903
-0.00469995
0.0119698
0.00274022
-0.00479045
0.0123643
0.00301206
-0.00472812
0.0108132
0.00207939
-0.00497675
0.0112318
0.00228409
-0.00491834
0.0118091
0.00263086
-0.0048283
0.011425
0.00241353
-0.00487994
0.0106181
0.0019558
-0.00500388
0.00737224
-2.90511e-05
-0.00555379
0.0069271
-0.00025639
-0.00561042
0.0128585
0.00469558
-0.00405136
0.0234258
0.0197177
0.00607762
0.023526
0.020158
0.00678025
0.02355
0.0202889
0.00702696
0.022446
0.0169138
0.00485392
0.0226627
0.0173216
0.00513147
0.0221849
0.0164428
0.00464376
0.0219035
0.0159217
0.00403034
0.0211472
0.014598
0.00287787
0.0214534
0.0151109
0.00316621
0.0194767
0.0120453
0.00108244
0.019758
0.0124396
0.00184213
0.0195413
0.0121389
0.00119942
0.0199323
0.0127599
0.00174985
0.019793
0.0124937
0.001876
0.0184932
0.0105757
-6.03711e-05
0.0177454
0.00960163
-0.000930465
0.0176289
0.00947473
-0.00109683
0.0154599
0.00721383
-0.00211014
0.0150319
0.00690715
-0.00167782
0.0228179
0.0176824
0.00510441
0.0228393
0.0177109
0.00495781
0.0223614
0.0167497
0.00483234
0.0227894
0.017611
0.00508002
0.0227483
0.0174943
0.00489229
0.0222607
0.0165631
0.00461628
0.0217537
0.0156682
0.00361062
0.020995
0.0143181
0.00308515
0.0210219
0.0143385
0.00299651
0.0216499
0.0154634
0.00364126
0.0209305
0.0142226
0.00287595
0.0208644
0.0141252
0.00269318
0.00739428
0.000292096
-0.00543758
0.0073278
0.000413078
-0.00540661
0.00715206
-6.37925e-05
-0.00554958
0.00744054
0.000193958
-0.00546441
0.00746571
0.000158221
-0.00547462
0.0239466
0.0230275
0.0140982
0.0173081
0.00909892
-0.000620109
0.0171979
0.00900388
-0.00094101
0.0230228
0.0185035
0.00469891
0.0236225
0.0207352
0.00846
0.0225751
0.0172043
0.00308589
0.00704268
-0.000100657
-0.00556285
0.0144003
0.00881655
-0.000307344
0.0239042
0.0225658
0.0123277
0.0229988
0.0181739
0.00525602
0.0225124
0.0170174
0.00496616
0.0225961
0.0171826
0.00494185
0.0221019
0.0162622
0.00436478
0.0219871
0.0161032
0.00426611
0.0212456
0.0147395
0.00308729
0.0213852
0.0150028
0.0033137
0.0206554
0.0138236
0.00261802
0.0173838
0.00918017
-0.000334212
0.0174589
0.00929417
-0.00074945
0.0239887
0.023725
0.0182957
0.0239849
0.0236158
0.0173181
0.0117603
0.00309729
-0.00453774
0.0119834
0.00327503
-0.00448494
0.0233535
0.0194019
0.00588485
0.0233783
0.019507
0.00595187
0.0232383
0.0189666
0.0056243
0.0228973
0.0178606
0.00490147
0.0228659
0.0177694
0.00487829
0.0223826
0.0167696
0.00474666
0.0226787
0.0173354
0.0050668
0.0227187
0.017413
0.00485067
0.0222347
0.0165206
0.00463622
0.0218208
0.0157786
0.00383998
0.0210909
0.0144635
0.00296442
0.021056
0.0143854
0.00293265
0.0215594
0.0153195
0.00341087
0.0207762
0.0139534
0.0026455
0.0208171
0.0140283
0.00262716
0.0201312
0.0129966
0.00228873
0.0200974
0.0129664
0.00228994
0.00711063
3.44466e-06
-0.00552001
0.00723382
0.00025476
-0.00544542
0.00705515
-0.000145924
-0.00556905
0.00736425
0.000109267
-0.00548576
0.00744879
0.000138386
-0.00548002
0.00715448
0.000101696
-0.00548022
0.0126442
0.00417457
-0.00421569
0.0125082
0.00391256
-0.00429787
0.0239591
0.0231852
0.0149175
0.0169286
0.00872234
-0.000471244
0.0170195
0.00883461
-0.000747236
0.0171005
0.00891229
-0.000934265
0.0233018
0.0194756
0.00627933
0.0231143
0.0188173
0.00524226
0.0234121
0.0198861
0.00695223
0.0235046
0.0202681
0.0077042
0.0223691
0.0166276
0.00234189
0.0183423
0.00916065
-0.00266258
0.0131269
0.00359873
-0.0045705
0.0132686
0.00370913
-0.00453451
0.0138454
0.00421011
-0.00440885
0.0137447
0.00412296
-0.00443093
0.0143056
0.0046181
-0.00428277
0.0145166
0.00481893
-0.00423799
0.0128329
0.00338244
-0.00462374
0.0126458
0.00322281
-0.00465836
0.0121628
0.00288838
-0.004755
0.0122719
0.00295601
-0.00474298
0.0109296
0.00212518
-0.00496812
0.0110688
0.00219341
-0.00494878
0.0116805
0.00255637
-0.00485164
0.0115908
0.00252133
-0.00485855
0.0104219
0.00184112
-0.00503943
0.00697966
-0.000156202
-0.00557964
0.0129382
0.00500787
-0.00393936
0.0235059
0.0200585
0.00667427
0.0234521
0.0198452
0.00633994
0.0235842
0.0204552
0.00736818
0.0229336
0.0179854
0.00505231
0.0229741
0.018109
0.00525883
0.0224964
0.0170215
0.00509754
0.0226422
0.0172935
0.00516427
0.022136
0.0163388
0.00443228
0.021939
0.0159993
0.00408314
0.0212098
0.0146829
0.00307905
0.0214151
0.0150402
0.00320966
0.0207392
0.0139139
0.0027218
0.020713
0.0139035
0.00280324
0.0205884
0.0136939
0.00263711
0.0194307
0.0119622
0.0010912
0.0197167
0.012351
0.00172698
0.0196217
0.0122353
0.00144152
0.0198332
0.0125848
0.00161066
0.0198729
0.0126671
0.00161955
0.0178724
0.0097597
-0.00072605
0.017533
0.00937603
-0.00103077
0.0153201
0.00710716
-0.00181803
0.0151744
0.00699946
-0.00185778
0.0239938
0.0238455
0.0199045
0.0239967
0.0239142
0.0211008
0.0239967
0.0239123
0.0211275
0.0125917
0.00599773
-0.00287253
0.0129725
0.0066644
-0.00251273
0.0212423
0.014103
0.000156607
0.0195417
0.0110212
-0.00173019
0.0214442
0.0145166
0.000458667
0.0192189
0.0105206
-0.00194821
0.00855068
0.000742653
-0.00534078
0.00787437
0.000318138
-0.0054565
0.00724033
-8.60582e-05
-0.00556608
0.00775961
0.000250425
-0.00547444
0.00722078
-8.30983e-05
-0.00556445
0.0153237
0.00877914
0.00165125
0.023797
0.0216512
0.00953102
0.0237607
0.0214383
0.00910258
0.0182048
0.0101878
-0.00028738
0.0188208
0.0109958
0.000623436
0.0187702
0.010907
0.000537488
0.0181501
0.0101048
-0.000283501
0.0179971
0.00991995
-0.000484466
0.0239651
0.0230759
0.0146842
0.0239737
0.023319
0.0155699
0.0107462
0.00578561
0.000448139
0.0161646
0.00784441
-0.00204415
0.0129762
0.00787806
-0.00272811
0.0132934
0.00804359
-0.0027188
0.0134195
0.00702997
-0.00330792
0.0112108
0.00325335
-0.00442875
0.0137601
0.00772675
-0.00212388
0.0231894
0.0187833
0.00544399
0.0201661
0.0130416
0.0023094
0.0202077
0.0131301
0.00207488
0.0203949
0.0134069
0.00257713
0.0153867
0.00814077
-0.00140679
0.0237977
0.0216401
0.0105248
0.00781778
0.000980164
-0.0051944
0.0239748
0.0234626
0.0164655
0.0239657
0.0233213
0.0155739
0.0166696
0.00846371
-0.00100085
0.0160094
0.00769533
-0.00225102
0.0165813
0.00837804
-0.00110671
0.0164797
0.00823636
-0.00120024
0.0236855
0.0210434
0.00917587
0.0202717
0.0122716
-0.00103235
0.0205312
0.0127311
-0.000774882
0.0221795
0.0161781
0.00196781
0.021998
0.0157475
0.00155902
0.00832527
0.000580314
-0.00538084
0.00820123
0.000499367
-0.00540628
0.00732938
-4.8763e-05
-0.00555822
0.00680871
-0.000363367
-0.00563811
0.0110513
0.00566528
-0.00361159
0.00824929
0.00153639
-0.00499864
0.0104693
0.00487855
-0.00392075
0.0133005
0.00632501
-0.00352962
0.0109293
0.00277837
-0.00459221
0.0139699
0.00803465
-0.00172768
0.0238539
0.022099
0.0108228
0.0238665
0.0222059
0.0112381
0.023067
0.018391
0.00525602
0.0231452
0.0186474
0.00518944
0.0230246
0.0182595
0.00536198
0.0205478
0.0136079
0.00253856
0.0204355
0.0134581
0.00261542
0.0184172
0.0104808
-0.000241005
0.0153575
0.00812712
-0.00160109
0.0112009
0.0024807
-0.00473907
0.01212
0.00502347
-0.00374748
0.0132808
0.0071147
-0.00242299
0.0150284
0.00710129
-0.00200374
0.0149607
0.00669963
-0.00266477
0.0151089
0.00748168
-0.00150901
0.0151679
0.00772622
-0.00146542
0.0209733
0.0135294
-0.000317953
0.0108234
0.00267675
-0.00463645
0.0109733
0.0028462
-0.00458552
0.0198075
0.011451
-0.00151337
0.0216863
0.0150099
0.0007947
0.0189245
0.0100654
-0.00216729
0.017221
0.00770075
-0.00327957
0.0174791
0.00802848
-0.0031214
0.0155765
0.0058667
-0.00395039
0.0157116
0.00599227
-0.00391556
0.0170019
0.00741871
-0.00341034
0.0168272
0.00722266
-0.00350407
0.0153406
0.00561776
-0.00400031
0.0151556
0.0054318
-0.00405852
0.00859557
0.000796483
-0.00532507
0.00876803
0.000870653
-0.00530545
0.0096112
0.00134799
-0.00517627
0.00950299
0.00129022
-0.00519128
0.00973362
0.00141183
-0.00515868
0.00987334
0.00149372
-0.005133
0.00850386
0.000710681
-0.00534736
0.00797915
0.00037885
-0.00543982
0.00726915
-7.30135e-05
-0.00556367
0.00762182
0.000172201
-0.00549473
0.00715274
-0.000128674
-0.00557703
0.0105452
0.00233954
-0.00474264
0.0106497
0.00252529
-0.00468411
0.0238116
0.0217528
0.00977383
0.0238265
0.0218678
0.0101703
0.023732
0.0212416
0.00872333
0.0193548
0.0117784
0.00131419
0.0193908
0.0118466
0.00135928
0.0182699
0.0102812
-0.00029996
0.0193133
0.0117044
0.00125032
0.0192083
0.0115821
0.000955584
0.0188719
0.0110843
0.00066963
0.0186945
0.0108178
0.000293889
0.0153409
0.00889251
0.000749288
0.0113318
0.00266987
-0.00467169
0.0111918
0.00248725
-0.00471856
0.0111939
0.00222838
-0.00480557
0.0239932
0.0238313
0.0199615
0.0239859
0.0236776
0.0182069
0.0239794
0.0235554
0.0171973
0.0163283
0.00804259
-0.00169687
0.0126018
0.00781158
-0.00274426
0.0120949
0.00704892
-0.00321803
0.0134599
0.00794698
-0.00273309
0.0134938
0.00761276
-0.00293387
0.0115588
0.00371388
-0.00422914
0.0135355
0.00743877
-0.0023471
0.0232198
0.0189114
0.00566679
0.0202478
0.0132111
0.00212001
0.0203103
0.0133021
0.00230067
0.0150351
0.00702376
-0.00064966
0.0150057
0.0069008
-0.0018067
0.0153158
0.00797405
-0.00151148
0.0238481
0.0219737
0.0113717
0.0239047
0.0223528
0.0122657
0.00751742
0.000607118
-0.00531902
0.0073163
0.000283904
-0.00542503
0.0111628
0.00279909
-0.00458713
0.01109
0.00291552
-0.00452995
0.0167622
0.00855434
-0.000835696
0.0168503
0.00864239
-0.000700476
0.0157503
0.00749155
-0.0017296
0.0158707
0.00758347
-0.00202213
0.020029
0.011839
-0.00128156
0.0208011
0.0132057
-0.000531622
0.0218367
0.0153554
0.00115897
0.018673
0.00968042
-0.00236085
0.0180967
0.00882828
-0.00278474
0.0177744
0.00841013
-0.00294608
0.0160522
0.00635499
-0.00379089
0.015865
0.00615688
-0.00386255
0.0162733
0.00659396
-0.00369995
0.0165327
0.0068859
-0.00359514
0.0149124
0.00516698
-0.0041502
0.00913376
0.00106401
-0.00524805
0.0089512
0.000960494
-0.00528031
0.009301
0.0011734
-0.00521699
0.00941583
0.00124493
-0.00520119
0.0102251
0.00171381
-0.00507894
0.0103084
0.00175868
-0.00506899
0.0101584
0.00168974
-0.00508173
0.0100308
0.00160373
-0.00510048
0.00845324
0.000678129
-0.00535379
0.00808663
0.000437753
-0.00542349
0.00729836
-5.7912e-05
-0.00556026
0.00740683
3.94286e-05
-0.00553043
0.0070007
-0.000245949
-0.00561054
0.00897463
0.00236967
-0.00470137
0.00978189
0.00361178
-0.00430531
0.0131254
0.00573566
-0.00370947
0.0106439
0.0022498
-0.00475851
0.0141125
0.00825481
-0.00143177
0.0238804
0.0223629
0.0117898
0.0236777
0.0209428
0.00814843
0.0237164
0.0211478
0.00853739
0.0236567
0.0208074
0.00779625
0.0236265
0.0206425
0.0077026
0.0230877
0.0184433
0.00513526
0.0231142
0.018529
0.00509962
0.0205083
0.0135331
0.00252165
0.0204684
0.0134842
0.00255685
0.0183413
0.0103802
-0.000300377
0.0190375
0.0113822
0.00052601
0.0191157
0.0114768
0.000689598
0.0189197
0.0111682
0.000739262
0.0189777
0.0112972
0.00050738
0.0186006
0.0107176
4.2467e-05
0.0153637
0.00842184
-0.000675805
0.0239959
0.0238925
0.0207856
)
;

boundaryField
{
    topAndBottom
    {
        type            zeroGradient;
    }
    inlet
    {
        type            fixedValue;
        value           uniform 0;
    }
    outlet
    {
        type            zeroGradient;
    }
    wing
    {
        type            calculated;
        value           uniform -0.00792986;
    }
    front
    {
        type            empty;
    }
    back
    {
        type            empty;
    }
}


// ************************************************************************* //
