/*--------------------------------*- C++ -*----------------------------------*\
| =========                 |                                                 |
| \\      /  F ield         | OpenFOAM: The Open Source CFD Toolbox           |
|  \\    /   O peration     | Version:  5.x                                   |
|   \\  /    A nd           | Web:      www.OpenFOAM.org                      |
|    \\/     M anipulation  |                                                 |
\*---------------------------------------------------------------------------*/
FoamFile
{
    version     2.0;
    format      ascii;
    class       volScalarField;
    location    "500";
    object      Y;
}
// * * * * * * * * * * * * * * * * * * * * * * * * * * * * * * * * * * * * * //

dimensions      [0 0 0 0 0 0 0];

internalField   nonuniform List<scalar> 
6584
(
0.00632781
0.00632781
0.00632781
0.00632781
0.00632781
0.00632781
0.00632781
0.00632782
0.00632782
0.00632782
0.00632782
0.00632782
0.00632782
0.00632782
0.00632782
0.00632782
0.00632782
0.00632781
0.00632781
0.00632781
0.00632781
0.00632781
0.00632781
0.00632781
0.00632561
0.00632561
0.00632561
0.00632562
0.00632562
0.00632562
0.00632562
0.00632563
0.00632563
0.00632563
0.00632563
0.00632563
0.00632564
0.00632564
0.00632563
0.00632563
0.00632563
0.00632563
0.00632562
0.00632562
0.00632562
0.00632561
0.00632561
0.00632561
0.00632341
0.00632342
0.00632342
0.00632342
0.00632342
0.00632342
0.00632343
0.00632344
0.00632345
0.00632454
0.00632454
0.00632454
0.00632454
0.00632454
0.00632454
0.00632345
0.00632344
0.00632344
0.00632343
0.00632343
0.00632342
0.00632342
0.00632342
0.00632341
0.00632122
0.00632122
0.00632122
0.00632122
0.00632123
0.00632123
0.00632124
0.00632125
0.00632126
0.00632235
0.00632235
0.00632234
0.00632234
0.00632235
0.00632235
0.00632235
0.00632125
0.00632124
0.00632124
0.00632123
0.00632123
0.00632123
0.00632122
0.00632122
0.00631902
0.00631902
0.00631903
0.00631903
0.00631903
0.00631904
0.00631904
0.00631904
0.00632015
0.00632015
0.00632014
0.00632013
0.00632013
0.00632014
0.00632015
0.00632016
0.00632016
0.00631906
0.00631905
0.00631904
0.00631904
0.00631903
0.00631903
0.00631903
0.00631683
0.00631683
0.00631683
0.00631684
0.00631684
0.00631685
0.00631685
0.00631794
0.00631794
0.00631793
0.00631847
0.00631845
0.00631844
0.00631847
0.00631795
0.00631797
0.00631797
0.00631689
0.00631687
0.00631686
0.00631685
0.00631684
0.00631684
0.00631683
0.00631464
0.00631464
0.00631464
0.00631465
0.00631465
0.00631466
0.00631467
0.00631576
0.00631575
0.00631573
0.00631622
0.00631644
0.00631641
0.00631621
0.00631631
0.0063158
0.00631581
0.00631473
0.00631469
0.00631468
0.00631466
0.00631465
0.00631465
0.00631464
0.00631244
0.00631245
0.00631245
0.00631246
0.00631247
0.00631248
0.0063125
0.00631358
0.00631357
0.00631357
0.00631401
0.00631411
0.00631421
0.00631414
0.00631366
0.00631365
0.00631257
0.00631252
0.0063125
0.00631248
0.00631247
0.00631246
0.00631245
0.00631025
0.00631026
0.00631026
0.00631027
0.00631028
0.0063103
0.00631033
0.00631141
0.00631141
0.00631144
0.00631187
0.00631197
0.00631212
0.00631206
0.00631156
0.00631153
0.00631043
0.00631036
0.00631033
0.0063103
0.00631028
0.00631027
0.00631026
0.00630806
0.00630807
0.00630808
0.00630809
0.0063081
0.00630813
0.00630816
0.00630925
0.00630927
0.00630933
0.00630979
0.00630997
0.00631021
0.00631004
0.00630948
0.00630941
0.00630828
0.0063082
0.00630815
0.00630812
0.0063081
0.00630808
0.00630807
0.00630587
0.00630588
0.00630589
0.0063059
0.00630592
0.00630595
0.006306
0.00630709
0.00630713
0.00630721
0.00630773
0.00630798
0.00630832
0.00630803
0.00630741
0.00630729
0.00630613
0.00630604
0.00630598
0.00630594
0.00630591
0.00630589
0.00630588
0.00630368
0.00630369
0.0063037
0.00630372
0.00630374
0.00630377
0.00630383
0.00630492
0.00630498
0.00630508
0.00630563
0.00630593
0.00630635
0.00630599
0.00630531
0.00630517
0.00630398
0.00630387
0.00630381
0.00630376
0.00630372
0.0063037
0.00630368
0.00630149
0.0063015
0.00630151
0.00630153
0.00630156
0.0063016
0.00630166
0.00630275
0.00630282
0.00630293
0.00630349
0.00630379
0.00630425
0.00630389
0.00630319
0.00630303
0.00630182
0.0063017
0.00630163
0.00630157
0.00630153
0.00630151
0.00630149
0.0062993
0.00629931
0.00629932
0.00629935
0.00629938
0.00629942
0.00629948
0.00629952
0.00630064
0.00630074
0.00630127
0.00630149
0.00516534
0.00630174
0.00630173
0.00630104
0.00630088
0.00629966
0.00629953
0.00629945
0.00629938
0.00629934
0.00629931
0.00629929
0.00629711
0.00629712
0.00629714
0.00629716
0.00629719
0.00629723
0.00629728
0.00629731
0.00629843
0.00629852
0.00629906
0.00629899
0.00599193
0.00629952
0.00629894
0.00629886
0.00629756
0.00629746
0.00629733
0.00629725
0.0062972
0.00629715
0.00629712
0.00629709
0.00629492
0.00629493
0.00629495
0.00629497
0.006295
0.00629504
0.00629509
0.00629511
0.00629623
0.00629633
0.00629633
0.00629676
0.00601509
0.00629676
0.00629675
0.00629667
0.00629537
0.00629527
0.00629514
0.00629505
0.00629499
0.00629494
0.00629491
0.00629489
0.00629272
0.00629274
0.00629276
0.00629278
0.00629281
0.00629285
0.00629289
0.00629293
0.00629299
0.00629415
0.00629414
0.00628975
0.00616024
0.00629456
0.00629455
0.00629448
0.00629318
0.00629308
0.00629294
0.00629285
0.00629279
0.00629273
0.0062927
0.00629267
0.00629053
0.00629055
0.00629056
0.00629059
0.00629062
0.00629065
0.0062907
0.00629075
0.00629081
0.00629086
0.00629195
0.006285
0.00616144
0.00629236
0.00629126
0.00629111
0.00629098
0.00629088
0.00629074
0.00629065
0.00629058
0.00629052
0.00629049
0.00629046
0.00628834
0.00628835
0.00628837
0.0062884
0.00628843
0.00628846
0.00628851
0.00628856
0.00628863
0.00628867
0.00628794
0.00613768
0.00622625
0.00628908
0.00628907
0.00628891
0.00628878
0.00628867
0.00628853
0.00628844
0.00628837
0.00628831
0.00628828
0.00628824
0.00628615
0.00628616
0.00628618
0.00628621
0.00628624
0.00628627
0.00628633
0.00628638
0.00628645
0.00628649
0.00628513
0.00613609
0.0062245
0.00628688
0.00628687
0.00628672
0.00628658
0.00628647
0.00628633
0.00628623
0.00628616
0.0062861
0.00628607
0.00628603
0.00628395
0.00628397
0.00628399
0.00628402
0.00628406
0.00628409
0.00628415
0.0062842
0.00628427
0.00628431
0.00628235
0.00613445
0.00622269
0.00628469
0.00628468
0.00628453
0.00628438
0.00628427
0.00628412
0.00628402
0.00628395
0.00628389
0.00628385
0.00628381
0.00628176
0.00628178
0.0062818
0.00628183
0.00628187
0.0062819
0.00628197
0.00628203
0.0062821
0.00628212
0.0062796
0.00613277
0.00622082
0.00628249
0.00628249
0.00628233
0.00628218
0.00628206
0.00628191
0.00628181
0.00628173
0.00628167
0.00628164
0.0062816
0.00627957
0.00627959
0.00627961
0.00627964
0.00627968
0.00627972
0.00627979
0.00627985
0.00627992
0.00627994
0.00627688
0.00613105
0.00621892
0.0062803
0.0062803
0.00628014
0.00627998
0.00627986
0.0062797
0.0062796
0.00627952
0.00627946
0.00627942
0.00627938
0.00627738
0.0062774
0.00627742
0.00627746
0.0062775
0.00627753
0.00627761
0.00627767
0.00627775
0.00627776
0.00627419
0.00612931
0.00621699
0.00627811
0.00627811
0.00627795
0.00627778
0.00627765
0.00627749
0.00627739
0.00627731
0.00627724
0.00627721
0.00627716
0.00627519
0.00627521
0.00627523
0.00627527
0.00627531
0.00627535
0.00627543
0.0062755
0.00627558
0.00627557
0.00627152
0.00612754
0.00621503
0.00627591
0.00627592
0.00627575
0.00627558
0.00627545
0.00627529
0.00627518
0.00627509
0.00627503
0.00627499
0.00627494
0.006273
0.00627302
0.00627304
0.00627308
0.00627312
0.00627317
0.00627325
0.00627332
0.00627341
0.00627339
0.00626882
0.00612579
0.00621308
0.00627372
0.00627373
0.00627356
0.00627338
0.00627325
0.00627308
0.00627297
0.00627288
0.00627281
0.00627277
0.00627272
0.00627081
0.00627083
0.00627085
0.00627089
0.00627094
0.00627099
0.00627107
0.00627115
0.00627124
0.0062712
0.00626609
0.00612406
0.00621114
0.00627154
0.00627155
0.00627137
0.00627118
0.00627104
0.00627087
0.00627076
0.00627067
0.0062706
0.00627056
0.00627051
0.00626862
0.00626864
0.00626867
0.0062687
0.00626876
0.0062688
0.00626889
0.00626897
0.00626907
0.00626902
0.00626338
0.00612232
0.0062092
0.00626935
0.00626937
0.00626919
0.00626899
0.00626884
0.00626867
0.00626855
0.00626846
0.00626839
0.00626834
0.00626829
0.00626643
0.00626645
0.00626648
0.00626652
0.00626657
0.00626662
0.00626672
0.0062668
0.00626691
0.00626683
0.00626069
0.00612056
0.00620724
0.00626717
0.00626718
0.006267
0.00626679
0.00626664
0.00626646
0.00626634
0.00626625
0.00626617
0.00626613
0.00626608
0.00626424
0.00626426
0.00626429
0.00626433
0.00626439
0.00626444
0.00626454
0.00626463
0.00626474
0.00626464
0.00625801
0.00611879
0.00620527
0.00626498
0.006265
0.00626481
0.0062646
0.00626444
0.00626426
0.00626413
0.00626403
0.00626396
0.00626391
0.00626387
0.00626205
0.00626207
0.0062621
0.00626215
0.0062622
0.00626226
0.00626237
0.00626246
0.00626257
0.00626246
0.00625534
0.00611702
0.00620329
0.0062628
0.00626282
0.00626263
0.0062624
0.00626224
0.00626205
0.00626192
0.00626182
0.00626175
0.0062617
0.00626165
0.00625986
0.00625989
0.00625992
0.00625996
0.00626002
0.00626009
0.0062602
0.00626029
0.00626041
0.00626027
0.00625268
0.00611524
0.00620131
0.00626061
0.00626064
0.00626044
0.00626021
0.00626004
0.00625984
0.00625971
0.00625961
0.00625953
0.00625948
0.00625943
0.00625768
0.0062577
0.00625773
0.00625778
0.00625784
0.00625791
0.00625802
0.00625812
0.00625824
0.00625808
0.00625003
0.00611346
0.00619933
0.00625843
0.00625846
0.00625825
0.00625801
0.00625784
0.00625764
0.0062575
0.0062574
0.00625732
0.00625726
0.00625722
0.00625549
0.00625551
0.00625555
0.00625559
0.00625566
0.00625573
0.00625585
0.00625595
0.00625608
0.00625588
0.00624738
0.00611167
0.00619734
0.00625624
0.00625627
0.00625606
0.00625582
0.00625564
0.00625543
0.00625529
0.00625518
0.0062551
0.00625505
0.006255
0.0062533
0.00625332
0.00625336
0.00625341
0.00625348
0.00625356
0.00625368
0.00625379
0.00625391
0.00625369
0.00624472
0.00610989
0.00619535
0.00625406
0.00625409
0.00625387
0.00625362
0.00625344
0.00625322
0.00625308
0.00625297
0.00625289
0.00625283
0.00625278
0.00625111
0.00625114
0.00625118
0.00625122
0.0062513
0.00625138
0.00625151
0.00625162
0.00625175
0.00625149
0.00624205
0.00610811
0.00619337
0.00625187
0.00625191
0.00625169
0.00625143
0.00625124
0.00625102
0.00625087
0.00625075
0.00625067
0.00625061
0.00625057
0.00631223
0.00631235
0.00631416
0.00631022
0.00631044
0.0063121
0.00630823
0.00630856
0.00631021
0.00630619
0.00630661
0.00630833
0.00630407
0.00630454
0.00630636
0.00630178
0.00507581
0.0051152
0.00630234
0.00630427
0.00631439
0.00631641
0.00631444
0.00631646
0.0063124
0.00631226
0.00631416
0.00631307
0.00631409
0.00631237
0.00631254
0.0063141
0.00631031
0.00631023
0.006312
0.00631121
0.00630945
0.00631162
0.006306
0.00631125
0.00631044
0.00631053
0.00631203
0.00630824
0.00630824
0.00630998
0.00630923
0.00630284
0.00630432
0.00624873
0.00628022
0.00630856
0.00630855
0.00631004
0.00630616
0.00630619
0.00630798
0.00630722
0.00630319
0.00630288
0.00629042
0.0062635
0.0063066
0.00630653
0.00630805
0.00630229
0.00630238
0.00630452
0.00630445
0.00630602
0.00630256
0.00630293
0.00629954
0.00539485
0.00508001
0.00575438
0.00630007
0.00630204
0.00631185
0.00631296
0.00631301
0.00631292
0.00631119
0.00631408
0.00631305
0.00631145
0.006313
0.00631309
0.00631298
0.00631187
0.00630477
0.00630893
0.00631096
0.00630403
0.00628834
0.00631067
0.00630487
0.00628242
0.00630574
0.00631115
0.00630834
0.00630199
0.00631174
0.00630853
0.00631138
0.00630283
0.00630279
0.00630898
0.00628478
0.00629119
0.00628768
0.00628449
0.00626245
0.00624712
0.00630927
0.00629883
0.00630028
0.00630185
0.00629902
0.00630951
0.00628793
0.00629336
0.00629166
0.00628702
0.0063021
0.00629195
0.00630736
0.00630371
0.00630519
0.00630037
0.00630351
0.0063076
0.00629765
0.0062991
0.00629398
0.00629732
0.00630293
0.00630246
0.00630517
0.00630483
0.00630559
0.00629963
0.0062966
0.00629923
0.00629964
0.00630161
0.00630246
0.00631328
0.0063131
0.00631413
0.00631323
0.00631397
0.00630403
0.00630405
0.00630593
0.00630514
0.00630336
0.00630346
0.00622438
0.00618263
0.00630232
0.00630231
0.00630392
0.006314
0.0063133
0.00631414
0.00631311
0.00631335
0.00630345
0.00630323
0.00630697
0.0050071
0.00521884
0.00589466
0.00599658
0.00523128
0.00548571
0.00617457
0.00609901
0.00630533
0.00630476
0.0063041
0.00600907
0.00607337
0.00630399
0.00630314
0.00630345
0.00631531
0.00631519
0.00631423
0.00631424
0.0063152
0.00631531
0.00631311
0.00631349
0.00631322
0.00631402
0.00631332
0.00631363
0.00630799
0.00630916
0.00626786
0.00626928
0.00628119
0.00627807
0.0063016
0.00609909
0.00630358
0.00625636
0.00622908
0.00623334
0.00625827
0.00630283
0.00629278
0.00631244
0.0062514
0.00630604
0.006239
0.00631222
0.00630758
0.00631325
0.00631348
0.00631292
0.00629839
0.00631234
0.00631244
0.006295
0.00629402
0.006309
0.00630858
0.00629219
0.00629342
0.00630283
0.0063107
0.00631107
0.00631021
0.00631057
0.00630273
0.00631046
0.0063117
0.00631208
0.0063112
0.00631157
0.00631002
0.00628791
0.00628827
0.0062845
0.00628424
0.00622552
0.00622873
0.00629724
0.00630884
0.00630918
0.00630839
0.00630873
0.00629716
0.00630082
0.00630974
0.00631009
0.00630929
0.00630963
0.00630066
0.0050257
0.00629051
0.00525524
0.00502011
0.0055296
0.00527076
0.00629126
0.0062831
0.00504395
0.00628407
0.00629913
0.00629844
0.00630185
0.00630794
0.00630828
0.00630748
0.00630783
0.00630221
0.00574142
0.00587323
0.00629564
0.00575563
0.00554856
0.00592997
0.00577925
0.00629611
0.00551207
0.00571964
0.00630285
0.00618444
0.00622853
0.00610783
0.00617558
0.00630279
0.00608052
0.00607111
0.00609323
0.0052547
0.00608072
0.00606231
0.00540447
0.00625668
0.00625891
0.00631382
0.00630185
0.00630179
0.00630378
0.00630297
0.00630233
0.00630306
0.00567384
0.0062981
0.00630059
0.00631382
0.00630287
0.00630332
0.00630488
0.00519041
0.00521889
0.00493174
0.00606695
0.00606471
0.00525994
0.00533393
0.00624773
0.00625615
0.00448885
0.00631459
0.00631464
0.0063141
0.00631408
0.00631464
0.0063146
0.00631058
0.0063115
0.00631111
0.00630633
0.00630504
0.00631034
0.00630317
0.00630945
0.00630908
0.00630994
0.00630957
0.00630338
0.00625822
0.00627605
0.00628653
0.00626604
0.00596061
0.00590059
0.00630277
0.0062609
0.00627804
0.00629028
0.00628966
0.00535335
0.00631363
0.00631341
0.00631405
0.00631184
0.00630819
0.00630585
0.00631257
0.00631272
0.00631312
0.0063122
0.00631259
0.00631243
0.00630638
0.00631046
0.00631007
0.00631098
0.00631059
0.00630697
0.00629999
0.00612749
0.0062316
0.00606353
0.00607765
0.00629055
0.00624223
0.00625361
0.00630667
0.00628638
0.00629778
0.00630522
0.00631044
0.0063106
0.0063094
0.00630964
0.00630232
0.00630896
0.0063086
0.00630274
0.00628635
0.00603759
0.00598228
0.00628601
0.00604314
0.00605967
0.00597212
0.00598021
0.00628395
0.00624765
0.006236
0.0062979
0.00630827
0.0063084
0.00630747
0.00630794
0.00629909
0.00630145
0.00630912
0.00630933
0.00630845
0.00630859
0.00629981
0.00630105
0.00622856
0.00624487
0.00620673
0.00619761
0.00629518
0.00630519
0.00630701
0.00630736
0.00630652
0.00630689
0.0063052
0.00629843
0.00603636
0.00594605
0.00613089
0.00610341
0.00629863
0.00555474
0.00559235
0.00629951
0.00616167
0.00613945
0.00550851
0.00554366
0.00603513
0.00597656
0.00631357
0.00631382
0.00631368
0.00589669
0.00620896
0.00592454
0.00595832
0.00594379
0.00620358
0.00631372
0.00631357
0.00631389
0.00631335
0.00631362
0.00503552
0.00510378
0.00522298
0.00519963
0.00594317
0.00533755
0.00531062
0.00541127
0.005346
0.00595631
0.00529865
0.00534758
0.0061465
0.00613377
0.00604098
0.00551704
0.00544676
0.0053428
0.00538357
0.00631269
0.00631318
0.00631344
0.00631275
0.00631309
0.00631248
0.00630648
0.00631014
0.00625977
0.00627458
0.00628558
0.00626772
0.00611666
0.00625254
0.00624077
0.00626489
0.00625624
0.00611324
0.00621378
0.00620259
0.00623708
0.00622008
0.00624675
0.00605143
0.00608917
0.00598408
0.00603298
0.00624273
0.00586856
0.00588522
0.00627868
0.00631082
0.0063089
0.00631259
0.00631137
0.00628564
0.00629652
0.00629195
0.00630742
0.0062984
0.00631209
0.00631316
0.00631277
0.0063115
0.00631016
0.00631106
0.00630867
0.00631197
0.00630944
0.00631192
0.00631261
0.00630992
0.00631164
0.0063127
0.00631216
0.00631127
0.00609672
0.00611262
0.00629848
0.00594649
0.00588016
0.00613964
0.00595976
0.00578703
0.00572782
0.00586019
0.00581376
0.00629139
0.0060828
0.00609301
0.00622948
0.00620735
0.00628949
0.006248
0.00618298
0.00616185
0.00620347
0.0061886
0.00630718
0.00625625
0.00626375
0.00628772
0.00629709
0.00631006
0.00631034
0.00630394
0.00630244
0.00630972
0.00630997
0.00605385
0.0060473
0.00628681
0.0056723
0.00567619
0.00541249
0.00564022
0.00565617
0.00573593
0.0056713
0.00565713
0.00601905
0.00603774
0.00628555
0.00563384
0.00557326
0.00571447
0.00565219
0.00545781
0.00539859
0.00554942
0.00548713
0.00628404
0.00598964
0.00601155
0.00623745
0.00623326
0.00630811
0.00630823
0.00629771
0.00629831
0.00630797
0.00630807
0.00630886
0.00630905
0.00630131
0.00629999
0.00630864
0.00630881
0.0050515
0.00512536
0.00607043
0.00610627
0.00602294
0.00605761
0.00504526
0.00542763
0.00615358
0.00609639
0.00611604
0.00614468
0.00537374
0.00586296
0.00588471
0.00578181
0.00585478
0.00511413
0.00597585
0.0060132
0.00589647
0.00595618
0.00511368
0.00621431
0.00622455
0.00630065
0.0061715
0.00619191
0.00619736
0.00617046
0.00619168
0.00629596
0.00619142
0.00620568
0.00579597
0.00517608
0.00517858
0.00528944
0.00518498
0.0058149
0.00522451
0.00559082
0.00517957
0.00562529
0.00614317
0.00627467
0.00626755
0.00628314
0.00627705
0.00614903
0.0060509
0.00606182
0.00560946
0.00565063
0.00541184
0.00549334
0.00607659
0.00604884
0.00631449
0.00631463
0.00631627
0.00630318
0.00630294
0.00630208
0.00631427
0.00631431
0.00631396
0.00631391
0.00631429
0.00631428
0.0063153
0.00631525
0.0063143
0.00631202
0.00631163
0.00631088
0.00630612
0.00629831
0.00629723
0.00625118
0.00627879
0.00630799
0.00630762
0.00630299
0.00622904
0.00622369
0.00626424
0.00624849
0.00625686
0.00630301
0.00631239
0.00631255
0.00631215
0.00630327
0.00630614
0.00631159
0.00631278
0.00631235
0.00631278
0.00631036
0.00628798
0.00630196
0.00628374
0.0062961
0.0062947
0.006305
0.00630631
0.00630639
0.00630211
0.0063108
0.00631097
0.00630892
0.00630275
0.00630847
0.00630811
0.00608113
0.00605852
0.0062898
0.00626053
0.00623601
0.00623413
0.00624551
0.00629865
0.0063052
0.00630524
0.00630172
0.00630614
0.00630622
0.00630528
0.00630532
0.00629923
0.00628127
0.00611582
0.0060925
0.0063006
0.00630732
0.0063074
0.00630507
0.00630601
0.00630638
0.00522876
0.00522949
0.00618505
0.00616825
0.00629956
0.0052297
0.00522883
0.00627963
0.00628323
0.00630216
0.00631333
0.00631326
0.004994
0.00502483
0.00503915
0.00520131
0.00524471
0.00499489
0.0050094
0.00520563
0.00517006
0.00545061
0.00604308
0.00603218
0.00611069
0.00557648
0.0055302
0.00604977
0.00631472
0.00631467
0.00631412
0.00631283
0.00631301
0.00631318
0.0063133
0.00631205
0.00631227
0.00631352
0.00631378
0.00631363
0.00630366
0.00630311
0.00630716
0.00630969
0.00630776
0.00630672
0.00626397
0.00627071
0.00624187
0.0062458
0.00628323
0.00627418
0.00622504
0.0062339
0.00613018
0.00613221
0.00617751
0.00617116
0.00609928
0.00613661
0.00614142
0.00630318
0.00626019
0.00626929
0.0062877
0.00626473
0.0062958
0.00629208
0.00631023
0.00630879
0.00630274
0.00618726
0.0061687
0.00628252
0.00625483
0.00621558
0.0063134
0.00631324
0.0063126
0.00631252
0.00631112
0.00631188
0.00630277
0.00631086
0.00631159
0.00626626
0.00627965
0.00631009
0.00614496
0.00612262
0.00629095
0.00629463
0.00631151
0.00631167
0.00631108
0.00630907
0.00631114
0.00631132
0.00628942
0.00605593
0.00605349
0.00622543
0.00623022
0.00630571
0.00630578
0.00630097
0.0063004
0.00630559
0.00630565
0.00504387
0.00523582
0.00558526
0.00560733
0.00535208
0.00537026
0.0049987
0.00613251
0.00612021
0.00628218
0.00511553
0.00508594
0.00526778
0.00527063
0.00506905
0.00533252
0.00534154
0.00506335
0.00506979
0.00630719
0.00630725
0.00630078
0.00630283
0.00630704
0.00630712
0.0056555
0.00613453
0.00614657
0.00610921
0.00612185
0.00562034
0.00620483
0.00627914
0.00628479
0.00628338
0.00628138
0.00621163
0.00612238
0.00619428
0.00618568
0.00606048
0.00604701
0.00608224
0.00529446
0.0053168
0.00532771
0.00523803
0.00610032
0.00566397
0.00559896
0.00572027
0.00567986
0.00605285
0.00588157
0.00588575
0.00609942
0.00613152
0.00626518
0.00631374
0.00631383
0.00631362
0.00518437
0.00519101
0.00560711
0.00560408
0.00489181
0.0053001
0.00523721
0.00523263
0.00522804
0.00523404
0.00532167
0.00450833
0.00606801
0.00607625
0.00631437
0.00631432
0.00631396
0.00630037
0.00629936
0.00630622
0.00630309
0.00630646
0.00630882
0.00630537
0.00630601
0.00625509
0.0062774
0.00620383
0.00620985
0.00620968
0.00620338
0.006265
0.00621978
0.00621741
0.00594698
0.00585776
0.00585695
0.00586863
0.0058667
0.0059299
0.0063076
0.00631008
0.00631024
0.00630961
0.00630993
0.00630695
0.00628504
0.00630299
0.00629337
0.00629009
0.00630222
0.00630647
0.00630656
0.00623565
0.00623693
0.00625647
0.00623997
0.00630513
0.00630516
0.00629824
0.00630599
0.00630606
0.00630159
0.00629955
0.00630537
0.00630542
0.00620756
0.00622765
0.0062191
0.00623479
0.00623211
0.00620584
0.00523173
0.00523833
0.00523597
0.00523173
0.00552096
0.00535159
0.00534237
0.00588558
0.0058842
0.0060172
0.00590699
0.00593075
0.00586407
0.00588261
0.00599645
0.0063135
0.00631342
0.00631347
0.00631346
0.00631375
0.00631378
0.00631388
0.00631359
0.00631367
0.00631365
0.00591802
0.00607011
0.00606035
0.00609723
0.00608317
0.00592999
0.00598028
0.00602459
0.00600514
0.00605251
0.00604245
0.00596521
0.00631365
0.00631372
0.00631362
0.00631283
0.0063123
0.00631344
0.00631331
0.00499599
0.00516843
0.00504807
0.0050424
0.0052169
0.00520878
0.00549143
0.00550898
0.00532241
0.00499575
0.00498561
0.00526488
0.00507845
0.0050765
0.00506937
0.00540257
0.00510568
0.00503889
0.00605512
0.00607321
0.00615765
0.00601023
0.00601501
0.00599697
0.00600071
0.00612138
0.00602812
0.00603618
0.00535173
0.00521551
0.00522145
0.0052171
0.00521257
0.00536401
0.00631296
0.00631306
0.00631285
0.00631198
0.00631243
0.00631282
0.00629916
0.00630672
0.00630234
0.00630136
0.00630356
0.00630439
0.00630165
0.00630266
0.00626136
0.00627221
0.00621649
0.00621852
0.00621205
0.00621437
0.00628456
0.00624789
0.00624934
0.00621693
0.00621978
0.00627045
0.00621856
0.0061471
0.00613427
0.00610583
0.00616583
0.00615898
0.00620915
0.00614695
0.00614526
0.00616623
0.00615521
0.00620586
0.0062327
0.00617681
0.00618348
0.00615233
0.00616511
0.00622686
0.00614286
0.00600023
0.00611962
0.00610969
0.00585808
0.00586707
0.00627578
0.00629894
0.0062974
0.00627176
0.00629156
0.0063049
0.00630135
0.00621711
0.00620174
0.00626552
0.00626906
0.00629361
0.0062476
0.00623289
0.00630711
0.00630899
0.00631203
0.00631032
0.00630459
0.00629692
0.00630423
0.00631065
0.00631152
0.00631176
0.0063105
0.00631093
0.00630902
0.00630673
0.00630886
0.00631213
0.00631145
0.00631101
0.0063123
0.00631166
0.00631235
0.00631034
0.0063106
0.00630962
0.00631078
0.00592973
0.00590327
0.00608804
0.00585377
0.0058778
0.0058032
0.00597204
0.00576401
0.00574434
0.0058432
0.00582917
0.00621824
0.00611596
0.00614017
0.00606864
0.00609126
0.00621183
0.00628481
0.00624825
0.0062597
0.00615481
0.00622151
0.00627341
0.00610155
0.00606029
0.00617742
0.00593585
0.00595508
0.00590462
0.00591984
0.00617128
0.0061996
0.00603223
0.006049
0.00597746
0.00600324
0.00619426
0.00628971
0.00629612
0.00568263
0.00544131
0.00547475
0.00537287
0.00540537
0.00568085
0.00547354
0.00549046
0.0054874
0.00556235
0.00566789
0.00519828
0.00522938
0.00525828
0.0052027
0.00569434
0.00566653
0.00531659
0.00534337
0.00526434
0.00529259
0.00566185
0.00561909
0.00560131
0.00570031
0.00567427
0.00543223
0.00540957
0.00552949
0.00551328
0.00622999
0.00623167
0.00630113
0.00630584
0.00630592
0.00630547
0.00630553
0.00630016
0.00505623
0.00550732
0.00555358
0.0051993
0.00499913
0.00540313
0.00545248
0.00517851
0.00514612
0.00586953
0.00546928
0.0054715
0.00581902
0.00542401
0.00534536
0.0054706
0.0054584
0.00584192
0.00525078
0.00521316
0.00528003
0.00531597
0.00509482
0.00511729
0.00520265
0.00621888
0.00625932
0.00625607
0.00626408
0.00626178
0.00622172
0.00617838
0.00618785
0.00618757
0.00617045
0.00617005
0.00617691
0.00619051
0.00624112
0.00623742
0.00625153
0.00624615
0.00619635
0.00517495
0.00531392
0.00533055
0.00528763
0.00530099
0.00517667
0.00525017
0.00543152
0.00546646
0.00535588
0.00539161
0.00521087
0.00521681
0.00507292
0.00509405
0.00507158
0.00506876
0.0051778
0.00524046
0.00526974
0.00513754
0.00518883
0.00516789
0.00620728
0.00620168
0.00613564
0.00604935
0.00607451
0.00525582
0.00528582
0.00544383
0.00527448
0.00523851
0.00533034
0.00531038
0.00547242
0.00524327
0.00524076
0.00588121
0.00588058
0.00631903
0.00631903
0.00632014
0.00631901
0.00631901
0.00632013
0.00631901
0.00631901
0.00632013
0.00631903
0.00631905
0.00632015
0.00631682
0.0063168
0.00631792
0.00631678
0.00631676
0.00631847
0.00631674
0.00631671
0.00631844
0.00631671
0.00631675
0.00631845
0.00631678
0.00631682
0.00631849
0.00631686
0.00631687
0.00631796
0.00631465
0.0063146
0.00631625
0.00631456
0.00631445
0.00631618
0.00631556
0.00631553
0.00631644
0.00631548
0.00631551
0.00631641
0.00631564
0.00631567
0.00631622
0.00631468
0.00631473
0.0063158
0.0063125
0.00631244
0.00631405
0.00631347
0.00631345
0.006314
0.00631382
0.0063138
0.00631408
0.0063134
0.00631351
0.00631431
0.00631257
0.00631264
0.00631368
0.00631038
0.00631034
0.00631191
0.00631135
0.00631135
0.00631187
0.00631171
0.00631171
0.00631197
0.00631139
0.00631148
0.00631223
0.00631054
0.00631058
0.0063116
0.00630827
0.00630826
0.00630982
0.00630928
0.0063093
0.00630981
0.00630972
0.00630972
0.00630997
0.0063095
0.00630953
0.00631026
0.00630854
0.00630852
0.00630955
0.00630615
0.00630616
0.00630774
0.00630721
0.00630724
0.00630776
0.00630773
0.00630774
0.00630799
0.00630759
0.00630757
0.00630831
0.00630651
0.00630646
0.00630749
0.00630401
0.00630403
0.00630563
0.00630567
0.00630568
0.00630594
0.00630558
0.00630551
0.00630628
0.00630442
0.00630436
0.00630541
0.00630185
0.00630186
0.00630349
0.00630343
0.00630343
0.00630396
0.00630227
0.00630223
0.0063033
0.00629962
0.00629958
0.00630069
0.00629961
0.00629956
0.00630122
0.00630065
0.0062997
0.00630053
0.0053093
0.00622787
0.00623349
0.00630008
0.00630012
0.00630177
0.00630005
0.00630006
0.00630115
0.00629743
0.0062974
0.00629849
0.00629742
0.00629735
0.00629901
0.00629732
0.00570301
0.00568879
0.0060099
0.00629783
0.00629951
0.00629785
0.00629791
0.00629954
0.00629784
0.00629786
0.00629896
0.00629523
0.00629518
0.00629629
0.0062924
0.00598391
0.0057071
0.00615942
0.00629546
0.00629726
0.00629566
0.00629571
0.00629681
0.00631222
0.00631248
0.00631248
0.00631259
0.00631268
0.00631228
0.00631414
0.00631387
0.00631388
0.00631021
0.00631046
0.00631046
0.00631068
0.00631067
0.00631031
0.00631215
0.00631177
0.00631186
0.00630824
0.00630849
0.00630848
0.0063088
0.00630882
0.00630847
0.00631019
0.00630985
0.00630998
0.0063062
0.00630646
0.00630645
0.00630686
0.00630693
0.00630656
0.00630836
0.00630801
0.00630809
0.0063048
0.00630478
0.00630452
0.00630631
0.00630606
0.0063061
0.00630081
0.00630207
0.00630268
0.00489181
0.00552922
0.00553505
0.00585671
0.00585797
0.00452581
0.00630425
0.00630398
0.006304
0.00631428
0.00631523
0.00631526
0.006314
0.006314
0.00631391
0.00631641
0.0063155
0.00631547
0.00631399
0.00631401
0.00631472
0.0063147
0.00631441
0.00631645
0.00631555
0.00631558
0.00631239
0.00631292
0.00631293
0.00631306
0.0063129
0.00631238
0.00631397
0.00631343
0.00631333
0.00631321
0.00631317
0.00631289
0.00631406
0.0063139
0.00631393
0.00631248
0.00631325
0.00631313
0.00631305
0.00631306
0.00631255
0.00631409
0.00631357
0.00631357
0.00631032
0.00631083
0.00631083
0.00631098
0.00631084
0.00631033
0.00631186
0.00631135
0.00631124
0.00631121
0.00631146
0.00631146
0.00630987
0.00631084
0.00631064
0.00631188
0.00631172
0.0063114
0.00631045
0.00630958
0.00631093
0.0063105
0.00631123
0.00631115
0.00631103
0.00631106
0.00631057
0.00631205
0.00631155
0.00631153
0.00630827
0.00630879
0.00630876
0.00630899
0.00630881
0.0063083
0.00630982
0.00630932
0.00630924
0.00630923
0.00630948
0.00630947
0.00630292
0.00630771
0.0063076
0.00630858
0.0063084
0.00630394
0.00630856
0.00630929
0.00630927
0.00630904
0.0063091
0.00630861
0.00631008
0.00630959
0.00630954
0.0063062
0.00630672
0.00630668
0.00630697
0.00630676
0.00630623
0.00630779
0.00630727
0.00630722
0.00630723
0.00630749
0.00630748
0.00630304
0.0063075
0.00630713
0.00630676
0.00630668
0.00630291
0.00628891
0.00625583
0.00626019
0.00630655
0.00630731
0.00630735
0.00630704
0.00630711
0.0063066
0.00630811
0.00630761
0.00630755
0.00630209
0.00628028
0.00628522
0.00629421
0.00629506
0.00630261
0.00630449
0.00630501
0.00630532
0.00630498
0.00630505
0.00630452
0.00630609
0.00630557
0.0063055
0.00630263
0.00630021
0.00630032
0.00629883
0.00629916
0.0063029
0.00629898
0.00629942
0.0063001
0.00536315
0.00628936
0.00628794
0.00606689
0.00607017
0.00510472
0.0062973
0.0062979
0.00569548
0.00630063
0.00630055
0.00629985
0.00630179
0.00630083
0.00630119
0.00631205
0.00631218
0.00631203
0.00631308
0.00631268
0.00631254
0.00631274
0.00631274
0.006313
0.00631277
0.00631234
0.00631288
0.00631392
0.0063139
0.00631405
0.006313
0.00631316
0.00631319
0.00631159
0.00631103
0.00631083
0.00631298
0.0063129
0.00631293
0.00631307
0.00631282
0.00631283
0.00631285
0.00631289
0.00631302
0.00631209
0.00631222
0.0063121
0.00630527
0.006309
0.00630878
0.00631043
0.00631019
0.00630828
0.00631071
0.00631071
0.00631096
0.00630294
0.00629136
0.0062945
0.0062582
0.00625942
0.00628902
0.00629654
0.00629798
0.00630554
0.00631115
0.00631079
0.00631091
0.00630799
0.00630949
0.0063097
0.00631123
0.00631181
0.00631195
0.00630986
0.00630998
0.00630867
0.00631162
0.00631164
0.00631127
0.00630279
0.00630693
0.00630685
0.0063075
0.0063074
0.00630277
0.00630873
0.00630874
0.00630898
0.00628533
0.00625178
0.00625038
0.00626591
0.00626463
0.0062907
0.00628709
0.00625599
0.00625707
0.00624939
0.00624876
0.00628414
0.00630927
0.00630893
0.00630904
0.00630564
0.00630558
0.0063001
0.00630974
0.00630973
0.00630939
0.00628883
0.00619943
0.00618511
0.0062544
0.00625136
0.0062927
0.00629212
0.00626845
0.00626721
0.00618056
0.00616474
0.00628607
0.00630179
0.00629212
0.00629324
0.00626486
0.00626875
0.00629329
0.00630741
0.00630705
0.00630711
0.00630417
0.00630673
0.00630681
0.00630619
0.00630629
0.0063052
0.00630043
0.00630569
0.00630567
0.00630689
0.00630697
0.00630297
0.00630785
0.00630789
0.00630753
0.00629794
0.0062773
0.00627568
0.00628453
0.00628356
0.00629896
0.00629457
0.00626006
0.00625728
0.00627392
0.00627199
0.00629695
0.00630292
0.00629798
0.00629843
0.00628665
0.00629033
0.0063026
0.00630515
0.00630599
0.00630609
0.00630549
0.00630587
0.00630502
0.00630585
0.00630581
0.00630556
0.00629951
0.00620119
0.00618978
0.00617917
0.0061957
0.00629923
0.00629934
0.00628624
0.00628543
0.00630203
0.00628374
0.0062843
0.00631326
0.00631353
0.00631355
0.00631353
0.00631364
0.00631322
0.00631406
0.00631378
0.00631367
0.00631394
0.00631383
0.00631388
0.00630486
0.00630464
0.0063041
0.00630571
0.00630518
0.00630513
0.00630515
0.00630542
0.00630541
0.00630345
0.0063053
0.00630504
0.0063058
0.00630555
0.00630346
0.00621933
0.00616433
0.00617273
0.00610865
0.00612172
0.00619049
0.00630234
0.00630289
0.00630316
0.00631391
0.00631388
0.00631398
0.00631306
0.0063133
0.00631343
0.00631368
0.00631381
0.00631424
0.00631325
0.00631367
0.00631354
0.00631362
0.0063136
0.00631334
0.00630338
0.0063065
0.00630605
0.006307
0.00630663
0.00630335
0.00630671
0.00630672
0.00630698
0.00591288
0.00571476
0.0056961
0.00581558
0.00579584
0.00598301
0.00616653
0.00608495
0.0060959
0.0063053
0.00630504
0.00630507
0.0063045
0.00630497
0.00630536
0.00630444
0.00630483
0.00630441
0.00602093
0.00585406
0.00583533
0.00593601
0.00592351
0.00606578
0.00630364
0.00630391
0.00630418
0.00630337
0.00630364
0.00630352
0.00630373
0.00630371
0.00630344
0.00631532
0.00631482
0.00631479
0.00631487
0.00631485
0.00631534
0.00631415
0.00631467
0.00631471
0.0063144
0.00631438
0.00631422
0.00631535
0.00631485
0.00631488
0.00631479
0.00631482
0.00631532
0.00631351
0.00631325
0.00631335
0.00631373
0.00631386
0.00631402
0.0063134
0.00631349
0.00631342
0.00631378
0.00631375
0.0063136
0.00627161
0.00627827
0.00630186
0.00630347
0.0062985
0.00629902
0.00625355
0.00621672
0.00622137
0.00618049
0.00618727
0.00623333
0.00624581
0.00628675
0.00628517
0.00628939
0.00628815
0.0062492
0.00630287
0.00629946
0.0062997
0.0063111
0.00631208
0.00631262
0.00631193
0.00630717
0.00631052
0.00630888
0.00631162
0.00631099
0.00631337
0.00631326
0.00631306
0.00631334
0.0063133
0.00631345
0.00631214
0.00631199
0.00631223
0.00631253
0.00631239
0.00631227
0.00626998
0.00627195
0.00629602
0.00629312
0.00626663
0.00626823
0.00630509
0.00630607
0.00630939
0.00630814
0.00630318
0.00630413
0.00630709
0.00630726
0.00630299
0.00631082
0.00631066
0.00631052
0.00631094
0.0063108
0.00631095
0.00631033
0.00631013
0.00631
0.00631039
0.00631026
0.00631045
0.00630265
0.00630686
0.00630697
0.0063111
0.00631125
0.00631073
0.00631182
0.00631176
0.00631163
0.00631202
0.00631189
0.00631195
0.00631132
0.00631122
0.00631109
0.0063115
0.00631136
0.00631145
0.00630959
0.0063107
0.00631091
0.00625842
0.00625769
0.00628756
0.00628864
0.00625992
0.00625916
0.00625067
0.00625142
0.00628479
0.00628415
0.00624942
0.00624999
0.00630503
0.00630505
0.00629737
0.00630895
0.00630874
0.00630863
0.00630895
0.00630884
0.00630906
0.00630851
0.00630831
0.00630821
0.00630852
0.00630842
0.00630862
0.00629724
0.00630506
0.00630503
0.00630986
0.00630963
0.00630951
0.00630987
0.00630975
0.00630997
0.0063094
0.00630917
0.00630906
0.0063094
0.00630928
0.00630951
0.00624103
0.00620429
0.00628971
0.00550637
0.00579696
0.00582136
0.00562623
0.00564692
0.00529136
0.006292
0.00624798
0.00624452
0.00628507
0.00615792
0.00613756
0.00628398
0.00628566
0.00629971
0.00629762
0.00627956
0.0062819
0.00630596
0.00630588
0.00630145
0.00630805
0.00630789
0.00630778
0.0063081
0.006308
0.00630817
0.0063076
0.00630746
0.00630735
0.00630768
0.00630757
0.00630771
0.00630247
0.00630604
0.00630601
0.00576033
0.00552681
0.00550768
0.00567356
0.00564671
0.00585468
0.00626531
0.00626275
0.00629512
0.00572718
0.00597046
0.00598833
0.00584145
0.005862
0.00556805
0.00586747
0.00617699
0.00618572
0.00615738
0.00616744
0.00584435
0.00629655
0.0062699
0.00626769
0.00553568
0.00524792
0.00522805
0.0054842
0.00545179
0.00569302
0.00629686
0.00629745
0.0063029
0.00619149
0.00623752
0.00623306
0.00626252
0.00625948
0.00622346
0.00622793
0.00622239
0.00616553
0.00630271
0.00629542
0.00629618
0.00607944
0.00577151
0.00573276
0.00581894
0.00578588
0.00608731
0.0060877
0.00596073
0.00594852
0.00625435
0.0061402
0.00615952
0.00622571
0.00622986
0.00626122
0.00630239
0.00630246
0.00630189
0.00630356
0.00630301
0.00630296
0.00630257
0.00630317
0.0063029
0.00630372
0.00630345
0.00630282
0.00618126
0.00617724
0.00564853
0.00629839
0.00628074
0.00628092
0.00628049
0.00628111
0.00629886
0.00630309
0.00630425
0.00630399
0.00630478
0.00630452
0.00630316
0.00630461
0.00630461
0.00630488
0.00526427
0.00521815
0.00489663
0.00606336
0.00583414
0.00577222
0.00584307
0.0058377
0.00606296
0.00625457
0.00612544
0.00611178
0.00615645
0.00618667
0.00625656
0.004493
0.00541028
0.00558802
0.00631461
0.00631441
0.00631439
0.00631446
0.00631445
0.00631463
0.00631402
0.00631435
0.00631428
0.00631418
0.00631416
0.00631405
0.00631463
0.00631443
0.00631446
0.00631439
0.0063144
0.00631461
0.00631122
0.00631104
0.00631024
0.00631137
0.00631128
0.00631142
0.00631099
0.00631114
0.00631124
0.0063106
0.00630894
0.00630857
0.00630795
0.00630783
0.00630303
0.00630932
0.00630901
0.00630913
0.00630877
0.00630889
0.0063092
0.00630982
0.00630952
0.00630966
0.00630926
0.00630939
0.00630969
0.00630362
0.00630823
0.00630808
0.00625077
0.00625272
0.0062876
0.0062999
0.00630007
0.00630271
0.00627431
0.00629144
0.00629048
0.00629302
0.00629228
0.00627626
0.00629012
0.0062173
0.00618071
0.00621726
0.00621752
0.00628991
0.00534335
0.0059607
0.00595567
0.00631359
0.00631374
0.00631377
0.00631368
0.00631371
0.00631356
0.00631402
0.00631387
0.00631377
0.00631132
0.00631117
0.00631171
0.00631262
0.00631276
0.00631271
0.00631285
0.00631281
0.00631267
0.00631308
0.00631294
0.00631298
0.00631233
0.00631228
0.00631215
0.00631254
0.00631241
0.00631246
0.00631227
0.00631236
0.00631249
0.00630946
0.00630923
0.00630581
0.00631033
0.00631009
0.00631024
0.0063098
0.00630994
0.0063102
0.00631085
0.0063107
0.00631085
0.00631039
0.00631054
0.00631072
0.0063076
0.00630995
0.0063097
0.00628171
0.00628675
0.00630155
0.00615863
0.00624899
0.0062341
0.00627376
0.00626455
0.00620646
0.00606776
0.0061956
0.00619364
0.00620008
0.00619776
0.0060725
0.00628977
0.00626074
0.00626215
0.00624744
0.00628133
0.00627852
0.00628514
0.00628338
0.00625081
0.00630613
0.00629915
0.00630021
0.00630852
0.00630913
0.00630713
0.00631053
0.00631039
0.00631014
0.00630948
0.00630858
0.00630849
0.00630877
0.00630868
0.00630956
0.00630884
0.00630854
0.00630866
0.00630831
0.00630842
0.00630872
0.00630275
0.0063073
0.0063072
0.00625479
0.00625333
0.00628583
0.0060207
0.00618249
0.00618731
0.00617217
0.00617701
0.00600007
0.00625392
0.00625492
0.00628651
0.00604914
0.00618779
0.00618572
0.0061918
0.0061899
0.00605532
0.0059687
0.00616731
0.00616893
0.00616792
0.00616684
0.00597217
0.0062841
0.00624849
0.00624839
0.00630831
0.00630736
0.00630733
0.00630744
0.0063074
0.00630836
0.00630716
0.00630716
0.00630791
0.00629973
0.00630548
0.00630538
0.00630918
0.00630824
0.00630817
0.00630841
0.00630832
0.00630925
0.00630849
0.00630753
0.00630749
0.00630763
0.00630758
0.00630854
0.00628961
0.00629089
0.00630144
0.00623403
0.00626951
0.00626663
0.00627502
0.0062724
0.00623988
0.00629434
0.00627145
0.00627342
0.00630656
0.00630665
0.00630516
0.00630713
0.00630702
0.00630691
0.00630724
0.00630713
0.00630725
0.00630664
0.00630656
0.00630645
0.0063068
0.00630668
0.00630677
0.0063052
0.00630638
0.00630647
0.00628013
0.00627877
0.0062982
0.0059999
0.00620723
0.00621323
0.00619358
0.00620071
0.00598711
0.006122
0.00622802
0.00623226
0.00621858
0.00622348
0.00611293
0.00629881
0.00628251
0.00628137
0.00556607
0.00538674
0.00537775
0.00541038
0.00539695
0.00557822
0.00628769
0.006287
0.00629943
0.00615473
0.00624315
0.00624622
0.00623621
0.00623981
0.00614736
0.00536908
0.00536039
0.00553247
0.00631378
0.00631373
0.00631363
0.00614863
0.00615612
0.00621416
0.00619757
0.00613293
0.00614138
0.00631368
0.00631378
0.00631382
0.00631394
0.00631383
0.00631379
0.00631353
0.00631345
0.00631356
0.00574619
0.00573091
0.00592853
0.00533042
0.00552285
0.00553564
0.00538011
0.00558673
0.00561238
0.00554926
0.00556572
0.00535883
0.00597012
0.00577787
0.00576137
0.00588525
0.00587064
0.00603153
0.00550091
0.00568592
0.00570309
0.00563966
0.00566495
0.00547824
0.00631326
0.00631318
0.00631309
0.00631338
0.00631328
0.00631335
0.00631286
0.00631265
0.00631252
0.00631299
0.00631281
0.00631298
0.00630835
0.00630814
0.00630995
0.0062485
0.00620206
0.00621
0.00618859
0.00619452
0.00624448
0.00626219
0.00622634
0.00623075
0.00621683
0.00622199
0.00625939
0.00620595
0.00621164
0.00625037
0.00606723
0.0061564
0.00614768
0.0061705
0.00616383
0.0060791
0.0061382
0.00612876
0.00601524
0.00623819
0.00619361
0.00619989
0.00631029
0.0063065
0.00630744
0.0063039
0.00630552
0.00630971
0.00631233
0.00631133
0.00631193
0.00630864
0.0063101
0.00631191
0.00629503
0.00627165
0.00627422
0.00630437
0.0062901
0.0063
0.00627748
0.00628262
0.00630103
0.00631278
0.00631226
0.00631036
0.00631305
0.00631287
0.00631306
0.0063123
0.00631261
0.00631293
0.0063121
0.00631175
0.00631151
0.00631262
0.00631251
0.00631262
0.00631181
0.00631227
0.00631245
0.00631193
0.00631209
0.00631149
0.00610086
0.00621451
0.00621152
0.00622423
0.0062184
0.00610577
0.00629718
0.00627436
0.00627749
0.00626362
0.00626511
0.00629223
0.00608647
0.00620462
0.00620244
0.00620899
0.00620674
0.00608964
0.00630122
0.00630221
0.00630767
0.00625885
0.00628846
0.00628681
0.00629171
0.00629009
0.00626137
0.00631015
0.00630947
0.00630933
0.00630987
0.00630965
0.00631024
0.0063033
0.00630751
0.00630792
0.00630666
0.00630677
0.00630256
0.0063098
0.00630898
0.00630888
0.0063092
0.00630909
0.00630988
0.00605365
0.00619441
0.00619564
0.00619075
0.00619292
0.00605175
0.00628719
0.0062569
0.00625598
0.00602687
0.0061801
0.00617794
0.00618382
0.00618202
0.00603277
0.00628516
0.00625221
0.00625302
0.00624857
0.00624893
0.00628401
0.00599824
0.00617205
0.00616996
0.00617585
0.00617393
0.00600477
0.00630815
0.00630723
0.0063072
0.00630729
0.00630726
0.00630819
0.00629753
0.00630507
0.0063051
0.00630525
0.00630514
0.00629761
0.006308
0.00630715
0.00630716
0.00630717
0.00630716
0.00630804
0.00630892
0.00630796
0.0063079
0.0063081
0.00630803
0.00630898
0.0063087
0.00630773
0.00630768
0.00630784
0.00630778
0.00630875
0.00608246
0.00586019
0.00583439
0.00589844
0.00588119
0.00609511
0.0060333
0.00575639
0.00573964
0.00580574
0.00577849
0.00604489
0.0057358
0.00576531
0.00547357
0.00616178
0.00600064
0.00598321
0.00612583
0.00592967
0.00591391
0.00596492
0.00594658
0.00613508
0.00532496
0.00567257
0.00570347
0.00547288
0.00546812
0.00587628
0.00599121
0.00569368
0.00566512
0.00572588
0.00571193
0.00600309
0.00591312
0.00552056
0.00548898
0.00562136
0.00556845
0.00593405
0.0063002
0.00628706
0.00628834
0.00627522
0.00627727
0.00629682
0.00556495
0.00554496
0.00577806
0.00583488
0.00561729
0.00558901
0.00530779
0.00527239
0.00556092
0.00566076
0.00540704
0.00535541
0.00627253
0.00624463
0.00624832
0.00623551
0.00624029
0.00627014
0.00628128
0.00625825
0.0062615
0.00625165
0.00625495
0.00627928
0.00615617
0.00621699
0.00621206
0.00562934
0.00545542
0.00542974
0.00548633
0.00548137
0.00564839
0.00607101
0.00597055
0.00597276
0.00594567
0.00595847
0.00606047
0.00631458
0.00631513
0.00631535
0.00631517
0.00631516
0.00631461
0.00630267
0.00630282
0.0063031
0.00630225
0.00630254
0.00630238
0.00631428
0.00631416
0.00631415
0.0063142
0.00631419
0.00631431
0.00631392
0.00631407
0.00631409
0.00631404
0.006314
0.00631391
0.00631429
0.00631416
0.00631418
0.00631415
0.00631415
0.00631428
0.00631494
0.00631496
0.00631526
0.00631438
0.00631467
0.00631478
0.00631115
0.00631156
0.00631139
0.00630295
0.0063066
0.00630651
0.00625128
0.006279
0.00627718
0.00628236
0.00628068
0.00625392
0.00630282
0.00629584
0.00629657
0.00631246
0.00631232
0.00631223
0.00630429
0.00630895
0.00630837
0.00630997
0.00630947
0.00630521
0.00631265
0.00631279
0.00631289
0.00631257
0.00631269
0.0063125
0.00631286
0.00631281
0.00631272
0.00630916
0.00631001
0.00631055
0.00629584
0.00630531
0.00630298
0.00630768
0.00630675
0.00629989
0.00630879
0.00631011
0.00631023
0.00630711
0.00630702
0.00630276
0.00630835
0.00630808
0.00630819
0.00630785
0.00630796
0.00630823
0.00607072
0.0062075
0.00621089
0.00620248
0.00620467
0.00606312
0.00629026
0.00626347
0.00626245
0.00611028
0.00622144
0.00622439
0.00621447
0.00621783
0.00610258
0.00630574
0.00630571
0.00630049
0.00630578
0.00630589
0.00630511
0.00630633
0.00630621
0.00630626
0.0061799
0.00625405
0.00625624
0.00624906
0.00625166
0.00617434
0.00629961
0.00628889
0.00628832
0.00628104
0.0062942
0.00629366
0.00629501
0.00629466
0.00628225
0.0055579
0.00574766
0.00576403
0.00571816
0.00573263
0.00554308
0.00605795
0.00591115
0.00589853
0.00631471
0.00631455
0.00631456
0.0063145
0.00631452
0.00631469
0.00631418
0.00631435
0.00631432
0.00631361
0.00631356
0.00631347
0.00631376
0.00631366
0.00631369
0.00631353
0.00631359
0.00631368
0.00629726
0.00629791
0.00630334
0.00626358
0.00628571
0.00628406
0.00628858
0.00628723
0.00626668
0.00631319
0.0063133
0.00631332
0.00631285
0.00631313
0.00631299
0.00626926
0.00629526
0.0062934
0.00630013
0.00629747
0.00627341
0.00630976
0.00630709
0.00630815
0.00631092
0.00631137
0.00631148
0.00631036
0.00631052
0.00630928
0.00626155
0.00626071
0.00628901
0.00605435
0.00619933
0.00620077
0.00619682
0.00619804
0.00605354
0.00612809
0.00623162
0.00623416
0.00622696
0.00622939
0.00612416
0.00630107
0.00630583
0.00630577
0.00630608
0.00630607
0.00630267
0.00592642
0.00594982
0.00569303
0.00559068
0.00588086
0.00590424
0.00624761
0.00624265
0.006198
0.00626453
0.00626726
0.00628624
0.00621794
0.00625601
0.00625203
0.00598344
0.00597249
0.00609436
0.00564522
0.00581647
0.0058318
0.00578167
0.00579947
0.00562287
0.00570733
0.00588047
0.00589391
0.00585028
0.00586614
0.00569403
0.00611044
0.00618339
0.00617695
0.00619551
0.00618968
0.00612144
0.00626332
0.00623374
0.00623733
0.00558878
0.00541969
0.00544317
0.00543091
0.00542354
0.00559429
0.00489232
0.00521227
0.0052155
0.00531698
0.00534978
0.00449989
0.00608361
0.00588575
0.00579498
0.00595974
0.00593764
0.00607821
0.00631436
0.00631426
0.00631427
0.00631421
0.00631423
0.00631434
0.006314
0.00631412
0.00631409
0.00632125
0.00632124
0.00632235
0.00632124
0.00632124
0.00632234
0.00632124
0.00632124
0.00632234
0.00632125
0.00632125
0.00632235
0.00631905
0.00631904
0.00632015
0.00631905
0.00631905
0.00632015
0.00631684
0.00631684
0.00631794
0.00631788
0.00631788
0.00631845
0.00631787
0.00631787
0.00631844
0.00631688
0.00631688
0.00631797
0.00631465
0.00631466
0.00631575
0.00631566
0.00631565
0.00631622
0.00631611
0.0063161
0.00631641
0.00631473
0.00631473
0.0063158
0.00631249
0.0063125
0.00631357
0.00631394
0.00631397
0.00631424
0.00631261
0.00631259
0.00631366
0.00631034
0.00631036
0.00631143
0.00631188
0.00631191
0.00631215
0.00631052
0.00631048
0.00631154
0.0063082
0.00630823
0.0063093
0.00630997
0.00630998
0.00631022
0.00630844
0.00630838
0.00630943
0.00630605
0.0063061
0.00630717
0.00630808
0.00630807
0.00630831
0.00630636
0.00630628
0.00630734
0.0063039
0.00630396
0.00630503
0.0063051
0.00630514
0.00630567
0.00630609
0.00630608
0.00630634
0.00630425
0.00630416
0.00630523
0.00630174
0.0063018
0.00630288
0.00630295
0.00630298
0.00630353
0.00630352
0.00630352
0.0063038
0.00630212
0.00630202
0.0063031
0.00629954
0.00629959
0.0063007
0.00630071
0.00630073
0.00630129
0.00521403
0.00586134
0.0058555
0.00630119
0.00630124
0.00630179
0.00629996
0.00629987
0.00630095
0.00629732
0.00629739
0.00629848
0.00629843
0.00629747
0.00629828
0.00599882
0.00628882
0.00628928
0.00629896
0.00629903
0.00629958
0.00629777
0.00629765
0.00629874
0.00629524
0.00629521
0.0062963
0.00629565
0.00629567
0.00629677
0.00629305
0.00629295
0.00629407
0.00628718
0.00598544
0.00598469
0.00616088
0.00629318
0.00629432
0.00629346
0.00629351
0.00629461
0.00630407
0.00630434
0.00630434
0.00630262
0.0063026
0.00630232
0.00631437
0.00631466
0.00631468
0.00631641
0.00631611
0.00631611
0.00631252
0.00631255
0.00631229
0.0063124
0.00631266
0.00631262
0.00631048
0.0063105
0.00631025
0.00631203
0.00631177
0.00631174
0.00631046
0.0063107
0.00631068
0.00630849
0.00630849
0.00630824
0.00631
0.00630975
0.00630973
0.00630855
0.00630879
0.00630879
0.00630798
0.00630773
0.00630773
0.00630314
0.00630627
0.00630619
0.00630659
0.00630684
0.00630685
0.00553788
0.00553762
0.00508567
0.00630203
0.00630174
0.00630176
0.006313
0.00631286
0.00631282
0.00631196
0.00631204
0.00631199
0.00631157
0.00631179
0.00631188
0.00630389
0.00630614
0.00630613
0.00630613
0.00630611
0.00630331
0.00630533
0.00630545
0.0063049
0.00629962
0.00629065
0.00629028
0.00628987
0.0062894
0.00629963
0.0063004
0.00630045
0.00630237
0.00631324
0.00631328
0.00631314
0.00631416
0.00631401
0.00631398
0.00630407
0.00630461
0.00630457
0.0063034
0.00630476
0.00630466
0.00630538
0.00630529
0.00630347
0.00630285
0.00630291
0.00630236
0.00630399
0.00630345
0.00630339
0.00631398
0.00631402
0.00631418
0.00631316
0.0063133
0.00631325
0.00630344
0.00630557
0.00630548
0.0063061
0.00630602
0.00630327
0.00630467
0.0063051
0.00630522
0.00630435
0.00630447
0.0063042
0.00630387
0.00630408
0.00630421
0.0063153
0.00631514
0.00631514
0.00631421
0.00631438
0.00631439
0.00631514
0.00631514
0.00631531
0.00631393
0.00631396
0.00631405
0.0062379
0.00626782
0.00626532
0.00627864
0.00627722
0.00625541
0.00591146
0.00608044
0.00609047
0.00600371
0.00601781
0.00580079
0.00630187
0.00630244
0.00630241
0.00630297
0.00630325
0.00630324
0.00631408
0.00631418
0.00631419
0.00626332
0.00628114
0.00627997
0.0063135
0.00631355
0.00631347
0.00631407
0.00631398
0.00631396
0.00602474
0.0061431
0.00614894
0.00609968
0.00610793
0.00596059
0.00631626
0.00631571
0.00631572
0.00630316
0.00630289
0.0063029
0.00631529
0.00631499
0.00631501
0.00631433
0.00631448
0.00631446
0.00631189
0.00631184
0.00631197
0.00631156
0.0063117
0.00631176
0.00630787
0.00630762
0.00630773
0.00630739
0.00630751
0.00630774
0.00631241
0.00631238
0.00631251
0.00631211
0.00631224
0.00631228
0.00630613
0.00630609
0.00630596
0.00630226
0.00630047
0.00630047
0.00631414
0.00631423
0.00631422
0.00631733
0.00631734
0.00631676
0.00631673
0.00631731
0.00631731
0.00631729
0.0063173
0.00631671
0.00631844
0.00631787
0.00631787
0.00631671
0.00631729
0.0063173
0.00631732
0.00631731
0.00631674
0.00631845
0.00631788
0.00631789
0.00631678
0.00631734
0.00631735
0.00631454
0.0063151
0.0063151
0.00631531
0.00631506
0.00631451
0.00631619
0.00631563
0.0063156
0.00631584
0.00631583
0.00631553
0.00631548
0.0063158
0.0063158
0.00631582
0.00631581
0.0063155
0.00631641
0.00631611
0.00631612
0.00631344
0.0063137
0.00631366
0.00631142
0.00631166
0.00631163
0.00630951
0.00630974
0.00630974
0.00630759
0.00630783
0.00630783
0.00630557
0.00630583
0.00630584
0.00630011
0.00630019
0.00629964
0.0063013
0.00630075
0.00630067
0.00629998
0.00630081
0.00630053
0.00630137
0.00630109
0.00630026
0.00588538
0.00587356
0.00526025
0.0062258
0.00610887
0.00611516
0.00610796
0.00610753
0.00622611
0.00630015
0.00630069
0.00630064
0.00630066
0.00630072
0.00630018
0.00630182
0.00630127
0.00630123
0.00629909
0.00629854
0.00629845
0.00629566
0.00629659
0.00629788
0.00569868
0.00623588
0.00623228
0.0062448
0.00624023
0.00569398
0.0062878
0.00628832
0.00600463
0.00629839
0.00629817
0.00629761
0.00629929
0.00629873
0.00629895
0.00631231
0.00631244
0.00631241
0.00631055
0.00631061
0.00631072
0.00631037
0.00631049
0.00631043
0.00631202
0.00631206
0.00631219
0.00631181
0.00631194
0.00631189
0.0063087
0.00630874
0.00630886
0.00630851
0.00630862
0.00630859
0.00631008
0.00631014
0.00631025
0.0063099
0.00631002
0.00630996
0.00630824
0.00630827
0.00630839
0.00630803
0.00630815
0.00630812
0.00630121
0.00630196
0.00630165
0.00630262
0.00630233
0.00630179
0.0063024
0.0063024
0.00630269
0.00521735
0.00521871
0.00489992
0.00463817
0.00534139
0.00531451
0.00631477
0.00631463
0.00631434
0.00631523
0.00631493
0.00631492
0.00631497
0.00631496
0.00631526
0.00631611
0.00631611
0.00631641
0.0063155
0.00631581
0.00631581
0.00631579
0.0063158
0.00631548
0.00631616
0.00631616
0.00631645
0.00631556
0.00631586
0.00631586
0.00631587
0.00631588
0.00631558
0.00631309
0.00631282
0.00631279
0.0063136
0.00631363
0.00631336
0.00631308
0.00631314
0.00631322
0.00631297
0.00631306
0.00631298
0.00631287
0.00631291
0.00631317
0.00631101
0.00631075
0.00631073
0.00631149
0.00631152
0.00631126
0.00631092
0.00631094
0.00631118
0.00630899
0.00630874
0.00630874
0.00630948
0.0063095
0.00630925
0.00630903
0.00630903
0.00630927
0.00630695
0.00630669
0.00630671
0.00630748
0.00630747
0.00630721
0.00630643
0.00630635
0.00630309
0.00630738
0.00630716
0.00630728
0.00630693
0.00630705
0.00630725
0.0063071
0.00630709
0.00630734
0.00628208
0.00629539
0.00629454
0.0062968
0.00629613
0.0062837
0.00595019
0.00594531
0.00537263
0.00628903
0.00621424
0.00621605
0.00606842
0.00584964
0.00584703
0.00585057
0.0058511
0.00606945
0.00509249
0.00553611
0.00553555
0.00628129
0.00628159
0.00629771
0.00571489
0.0061877
0.00618476
0.00630147
0.00630167
0.00630196
0.00630109
0.00630138
0.00630111
0.00631264
0.00631278
0.00631281
0.00631268
0.00631273
0.00631259
0.00631256
0.00631275
0.00631263
0.00631293
0.00631284
0.00631274
0.00631103
0.00631108
0.0063112
0.00631084
0.00631096
0.00631091
0.00631159
0.00631169
0.00631139
0.00631152
0.00631157
0.00631169
0.00631132
0.00631144
0.0063114
0.00630916
0.00630921
0.00630933
0.00630898
0.00630909
0.00630905
0.00630962
0.00630967
0.00630979
0.00630944
0.00630956
0.0063095
0.00619449
0.00626032
0.00626223
0.00625644
0.00625842
0.00618973
0.00617583
0.00625241
0.00625449
0.00624774
0.00625019
0.00617066
0.00630729
0.0063073
0.00630742
0.00630614
0.00630614
0.00630404
0.00630313
0.0063061
0.00630609
0.00630777
0.00630779
0.00630791
0.00630755
0.00630767
0.00630765
0.00628799
0.00629795
0.00629741
0.00629886
0.00629844
0.00628922
0.00630562
0.00630559
0.00630546
0.00630584
0.00630572
0.00630575
0.00630496
0.00630556
0.00630567
0.00629115
0.00629095
0.00629958
0.0061981
0.00626158
0.00626279
0.00625821
0.00626
0.00619414
0.00617804
0.00624858
0.00624908
0.00626176
0.00625207
0.00618208
0.00630043
0.00630029
0.00630189
0.00628366
0.00629508
0.00629522
0.00629521
0.00629507
0.0062839
0.00631357
0.00631342
0.00631338
0.00631382
0.00631386
0.00631371
0.00630498
0.00630488
0.00630343
0.00630347
0.00630518
0.00630509
0.00631373
0.00631387
0.00631383
0.00631339
0.00631335
0.00631321
0.00631364
0.00631349
0.00631353
0.00631339
0.00631344
0.00631358
0.00630576
0.00630567
0.00630341
0.00630331
0.00630593
0.00630584
0.00630486
0.00630498
0.00630459
0.00630431
0.00630461
0.00630473
0.00631516
0.00631516
0.00631532
0.00631482
0.00631499
0.00631499
0.00631497
0.00631497
0.00631479
0.00631501
0.00631502
0.00631485
0.00631432
0.00631435
0.00631418
0.00631468
0.00631452
0.0063145
0.00631455
0.00631454
0.00631471
0.00631518
0.00631519
0.00631535
0.00631486
0.00631502
0.00631502
0.00631504
0.00631504
0.00631488
0.00631479
0.00631497
0.00631497
0.00631499
0.00631499
0.00631482
0.00631532
0.00631516
0.00631516
0.00631342
0.00631345
0.00631352
0.00631329
0.00631337
0.00631334
0.00631377
0.00631387
0.00631383
0.00627387
0.00629131
0.00628999
0.00629358
0.00629249
0.00627609
0.00627213
0.00627012
0.00624208
0.00625238
0.00627565
0.00627399
0.0063115
0.0063122
0.006312
0.00631251
0.00631236
0.00631181
0.00630835
0.00631096
0.00631047
0.00631175
0.0063114
0.00630955
0.00626407
0.00626579
0.00620891
0.00615067
0.00624214
0.00624506
0.00623652
0.00623941
0.00614373
0.00605682
0.00606908
0.0058903
0.00582196
0.00603089
0.00604413
0.00575794
0.00592851
0.00593995
0.00590587
0.00591793
0.00574536
0.00581545
0.00596994
0.00597281
0.0059502
0.00596105
0.00580125
0.00614803
0.00620808
0.00620218
0.00621602
0.00621295
0.00615505
0.00627445
0.00629443
0.00629528
0.00592776
0.00590852
0.00575294
0.00615713
0.00621286
0.00621264
0.00631441
0.00631451
0.00631451
0.0063145
0.00631449
0.00631439
0.00631413
0.00631415
0.00631405
0.00631435
0.00631425
0.00631424
0.00631444
0.00631454
0.00631454
0.00631439
0.0063145
0.0063145
0.00631451
0.00631451
0.0063144
0.00624988
0.00625055
0.006182
0.00631372
0.00631364
0.00631359
0.00631387
0.00631389
0.00631381
0.00612997
0.00613669
0.00601261
0.00597407
0.00611569
0.006123
0.00632344
0.00632344
0.00632454
0.00632344
0.00632344
0.00632454
0.00632344
0.00632344
0.00632454
0.00632345
0.00632345
0.00632454
0.00632125
0.00632125
0.00632235
0.00632125
0.00632125
0.00632235
0.00631904
0.00631906
0.00632016
0.00631906
0.00631906
0.00632016
0.00631791
0.00631791
0.00631847
0.00631576
0.00631577
0.00631631
0.00631362
0.00631363
0.00631415
0.00631155
0.00631155
0.00631206
0.00630954
0.00630952
0.00631003
0.00630753
0.00630748
0.00630799
0.00630547
0.00630539
0.00630591
0.00630398
0.00630393
0.0063042
0.00630335
0.00630325
0.00630378
0.00630121
0.00630122
0.0063015
0.00629851
0.00629853
0.00629908
0.00629514
0.00629521
0.0062963
0.00629558
0.00629545
0.00629654
0.00629305
0.00629302
0.00629411
0.00629345
0.00629347
0.00629457
0.00629086
0.00629068
0.00629182
0.00628381
0.00598731
0.00598605
0.00616246
0.00629091
0.00629205
0.00629126
0.0062913
0.0062924
0.00630178
0.00630208
0.00630209
0.00631418
0.00631391
0.00631388
0.00630645
0.00630643
0.00630617
0.00630448
0.00630474
0.00630479
0.00538181
0.00594188
0.00594119
0.00619221
0.0061902
0.00573311
0.00628401
0.00628394
0.00629669
0.00630174
0.00630016
0.00630009
0.00630432
0.00630429
0.00630402
0.0063059
0.00630564
0.00630566
0.00630327
0.0063034
0.00630327
0.00630295
0.00630383
0.00630371
0.00630454
0.00630443
0.00630327
0.00631452
0.0063148
0.00631478
0.00631901
0.00631957
0.00631957
0.00631957
0.00631957
0.00631901
0.00631901
0.00631957
0.00631957
0.00631957
0.00631957
0.00631901
0.00631678
0.00631735
0.00631734
0.00631846
0.0063179
0.0063179
0.006317
0.006317
0.00631671
0.00631671
0.00631701
0.00631701
0.00631737
0.00631737
0.00631682
0.00631514
0.00631515
0.0063146
0.00631473
0.00631475
0.00631447
0.00631555
0.00631585
0.00631585
0.00631643
0.00631613
0.00631614
0.00631469
0.00631523
0.00631522
0.00631297
0.00631298
0.00631245
0.00631406
0.00631352
0.00631351
0.00631258
0.0063131
0.00631309
0.00631086
0.00631086
0.00631033
0.00631191
0.00631138
0.00631138
0.00631173
0.0063117
0.00631146
0.0063122
0.00631195
0.00631198
0.00631053
0.00631104
0.00631105
0.00630878
0.00630876
0.00630824
0.00630981
0.00630928
0.0063093
0.00630978
0.00630977
0.00630953
0.00631025
0.00631001
0.00631002
0.0063085
0.00630901
0.00630904
0.00630669
0.00630665
0.00630612
0.00630771
0.00630718
0.00630721
0.00630781
0.00630783
0.00630759
0.00630832
0.00630808
0.00630806
0.00630644
0.00630695
0.00630702
0.00630558
0.00630505
0.0063051
0.00630432
0.00630485
0.00630495
0.00630338
0.00630365
0.00630371
0.00629963
0.00630018
0.00630016
0.00630066
0.00630094
0.00630093
0.0062979
0.00629798
0.00629743
0.0062979
0.00629846
0.0062984
0.00631254
0.00631256
0.00631269
0.0063068
0.00630681
0.00630693
0.00631444
0.00631446
0.00631431
0.00631274
0.00631271
0.00631246
0.00631323
0.00631297
0.00631299
0.00631075
0.00631073
0.00631049
0.00631121
0.00631097
0.00631099
0.0063088
0.00630881
0.00630857
0.00630929
0.00630905
0.00630905
0.0063068
0.00630684
0.00630658
0.00630734
0.00630709
0.00630706
0.00630506
0.00630503
0.00630529
0.00630025
0.00629997
0.00629913
0.00620911
0.0062121
0.00628854
0.0062975
0.00628181
0.00628197
0.00630028
0.00630054
0.00630082
0.00630147
0.00630146
0.00630117
0.00631295
0.00631292
0.00631306
0.00630706
0.00630718
0.00630717
0.00629744
0.00628577
0.00629065
0.0063135
0.00631348
0.00631363
0.0063132
0.00631334
0.00631336
0.00630483
0.00630457
0.0063046
0.0063054
0.00630537
0.0063051
0.00631395
0.00631393
0.00631378
0.00631423
0.00631408
0.0063141
0.00630637
0.00630623
0.00630635
0.00630688
0.0063067
0.00630682
0.00630647
0.00630658
0.00630675
0.0063051
0.00630508
0.00630495
0.00630534
0.00630521
0.00630523
0.00630482
0.00630469
0.00630471
0.00630381
0.00630394
0.00630376
0.00630339
0.00630354
0.00630367
0.00631487
0.00631503
0.00631503
0.00631534
0.00631518
0.00631518
0.00630408
0.00630396
0.00630302
0.00630322
0.00630431
0.0063042
0.00631507
0.00631508
0.00631537
0.00631462
0.00631463
0.00631479
0.00631671
0.00631701
0.00631701
0.006317
0.006317
0.0063167
0.00631532
0.00631503
0.00631502
0.00631477
0.00631461
0.0063146
0.00632345
0.00632345
0.00632454
0.00632345
0.00632345
0.00632454
0.00632126
0.00632125
0.00632235
0.00631906
0.00631906
0.00632015
0.00631685
0.00631685
0.00631794
0.00631791
0.00631792
0.00631848
0.00631689
0.00631688
0.00631797
0.00631467
0.00631467
0.00631576
0.00631614
0.00631614
0.00631644
0.00631473
0.00631472
0.0063158
0.00631249
0.0063125
0.00631358
0.00631259
0.00631257
0.00631364
0.00631033
0.00631034
0.00631142
0.00631047
0.00631044
0.0063115
0.00630817
0.00630819
0.00630927
0.00630835
0.0063083
0.00630937
0.00630601
0.00630604
0.00630712
0.00630623
0.00630617
0.00630723
0.00630384
0.00630389
0.00630497
0.00630411
0.00630402
0.00630509
0.00630167
0.00630172
0.00630281
0.00630196
0.00630186
0.00630294
0.00630118
0.00630107
0.00630161
0.00629979
0.00629969
0.00630077
0.0062962
0.00629361
0.0062947
0.00602191
0.00628667
0.00628726
0.00629338
0.00629324
0.00629433
0.00631646
0.00631617
0.00631617
0.00630227
0.00630254
0.0063026
0.00630374
0.00630347
0.00630351
0.00631958
0.00631958
0.00631902
0.00631903
0.00631958
0.00631958
0.00631736
0.00631736
0.0063168
0.00631849
0.00631793
0.00631793
0.00631686
0.00631741
0.0063174
0.00631625
0.0063157
0.00631569
0.00631565
0.00631593
0.00631592
0.00631378
0.00631376
0.0063135
0.00631431
0.00631404
0.00631405
0.00630457
0.0063045
0.00630397
0.00630576
0.00630581
0.00630555
0.00630633
0.00630607
0.00630603
0.0063024
0.00630233
0.00630179
0.00630342
0.00630288
0.00630295
0.00630216
0.0063027
0.00630281
0.00629961
0.00629905
0.00629899
0.00622991
0.00622906
0.00571487
0.00629704
0.00629648
0.00629671
0.00630288
0.00630283
0.0063031
0.00630323
0.00630319
0.00630292
0.00631589
0.0063159
0.00631561
0.00599474
0.00499923
0.00321601
0.00598523
0.00498172
0.00318338
0.0058757
0.00480447
0.00302127
0.00586921
0.00479385
0.00302559
0.00350887
0.00253433
0.00183529
0.00630285
0.00610323
0.00447737
0.00609213
0.0052168
0.00310522
0.00606064
0.00513787
0.00302878
0.00350373
0.00253255
0.00183473
0.00463038
0.00378736
0.00258119
0.00629942
0.00606557
0.00438522
0.00603068
0.00504762
0.00320686
0.006036
0.00505685
0.00320525
0.00594416
0.00491322
0.00314332
0.00594106
0.00491359
0.0031589
0.00579648
0.00468546
0.00296671
0.00580744
0.00470155
0.00298876
0.00412423
0.00291072
0.00195029
0.00423297
0.00298979
0.00197171
0.00443407
0.00374666
0.00256491
0.00631233
0.00626283
0.0053751
0.00617872
0.0054225
0.00330995
0.00619757
0.00548732
0.00335626
0.00617335
0.00540055
0.00328998
0.00600724
0.00501169
0.00318993
0.00597049
0.00496008
0.00318749
0.0059066
0.00485653
0.00309517
0.0058354
0.00474803
0.00298088
0.00556371
0.00437467
0.00281547
0.00630132
0.0060436
0.00441273
0.00347388
0.00252018
0.00183276
0.00432722
0.00312682
0.00201059
0.00426084
0.00301872
0.0019795
0.00481062
0.0035532
0.00229372
0.00440135
0.00302021
0.00195703
0.00446907
0.00306823
0.00197106
0.00455368
0.00313258
0.00198504
0.00450078
0.00309357
0.0019761
0.00468041
0.00323142
0.00201008
0.00457791
0.00315092
0.00199035
0.00466128
0.00321713
0.00200599
0.00438716
0.00301078
0.00195483
0.00431943
0.00296336
0.00194376
0.0042382
0.00291381
0.00193214
0.00429982
0.00295133
0.00194016
0.0040595
0.00282281
0.00190822
0.00412392
0.00285106
0.00191575
0.00421327
0.00289879
0.00192732
0.00415361
0.00286874
0.00192064
0.00402977
0.00280597
0.00190474
0.00354454
0.00253843
0.00183473
0.00348006
0.00250854
0.00182764
0.00434392
0.00316101
0.00202033
0.00620239
0.00550814
0.00337481
0.00622198
0.00558674
0.00347398
0.00622666
0.00561028
0.00350901
0.0060139
0.00502657
0.00320447
0.00605515
0.00509472
0.00324292
0.00596455
0.00494856
0.00317546
0.00591156
0.00486292
0.00309097
0.00577084
0.00464901
0.00293378
0.00582747
0.00473128
0.00297291
0.00546855
0.00424967
0.00269255
0.00551867
0.00431029
0.00279406
0.00548004
0.00426403
0.00270813
0.00554991
0.00435983
0.00278171
0.00552494
0.00431866
0.00279861
0.0052959
0.00402711
0.00254138
0.00516756
0.0038826
0.00242744
0.00514778
0.00386397
0.00240574
0.00478881
0.00353699
0.00227464
0.00471994
0.0034935
0.0023305
0.00608484
0.00515553
0.00323909
0.00608892
0.00516032
0.00321871
0.00599786
0.00499931
0.00320151
0.00607938
0.00514346
0.00323571
0.00607148
0.00512375
0.00320966
0.00597882
0.00496838
0.00317163
0.00588346
0.00482156
0.00303348
0.00574286
0.00460443
0.00296194
0.00574779
0.00460767
0.0029499
0.00586411
0.00478829
0.00303769
0.00573103
0.00458926
0.00293354
0.00571889
0.00457381
0.00290878
0.00354618
0.00258031
0.00184921
0.0035367
0.00259602
0.00185302
0.00351152
0.00253356
0.00183519
0.00355282
0.00256762
0.00184592
0.00355648
0.00256313
0.0018447
0.00630444
0.00612254
0.00456684
0.00509364
0.00380893
0.00246783
0.00507512
0.00379504
0.00242595
0.00612208
0.00529446
0.00318248
0.00623985
0.00569034
0.00371474
0.00603551
0.00507331
0.00296142
0.00349623
0.00252882
0.00183356
0.00463568
0.00377621
0.00251124
0.00629618
0.00603332
0.00429111
0.00611961
0.00523917
0.00326009
0.00602652
0.00504383
0.00322002
0.00604243
0.00507142
0.00321661
0.00594886
0.00491877
0.00313696
0.00592726
0.00489266
0.00312338
0.005789
0.00467164
0.0029622
0.00581484
0.0047139
0.002993
0.00568071
0.00452614
0.00289862
0.00510639
0.00382081
0.00250526
0.00511903
0.0038375
0.00245098
0.00631229
0.0062596
0.00525788
0.00631162
0.00623791
0.00509166
0.00416579
0.00293836
0.00195772
0.00420113
0.00296319
0.00196457
0.00618833
0.00545233
0.00334779
0.00619315
0.00547086
0.00335718
0.0061659
0.00537603
0.00331135
0.00610004
0.00518572
0.00321086
0.00609401
0.00517024
0.00320766
0.00600188
0.00500258
0.00318963
0.00605819
0.00509701
0.00323392
0.00606582
0.00511005
0.0032039
0.00597391
0.00496137
0.0031744
0.00589605
0.00483957
0.00306487
0.00576048
0.00462756
0.00294553
0.00575406
0.00461512
0.00294122
0.00584719
0.00476498
0.00300623
0.00570275
0.00454663
0.00290233
0.00571024
0.00455847
0.00289985
0.00558568
0.00439661
0.00285414
0.0055796
0.00439189
0.00285429
0.0035059
0.00254236
0.00183888
0.00352335
0.00257515
0.00184815
0.00349776
0.00252277
0.00183275
0.0035423
0.00255737
0.00184351
0.00355418
0.00256077
0.0018441
0.00351275
0.0025571
0.00184442
0.00430814
0.00308733
0.00199897
0.00428583
0.00305109
0.00198851
0.00630681
0.00615327
0.00469734
0.00503004
0.003754
0.00248727
0.0050452
0.00377035
0.00245117
0.00505877
0.00378167
0.0024268
0.0061766
0.00546425
0.00340312
0.0061399
0.00534884
0.00325786
0.0061983
0.00553714
0.00349835
0.00621652
0.00560564
0.00360574
0.0059961
0.00497709
0.00286077
0.00527026
0.00381935
0.00220356
0.00441974
0.00303251
0.00196034
0.00444209
0.00304781
0.00196494
0.00453345
0.0031173
0.00198099
0.00451742
0.00310514
0.00197816
0.00460674
0.0031741
0.00199706
0.00464045
0.00320206
0.00200277
0.00437321
0.00300238
0.00195348
0.00434392
0.00298042
0.00194906
0.00426816
0.00293411
0.00193666
0.00428526
0.0029435
0.00193823
0.00407745
0.0028292
0.00190936
0.00409889
0.00283862
0.00191186
0.00419327
0.00288849
0.00192432
0.0041792
0.00288352
0.00192339
0.00399997
0.00279034
0.00190021
0.00348741
0.00252157
0.00183147
0.00435795
0.00320565
0.00203496
0.00621806
0.00556893
0.00345898
0.00620751
0.00553083
0.00341174
0.00623338
0.0056403
0.00355765
0.00610703
0.00520697
0.00323178
0.00611485
0.00522807
0.0032605
0.00602352
0.00504455
0.00323828
0.00605125
0.00509003
0.0032475
0.00595529
0.00493139
0.00314626
0.0059182
0.00487562
0.00309822
0.0057824
0.00466259
0.00296109
0.00582037
0.00471991
0.00297883
0.00569601
0.00454039
0.00291266
0.00569123
0.00453875
0.00292369
0.00566852
0.00450573
0.0029012
0.00546037
0.00423694
0.00269372
0.0055113
0.00429664
0.00277862
0.00549434
0.00427885
0.00274042
0.00553211
0.00433271
0.00276306
0.00553924
0.00434545
0.00276425
0.00518918
0.00390588
0.00245415
0.00513155
0.00384949
0.00241435
0.00476625
0.00352184
0.00231237
0.00474279
0.00350657
0.00230724
0.00631317
0.00628355
0.00553968
0.00631361
0.00629718
0.00575658
0.00631361
0.00629679
0.0057615
0.00436446
0.00337684
0.00217774
0.00442101
0.00346973
0.00222425
0.00578455
0.00456844
0.00256962
0.00547809
0.0040943
0.00232342
0.00582194
0.00463407
0.00260948
0.00542148
0.00401954
0.0022953
0.00371776
0.00264117
0.00186166
0.00361737
0.00258425
0.00184694
0.00352486
0.00253094
0.0018332
0.00360057
0.00257524
0.00184467
0.00352189
0.00253128
0.00183339
0.00476938
0.0037646
0.00276916
0.00627522
0.00586016
0.00387108
0.00626803
0.00582048
0.00380824
0.00524609
0.00396926
0.00251168
0.00535292
0.00409017
0.00263158
0.00534406
0.0040768
0.0026202
0.00523669
0.00395692
0.00251218
0.00521049
0.00392956
0.00248579
0.00630784
0.00613166
0.00466003
0.0063095
0.0061793
0.0048027
0.00405747
0.00333677
0.00260922
0.00490365
0.00362712
0.00228305
0.00437599
0.0036144
0.00218907
0.00442339
0.00363713
0.00219032
0.00443769
0.00349004
0.00211559
0.00416156
0.00300419
0.00198264
0.00453845
0.00361913
0.00227479
0.00615644
0.00534416
0.00328619
0.00559199
0.00440361
0.00285693
0.00559947
0.0044174
0.00282536
0.00563336
0.00446066
0.00289308
0.0047791
0.00367223
0.00236614
0.00627462
0.00585744
0.00401837
0.00360965
0.00267793
0.00188174
0.00630978
0.00620773
0.00494946
0.00630807
0.00617994
0.00480334
0.00498695
0.00371644
0.00241829
0.00487819
0.00360573
0.00225636
0.00497233
0.00370404
0.00240454
0.00495557
0.00368358
0.0023924
0.00625233
0.00574679
0.003819
0.00560778
0.0042836
0.00241391
0.00565456
0.00435423
0.00244746
0.00596
0.00490286
0.00281046
0.00592564
0.00483237
0.00275572
0.00368383
0.00261929
0.00185653
0.00366553
0.00260848
0.00185331
0.00353819
0.00253584
0.00183418
0.00346313
0.00249448
0.00182416
0.00408881
0.0033089
0.00207902
0.00367347
0.00275376
0.00190698
0.00400253
0.00320509
0.00204153
0.00441748
0.00338989
0.00208715
0.00412031
0.00294216
0.00196302
0.00457012
0.00366321
0.00232612
0.00628632
0.00594435
0.00406288
0.00628877
0.00596459
0.00412533
0.00613275
0.0052764
0.00326005
0.00614785
0.00532061
0.00325073
0.00612457
0.00525383
0.00327484
0.00566113
0.00449221
0.00288788
0.00564073
0.00446868
0.00289826
0.00528273
0.00401293
0.00251769
0.00477453
0.00367021
0.00234075
0.0041051
0.00286667
0.00193799
0.00429478
0.0032423
0.00206625
0.00446683
0.00353273
0.00223598
0.00472026
0.00352225
0.00228896
0.00470908
0.00346477
0.00220358
0.0047335
0.00357694
0.0023531
0.00474328
0.00361232
0.00235882
0.00573506
0.00447822
0.00250724
0.00409534
0.00292973
0.00195823
0.00411259
0.00295325
0.00196478
0.00552502
0.00415893
0.00235146
0.0058671
0.004713
0.00265397
0.00537032
0.00395208
0.0022671
0.00508121
0.00360869
0.00212486
0.0051243
0.00365564
0.00214503
0.00481123
0.00334884
0.00203941
0.0048331
0.00336649
0.00204385
0.00504482
0.00356844
0.00210821
0.00501599
0.00354059
0.00209627
0.004773
0.00331388
0.00203306
0.00474313
0.00328782
0.00202565
0.00372463
0.00264837
0.00186364
0.00375017
0.0026584
0.00186615
0.00387641
0.00272296
0.00188265
0.00386002
0.00271507
0.00188072
0.00389495
0.00273167
0.00188491
0.00391608
0.00274281
0.00188819
0.00371052
0.00263678
0.00186079
0.00363278
0.00259235
0.00184906
0.00352916
0.00253267
0.0018335
0.00358051
0.00256484
0.0018421
0.00351208
0.00252525
0.0018318
0.00406089
0.00288418
0.00194482
0.00407379
0.0029095
0.00195226
0.00627806
0.00587916
0.00390685
0.00628097
0.00590073
0.00396554
0.0062624
0.00578406
0.00375295
0.00544692
0.00420886
0.00272342
0.00545331
0.00421928
0.00272944
0.0052573
0.00398315
0.00251002
0.00543956
0.00419757
0.00271489
0.005421
0.00417895
0.00267566
0.00536187
0.00410353
0.0026377
0.00533084
0.00406338
0.002588
0.00477208
0.00378123
0.00264883
0.00411062
0.00288344
0.00194239
0.00412492
0.00290937
0.00195152
0.00411548
0.00285975
0.00193736
0.00631306
0.00628073
0.0055499
0.00631181
0.00625022
0.00524267
0.00631063
0.00622605
0.00507136
0.00493059
0.00365563
0.00232795
0.00432021
0.00360671
0.00218739
0.00424442
0.00350001
0.00212808
0.0044475
0.00362242
0.00218871
0.00445099
0.00357379
0.00216326
0.00421224
0.00306359
0.0020065
0.00450481
0.00357829
0.00224589
0.00616233
0.00536645
0.00331731
0.00560673
0.00443005
0.00283143
0.00561804
0.00444426
0.00285576
0.00472064
0.00351039
0.00246454
0.00471609
0.00349308
0.00231423
0.00476744
0.00364812
0.00235269
0.00628464
0.00592013
0.00414556
0.00629592
0.0059921
0.00428166
0.00356554
0.00262672
0.00186553
0.00353628
0.0025821
0.00185163
0.00412835
0.00295327
0.00196805
0.00412371
0.00296614
0.00197229
0.00500234
0.00372958
0.00243975
0.00501699
0.00374237
0.00245734
0.0048359
0.00357656
0.00232361
0.00485553
0.0035897
0.00228576
0.00556435
0.00421765
0.00238151
0.00570361
0.00442775
0.00247925
0.00589528
0.00476871
0.00270236
0.00532697
0.00389544
0.00224226
0.00522851
0.00377109
0.00218798
0.00517395
0.00371058
0.00216739
0.00488852
0.0034176
0.00205974
0.004858
0.00338966
0.00205061
0.00492467
0.00345136
0.00207132
0.00496732
0.00349272
0.00208467
0.00470391
0.00325074
0.00201398
0.00380443
0.00268443
0.00187345
0.00377732
0.00267051
0.00186936
0.00382938
0.00269914
0.00187739
0.00384672
0.00270884
0.00187942
0.00396969
0.00277285
0.00189514
0.00398257
0.0027791
0.00189645
0.0039593
0.00276941
0.00189473
0.00393988
0.0027577
0.00189232
0.00370274
0.00263234
0.00185995
0.00364862
0.00260023
0.00185113
0.00353354
0.00253465
0.00183393
0.00354952
0.0025473
0.00183761
0.00349041
0.00250986
0.0018276
0.00378114
0.00286696
0.00194488
0.00390059
0.00303605
0.00199464
0.00438847
0.00330668
0.00206411
0.00407771
0.00287182
0.00194261
0.0045915
0.00369462
0.00236436
0.0062915
0.00599447
0.00420891
0.00625172
0.00572908
0.00366966
0.00625936
0.00576678
0.00372595
0.00624762
0.00570431
0.00361895
0.00624173
0.0056743
0.00360553
0.00613673
0.00528539
0.00324323
0.00614185
0.00530015
0.00323826
0.00565395
0.00448045
0.0028856
0.0056467
0.00447279
0.00289035
0.00526961
0.00399791
0.00250995
0.00539091
0.00414858
0.00261868
0.00540468
0.00416294
0.00264034
0.00537026
0.0041162
0.00264693
0.00538041
0.0041357
0.00261622
0.00531449
0.00404834
0.00255485
0.00477565
0.00371279
0.00246111
0.00631349
0.00629288
0.00569881
)
;

boundaryField
{
    topAndBottom
    {
        type            slip;
    }
    inlet
    {
        type            fixedValue;
        value           uniform 0.00633;
    }
    outlet
    {
        type            zeroGradient;
    }
    wing
    {
        type            groovyBC;
        refValue        uniform 0.00154192;
        refGradient     uniform 0;
        valueFraction   uniform 1;
        value           uniform 0.00154192;
        valueExpression "YSat*rh";
        gradientExpression "0";
        fractionExpression "1";
        evaluateDuringConstruction 0;
        cyclicSlave     0;
        variables       "rh=0.7;";
        timelines       (
);
        lookuptables    (
);
        lookuptables2D  (
);
    }
    front
    {
        type            empty;
    }
    back
    {
        type            empty;
    }
}


// ************************************************************************* //
