/*--------------------------------*- C++ -*----------------------------------*\
| =========                 |                                                 |
| \\      /  F ield         | OpenFOAM: The Open Source CFD Toolbox           |
|  \\    /   O peration     | Version:  5.x                                   |
|   \\  /    A nd           | Web:      www.OpenFOAM.org                      |
|    \\/     M anipulation  |                                                 |
\*---------------------------------------------------------------------------*/
FoamFile
{
    version     2.0;
    format      ascii;
    class       volScalarField;
    location    "2287";
    object      alphat;
}
// * * * * * * * * * * * * * * * * * * * * * * * * * * * * * * * * * * * * * //

dimensions      [0 2 -1 0 0 0 0];

internalField   nonuniform List<scalar> 
6584
(
0.0999703
0.0999703
0.0999704
0.0999706
0.0999708
0.0999713
0.0999732
0.099978
0.0999887
0.100007
0.10003
0.100055
0.100069
0.100066
0.100049
0.100025
0.100003
0.0999872
0.0999781
0.0999735
0.0999711
0.09997
0.0999696
0.0999693
0.0994237
0.0994246
0.0994246
0.0994247
0.0994253
0.0994271
0.0994316
0.0994416
0.0994608
0.0994985
0.0995362
0.0995707
0.0995927
0.0995945
0.0995771
0.0995376
0.0994992
0.0994685
0.0994479
0.0994359
0.0994293
0.0994259
0.0994246
0.099423
0.0989077
0.0989081
0.0989083
0.0989081
0.0989091
0.0989129
0.0989213
0.0989403
0.0989832
0.0991911
0.0992996
0.0993539
0.0993886
0.0993968
0.0993759
0.0991538
0.0990662
0.0990045
0.0989623
0.0989359
0.0989211
0.0989135
0.0989091
0.0989065
0.0984192
0.0984196
0.0984196
0.0984202
0.0984218
0.0984281
0.0984438
0.0984795
0.0985539
0.0987676
0.098956
0.099091
0.0991805
0.0991928
0.0991345
0.0990083
0.0987345
0.0986096
0.0985297
0.0984784
0.0984485
0.0984317
0.0984228
0.0984179
0.0979564
0.0979571
0.097957
0.097958
0.0979617
0.0979719
0.0979995
0.0980737
0.0982873
0.0985096
0.0988476
0.0991673
0.0993756
0.0993375
0.0991886
0.0989324
0.0986391
0.0983068
0.0981597
0.0980689
0.0980135
0.0979821
0.0979652
0.0979557
0.0975174
0.097519
0.0975191
0.0975209
0.0975273
0.0975447
0.0975981
0.0978116
0.0979991
0.0984088
0.0989428
0.100019
0.101013
0.100529
0.0997713
0.0992016
0.0986563
0.0981024
0.0978601
0.0977117
0.0976194
0.0975658
0.0975365
0.0975192
0.0971008
0.0971038
0.0971047
0.0971082
0.0971182
0.097145
0.0972196
0.09745
0.0977955
0.098553
0.100043
0.104456
0.115888
0.108249
0.10227
0.100023
0.0989626
0.098042
0.0976462
0.0974127
0.0972692
0.0971844
0.0971373
0.0971083
0.0967052
0.0967101
0.0967123
0.0967184
0.0967328
0.0967698
0.0968656
0.097134
0.097643
0.0988903
0.102749
0.129484
0.105094
0.108595
0.101869
0.0996242
0.0981436
0.0975288
0.0971758
0.0969648
0.0968392
0.0967683
0.0967231
0.0963291
0.0963361
0.0963402
0.0963494
0.0963688
0.0964154
0.0965292
0.09684
0.097488
0.0991729
0.105554
0.125345
0.0577981
0.105884
0.104048
0.100589
0.0983831
0.0975036
0.0970005
0.0967059
0.0965299
0.0964294
0.0963636
0.0959709
0.0959799
0.095986
0.0959985
0.0960226
0.0960772
0.0962042
0.0965457
0.0972877
0.0992062
0.106962
0.107192
0.0473351
0.0936488
0.104897
0.101595
0.0987095
0.0975517
0.0968811
0.0964897
0.0962549
0.0961196
0.0960291
0.0956288
0.0956396
0.0956476
0.0956633
0.0956912
0.095752
0.0958865
0.0962429
0.0970327
0.0990082
0.106826
0.0970559
0.0439529
0.0839537
0.103985
0.102345
0.0990616
0.0976476
0.096807
0.0963118
0.0960115
0.0958368
0.0957183
0.0953015
0.0953136
0.0953234
0.0953417
0.0953727
0.0954373
0.0955748
0.0959327
0.0967357
0.0986729
0.105822
0.0930188
0.043302
0.0772719
0.10177
0.102653
0.0993851
0.0977676
0.0967675
0.0961658
0.0957965
0.0955782
0.0954295
0.0949876
0.0950004
0.0950116
0.0950322
0.0950653
0.0951315
0.0952684
0.0956194
0.0964115
0.0982676
0.104561
0.0919717
0.0440599
0.072063
0.0986569
0.102423
0.0996348
0.0978912
0.0967528
0.0960462
0.0956054
0.0953406
0.0951605
0.0946858
0.0946988
0.0947111
0.0947331
0.0947676
0.0948335
0.0949647
0.0953359
0.0960235
0.0978291
0.103188
0.0919928
0.00458042
0.0470554
0.0675641
0.0948089
0.101575
0.0997618
0.0979988
0.0967539
0.0959481
0.0954353
0.0951221
0.0949095
0.094395
0.0944077
0.0944207
0.0944436
0.0944788
0.0945432
0.0946674
0.0950205
0.0956334
0.0973869
0.101839
0.0898111
0.015693
0.0512642
0.066408
0.0901126
0.0998473
0.0995166
0.0980275
0.0967495
0.095863
0.0952841
0.0949209
0.0946751
0.0941144
0.0941265
0.0941398
0.0941631
0.0941983
0.0942605
0.0943775
0.0947098
0.0952702
0.0969084
0.100977
0.0906411
0.0230126
0.0519485
0.0628983
0.0850835
0.0980824
0.0989787
0.0979536
0.0967309
0.0957898
0.0951464
0.0947331
0.094455
0.0938433
0.0938545
0.0938678
0.0938912
0.0939259
0.0939852
0.0940959
0.0944053
0.0950668
0.0963641
0.0998313
0.0849993
0.0297335
0.0474181
0.0602461
0.0800871
0.0957173
0.0980826
0.0977274
0.0966741
0.0957205
0.0950244
0.0945605
0.094249
0.0935809
0.0935912
0.0936043
0.0936273
0.0936612
0.0937175
0.0938226
0.0941093
0.0947355
0.0963893
0.0986842
0.0856313
0.03472
0.0433185
0.0605046
0.0766748
0.0912171
0.096468
0.0972481
0.0965437
0.095642
0.0949124
0.0944021
0.0940573
0.0933269
0.0933361
0.0933489
0.0933713
0.0934043
0.093458
0.0935578
0.0938222
0.0944109
0.0958867
0.0962942
0.0726465
0.0386191
0.0440046
0.0576274
0.0725533
0.086895
0.0942918
0.0964505
0.0962961
0.0955366
0.0948047
0.0942563
0.0938795
0.0930806
0.0930888
0.0931012
0.0931229
0.0931549
0.0932062
0.0933008
0.0935442
0.0940946
0.0954091
0.0954737
0.0741369
0.0413458
0.043032
0.055015
0.0689595
0.0828536
0.0917271
0.095312
0.0958889
0.0953811
0.0946928
0.0941208
0.093715
0.0928416
0.092849
0.0928608
0.0928817
0.0929126
0.0929618
0.0930511
0.0932751
0.0937873
0.094957
0.0947888
0.0756046
0.0442679
0.0427468
0.0527462
0.0657679
0.0791273
0.0889363
0.0938495
0.0952887
0.0951496
0.0945641
0.093991
0.0935626
0.0926097
0.0926162
0.0926274
0.0926474
0.0926771
0.0927242
0.0928086
0.0930147
0.0934897
0.0945299
0.0942111
0.0770288
0.0472956
0.0430301
0.0508792
0.0629109
0.0757059
0.0860495
0.0921077
0.094476
0.0948165
0.0944034
0.0938605
0.0934199
0.0923843
0.0923901
0.0924007
0.0924196
0.0924483
0.0924933
0.0925729
0.0927627
0.0932015
0.0941268
0.093718
0.0783887
0.0503586
0.04378
0.0494412
0.0603586
0.072564
0.0831585
0.090145
0.0934471
0.0943594
0.0941941
0.0937209
0.0932837
0.0921652
0.0921703
0.0921803
0.0921983
0.0922257
0.0922686
0.0923437
0.0925186
0.0929229
0.0937467
0.0932916
0.0796663
0.0534007
0.044908
0.0484355
0.058105
0.0696778
0.0803236
0.0880239
0.0922121
0.0937615
0.0939187
0.0935618
0.0931491
0.091952
0.0919565
0.0919659
0.0919829
0.092009
0.09205
0.0921209
0.0922821
0.0926537
0.0933878
0.0929179
0.0808491
0.0563772
0.0463374
0.0478466
0.056155
0.0670298
0.0775815
0.0858018
0.0907929
0.0930137
0.0935613
0.0933719
0.0930102
0.0917444
0.0917485
0.0917572
0.0917732
0.0917982
0.0918371
0.091904
0.0920527
0.0923937
0.0930485
0.0925857
0.0819251
0.0592436
0.0479978
0.0476459
0.0545184
0.0646158
0.0749593
0.083532
0.0892211
0.0921155
0.0931087
0.093139
0.0928597
0.0915423
0.0915458
0.091554
0.0915691
0.0915928
0.0916298
0.0916929
0.0918301
0.0921427
0.0927277
0.0922861
0.0828929
0.0619724
0.0498267
0.0477943
0.0532004
0.0624385
0.0724764
0.0812574
0.0875289
0.0910755
0.0925531
0.0928526
0.0926897
0.0913452
0.0913484
0.091356
0.0913701
0.0913926
0.0914278
0.0914872
0.0916141
0.0919004
0.0924239
0.0920123
0.0837562
0.0645522
0.0517813
0.048252
0.0521929
0.0604902
0.0701316
0.0790008
0.085743
0.0899006
0.0918872
0.0925013
0.0924914
0.091153
0.0911558
0.0911629
0.0911762
0.0911975
0.0912308
0.0912869
0.0914043
0.0916665
0.0921354
0.0917591
0.0845182
0.0669686
0.0538183
0.0489783
0.0514886
0.0587754
0.0679337
0.0767851
0.0838924
0.0886055
0.0911085
0.092076
0.0922557
0.0909654
0.090968
0.0909745
0.090987
0.0910071
0.0910387
0.0910917
0.0912005
0.0914404
0.0918611
0.0915224
0.0851836
0.0692126
0.0558998
0.0499331
0.0510745
0.057299
0.0658916
0.0746302
0.0820024
0.087207
0.0902194
0.0915696
0.091974
0.0907823
0.0907846
0.0907906
0.0908023
0.0908213
0.0908513
0.0909015
0.0910023
0.0912217
0.0915997
0.0912991
0.0857589
0.0712799
0.0579929
0.0510779
0.0509329
0.0560637
0.0640137
0.072552
0.080096
0.0857235
0.0892249
0.0909775
0.0916382
0.0906034
0.0906055
0.0906111
0.090622
0.0906398
0.0906685
0.0907158
0.0908093
0.09101
0.0913502
0.0910867
0.0862511
0.0731704
0.0600695
0.0523765
0.0510424
0.0550691
0.0623082
0.0705643
0.0781943
0.084173
0.0881332
0.0902975
0.0912413
0.0904286
0.0904305
0.0904356
0.0904457
0.0904627
0.09049
0.0905346
0.0906213
0.0908049
0.0911116
0.0908833
0.0866676
0.0748874
0.0621059
0.0537958
0.0513793
0.0543117
0.0607822
0.0686795
0.0763144
0.082574
0.086954
0.0895298
0.0907778
0.0902577
0.0902594
0.0902641
0.0902735
0.0902896
0.0903155
0.0903576
0.090438
0.0906061
0.0908831
0.0906876
0.0870158
0.0764363
0.0640815
0.0553039
0.0519177
0.0537841
0.0594412
0.0669084
0.0744721
0.0809431
0.085699
0.088677
0.0902437
0.0900913
0.0900928
0.0900972
0.0901059
0.0901211
0.0901457
0.0901854
0.0902601
0.090414
0.0906646
0.0904992
0.087304
0.0778273
0.0659846
0.0568774
0.0526344
0.0534769
0.0582899
0.0652629
0.0726832
0.0792978
0.0843816
0.0877451
0.0896379
0.089949
0.0899504
0.0899545
0.0899627
0.089977
0.0900001
0.0900377
0.0901072
0.0902485
0.0904763
0.0903381
0.0875537
0.0790667
0.0677836
0.0584726
0.0534976
0.0533854
0.0573493
0.0637811
0.0709998
0.0776975
0.0830587
0.0867792
0.0889939
0.127781
0.0548046
0.098376
0.109047
0.0438899
0.052704
0.0979158
0.0405552
0.0431932
0.093324
0.0405661
0.0404207
0.0919911
0.0422137
0.0406932
0.0920969
0.00650912
0.00399042
0.0455389
0.0425159
0.125944
0.11515
0.108315
0.108504
0.104951
0.12862
0.121919
0.0425357
0.0697209
0.0602655
0.104561
0.110823
0.10677
0.116346
0.127527
0.117819
0.0656126
0.0785647
0.0199671
0.0282055
0.0480982
0.0866861
0.099894
0.106973
0.105945
0.114768
0.102457
0.0540725
0.0565678
0.0116987
0.013338
0.0441794
0.0756729
0.0832595
0.106114
0.100612
0.105026
0.0950274
0.0558485
0.0544425
0.0179349
0.0141452
0.043292
0.0693819
0.0738107
0.026155
0.0231142
0.0439035
0.0649361
0.0681701
0.0350305
0.0311144
0.089577
0.0222705
0.00721503
0.0132232
0.051364
0.0461073
0.0810754
0.103597
0.133252
0.0932706
0.0691154
0.1321
0.0973552
0.0289703
0.0417801
0.0643171
0.0445831
0.0325693
0.05717
0.0641179
0.115438
0.0550677
0.0477428
0.0666537
0.0558794
0.0135073
0.0196735
0.0466634
0.0231808
0.018077
0.0316314
0.0235097
0.0478715
0.0542593
0.0539737
0.101144
0.0457233
0.0472572
0.0474861
0.0456892
0.0140895
0.0116245
0.0412738
0.015993
0.0175745
0.0179165
0.0160767
0.0416379
0.0481152
0.050977
0.0474194
0.0476805
0.0228415
0.0183164
0.040299
0.021184
0.0257236
0.0176783
0.0209075
0.0402734
0.0545843
0.0572217
0.0513766
0.0541894
0.0305637
0.0267126
0.0261677
0.029304
0.0412202
0.0608053
0.0616535
0.0576748
0.0604343
0.0411475
0.0356462
0.133843
0.107372
0.137352
0.0288563
0.0557304
0.104883
0.0984641
0.100209
0.0923606
0.0608551
0.0585666
0.0207763
0.0171063
0.04591
0.0613129
0.0639633
0.0974262
0.0613092
0.0736682
0.0463675
0.0702031
0.0582431
0.0561317
0.09451
0.0115778
0.0154003
0.0274764
0.0302479
0.0156314
0.0194446
0.0165359
0.0121801
0.041438
0.029759
0.0330167
0.0306545
0.0330811
0.0334941
0.0369703
0.043578
0.145764
0.1393
0.137085
0.0781405
0.133751
0.144625
0.0268869
0.0507089
0.0312031
0.058494
0.0333399
0.0536695
0.0223996
0.0236288
0.0124564
0.0125311
0.0161316
0.0156637
0.0245184
0.0097338
0.0250052
0.0247479
0.0212962
0.0196846
0.0229744
0.0327708
0.0302147
0.0814823
0.02629
0.041228
0.0251424
0.0778527
0.0433905
0.0674303
0.110961
0.0560273
0.0318859
0.0337886
0.0346556
0.0502544
0.0498609
0.0619827
0.0611213
0.014709
0.0149714
0.0192436
0.0358121
0.0373461
0.0342691
0.0353822
0.019106
0.0269227
0.0406077
0.0430976
0.0379276
0.039867
0.0260649
0.0463006
0.0463687
0.0462227
0.0460769
0.0110285
0.0110991
0.0155029
0.0321454
0.0323416
0.0322002
0.0321312
0.0154847
0.0169768
0.0331564
0.0339516
0.032455
0.0329428
0.0168657
0.0117296
0.0493881
0.0164061
0.0121804
0.0207691
0.0166849
0.0497701
0.0459708
0.0123029
0.0463644
0.0208644
0.0205444
0.0190009
0.0324505
0.0322445
0.0329025
0.0325438
0.0193253
0.0239221
0.0269467
0.0525857
0.02489
0.0211293
0.0286056
0.0253469
0.0529889
0.0198799
0.0234879
0.0289159
0.0152458
0.0191797
0.0102267
0.014588
0.0283638
0.011184
0.0338549
0.0356756
0.00730399
0.0334222
0.0332715
0.00748925
0.0283926
0.0252186
0.0404009
0.103572
0.0997021
0.0983334
0.0920193
0.067851
0.0664509
0.00883083
0.0405925
0.0415889
0.0604156
0.0632621
0.0611722
0.0922194
0.00927364
0.0100824
0.00342295
0.0349999
0.035568
0.0109574
0.01268
0.0269539
0.0297234
0.00168632
0.118985
0.134582
0.1033
0.0613368
0.106998
0.114303
0.0703007
0.0992392
0.0943538
0.0206133
0.0176059
0.0259208
0.0547882
0.0815205
0.0800218
0.0842639
0.0821346
0.0551429
0.0120229
0.0129939
0.0170907
0.0142466
0.0144403
0.0120465
0.0333264
0.0234312
0.0271824
0.0594932
0.0615367
0.0157396
0.115979
0.0716812
0.104796
0.0305219
0.0197834
0.018166
0.0393878
0.0487274
0.0537757
0.044046
0.0473873
0.0377897
0.0594005
0.0879967
0.0851027
0.0929221
0.0891069
0.060316
0.0524437
0.0292203
0.0348181
0.0259786
0.0265646
0.048541
0.0359383
0.037685
0.0580495
0.013906
0.0164273
0.0207108
0.0301391
0.0303569
0.0274241
0.0279556
0.0185102
0.0795929
0.0785956
0.0539117
0.0460405
0.026844
0.0245579
0.0468662
0.0253234
0.025812
0.0242105
0.0241943
0.0457108
0.0126257
0.011347
0.0157276
0.025477
0.025583
0.0247645
0.0257299
0.0166844
0.0175028
0.0268104
0.0272567
0.0256375
0.0258301
0.0163975
0.0219781
0.0133405
0.0149501
0.00991235
0.00980842
0.0192715
0.0239703
0.033535
0.0330468
0.0342681
0.0337178
0.0244091
0.0557452
0.0317229
0.0290154
0.0362805
0.0344994
0.0561211
0.0175297
0.0184422
0.0589231
0.0386593
0.0368978
0.0164263
0.0172655
0.0177169
0.0150301
0.0380954
0.044205
0.0423238
0.00960036
0.0192647
0.00990991
0.011768
0.00979474
0.0187733
0.0808103
0.0463047
0.0721035
0.0388744
0.0754861
0.0123502
0.0133886
0.009753
0.00934552
0.0287031
0.0135838
0.0128795
0.0150228
0.0137648
0.0290561
0.0165733
0.0172712
0.0146949
0.0139773
0.0317628
0.0172912
0.0157478
0.0128896
0.0137002
0.0251857
0.0368227
0.0420945
0.0310144
0.0352912
0.023919
0.020843
0.0254813
0.0120999
0.012873
0.0169083
0.0144028
0.00931658
0.0172027
0.015808
0.0189628
0.0176854
0.00945694
0.0132325
0.0123205
0.015395
0.0137575
0.0233414
0.0156382
0.0176322
0.0128871
0.0148416
0.022848
0.0110113
0.00993183
0.0294401
0.0597636
0.0542418
0.0696656
0.0618216
0.0310658
0.0448269
0.0423382
0.0519111
0.0458589
0.0532925
0.0807073
0.0719931
0.0459467
0.0423992
0.0241995
0.0204033
0.031193
0.0202514
0.0258217
0.0296787
0.0209552
0.0246699
0.0375613
0.0281627
0.0248609
0.0276536
0.0285142
0.0517286
0.020648
0.0191451
0.0272829
0.0213637
0.017937
0.0174091
0.0188334
0.0181588
0.0488662
0.0267814
0.0274214
0.0333885
0.0314172
0.0413209
0.035115
0.0294324
0.0281975
0.0310013
0.0298103
0.058772
0.0381616
0.0395875
0.0140931
0.0160883
0.0290181
0.0298406
0.0199913
0.0186713
0.0281526
0.0287829
0.0279942
0.0273689
0.046117
0.0206835
0.0212396
0.016057
0.0199266
0.0213849
0.0226428
0.0212707
0.0213301
0.0247715
0.0251771
0.0466677
0.0167128
0.016329
0.0172765
0.0168383
0.0157167
0.0156697
0.0162026
0.015868
0.0458043
0.0243025
0.0246405
0.0117573
0.0112701
0.025447
0.0254507
0.0156543
0.0162017
0.0256575
0.0254634
0.0263063
0.0266708
0.0173648
0.0164976
0.0259135
0.0261947
0.0120373
0.0142175
0.0320093
0.0334863
0.0302698
0.0315175
0.0130734
0.0189847
0.0355937
0.0339455
0.0338929
0.0351683
0.0181577
0.0254851
0.0261663
0.0235083
0.0252207
0.0128702
0.0286753
0.0299277
0.0264772
0.0280806
0.0127959
0.0120167
0.0129922
0.021706
0.00955866
0.0097566
0.0118586
0.00975117
0.00966617
0.0195437
0.00976615
0.0111924
0.0250693
0.00973766
0.00997708
0.0123389
0.00996314
0.0254984
0.00986338
0.0211407
0.0101339
0.0217246
0.0124883
0.0206631
0.0193889
0.0223366
0.0210882
0.0128741
0.00951544
0.00946355
0.0188716
0.0200462
0.0142732
0.0160652
0.0215651
0.0187206
0.112856
0.10944
0.103455
0.0439938
0.0388594
0.0427665
0.0875358
0.0996429
0.0720578
0.049672
0.0807225
0.0847859
0.122284
0.130543
0.0818391
0.107131
0.10104
0.0720989
0.0201911
0.0157329
0.015499
0.0117921
0.0132004
0.0775415
0.0772297
0.0548666
0.0106512
0.0105275
0.0141696
0.0153727
0.0164214
0.0239241
0.089752
0.116499
0.109306
0.0502283
0.0533214
0.0716895
0.0330186
0.0293463
0.038617
0.0659601
0.043987
0.049082
0.0136218
0.0152541
0.0149705
0.0191894
0.0217861
0.0219411
0.0182178
0.0310493
0.0316896
0.0242288
0.0539416
0.0783143
0.0777093
0.0296023
0.0285718
0.0467803
0.0138999
0.0109404
0.0107978
0.0115612
0.0159133
0.0196839
0.0197521
0.0177669
0.0214733
0.0216272
0.0198249
0.0199065
0.0161733
0.0452499
0.0314507
0.0301522
0.0179392
0.0251082
0.0249341
0.027529
0.0351599
0.0344681
0.00851524
0.00849991
0.0408373
0.0392399
0.0593089
0.00860127
0.00855009
0.0280191
0.0311717
0.0377822
0.0305632
0.0266905
0.0115497
0.0110407
0.0112496
0.0150594
0.0158441
0.0107278
0.010857
0.0142544
0.0136571
0.0188631
0.0095624
0.00966915
0.0127951
0.0186404
0.0175959
0.0320938
0.109045
0.106229
0.0637356
0.0240677
0.0277847
0.032674
0.035152
0.0233708
0.0242894
0.0441942
0.0522906
0.0422446
0.0181488
0.0177117
0.0215872
0.0245006
0.0210183
0.0200976
0.0123117
0.012621
0.012702
0.0131295
0.0164771
0.0151357
0.0110564
0.0118773
0.0097112
0.00950374
0.0131916
0.0127675
0.00950049
0.00947538
0.00948234
0.0241939
0.0168559
0.0181912
0.0285368
0.0272035
0.0378867
0.0363767
0.051369
0.0482487
0.0382645
0.0242587
0.0237378
0.0338981
0.0293117
0.0227955
0.0884143
0.0836666
0.0570491
0.0519219
0.0383588
0.0419586
0.0338732
0.0204674
0.0222412
0.0400622
0.0423781
0.0649347
0.0232131
0.022665
0.0144969
0.0152988
0.0341615
0.0351191
0.0287708
0.0244957
0.0323751
0.0331961
0.0466676
0.0284271
0.0281054
0.0110269
0.0111592
0.020652
0.0207742
0.0170921
0.0167307
0.0204125
0.0205338
0.0119302
0.0160317
0.0216437
0.0220834
0.0179767
0.0182521
0.012165
0.0325209
0.0317302
0.0456082
0.0128998
0.0128218
0.0138459
0.0139623
0.0124851
0.0175211
0.0177627
0.0128772
0.0132306
0.0255675
0.0253182
0.0181008
0.0200107
0.0260838
0.0258281
0.0230059
0.0360224
0.0367584
0.0346113
0.0352924
0.022389
0.0169596
0.0227835
0.0227326
0.0243037
0.0235435
0.0175525
0.0110659
0.0143975
0.0137572
0.0102791
0.00933874
0.00929991
0.0085596
0.0101723
0.0104172
0.0089476
0.0343731
0.0207138
0.01915
0.022152
0.0211174
0.0326968
0.0123124
0.0133222
0.0182241
0.0204514
0.0267456
0.0510073
0.0499628
0.0436026
0.00929586
0.0095377
0.018353
0.0184721
0.00424007
0.011861
0.00952313
0.00947416
0.00924505
0.00940307
0.0123781
0.00263978
0.0130555
0.0202834
0.0830572
0.08048
0.0531303
0.0163478
0.016011
0.0204008
0.0164516
0.0192964
0.0213447
0.0182838
0.0188386
0.0119087
0.0130874
0.00993983
0.00997998
0.0106219
0.010133
0.0141925
0.0104311
0.0103612
0.0139102
0.0104766
0.0107402
0.00983838
0.0102513
0.0132291
0.0192151
0.0233034
0.0236966
0.0223433
0.0229118
0.0186998
0.0137505
0.0182751
0.0146155
0.0137115
0.018359
0.0220968
0.0222576
0.0109729
0.0110498
0.0134766
0.0114418
0.0195534
0.0196147
0.0158145
0.0211858
0.0213268
0.0176306
0.0162847
0.0199989
0.020096
0.0100032
0.0122893
0.0114485
0.013008
0.012745
0.00993175
0.00851747
0.00861683
0.00878788
0.0086723
0.0167243
0.0122552
0.0120463
0.011415
0.0107062
0.0167298
0.0130719
0.0145491
0.0111839
0.0118885
0.0158037
0.0329548
0.0304707
0.0348269
0.0288748
0.0389837
0.0436045
0.0488569
0.0335724
0.0369615
0.0325446
0.0102123
0.0139477
0.0134732
0.0153374
0.0145889
0.010776
0.00947068
0.0114751
0.0105689
0.0130527
0.0124882
0.0097121
0.0542331
0.067138
0.0598406
0.0404879
0.0369491
0.0502955
0.0443702
0.0117573
0.0144597
0.0114185
0.0113825
0.0096006
0.00945971
0.0175253
0.0179133
0.0131964
0.0109707
0.0107164
0.0161211
0.0108072
0.0106543
0.0107624
0.0181023
0.0126073
0.0115834
0.0113173
0.0123371
0.0153777
0.00964352
0.00939098
0.0100551
0.00978477
0.0133342
0.00991351
0.0104144
0.0130814
0.0089997
0.00910269
0.00916107
0.00898478
0.0133229
0.0295985
0.0309344
0.0264833
0.0217516
0.0251741
0.0280775
0.0153627
0.0211296
0.0172452
0.016762
0.0172941
0.0177408
0.0164506
0.0169023
0.012194
0.0127334
0.0102539
0.0103558
0.0100463
0.0101321
0.0167181
0.013342
0.0134588
0.0103601
0.0105828
0.0146861
0.0102878
0.0109931
0.0101723
0.00945986
0.0123876
0.0118758
0.0128681
0.00943656
0.00964723
0.0095203
0.00944106
0.0125961
0.0149258
0.0118434
0.012353
0.0101328
0.0109647
0.014364
0.0093513
0.0135563
0.0167
0.0160614
0.010445
0.0101285
0.0256441
0.040207
0.0390268
0.028163
0.0329727
0.0445064
0.0418954
0.0255914
0.0248356
0.0335206
0.0341733
0.0431868
0.0279114
0.0266337
0.033594
0.0356718
0.0487855
0.0324638
0.0362986
0.0281809
0.031528
0.0231701
0.0266341
0.0276503
0.0242778
0.0252334
0.0209897
0.0180592
0.0195301
0.0267763
0.0228655
0.021973
0.026082
0.0235821
0.0279825
0.021708
0.0210398
0.0194676
0.0224161
0.0200353
0.0195368
0.0254996
0.0186991
0.0192815
0.0171455
0.0220875
0.0177361
0.0175607
0.0185771
0.0183602
0.0324082
0.023684
0.0246589
0.0222454
0.022865
0.0318435
0.0399192
0.0316393
0.0327742
0.0256713
0.0295931
0.037815
0.02187
0.0199862
0.0290649
0.0201518
0.0204179
0.0196226
0.0198962
0.0286874
0.0305996
0.021414
0.0217874
0.0207127
0.0210464
0.0302014
0.01432
0.0157092
0.0210273
0.0150686
0.0153545
0.0145439
0.0147763
0.0211752
0.0169133
0.0155302
0.0153723
0.0184253
0.0215463
0.0139014
0.0138803
0.0150889
0.0142663
0.021938
0.0212897
0.0142214
0.0143645
0.0139954
0.0141035
0.0213068
0.0166029
0.016487
0.0171465
0.0169837
0.0156179
0.0155757
0.0160935
0.0159955
0.0112585
0.0112083
0.0172215
0.0209052
0.0210446
0.0201938
0.0202981
0.0166069
0.0120943
0.0202746
0.0210526
0.0153834
0.0124129
0.0187045
0.0194201
0.0132465
0.0130467
0.0257067
0.0192434
0.0191212
0.0242899
0.0178458
0.016464
0.0189307
0.0185725
0.0248531
0.0137889
0.0134972
0.0164633
0.017148
0.0127
0.0139491
0.0152002
0.0124681
0.0155733
0.0151648
0.0162132
0.0158998
0.0127344
0.00958194
0.00968295
0.0110197
0.00946615
0.00957044
0.0102192
0.00994274
0.0135882
0.0132524
0.0146497
0.0140808
0.0104014
0.00973883
0.0142605
0.0145232
0.0138257
0.0140523
0.00983675
0.0114035
0.0163112
0.0169983
0.0149369
0.0155664
0.0105028
0.00979572
0.0102944
0.0105078
0.0104651
0.0103279
0.0102905
0.0129562
0.0135029
0.0110577
0.0119931
0.0102651
0.0154954
0.0149926
0.0119707
0.00976328
0.00945171
0.00890908
0.00944515
0.014951
0.010418
0.00962074
0.0117511
0.011259
0.01558
0.00901528
0.00892136
0.0128184
0.0120567
0.0989234
0.0993612
0.0990075
0.0995598
0.100069
0.0993009
0.100162
0.100058
0.099382
0.0999089
0.0995404
0.099283
0.0984562
0.0990912
0.098732
0.0995985
0.102186
0.0997054
0.103419
0.110043
0.100867
0.110519
0.106276
0.100776
0.105146
0.102081
0.0997926
0.101212
0.0999508
0.0994851
0.0987082
0.100528
0.0993682
0.101978
0.11877
0.103677
0.110224
0.12387
0.108011
0.142464
0.133751
0.114297
0.116151
0.109641
0.106392
0.107008
0.102243
0.100833
0.0990565
0.10224
0.100982
0.103522
0.106926
0.105533
0.131988
0.137505
0.136698
0.0789556
0.10322
0.113978
0.108142
0.105687
0.104045
0.0992233
0.103224
0.102575
0.106065
0.111371
0.110548
0.122822
0.114166
0.117708
0.0524304
0.0708722
0.0799544
0.0966682
0.106274
0.106523
0.0991305
0.103337
0.103326
0.107053
0.112338
0.112416
0.105476
0.0943023
0.0959965
0.0455811
0.0589073
0.0620654
0.0860199
0.103255
0.105081
0.0988523
0.102879
0.103262
0.106626
0.11074
0.111265
0.0962928
0.0864486
0.086993
0.0434976
0.054162
0.0555187
0.0787511
0.0987007
0.101073
0.0984768
0.102161
0.102715
0.0927577
0.0842995
0.0844323
0.0434577
0.0517967
0.0525145
0.0732798
0.0937388
0.0962415
0.0980445
0.101327
0.10196
0.044672
0.0494124
0.0495118
0.0686491
0.0886798
0.0912177
0.097611
0.0998067
0.100123
0.10218
0.0987407
0.0994072
0.0924855
0.0707842
0.0692683
0.00631071
0.0188757
0.0242515
0.0502003
0.0582865
0.0605007
0.067986
0.0825805
0.0860749
0.0971511
0.0990953
0.0994563
0.101604
0.0979751
0.0985549
0.0905038
0.0379639
0.031095
0.0210829
0.0478751
0.051673
0.0521896
0.0550322
0.057736
0.0644814
0.0768484
0.0796676
0.100388
0.0984524
0.0990567
0.0848114
0.0531937
0.0401432
0.0273625
0.036208
0.0457065
0.0497524
0.0545408
0.0549191
0.121415
0.125205
0.130014
0.0571638
0.0515248
0.0470677
0.0913611
0.0793924
0.0876331
0.0978921
0.100002
0.111041
0.0446908
0.0381401
0.0370188
0.0459962
0.0433511
0.0508611
0.0876393
0.0883977
0.098879
0.0407388
0.0347496
0.0347333
0.0366994
0.0358957
0.0425909
0.084629
0.0849083
0.0936729
0.0404646
0.0358393
0.0372471
0.034755
0.0349082
0.0403323
0.0419341
0.0399347
0.0403716
0.0375721
0.037913
0.0408472
0.0688663
0.0683513
0.0920781
0.00455103
0.0160947
0.016612
0.00668569
0.00662725
0.00303715
0.0408319
0.0413184
0.0428418
0.14097
0.131945
0.113534
0.062229
0.0673839
0.0525975
0.110124
0.130013
0.142678
0.05655
0.0588052
0.117341
0.115073
0.102314
0.112439
0.129924
0.119555
0.109504
0.108276
0.104266
0.129422
0.115285
0.117225
0.11019
0.112855
0.128508
0.0450094
0.0385316
0.0343141
0.0660093
0.0589487
0.0628375
0.0838351
0.0982298
0.0723531
0.108399
0.10401
0.0969544
0.11266
0.109809
0.110615
0.112297
0.111953
0.106471
0.121346
0.119338
0.118988
0.118543
0.119225
0.123022
0.107756
0.110838
0.120292
0.0670965
0.0777356
0.0762267
0.089439
0.0870985
0.076208
0.024849
0.0235674
0.0272911
0.0633899
0.0686242
0.0511141
0.0906482
0.0792106
0.0752228
0.0900975
0.0841365
0.0951124
0.111727
0.112096
0.107053
0.109212
0.116255
0.115094
0.118287
0.117344
0.110475
0.0914665
0.0927965
0.103899
0.0542463
0.0638107
0.0635133
0.0667792
0.066134
0.0560311
0.0560653
0.0580799
0.0451445
0.0778222
0.0672537
0.0654775
0.0720051
0.0693931
0.0803272
0.109605
0.11018
0.106385
0.102118
0.1117
0.11069
0.113924
0.112783
0.102741
0.0856235
0.0859964
0.09562
0.055078
0.077146
0.0770531
0.0626518
0.0626999
0.054545
0.0175846
0.0140654
0.0145419
0.0527993
0.0537762
0.0434082
0.0707084
0.061563
0.0605609
0.0639812
0.0626939
0.0721732
0.025605
0.0202284
0.0213714
0.020791
0.021101
0.0233855
0.0496601
0.0498502
0.0435424
0.0659603
0.0579407
0.0571323
0.0596636
0.0588525
0.0670386
0.0344542
0.0321432
0.0327874
0.0283241
0.0289604
0.0316641
0.0763149
0.0713075
0.089353
0.0173536
0.062214
0.0645052
0.0362212
0.0385221
0.00947965
0.0328988
0.0390525
0.00985686
0.05025
0.0463966
0.0470201
0.0440908
0.0465062
0.048402
0.0837454
0.094485
0.0919072
0.126894
0.118981
0.0930632
0.131904
0.128956
0.132458
0.0892175
0.0703323
0.0790341
0.12674
0.11875
0.125176
0.0856314
0.0905519
0.101695
0.0295406
0.0263503
0.0257566
0.0401881
0.038562
0.0407747
0.0578934
0.0542295
0.0599141
0.0428127
0.0460871
0.0477984
0.0380179
0.0390386
0.0350361
0.0578386
0.0682727
0.0674907
0.0747851
0.0734333
0.0626551
0.113173
0.102343
0.104925
0.0541838
0.0476346
0.0487248
0.0411849
0.0414111
0.047981
0.0496447
0.0504185
0.0566291
0.0400812
0.0385726
0.0456099
0.0226805
0.0257772
0.0262148
0.029316
0.0360476
0.0370198
0.0265563
0.0268422
0.0237631
0.0492594
0.0426019
0.0406526
0.0541116
0.0626055
0.0626154
0.0632688
0.0630689
0.0539333
0.0999523
0.0892803
0.0902997
0.0458373
0.0396384
0.0394479
0.0418531
0.041617
0.0470787
0.047276
0.0407653
0.0409673
0.0393337
0.0392821
0.045644
0.0350386
0.0347908
0.0409765
0.0207513
0.020614
0.0173972
0.0420746
0.0356769
0.0351644
0.0485595
0.0370567
0.0359868
0.0430165
0.0425255
0.0505772
0.0475526
0.0423152
0.0420949
0.0356624
0.0345647
0.0472436
0.022556
0.0201246
0.0204674
0.0150979
0.0155972
0.0186807
0.0353575
0.0357146
0.0403639
0.0219464
0.027244
0.0269322
0.0291284
0.0287966
0.0252801
0.0177448
0.0209331
0.0208416
0.0266291
0.0263467
0.0201976
0.040284
0.0349806
0.0352516
0.0549754
0.04804
0.0475563
0.0507477
0.0503185
0.0568583
0.0517767
0.044011
0.043508
0.0470651
0.0465659
0.0537912
0.0300164
0.0270455
0.0276842
0.0217429
0.0228558
0.0272737
0.0266145
0.0298078
0.0294649
0.0361656
0.0353918
0.0279657
0.0410225
0.0382715
0.0386502
0.0618535
0.0429612
0.0413577
0.0431814
0.0431016
0.0618903
0.0581088
0.0516216
0.0511832
0.0385967
0.0324779
0.0336807
0.135378
0.137234
0.133459
0.119631
0.13644
0.129425
0.141001
0.138463
0.124022
0.0526082
0.0475454
0.0509643
0.099011
0.108152
0.107461
0.109762
0.108917
0.0992579
0.0841829
0.0842191
0.0925386
0.0598833
0.0746538
0.074874
0.0742585
0.0744476
0.059555
0.0202587
0.0176518
0.0182542
0.0141567
0.0148675
0.017689
0.0494279
0.0493802
0.0449278
0.0917585
0.0834265
0.0896334
0.0495094
0.0542984
0.0659548
0.0572665
0.0693748
0.0888418
0.0559138
0.0650581
0.0539992
0.0779494
0.0698177
0.0628844
0.0573266
0.0771082
0.0740791
0.0770327
0.0770897
0.0570291
0.0940606
0.0850831
0.0853223
0.0279322
0.0229046
0.0224721
0.0252781
0.0248032
0.0298271
0.0159786
0.012965
0.0135127
0.0390527
0.0394828
0.0416763
0.0311438
0.0372626
0.0364224
0.0377205
0.037531
0.0316138
0.0310528
0.026246
0.0257685
0.0285027
0.0281323
0.0327461
0.0349478
0.0391087
0.0384053
0.0406231
0.0398476
0.0354333
0.0431962
0.0418362
0.042385
0.146174
0.142115
0.129918
0.145435
0.144943
0.144279
0.115381
0.139379
0.145933
0.087614
0.0846184
0.0748768
0.138521
0.117959
0.119034
0.125864
0.118862
0.140173
0.0462238
0.0401142
0.0477698
0.0459702
0.0550321
0.0624828
0.0373292
0.0396906
0.0355862
0.0578246
0.0543192
0.0498753
0.018586
0.0198201
0.0250597
0.0247322
0.0226525
0.0229729
0.0242896
0.0221812
0.0226884
0.0188562
0.0194309
0.0218104
0.021148
0.0258079
0.0250592
0.0272965
0.0265534
0.0216067
0.0322175
0.0295983
0.0302343
0.0622432
0.0681349
0.0852699
0.0745503
0.0545601
0.0601353
0.0457379
0.0566137
0.0539538
0.0768665
0.0733619
0.0635833
0.106233
0.0956549
0.100725
0.0308592
0.0299059
0.0328993
0.0355588
0.0326232
0.0317233
0.0433541
0.0437022
0.0506576
0.0495249
0.0427405
0.0430362
0.0554588
0.0563772
0.062906
0.0603018
0.0538757
0.0546381
0.0230727
0.0232709
0.0193981
0.0362803
0.0330712
0.0325923
0.0341931
0.0336097
0.0367941
0.0346126
0.0313717
0.0310186
0.0321575
0.031751
0.0349833
0.0189732
0.0227466
0.0229043
0.0298424
0.0304576
0.0276608
0.0413907
0.038496
0.0376563
0.0402728
0.0393578
0.042216
0.0385333
0.0354443
0.0348166
0.036847
0.03611
0.0391758
0.0253398
0.028591
0.0291879
0.0405986
0.040497
0.0462343
0.0464605
0.0408189
0.0407039
0.0397972
0.0399262
0.0463455
0.045986
0.0395736
0.0396761
0.0194244
0.0194361
0.015546
0.0321862
0.0289176
0.0288907
0.0290565
0.0289729
0.0322519
0.0321676
0.0289819
0.0290256
0.0288922
0.0289246
0.0321434
0.0155752
0.0195333
0.0194492
0.0333953
0.0301192
0.0298741
0.0306917
0.0303923
0.0336608
0.0325923
0.029301
0.0291653
0.0296553
0.0294646
0.0327551
0.0407709
0.0374375
0.0490196
0.0203301
0.025898
0.0264017
0.0224656
0.0228714
0.0169943
0.0501692
0.0419229
0.0413374
0.0467959
0.0341133
0.0328345
0.0181312
0.0184888
0.0211609
0.0201959
0.0172973
0.0177253
0.0219794
0.0217189
0.0186525
0.0323703
0.0292925
0.0294266
0.0290891
0.029178
0.0323013
0.0327705
0.0299068
0.030094
0.0295738
0.0297326
0.0326496
0.0195977
0.0224097
0.0222048
0.0243076
0.0190871
0.0187513
0.0219612
0.0213803
0.0264625
0.0450462
0.0445277
0.0521805
0.024339
0.0297978
0.0302655
0.0268084
0.0272358
0.0214851
0.0271295
0.0387735
0.0394261
0.0374445
0.0381064
0.0266334
0.0533906
0.0460594
0.0455558
0.0202594
0.0148801
0.0146088
0.0183464
0.0178
0.0229689
0.0257715
0.0264074
0.0294675
0.0158277
0.0185449
0.0180232
0.0215192
0.0210667
0.0186672
0.0174753
0.0169233
0.0139027
0.0278144
0.0244626
0.0251121
0.0344606
0.023538
0.0224794
0.0250198
0.0239575
0.0351009
0.0337593
0.029277
0.0288878
0.0269061
0.0213421
0.0242499
0.0231964
0.0237209
0.0256928
0.0999534
0.105621
0.105035
0.106836
0.10627
0.098002
0.0673675
0.0765724
0.0768529
0.0760969
0.0763211
0.0669041
0.0142044
0.0141685
0.0078555
0.041574
0.0299036
0.027023
0.0328685
0.0330061
0.0418483
0.0624062
0.0756284
0.0759113
0.0751114
0.0753626
0.0621045
0.0921132
0.0842205
0.084185
0.00762484
0.00694464
0.00368752
0.0348387
0.0256268
0.0235346
0.0268458
0.0261731
0.0350058
0.0286549
0.0167101
0.0145258
0.0242125
0.0234148
0.0299085
0.00197874
0.00323242
0.00403432
0.124857
0.108608
0.0969445
0.125236
0.118399
0.129424
0.0804463
0.104933
0.115221
0.0676841
0.0657311
0.0588603
0.109103
0.089171
0.0930446
0.0942186
0.0896622
0.111041
0.0810583
0.0793367
0.0686403
0.0975009
0.0889943
0.0907453
0.0858205
0.0873584
0.0958934
0.026498
0.0227079
0.0221896
0.0645698
0.0641626
0.0544877
0.0809815
0.0728913
0.0733824
0.0720618
0.0724507
0.0804644
0.0835013
0.0751923
0.075916
0.0739283
0.0745306
0.0827798
0.0555581
0.0655532
0.065032
0.0135724
0.0137598
0.0173058
0.0308698
0.0315041
0.0338847
0.0255786
0.0287516
0.028036
0.030187
0.0294673
0.0263748
0.0601742
0.048626
0.0437661
0.0503233
0.0494774
0.060856
0.0141318
0.0345431
0.0354353
0.10634
0.11239
0.121289
0.0846799
0.101838
0.0948302
0.11704
0.109328
0.0893939
0.0273027
0.0268141
0.0299702
0.0429865
0.0444891
0.04106
0.0502354
0.04751
0.0460565
0.0508436
0.0490911
0.0518773
0.0450677
0.0423035
0.0412519
0.0447042
0.0434506
0.0461755
0.0362833
0.0402253
0.0415607
0.070069
0.0691307
0.0585814
0.086963
0.0784933
0.0795002
0.076705
0.0775624
0.0859934
0.091563
0.0830188
0.0843752
0.0805855
0.0817582
0.0902973
0.0613779
0.0722141
0.0710933
0.0454466
0.0464708
0.0532806
0.0306321
0.0388926
0.0376068
0.041964
0.0405276
0.0329913
0.0261585
0.0341703
0.0339693
0.034608
0.0343841
0.0263543
0.0482711
0.0416557
0.0419091
0.0366538
0.0438029
0.0430203
0.0450441
0.0444486
0.0371977
0.0573411
0.051113
0.0517823
0.024561
0.0252665
0.0218562
0.0303654
0.0291262
0.0282903
0.0275922
0.0249993
0.0248312
0.0253551
0.0251734
0.0277728
0.0792337
0.071418
0.0717175
0.0709321
0.0711553
0.0788814
0.0539132
0.0629058
0.062777
0.0400811
0.0398625
0.0459329
0.02608
0.0332434
0.0336664
0.0324335
0.0327966
0.0252321
0.0403912
0.0405698
0.0470472
0.0254833
0.0334197
0.033252
0.0337792
0.0335973
0.0256505
0.0240994
0.0321308
0.0322168
0.0321846
0.032133
0.0241155
0.0456904
0.0392923
0.0393308
0.0255018
0.0228097
0.0227709
0.0229087
0.0228572
0.0255441
0.0231681
0.0233017
0.0258116
0.0171048
0.0204125
0.0201748
0.0269504
0.0243591
0.0242153
0.0246665
0.0245093
0.0271027
0.025691
0.0230321
0.0229668
0.0231884
0.023107
0.0257607
0.019432
0.019775
0.0222703
0.0138452
0.0169776
0.016566
0.0178353
0.0174147
0.0144241
0.018997
0.0159827
0.0162809
0.0278368
0.0275317
0.0235362
0.0333628
0.0307243
0.0309557
0.0302947
0.0305043
0.0332
0.0340633
0.0316869
0.0319418
0.0311957
0.031441
0.0338975
0.0248421
0.0284704
0.0281504
0.0489881
0.0485161
0.0553608
0.0305331
0.0412462
0.0418367
0.040051
0.0406538
0.0301446
0.0356736
0.0433181
0.0438137
0.0423333
0.0428259
0.0350862
0.0564931
0.0498844
0.0494416
0.0178013
0.0129192
0.012758
0.0133633
0.0131061
0.0180959
0.0525036
0.0520619
0.0585225
0.0380814
0.0452944
0.045787
0.0443111
0.0448026
0.0374977
0.0126008
0.0124358
0.0169992
0.0463829
0.0422726
0.0381841
0.0165854
0.0170911
0.0197541
0.0182515
0.0155289
0.0160899
0.0710203
0.0772532
0.0862375
0.0812778
0.0742414
0.0639537
0.070562
0.0591188
0.0646258
0.0236394
0.0232824
0.0283241
0.0134097
0.0182272
0.0185153
0.0144108
0.0195977
0.0201379
0.0188132
0.0191609
0.0140115
0.0294445
0.0243791
0.0239941
0.0270676
0.0266791
0.0314212
0.0169211
0.0217844
0.0221873
0.0207308
0.0212996
0.0164147
0.0383778
0.0348863
0.0334038
0.038781
0.0366569
0.0401261
0.0322412
0.0284596
0.0273921
0.0318497
0.0298696
0.0336667
0.0218391
0.0215041
0.0250557
0.0167055
0.0136903
0.0143142
0.0127276
0.013141
0.0162336
0.0185474
0.0158145
0.0162569
0.0148937
0.0153828
0.0181302
0.0211107
0.0216563
0.0238174
0.0164016
0.0192016
0.0185678
0.0203439
0.0197907
0.0170541
0.0179202
0.0172979
0.0141418
0.0223367
0.0199915
0.0205528
0.057972
0.0489372
0.0504223
0.045614
0.047459
0.0562105
0.0669962
0.0579026
0.0608163
0.0522997
0.0548447
0.0642739
0.0439843
0.0348313
0.0355263
0.0493841
0.0398177
0.0430372
0.0363666
0.0376819
0.047314
0.0635509
0.0598245
0.0489336
0.0776234
0.0694555
0.0729368
0.0635066
0.0663166
0.0747339
0.0320039
0.0288485
0.0279509
0.0347726
0.0336446
0.0365244
0.0266499
0.030309
0.0315189
0.0284372
0.0292645
0.0255818
0.0279008
0.0360433
0.0357862
0.0368159
0.0363563
0.0281619
0.0511488
0.0441232
0.0446757
0.0421787
0.0424518
0.0491661
0.0269906
0.0350684
0.0348385
0.0355379
0.0353008
0.0272016
0.0524561
0.0531514
0.0595214
0.0386413
0.0462273
0.0456312
0.0474586
0.0468358
0.0391202
0.0292669
0.0267353
0.0264364
0.0276192
0.0271143
0.0295449
0.0196138
0.0235404
0.0239511
0.0224227
0.0225888
0.0188361
0.0283525
0.025748
0.0255471
0.0261841
0.0259586
0.0285655
0.0278614
0.0343602
0.0344898
0.033989
0.0342054
0.0276746
0.0461811
0.0403898
0.0402577
0.0249107
0.032816
0.0326852
0.0330964
0.0329525
0.0250428
0.0465164
0.0400706
0.0402223
0.0394001
0.0394779
0.0458661
0.0244135
0.0323551
0.0322639
0.0325635
0.0324543
0.0245223
0.0254334
0.0227111
0.0227173
0.0227407
0.0227209
0.0254429
0.0155947
0.0194639
0.0195027
0.0199144
0.0196875
0.0158007
0.0255666
0.022903
0.0230314
0.0227476
0.0228099
0.0255178
0.0264184
0.0238142
0.0236952
0.0240752
0.0239411
0.0265438
0.0259973
0.0233695
0.0232758
0.0235816
0.023472
0.0260953
0.0324955
0.026853
0.0262363
0.0278531
0.0273916
0.0330212
0.0306358
0.0245515
0.0241897
0.0255934
0.0250131
0.0310501
0.0246219
0.0252558
0.0197398
0.0359631
0.0307064
0.030213
0.0343131
0.0287042
0.0282735
0.0296856
0.02917
0.0347246
0.0174563
0.0233633
0.0239649
0.0194856
0.0193495
0.0259227
0.0291726
0.0231342
0.0225492
0.0238738
0.0235453
0.0295758
0.0269041
0.0201637
0.0197206
0.021759
0.0208875
0.0274576
0.0214308
0.018805
0.0191125
0.016565
0.0169014
0.0198693
0.0197753
0.0194115
0.0246798
0.0259713
0.0207766
0.0202253
0.0156295
0.0151815
0.0206586
0.0223613
0.0170834
0.0162986
0.0202484
0.0177565
0.018219
0.0167443
0.0172569
0.0198214
0.0219263
0.0195702
0.0200393
0.0186607
0.0191099
0.0215162
0.0133113
0.0164068
0.015943
0.0193908
0.014341
0.0137617
0.0151122
0.0149718
0.0199209
0.0208464
0.0176494
0.0176936
0.015636
0.0166852
0.0197704
0.114898
0.113561
0.119201
0.107383
0.110028
0.112116
0.0399994
0.0422837
0.041411
0.044335
0.0432599
0.0413263
0.0908551
0.0804578
0.0765742
0.0907725
0.0851448
0.0948758
0.0618925
0.0747927
0.0816238
0.0599002
0.0576763
0.04698
0.0815171
0.0710087
0.0709338
0.07345
0.0715468
0.0828077
0.123397
0.123125
0.12782
0.095946
0.112355
0.111073
0.0740602
0.0849205
0.0829126
0.0546882
0.0627643
0.0628492
0.0157162
0.0185513
0.0182108
0.0192297
0.018883
0.0160481
0.0236502
0.0214047
0.021714
0.100087
0.097211
0.0866237
0.0512552
0.0586372
0.0574942
0.0609997
0.0597783
0.0522554
0.0316412
0.034924
0.0361333
0.032656
0.0337608
0.0304212
0.0397078
0.0371799
0.0359408
0.0603894
0.0624501
0.0668019
0.045953
0.0538406
0.0523289
0.0563148
0.0550386
0.0476878
0.0239938
0.027118
0.027399
0.0626847
0.0626276
0.054007
0.0780937
0.0705906
0.0707427
0.0703764
0.0704666
0.077871
0.0291269
0.0356644
0.0359966
0.0351835
0.0353935
0.0287883
0.0469306
0.0414102
0.0412311
0.0311118
0.0370909
0.0374028
0.0363595
0.0367148
0.030676
0.0211433
0.0210079
0.0178184
0.0305087
0.0301561
0.0270699
0.0322017
0.0324717
0.0346982
0.0403257
0.0472637
0.0477502
0.0462821
0.0467755
0.0398195
0.0596871
0.0533828
0.0529452
0.028928
0.031729
0.0309317
0.0336403
0.0326178
0.0299506
0.0182254
0.0232513
0.0236527
0.0225438
0.0228889
0.0178914
0.0324187
0.027778
0.0274276
0.107248
0.0957762
0.0981878
0.0931052
0.0941048
0.106414
0.0721185
0.0821653
0.0802675
0.0466424
0.0433797
0.0409575
0.049665
0.0462436
0.0493309
0.038937
0.0425963
0.0456805
0.022027
0.0223421
0.0244673
0.0173211
0.0199765
0.0195974
0.0207122
0.0203511
0.0177751
0.0765561
0.0804569
0.0865249
0.060294
0.0704052
0.0671531
0.0405941
0.0488564
0.048117
0.0509044
0.0497538
0.0413001
0.0638895
0.0574518
0.0587625
0.028249
0.0310095
0.0315287
0.0277208
0.0281015
0.024839
0.0410793
0.0409421
0.0465494
0.0283134
0.034872
0.0350163
0.0346136
0.0347396
0.0282093
0.0322415
0.0381658
0.0384497
0.037665
0.0379251
0.0319875
0.0183431
0.0214983
0.0212745
0.0227489
0.022579
0.0198171
0.0286927
0.0292709
0.0236912
0.0218805
0.027641
0.0281661
0.0196056
0.0190739
0.0163795
0.0205015
0.0209679
0.0231304
0.0181292
0.0206001
0.020111
0.0300118
0.0296605
0.0340927
0.0202472
0.0250103
0.0254337
0.024096
0.0245574
0.0197085
0.0218193
0.0266735
0.0270346
0.0258969
0.0263018
0.0214784
0.0188889
0.0214843
0.020898
0.0228267
0.0221217
0.0196344
0.0262044
0.0242816
0.0249031
0.0177766
0.0122524
0.0129654
0.0128463
0.0124983
0.018067
0.00394166
0.00717314
0.0074869
0.00310143
0.00308712
0.00226889
0.0161747
0.0075256
0.00596013
0.0133728
0.00987229
0.0181766
0.0811872
0.073214
0.0747758
0.071441
0.0722581
0.0806545
0.056153
0.0638979
0.0619316
0.0988579
0.0989703
0.0990269
0.0990719
0.0991536
0.099143
0.0992056
0.0992216
0.0991959
0.0992107
0.0991738
0.0991724
0.0984328
0.0986647
0.0986703
0.0993871
0.0992199
0.0990788
0.0978879
0.0980912
0.0981396
0.100744
0.101299
0.100336
0.1024
0.102421
0.101046
0.0995098
0.0991326
0.098932
0.0977163
0.0980914
0.0980801
0.100599
0.101851
0.100945
0.12367
0.123513
0.11594
0.100813
0.099922
0.0994538
0.0975694
0.0981204
0.0981102
0.09603
0.103242
0.110113
0.103032
0.101279
0.100546
0.0973953
0.098064
0.0981075
0.0557221
0.0616225
0.0641684
0.104703
0.102724
0.102038
0.0971668
0.0978846
0.0979885
0.046668
0.0509211
0.0517023
0.104637
0.103585
0.103256
0.0968886
0.0976112
0.0977569
0.0437675
0.0472489
0.0475291
0.103008
0.10357
0.103691
0.0965768
0.097282
0.0974518
0.105517
0.108465
0.10903
0.0433355
0.0459793
0.0460622
0.100312
0.102671
0.103227
0.0962371
0.0969153
0.0971033
0.104237
0.106391
0.10688
0.0919739
0.0846034
0.0844798
0.0968216
0.100931
0.101905
0.0958329
0.0965106
0.0967138
0.102854
0.10456
0.10499
0.0051668
0.00710364
0.00681965
0.0479828
0.0496976
0.0495125
0.092468
0.0983235
0.0997457
0.0954578
0.0961076
0.0963076
0.0900527
0.0775608
0.0769304
0.0174049
0.0248709
0.0254352
0.0520474
0.0517707
0.0511583
0.0875876
0.0949359
0.0967508
0.0966604
0.0983713
0.0987318
0.061513
0.0719418
0.0743039
0.0992998
0.0974694
0.0979286
0.0852846
0.0576275
0.0554513
0.0321935
0.0347427
0.0351411
0.0452129
0.0527016
0.0537996
0.0843757
0.0842841
0.0920369
0.0449793
0.0443507
0.0451442
0.133986
0.129467
0.121767
0.113829
0.120586
0.122655
0.129377
0.12498
0.125241
0.0672425
0.0710015
0.0632712
0.11798
0.120684
0.119571
0.125244
0.124883
0.126171
0.0525922
0.0536079
0.0489704
0.106947
0.112252
0.111377
0.118474
0.117351
0.113258
0.0478494
0.0482132
0.0444501
0.110543
0.10978
0.104189
0.0555773
0.0632236
0.063381
0.0461647
0.0462875
0.0433055
0.0171946
0.017836
0.00793747
0.0459771
0.04685
0.046793
0.112755
0.109423
0.0999611
0.0344018
0.034837
0.0335835
0.0307439
0.0332381
0.0338497
0.0214555
0.0239281
0.0237127
0.0235028
0.0232811
0.0206393
0.0319701
0.0315975
0.028854
0.0611731
0.0551346
0.0546965
0.0542589
0.0538207
0.060062
0.0334569
0.0341751
0.036315
0.111305
0.119744
0.116201
0.140514
0.13739
0.133101
0.107389
0.107917
0.105202
0.0605336
0.0669055
0.0671516
0.0653624
0.065643
0.058895
0.0621624
0.0552127
0.0546952
0.0564178
0.0557776
0.0630364
0.0668318
0.0709681
0.0778759
0.0496935
0.0519112
0.048641
0.0579296
0.0648033
0.06509
0.063551
0.063732
0.0564246
0.0302166
0.0327307
0.0323484
0.0351142
0.0346905
0.0325453
0.0339755
0.0359679
0.0355289
0.146702
0.146232
0.144173
0.131279
0.137064
0.141407
0.141951
0.139811
0.1432
0.053974
0.0566643
0.0612582
0.0201858
0.0224035
0.0219651
0.0249291
0.0245172
0.0225173
0.0281493
0.0331155
0.0335001
0.0306713
0.0310619
0.0257627
0.105438
0.105909
0.103908
0.0848972
0.0847436
0.0919946
0.0960227
0.102676
0.109529
0.0238998
0.025754
0.0253416
0.0759152
0.0845225
0.0805863
0.11106
0.106197
0.0994057
0.0313411
0.0359373
0.0362349
0.0338638
0.0342101
0.0293982
0.104796
0.107174
0.105233
0.0429772
0.0436295
0.0444573
0.125098
0.122831
0.121976
0.0859982
0.0953307
0.090989
0.104981
0.096719
0.0989587
0.0926106
0.0946035
0.102986
0.0774256
0.0702671
0.0703096
0.0702429
0.0702436
0.0773022
0.113987
0.106335
0.109023
0.101304
0.103766
0.111645
0.0349155
0.032746
0.0330283
0.0370089
0.0349566
0.0358311
0.0664592
0.0729057
0.0700044
0.101022
0.100317
0.101104
0.10493
0.102804
0.101864
0.104178
0.103554
0.106995
0.100632
0.101808
0.102189
0.109763
0.104503
0.104531
0.103675
0.104244
0.107612
0.100956
0.102244
0.101914
0.104052
0.102327
0.102995
0.104178
0.10294
0.101253
0.109812
0.105351
0.107594
0.102181
0.10357
0.107499
0.11698
0.113207
0.118336
0.1404
0.132574
0.133385
0.127843
0.130552
0.137455
0.115299
0.122308
0.120561
0.0881479
0.0956175
0.0869716
0.0576692
0.059482
0.0539513
0.0496282
0.0502333
0.0460863
0.0467848
0.0470013
0.0436163
0.0458615
0.0459132
0.0433862
0.0989569
0.103555
0.103129
0.104491
0.104006
0.0992172
0.0702672
0.0784145
0.0788138
0.0776413
0.0780176
0.0697584
0.00777871
0.00741643
0.00573406
0.0202095
0.011959
0.0118506
0.0130719
0.0122676
0.0219421
0.0505502
0.0500468
0.0490625
0.0589728
0.0536164
0.0534258
0.0542487
0.0538814
0.0597381
0.102727
0.102331
0.0983879
0.0788381
0.0782006
0.0902915
0.035746
0.0612748
0.0622898
0.0594363
0.0603176
0.0334663
0.0247818
0.0246965
0.0192086
0.0497093
0.0380295
0.0358797
0.0438917
0.0407355
0.0510477
0.0497913
0.050964
0.0482874
0.0377378
0.0402081
0.0406104
0.0394864
0.0398304
0.0373644
0.0450343
0.0477013
0.0487117
0.0459321
0.0467855
0.0441594
0.0347296
0.0370548
0.0370936
0.0370045
0.0370147
0.034724
0.0364065
0.0388713
0.0391621
0.0383553
0.0385966
0.0361382
0.034793
0.0370086
0.0369913
0.0370639
0.0370215
0.0348441
0.0687171
0.0774082
0.0773844
0.0771535
0.0774345
0.0688205
0.0921937
0.0852317
0.0850595
0.00789346
0.00828202
0.00485683
0.00342744
0.00345593
0.00320509
0.144518
0.137778
0.141101
0.124745
0.131682
0.13981
0.117461
0.123933
0.118474
0.114747
0.117781
0.112087
0.135891
0.125859
0.121386
0.132515
0.129842
0.140408
0.118106
0.115797
0.111083
0.126289
0.121356
0.12455
0.115555
0.118267
0.122808
0.123225
0.124262
0.129672
0.126924
0.119914
0.121707
0.037006
0.0399469
0.0414361
0.0372963
0.0385824
0.0356026
0.0671292
0.0756722
0.0814107
0.122728
0.121715
0.119652
0.124652
0.12436
0.123583
0.0499688
0.054773
0.0561153
0.11417
0.113188
0.108035
0.111825
0.116265
0.115195
0.0447701
0.0486267
0.0490951
0.10776
0.107202
0.101561
0.103428
0.109049
0.108392
0.0629549
0.0630809
0.0553166
0.0771102
0.0702957
0.0702586
0.0704111
0.0703444
0.0770582
0.0433456
0.0464298
0.0465952
0.0206207
0.0228701
0.0225302
0.02353
0.0231995
0.020998
0.036404
0.0374348
0.0189849
0.0628868
0.0520054
0.051166
0.0368963
0.0282356
0.0275361
0.0295954
0.0289595
0.0377534
0.00869405
0.0185316
0.0192263
0.0250216
0.0236689
0.0371319
0.0109257
0.0146272
0.0143846
0.0452391
0.0465919
0.0454519
0.0485655
0.0477069
0.0461073
0.111805
0.11469
0.121628
0.0964492
0.1062
0.103092
0.0728454
0.0798248
0.0775266
0.0843474
0.0821284
0.075705
0.039543
0.0420195
0.0425597
0.0410473
0.0415146
0.0390396
0.0320586
0.0326283
0.0299608
0.0419058
0.0444281
0.045153
0.0431389
0.0437613
0.0412589
0.034935
0.0373426
0.0374532
0.0371643
0.0372373
0.0348521
0.0354827
0.0379321
0.038127
0.0375967
0.0377478
0.0353117
0.0366787
0.0418816
0.0421934
0.041289
0.0415864
0.0363235
0.0353296
0.0407248
0.0410121
0.0401104
0.0404317
0.0349704
0.0354719
0.0374603
0.037365
0.0243196
0.024122
0.0217039
0.020405
0.023095
0.0229048
0.0350625
0.0371608
0.0370986
0.0372949
0.0372144
0.0351521
0.0221131
0.0241805
0.0238556
0.0248263
0.0244991
0.0224778
0.035896
0.033915
0.034225
0.0333157
0.0336124
0.0356503
0.0284081
0.03123
0.0308665
0.0559752
0.0555705
0.0615374
0.0424398
0.0492232
0.0496908
0.0482377
0.0487286
0.0418912
0.042716
0.0494629
0.049894
0.0498872
0.0494263
0.0426753
0.0367914
0.037771
0.0394829
0.0334155
0.0358291
0.0347748
0.0371836
0.0366296
0.0337627
0.126926
0.123352
0.115398
0.128604
0.134161
0.130368
0.0664127
0.0666682
0.0602112
0.0592238
0.0658998
0.0661659
0.0609183
0.0653891
0.0615106
0.0584693
0.0551257
0.052829
0.0609521
0.0577903
0.0614175
0.0511791
0.054438
0.0573702
0.0643289
0.0645316
0.0576234
0.0567292
0.0639258
0.0641261
0.0335088
0.0331169
0.0306781
0.0320815
0.0343027
0.0339097
0.148291
0.147642
0.146591
0.138515
0.144833
0.146919
0.138642
0.141994
0.13452
0.147835
0.147439
0.146609
0.12362
0.131024
0.123956
0.143161
0.13769
0.131947
0.144516
0.142002
0.145427
0.134837
0.133923
0.137689
0.117742
0.12718
0.127756
0.127696
0.126505
0.117797
0.122711
0.13268
0.135419
0.128857
0.130489
0.120519
0.141476
0.137781
0.136199
0.0438057
0.0464575
0.0482991
0.0429883
0.0446841
0.0418272
0.0490284
0.0527211
0.049798
0.0189877
0.0214618
0.0210844
0.0221836
0.0218217
0.0194
0.0232616
0.022838
0.0206755
0.0220614
0.0240994
0.0236828
0.0642271
0.0714912
0.0695392
0.0754311
0.0734051
0.0661438
0.0561013
0.0639167
0.062351
0.0676075
0.065677
0.0580006
0.0424966
0.0427582
0.0377943
0.0336472
0.0394023
0.0397684
0.038724
0.0390663
0.0332142
0.0322707
0.0327013
0.0276472
0.0261776
0.0314391
0.0318523
0.0231585
0.0280786
0.0284637
0.0273759
0.0277338
0.0228138
0.0248764
0.0296562
0.0297493
0.0288506
0.0292684
0.0244223
0.0223032
0.0244898
0.0236403
0.0263011
0.0254175
0.0233277
0.0313928
0.0371755
0.0374262
0.0284013
0.0277825
0.0229329
0.0231775
0.026373
0.0267439
0.104075
0.11245
0.116615
0.105576
0.108944
0.100228
0.0887168
0.0957685
0.0884321
0.111064
0.103414
0.0969177
0.0890631
0.0982098
0.0979762
0.0921942
0.101
0.102927
0.0986615
0.0993532
0.0906049
0.050557
0.0511423
0.0443476
0.0926895
0.0884831
0.080197
0.0943118
0.101568
0.0969879
0.0352394
0.035592
0.030938
0.0297686
0.0345502
0.0348948
0.099112
0.0991564
0.099322
0.0991991
0.0992298
0.0993688
0.0992553
0.099266
0.0993947
0.0992668
0.0992554
0.0993922
0.0986186
0.0987412
0.0988723
0.0991121
0.0990441
0.0990894
0.0981289
0.0982302
0.0983601
0.0990145
0.0988256
0.0988004
0.101508
0.101121
0.100311
0.103619
0.102389
0.101381
0.109536
0.107662
0.106417
0.102998
0.106909
0.108077
0.0908522
0.0990509
0.101237
0.0820707
0.0909914
0.0928849
0.0758723
0.0843514
0.0859077
0.0442391
0.045882
0.0458094
0.0708917
0.0787179
0.0800605
0.0921487
0.0854387
0.085195
0.101529
0.102832
0.103254
0.0950965
0.0956968
0.0959025
0.0825629
0.0909362
0.0930168
0.0961066
0.0976494
0.0980066
0.0590321
0.0678393
0.06977
0.0981827
0.0965726
0.0970377
0.0859585
0.061722
0.0597608
0.0372954
0.0353471
0.0348084
0.0418651
0.0497638
0.051272
0.0851536
0.0852909
0.0922378
0.11553
0.117761
0.124679
0.101059
0.106659
0.106187
0.0457831
0.0457574
0.0437661
0.0206471
0.0385069
0.0395445
0.015263
0.0148845
0.0120364
0.0559893
0.0556503
0.0613363
0.0403025
0.0386444
0.0394649
0.0986176
0.10371
0.10348
0.105723
0.105327
0.0998536
0.0386697
0.0381486
0.0364123
0.0629994
0.0687726
0.0689502
0.0673855
0.0676265
0.061487
0.115355
0.11831
0.118427
0.0997456
0.0993754
0.0992796
0.0995727
0.0994996
0.0999273
0.100189
0.0996561
0.0996375
0.099609
0.0996425
0.100148
0.100235
0.0997176
0.0992751
0.0994061
0.0997738
0.100229
0.106631
0.106215
0.109254
0.110608
0.107027
0.10695
0.10105
0.101617
0.102974
0.100098
0.099306
0.0995281
0.115562
0.110977
0.113153
0.113765
0.1101
0.107635
0.106737
0.109455
0.111787
0.105002
0.103597
0.105249
0.101857
0.10027
0.10047
0.0997893
0.100024
0.101429
0.108601
0.108444
0.109422
0.103067
0.100906
0.100974
0.100657
0.100794
0.102849
0.0735024
0.0661221
0.0639074
0.0717822
0.0687201
0.0764755
0.103329
0.105294
0.0998407
0.103377
0.100999
0.100953
0.101014
0.101019
0.103375
0.0598409
0.0548079
0.0540562
0.0566133
0.0556544
0.0608808
0.0948422
0.0969291
0.0883139
0.103028
0.100708
0.1006
0.100888
0.100805
0.103157
0.0545723
0.0506189
0.0503019
0.0513548
0.0509691
0.0550271
0.0875097
0.0892202
0.0803483
0.100482
0.100359
0.10254
0.0814388
0.0828752
0.0745474
0.0460736
0.0459536
0.0444422
0.103679
0.104118
0.102524
0.0859817
0.0857269
0.0923219
0.0982071
0.101841
0.101433
0.0526658
0.0522224
0.0523535
0.0497228
0.052155
0.0533091
0.0359845
0.0378798
0.0377437
0.14372
0.143884
0.142519
0.0882965
0.0796685
0.0753994
0.0902806
0.0846462
0.0930703
0.0649153
0.058944
0.0577004
0.062009
0.0603668
0.0666297
0.0566669
0.0522616
0.0517839
0.0533887
0.0527935
0.057336
0.0530979
0.0495086
0.0492881
0.0500127
0.0497479
0.0534264
0.0436457
0.0457727
0.045795
0.0793256
0.0798044
0.0717948
0.0535629
0.0528449
0.0637267
0.0349075
0.0227504
0.0221107
0.0458503
0.049304
0.0490595
0.0474679
0.0477504
0.0487369
0.12419
0.117655
0.120714
0.0376519
0.0375443
0.0355907
0.0613723
0.0556572
0.0561259
0.134293
0.130321
0.133728
0.123836
0.127046
0.132033
0.104267
0.103991
0.0988021
0.0995349
0.104931
0.104601
0.0748362
0.069543
0.064791
0.0830237
0.0754368
0.0812408
0.0771028
0.0709793
0.0709001
0.0770497
0.0705798
0.0704884
0.0707903
0.0706796
0.0770532
0.0369735
0.0351838
0.0355083
0.0345404
0.0348626
0.0367059
0.0358311
0.036194
0.0378643
0.036836
0.0363898
0.03446
0.0359203
0.0377144
0.0372653
0.146751
0.145559
0.143515
0.142045
0.145586
0.147588
0.0683163
0.0685524
0.0627095
0.0617948
0.0678551
0.0680909
0.120372
0.11841
0.116514
0.100886
0.104868
0.114821
0.108236
0.105631
0.105116
0.106679
0.106862
0.110245
0.107192
0.108896
0.112506
0.142353
0.143616
0.145011
0.0989872
0.0990533
0.0992532
0.0992304
0.0991895
0.0993488
0.0989372
0.098839
0.0989534
0.0986164
0.0984642
0.0985568
0.0976385
0.0977245
0.097877
0.0990546
0.0993523
0.0990914
0.0987689
0.0984567
0.0984275
0.0972995
0.0974551
0.0975816
0.105731
0.107415
0.105365
0.0992464
0.0987083
0.0985474
0.0969961
0.0972189
0.0973333
0.100082
0.0992179
0.0989317
0.0967029
0.0969815
0.097101
0.101107
0.0999045
0.099545
0.0964042
0.0967195
0.0968529
0.102016
0.100625
0.100269
0.0960968
0.0964295
0.0965763
0.102561
0.101232
0.10095
0.0957846
0.0961202
0.0962754
0.10261
0.101611
0.101456
0.0954672
0.0957926
0.0959591
0.102082
0.101673
0.101689
0.0665038
0.0736472
0.0748864
0.100878
0.101306
0.101557
0.0908512
0.0798907
0.079435
0.0250127
0.0255578
0.0250377
0.0776689
0.086462
0.0887661
0.109526
0.113499
0.111688
0.046836
0.046539
0.0455283
0.103245
0.103054
0.0982264
0.0991378
0.0990386
0.0991591
0.0997785
0.0994706
0.0995346
0.0988771
0.0987175
0.0987911
0.0999845
0.100653
0.100293
0.100622
0.100069
0.100394
0.0989268
0.099085
0.0997044
0.113655
0.110662
0.112394
0.107917
0.102419
0.0963446
0.11223
0.107927
0.111575
0.102353
0.100226
0.100091
0.0520108
0.0487331
0.0485719
0.0490879
0.0489039
0.0522597
0.101541
0.0996532
0.0995107
0.0999485
0.0998054
0.101754
0.0761373
0.0774193
0.0697606
0.0533703
0.0533944
0.0572968
0.0633369
0.0643334
0.0421706
0.0342593
0.0330891
0.0435764
0.0452145
0.0463696
0.0461948
0.0981313
0.102853
0.10265
0.105572
0.10452
0.105662
0.00844294
0.00396672
0.000612259
0.00831078
0.00387736
0.000607312
0.00717408
0.00332969
0.000535316
0.00712855
0.00332051
0.000530709
0.00598399
0.00237868
0.000527437
0.0162374
0.00758184
0.00120106
0.0183814
0.00772021
0.000832863
0.0179623
0.00750613
0.000818427
0.00606596
0.00238343
0.000528339
0.00418166
0.00176143
0.000519567
0.0158524
0.00741207
0.00116607
0.00907453
0.0042425
0.0006448
0.00916124
0.00427249
0.000650048
0.00776171
0.00361608
0.000572951
0.00772869
0.00360917
0.000569318
0.00671195
0.00315484
0.000496531
0.00677359
0.00318972
0.000500656
0.00473938
0.00208871
0.000502572
0.00486352
0.00212671
0.000502532
0.00222998
0.00114019
0.000444161
0.0252691
0.0113084
0.00174906
0.0117842
0.00569656
0.000815018
0.0122696
0.00596284
0.000840781
0.0116546
0.00561879
0.000805885
0.0086686
0.00405143
0.000626248
0.00808869
0.00378819
0.000592283
0.00741601
0.00345413
0.000549923
0.00693065
0.00322621
0.000517314
0.00627761
0.00299554
0.000407609
0.0270346
0.011961
0.00111911
0.00573577
0.00232325
0.000524998
0.00505521
0.00215053
0.000501875
0.00491508
0.0021376
0.000502419
0.00661168
0.00290089
0.000279184
0.00940642
0.00358553
0.000598668
0.00974116
0.00370685
0.00060499
0.0102437
0.00390714
0.000610689
0.00992358
0.00380144
0.000607129
0.0108138
0.00413365
0.000620392
0.0103763
0.00394718
0.00061294
0.0107627
0.00411439
0.000619235
0.00933609
0.00356172
0.00059769
0.00900835
0.00340594
0.000593166
0.00865205
0.00324938
0.000588221
0.0089277
0.00337842
0.000591517
0.00799771
0.0029991
0.000576134
0.00819138
0.00305866
0.000580719
0.00855578
0.00320971
0.000586184
0.00831996
0.00311846
0.000582647
0.0079079
0.00295074
0.000574864
0.0066594
0.00248688
0.00054117
0.0062551
0.00239013
0.000531435
0.00507763
0.00214314
0.000501693
0.0124449
0.00602574
0.000850547
0.0129227
0.00630966
0.000882259
0.0130734
0.00637353
0.000893352
0.00878711
0.00410779
0.000631912
0.00943214
0.00442476
0.000665541
0.00800622
0.00374015
0.000587972
0.00745681
0.00345865
0.000554217
0.00660637
0.00309506
0.000485258
0.00687686
0.00320951
0.000512519
0.00600335
0.00287849
0.000378872
0.00636494
0.00299005
0.000391433
0.00607075
0.00291056
0.00038267
0.00617783
0.00296065
0.000404093
0.00638938
0.00296177
0.000393345
0.00631007
0.00288288
0.000336484
0.00613769
0.00285313
0.000317737
0.00604659
0.00281979
0.000314715
0.00649866
0.00289179
0.000278473
0.00636503
0.00281862
0.000272302
0.00985488
0.00468915
0.000695899
0.00994823
0.0047255
0.000700995
0.00850072
0.00399062
0.000616051
0.00973384
0.00462794
0.000690305
0.0095882
0.00453178
0.000683972
0.00821225
0.00382881
0.000601789
0.00724042
0.00335452
0.000540416
0.00684523
0.0032311
0.000473626
0.00690553
0.00320911
0.000475415
0.00709953
0.00332277
0.00052686
0.00673725
0.00319519
0.000471239
0.00663239
0.00315744
0.000467906
0.0057362
0.00230331
0.000520398
0.00582178
0.00231017
0.000521398
0.00590742
0.00237035
0.000526825
0.00564895
0.00229386
0.000519428
0.00556428
0.00228218
0.000518458
0.0167799
0.00766214
0.00123898
0.00630438
0.00288443
0.000306629
0.00620271
0.00285678
0.000304591
0.0188059
0.00795036
0.000847615
0.0216875
0.00936744
0.000945891
0.0176399
0.00735171
0.000807735
0.00615061
0.00238745
0.000529285
0.00462111
0.00192682
0.000516952
0.0158307
0.00743197
0.00111994
0.0105822
0.00501615
0.00073439
0.00900077
0.0042256
0.000640078
0.00925791
0.00431783
0.000655858
0.00781708
0.00363347
0.000577672
0.00760975
0.00352536
0.000564691
0.00666989
0.00314117
0.000492371
0.00681344
0.00320552
0.000504285
0.00632805
0.00302088
0.000449929
0.00637664
0.00287128
0.00030755
0.00600975
0.00278018
0.000308731
0.0353342
0.0165775
0.00158687
0.033433
0.0155933
0.00140446
0.0047715
0.00210094
0.000502573
0.00481455
0.00211406
0.000502585
0.0120013
0.00583975
0.00082453
0.0121458
0.00590973
0.00083256
0.0116305
0.00555642
0.000793917
0.0101892
0.00481443
0.000714269
0.0100602
0.0047626
0.000707305
0.00857311
0.00401313
0.000620861
0.00953816
0.00443904
0.00066993
0.00951416
0.00447905
0.000677913
0.00813858
0.00379982
0.000596673
0.00733086
0.003404
0.0005455
0.00694831
0.00313922
0.000480322
0.00695201
0.00317646
0.000477643
0.00700151
0.00325709
0.000522403
0.00646902
0.00310195
0.000460445
0.00654395
0.00312762
0.000464205
0.00644303
0.00301277
0.000412229
0.00638943
0.0030349
0.000410312
0.00593055
0.00231672
0.000523392
0.00589578
0.00231441
0.000522413
0.00580946
0.00234249
0.00052598
0.00541663
0.0022547
0.000516527
0.00548551
0.0022685
0.000517451
0.00536185
0.00224109
0.000515617
0.00501466
0.00215062
0.000502113
0.00496637
0.00214588
0.000502321
0.0172162
0.00782202
0.00131333
0.00645906
0.00289096
0.000298558
0.00612867
0.002811
0.000299506
0.00613528
0.00282703
0.000301995
0.0198877
0.00846484
0.000882846
0.0193448
0.00814811
0.000858796
0.0204117
0.0087172
0.000900814
0.0209949
0.00899979
0.000920433
0.0173606
0.00716341
0.000794255
0.0131368
0.00517386
0.000673562
0.00949679
0.00361621
0.00060031
0.00960737
0.00365432
0.000602492
0.0101268
0.00387208
0.000608982
0.0100279
0.00384187
0.000607974
0.010522
0.00399422
0.000615615
0.0106887
0.00408004
0.000618072
0.00926353
0.00353077
0.000597094
0.00911205
0.00344706
0.000595325
0.00879562
0.00332659
0.000589874
0.00886877
0.00335903
0.000590648
0.00803605
0.00300954
0.000577001
0.00809848
0.00302546
0.000578686
0.00848347
0.00318849
0.000584589
0.00843246
0.00317394
0.000583883
0.00783769
0.00291039
0.000573271
0.00622401
0.0023892
0.000530334
0.00506675
0.00212995
0.000501929
0.0128519
0.00626602
0.000874309
0.0127402
0.00611623
0.000859976
0.0133108
0.00648247
0.000905263
0.0103348
0.00489023
0.000721494
0.0104794
0.0049819
0.000728107
0.0089358
0.00420283
0.000636841
0.00937411
0.00440309
0.000661173
0.00789706
0.00367071
0.000582934
0.00752047
0.00348077
0.000559264
0.00664629
0.00313534
0.000488838
0.006838
0.00320301
0.000508132
0.00640954
0.00308118
0.00045671
0.00637513
0.00306899
0.000453365
0.00662496
0.00304205
0.000444718
0.00597984
0.00285647
0.000375375
0.00628528
0.00299082
0.000389364
0.00616921
0.00294826
0.000386366
0.00607415
0.00290911
0.000397035
0.0061058
0.00293092
0.000400422
0.00624844
0.00287387
0.000320205
0.00599928
0.00279196
0.000311524
0.00640203
0.00286169
0.00027662
0.00635462
0.00283426
0.000274382
0.0377547
0.0180472
0.00182545
0.0402448
0.0195726
0.00198219
0.0384202
0.0187135
0.00202906
0.00452112
0.00202316
0.000499392
0.00451097
0.00202435
0.000501263
0.0153558
0.0062562
0.000738833
0.0137511
0.00552378
0.000694804
0.0156164
0.00638401
0.000747179
0.01348
0.00539802
0.000688171
0.00728067
0.00265554
0.000553331
0.00661622
0.00256692
0.000545718
0.00637254
0.0024754
0.000536698
0.00654617
0.00255516
0.000544824
0.00629186
0.00246883
0.000536049
0.00654244
0.00349172
0.000444781
0.0145274
0.00713802
0.000998411
0.014337
0.00698887
0.000984416
0.00601617
0.0028326
0.000327044
0.00615047
0.00290543
0.000347496
0.00607563
0.00288809
0.000345158
0.00602078
0.00282107
0.00032444
0.00633648
0.00287214
0.000322074
0.028981
0.0130284
0.00119327
0.0310016
0.0140425
0.00125963
0.00126316
0.000798512
0.000410847
0.0062959
0.00284944
0.000286439
0.00522919
0.00217284
0.00050549
0.00518607
0.00218297
0.000504976
0.00501813
0.00216768
0.000503913
0.00454634
0.00197918
0.000496806
0.00448616
0.00200847
0.000507369
0.0112684
0.00541129
0.00078067
0.00645051
0.00297915
0.000414471
0.00611839
0.00292759
0.000418858
0.00631701
0.00305086
0.000430791
0.00746479
0.00320055
0.000293615
0.0236627
0.0103005
0.00100864
0.00547724
0.00223185
0.000512494
0.0190427
0.00849149
0.0014683
0.0180637
0.00810176
0.00136581
0.00621223
0.00283988
0.000292965
0.00621838
0.00281218
0.000283316
0.00621807
0.00282816
0.000290771
0.00655288
0.00291432
0.000290456
0.0225831
0.00973389
0.000967056
0.0144306
0.00580431
0.000710118
0.0146711
0.00591474
0.000717175
0.0168584
0.00697129
0.000783035
0.0165359
0.00681267
0.000772654
0.00705158
0.002635
0.000550861
0.00692123
0.00261374
0.000549497
0.00662705
0.00248468
0.000539947
0.00602525
0.00239506
0.000533147
0.00515251
0.00219039
0.000508497
0.00540341
0.0022246
0.000511572
0.00520629
0.00220241
0.000509209
0.0049637
0.00215576
0.000503494
0.00457926
0.00197606
0.000497109
0.00449334
0.00199976
0.000510132
0.0150254
0.00728041
0.0010514
0.0150751
0.00723906
0.00107064
0.0107952
0.00516006
0.000749593
0.0110929
0.00530313
0.000771758
0.0107772
0.00508161
0.000740374
0.00660486
0.00306397
0.00044172
0.00638986
0.00307317
0.000433602
0.00624596
0.00289788
0.000334837
0.00768697
0.00329767
0.000305057
0.00488996
0.00207052
0.000502372
0.00452507
0.00201395
0.000497577
0.00449943
0.00202118
0.000503142
0.0066499
0.00293687
0.000274596
0.00663381
0.00293589
0.000274074
0.00673533
0.00295706
0.000275613
0.00687709
0.00300032
0.000277439
0.0152241
0.00614161
0.000729652
0.00456281
0.00200044
0.000500649
0.00462688
0.00202043
0.000501029
0.0139906
0.00562941
0.000699951
0.0159775
0.00656368
0.000757593
0.0132652
0.00530172
0.000682443
0.0124148
0.00486739
0.000657022
0.012581
0.00492901
0.000660945
0.0111419
0.00434864
0.00063265
0.0112485
0.00439536
0.00063438
0.0122581
0.00481307
0.000654117
0.012119
0.00476363
0.000652328
0.0109766
0.00424222
0.000629292
0.0108956
0.00419284
0.000625905
0.00692051
0.00264167
0.000555258
0.00697095
0.00266066
0.000556715
0.00757331
0.002838
0.00056415
0.00747488
0.00282389
0.000562959
0.00769296
0.00285792
0.000565533
0.00783538
0.00288368
0.000567013
0.00727424
0.00266789
0.000552483
0.00670268
0.00257987
0.000546877
0.00645884
0.00247917
0.00053767
0.00648436
0.00253875
0.000544124
0.00620167
0.00244981
0.000535313
0.00459042
0.00195235
0.000498516
0.00449957
0.00197741
0.000500037
0.0146342
0.00715015
0.00100978
0.0149451
0.00717781
0.00102491
0.0143156
0.00693621
0.00096403
0.00627509
0.00294175
0.00036995
0.00630552
0.00291493
0.00037185
0.0060649
0.00285897
0.000329984
0.00619964
0.00294678
0.000368008
0.00608565
0.00290079
0.000365083
0.00622794
0.00290431
0.000349395
0.00601638
0.00285594
0.000342362
0.00811526
0.00368724
0.000374129
0.00490387
0.00208041
0.000502522
0.00479556
0.00205317
0.000501885
0.00484826
0.00206205
0.000502141
0.0298384
0.0136783
0.00187354
0.022664
0.010052
0.00167314
0.0204519
0.00903276
0.00153838
0.00642129
0.00289052
0.000289084
0.00529388
0.00218002
0.0005065
0.00532197
0.00218514
0.000507328
0.00513243
0.00218273
0.000504691
0.00507512
0.00217708
0.000504364
0.00451509
0.00198735
0.000496325
0.00448944
0.00201514
0.000505144
0.0114441
0.00551247
0.000788236
0.00614656
0.00295208
0.000422693
0.00621551
0.00299051
0.000426975
0.00678819
0.00296215
0.000274827
0.00670587
0.00296322
0.000275269
0.00736859
0.0031378
0.000286088
0.0245925
0.0107351
0.0010393
0.025623
0.0112868
0.00107856
0.00553689
0.00223615
0.000513401
0.00555748
0.00223755
0.000514242
0.00473898
0.00204305
0.000501593
0.00468198
0.00203222
0.000501305
0.00626776
0.00286761
0.000295431
0.00636404
0.00289262
0.000297478
0.00624191
0.00279678
0.000278552
0.00619972
0.00279316
0.000280539
0.0142001
0.00571075
0.000704309
0.0149314
0.00605184
0.000724964
0.0162539
0.00668346
0.000764285
0.0131374
0.00523251
0.000677954
0.012928
0.00510601
0.000670472
0.0127457
0.00500076
0.000665606
0.0115113
0.00449441
0.000639845
0.0113676
0.00444054
0.000636671
0.0116811
0.00455729
0.000643668
0.011883
0.00463375
0.000648182
0.010937
0.00415672
0.000622132
0.00716694
0.00273018
0.000560056
0.00705379
0.00268856
0.00055839
0.00729708
0.00278246
0.00056134
0.0073933
0.00281064
0.000562187
0.0082318
0.00293538
0.000569727
0.00824649
0.00291913
0.000570929
0.00815327
0.00294814
0.000569153
0.00800483
0.00292245
0.000568338
0.00719946
0.00266964
0.000551835
0.00680479
0.00259575
0.000548167
0.00654829
0.00248271
0.000538762
0.00639887
0.00249861
0.000543155
0.00609873
0.00241693
0.000534291
0.00533747
0.00222156
0.000510718
0.00526954
0.00221308
0.000509952
0.00491513
0.0021412
0.000502991
0.00458984
0.00196132
0.000497408
0.00448418
0.00197851
0.000512536
0.0153222
0.00728685
0.00109524
0.0137939
0.00674473
0.000942752
0.0140553
0.00690058
0.000954957
0.0136652
0.00667075
0.000930408
0.0136851
0.00663919
0.000915075
0.0108432
0.00519165
0.000755311
0.010951
0.00523565
0.000763041
0.00653856
0.00307826
0.000438894
0.0064609
0.00307959
0.00043624
0.00615023
0.00288689
0.000332683
0.00593162
0.00282861
0.000357542
0.00599139
0.00286069
0.000361334
0.00626515
0.00287805
0.000351002
0.00591955
0.00280858
0.00035407
0.0059907
0.00282312
0.000339297
0.0080575
0.00349877
0.000327996
0.0350972
0.0171314
0.00199748
)
;

boundaryField
{
    topAndBottom
    {
        type            fixedValue;
        value           uniform 0.001;
    }
    inlet
    {
        type            calculated;
        value           uniform 0.000228571;
    }
    outlet
    {
        type            calculated;
        value           nonuniform List<scalar> 
24
(
0.089949
0.0899504
0.0899545
0.0899627
0.089977
0.0900001
0.0900377
0.0901072
0.0902485
0.0904763
0.0903381
0.0875537
0.0790667
0.0677836
0.0584726
0.0534976
0.0533854
0.0573493
0.0637811
0.0709998
0.0776975
0.0830587
0.0867792
0.0889939
)
;
    }
    wing
    {
        type            alphatJayatillekeWallFunction;
        Prt             0.85;
        Cmu             0.09;
        kappa           0.41;
        E               9.8;
        value           nonuniform List<scalar> 
375
(
6.44663e-05
6.38902e-05
5.54303e-05
5.48837e-05
5.44952e-05
0.000129721
8.95953e-05
8.79806e-05
5.46024e-05
5.35594e-05
0.000125983
6.82405e-05
6.88467e-05
5.98707e-05
5.94439e-05
5.08089e-05
5.13026e-05
5.15318e-05
5.1527e-05
4.44877e-05
0.000186728
8.75987e-05
9.04794e-05
8.65747e-05
6.6092e-05
6.2136e-05
5.71586e-05
5.32912e-05
4.0014e-05
0.000120945
5.42055e-05
5.14485e-05
5.15135e-05
2.37875e-05
6.28819e-05
6.36196e-05
6.42835e-05
6.38688e-05
6.5412e-05
6.45456e-05
6.52776e-05
6.27678e-05
6.22393e-05
6.16609e-05
6.20464e-05
6.02444e-05
6.07822e-05
6.14224e-05
6.10081e-05
6.00953e-05
5.61236e-05
5.49699e-05
5.14267e-05
9.15683e-05
9.50932e-05
9.63223e-05
6.67488e-05
7.06327e-05
6.16317e-05
5.76655e-05
4.94563e-05
5.27197e-05
3.64569e-05
3.80163e-05
3.69292e-05
3.95808e-05
3.82531e-05
3.11377e-05
2.87549e-05
2.83688e-05
2.36949e-05
2.28904e-05
7.41161e-05
7.46988e-05
6.49074e-05
7.34757e-05
7.275e-05
6.32463e-05
5.60345e-05
4.80563e-05
4.82719e-05
5.44268e-05
4.77683e-05
4.7366e-05
5.36584e-05
5.37773e-05
5.44225e-05
5.35428e-05
5.34274e-05
0.000133756
2.73332e-05
2.70715e-05
9.12416e-05
0.000102117
8.67823e-05
5.47147e-05
5.32481e-05
0.000121034
7.85038e-05
6.76945e-05
6.95172e-05
6.04249e-05
5.88996e-05
5.03102e-05
5.17366e-05
4.51888e-05
2.74513e-05
2.76028e-05
0.000170119
0.00015119
5.15319e-05
5.15334e-05
8.86636e-05
8.95614e-05
8.52304e-05
7.62141e-05
7.54196e-05
6.54666e-05
7.11375e-05
7.20548e-05
6.2649e-05
5.6636e-05
4.88628e-05
4.85403e-05
5.38968e-05
4.64638e-05
4.69188e-05
4.05826e-05
4.03468e-05
5.40145e-05
5.3898e-05
5.43222e-05
5.31974e-05
5.33075e-05
5.3089e-05
5.14769e-05
5.15018e-05
0.000141623
2.62955e-05
2.64176e-05
2.6738e-05
9.51583e-05
9.24869e-05
9.71481e-05
9.93147e-05
8.52684e-05
7.15551e-05
6.30737e-05
6.33283e-05
6.40847e-05
6.39673e-05
6.48567e-05
6.51424e-05
6.26982e-05
6.24916e-05
6.18543e-05
6.19449e-05
6.03462e-05
6.05438e-05
6.12357e-05
6.1153e-05
5.99083e-05
5.48392e-05
5.14549e-05
9.42112e-05
9.26181e-05
9.76399e-05
7.70373e-05
7.77898e-05
6.73198e-05
7.01296e-05
6.10418e-05
5.82606e-05
4.98864e-05
5.21961e-05
4.60115e-05
4.56058e-05
4.45554e-05
3.60214e-05
3.77599e-05
3.73881e-05
3.87095e-05
3.91279e-05
2.90696e-05
2.79606e-05
2.34537e-05
2.31619e-05
0.000194485
0.000210283
0.000214978
5.11514e-05
5.13752e-05
7.90083e-05
7.39908e-05
7.99549e-05
7.32313e-05
5.7561e-05
5.66617e-05
5.5594e-05
5.6556e-05
5.55171e-05
4.45631e-05
0.000107869
0.00010634
2.99404e-05
3.25284e-05
3.22337e-05
2.96091e-05
2.93078e-05
0.00012889
0.000135947
4.04126e-05
2.47296e-05
5.18806e-05
5.18191e-05
5.16921e-05
5.08417e-05
5.21051e-05
8.37395e-05
4.08581e-05
4.13967e-05
4.28576e-05
2.5658e-05
0.000108984
5.27167e-05
0.000157848
0.000147142
2.55741e-05
2.43245e-05
2.52905e-05
2.52497e-05
0.00010444
7.57407e-05
7.65454e-05
8.40059e-05
8.28357e-05
5.72693e-05
5.71082e-05
5.59789e-05
5.51731e-05
5.22398e-05
5.26067e-05
5.23247e-05
5.16421e-05
5.08781e-05
5.24349e-05
0.000113633
0.000115716
8.02284e-05
8.27345e-05
7.91832e-05
4.41907e-05
4.32009e-05
3.09292e-05
2.71314e-05
5.15079e-05
5.09341e-05
5.15999e-05
2.31899e-05
2.31218e-05
2.33224e-05
2.35603e-05
7.79654e-05
5.13017e-05
5.13472e-05
7.45795e-05
8.11341e-05
7.25746e-05
6.96514e-05
7.01035e-05
6.68344e-05
6.70348e-05
6.93163e-05
6.91099e-05
6.64451e-05
6.60522e-05
5.77883e-05
5.79601e-05
5.88359e-05
5.86957e-05
5.89987e-05
5.91728e-05
5.74608e-05
5.67987e-05
5.57091e-05
5.64732e-05
5.54299e-05
5.10465e-05
5.12286e-05
0.000109109
0.000110757
0.000104108
3.53447e-05
3.55819e-05
3.03137e-05
3.51022e-05
3.47364e-05
3.27676e-05
3.18809e-05
3.58662e-05
5.15259e-05
5.14497e-05
5.14803e-05
0.000199349
0.000178978
0.000165115
2.50722e-05
5.20013e-05
5.21002e-05
5.17851e-05
5.17461e-05
5.07842e-05
5.18393e-05
8.45914e-05
4.18668e-05
4.23911e-05
2.322e-05
2.32775e-05
2.46841e-05
0.00011232
0.000116572
5.28248e-05
5.29251e-05
5.14147e-05
5.13803e-05
2.58924e-05
2.61564e-05
2.37052e-05
2.39637e-05
7.50774e-05
7.74323e-05
8.18907e-05
7.20595e-05
7.11999e-05
7.06402e-05
6.76675e-05
6.73001e-05
6.81096e-05
6.86312e-05
6.56142e-05
5.83539e-05
5.81576e-05
5.85051e-05
5.86048e-05
5.94919e-05
5.96332e-05
5.94244e-05
5.93286e-05
5.73843e-05
5.69511e-05
5.58386e-05
5.63586e-05
5.53087e-05
5.25049e-05
5.24134e-05
5.1582e-05
5.09138e-05
5.27217e-05
0.000118374
0.000101772
0.000103113
0.000100414
9.87236e-05
8.08759e-05
8.17501e-05
4.38463e-05
4.35228e-05
3.06563e-05
3.37916e-05
3.42672e-05
3.297e-05
3.33557e-05
3.14936e-05
3.00613e-05
0.000211816
)
;
    }
    front
    {
        type            empty;
    }
    back
    {
        type            empty;
    }
}


// ************************************************************************* //
