/*--------------------------------*- C++ -*----------------------------------*\
| =========                 |                                                 |
| \\      /  F ield         | OpenFOAM: The Open Source CFD Toolbox           |
|  \\    /   O peration     | Version:  5.x                                   |
|   \\  /    A nd           | Web:      www.OpenFOAM.org                      |
|    \\/     M anipulation  |                                                 |
\*---------------------------------------------------------------------------*/
FoamFile
{
    version     2.0;
    format      ascii;
    class       volScalarField;
    location    "2287";
    object      massFlux;
}
// * * * * * * * * * * * * * * * * * * * * * * * * * * * * * * * * * * * * * //

dimensions      [0 0 0 0 0 0 0];

internalField   nonuniform List<scalar> 
6584
(
0.0241896
0.0241896
0.0241896
0.0241896
0.0241896
0.0241896
0.0241896
0.0241896
0.0241896
0.0241896
0.0241896
0.0241896
0.0241896
0.0241896
0.0241896
0.0241896
0.0241896
0.0241896
0.0241896
0.0241896
0.0241896
0.0241896
0.0241896
0.0241896
0.0241878
0.0241878
0.0241878
0.0241878
0.0241878
0.0241878
0.0241878
0.0241878
0.0241878
0.0241878
0.0241878
0.0241878
0.0241878
0.0241878
0.0241878
0.0241878
0.0241878
0.0241878
0.0241878
0.0241878
0.0241878
0.0241878
0.0241878
0.0241878
0.024186
0.024186
0.024186
0.024186
0.024186
0.024186
0.024186
0.024186
0.024186
0.0241867
0.0241869
0.0241869
0.0241869
0.0241869
0.0241869
0.0241861
0.024186
0.024186
0.024186
0.024186
0.024186
0.024186
0.024186
0.024186
0.0241842
0.0241842
0.0241842
0.0241841
0.0241841
0.0241841
0.0241841
0.0241841
0.0241841
0.0241847
0.024185
0.0241851
0.0241851
0.0241851
0.0241851
0.0241852
0.0241844
0.0241842
0.0241842
0.0241842
0.0241842
0.0241842
0.0241842
0.0241841
0.0241823
0.0241823
0.0241823
0.0241823
0.0241823
0.0241823
0.0241823
0.0241823
0.024183
0.024183
0.0241831
0.0241832
0.0241832
0.0241833
0.0241833
0.0241834
0.0241835
0.0241826
0.0241824
0.0241824
0.0241824
0.0241824
0.0241823
0.0241823
0.0241805
0.0241805
0.0241805
0.0241805
0.0241805
0.0241805
0.0241804
0.0241811
0.0241812
0.0241811
0.0241815
0.0241817
0.0241818
0.0241819
0.0241817
0.0241817
0.0241817
0.0241809
0.0241807
0.0241806
0.0241806
0.0241805
0.0241805
0.0241805
0.0241787
0.0241787
0.0241787
0.0241787
0.0241787
0.0241786
0.0241786
0.0241792
0.0241793
0.0241792
0.0241795
0.0241797
0.02418
0.0241802
0.0241804
0.02418
0.02418
0.0241793
0.024179
0.0241789
0.0241788
0.0241788
0.0241787
0.0241787
0.0241769
0.0241769
0.0241769
0.0241769
0.0241768
0.0241768
0.0241767
0.0241772
0.0241774
0.0241772
0.0241774
0.0241773
0.0241786
0.0241787
0.0241784
0.0241783
0.0241776
0.0241773
0.0241772
0.024177
0.024177
0.0241769
0.0241769
0.0241751
0.0241751
0.0241751
0.0241751
0.024175
0.024175
0.0241749
0.0241754
0.0241755
0.0241753
0.0241753
0.0241749
0.024177
0.0241772
0.0241769
0.0241767
0.024176
0.0241757
0.0241754
0.0241753
0.0241752
0.0241751
0.0241751
0.0241733
0.0241733
0.0241733
0.0241733
0.0241732
0.0241732
0.0241731
0.0241735
0.0241736
0.0241734
0.0241734
0.0241729
0.0241755
0.0241758
0.0241754
0.0241751
0.0241743
0.024174
0.0241737
0.0241735
0.0241734
0.0241733
0.0241732
0.0241715
0.0241715
0.0241715
0.0241715
0.0241714
0.0241714
0.0241713
0.0241717
0.0241717
0.0241716
0.0241715
0.0241711
0.0241738
0.0241743
0.0241739
0.0241736
0.0241727
0.0241723
0.024172
0.0241718
0.0241716
0.0241715
0.0241714
0.0241698
0.0241697
0.0241697
0.0241697
0.0241696
0.0241696
0.0241695
0.0241699
0.0241699
0.0241698
0.0241698
0.0241694
0.0241721
0.0241727
0.0241723
0.024172
0.024171
0.0241706
0.0241703
0.02417
0.0241698
0.0241697
0.0241696
0.024168
0.024168
0.024168
0.0241679
0.0241679
0.0241678
0.0241677
0.0241681
0.0241681
0.024168
0.024168
0.0241677
0.0241701
0.0241711
0.0241707
0.0241703
0.0241694
0.0241689
0.0241686
0.0241683
0.024168
0.0241679
0.0241677
0.0241662
0.0241662
0.0241662
0.0241662
0.0241661
0.0241661
0.024166
0.0241656
0.0241662
0.0241663
0.0241662
0.0241659
0.0224371
0.0241677
0.0241694
0.024169
0.0241687
0.0241677
0.0241672
0.0241668
0.0241665
0.0241663
0.0241661
0.0241659
0.0241644
0.0241644
0.0241644
0.0241644
0.0241644
0.0241643
0.0241642
0.0241639
0.0241644
0.0241645
0.0241645
0.0241641
0.0236955
0.0241647
0.0241672
0.0241673
0.0241661
0.0241659
0.0241655
0.0241651
0.0241647
0.0241645
0.0241642
0.0241641
0.0241627
0.0241627
0.0241627
0.0241627
0.0241626
0.0241626
0.0241625
0.0241622
0.0241626
0.0241628
0.0241624
0.0241624
0.023935
0.0241518
0.0241651
0.0241655
0.0241644
0.0241642
0.0241638
0.0241633
0.024163
0.0241626
0.0241624
0.0241622
0.0241609
0.0241609
0.0241609
0.0241609
0.0241609
0.0241608
0.0241607
0.0241605
0.0241602
0.0241609
0.0241608
0.0241603
0.0239891
0.0241122
0.0241615
0.0241637
0.0241627
0.0241624
0.024162
0.0241616
0.0241612
0.0241608
0.0241606
0.0241604
0.0241592
0.0241592
0.0241592
0.0241592
0.0241591
0.0241591
0.024159
0.0241588
0.0241585
0.0241584
0.024159
0.0241587
0.0240396
0.0240787
0.024155
0.0241601
0.0241608
0.0241606
0.0241602
0.0241598
0.0241594
0.024159
0.0241587
0.0241585
0.0241574
0.0241574
0.0241574
0.0241574
0.0241574
0.0241574
0.0241573
0.0241571
0.0241568
0.0241567
0.0241564
0.0241555
0.0240551
0.0240881
0.0241444
0.0241563
0.0241586
0.0241587
0.0241584
0.024158
0.0241576
0.0241572
0.0241569
0.0241566
0.0241557
0.0241557
0.0241557
0.0241557
0.0241557
0.0241556
0.0241556
0.0241554
0.0241552
0.024155
0.0241548
0.0241539
0.0240707
0.0240833
0.024134
0.0241515
0.024156
0.0241568
0.0241566
0.0241562
0.0241558
0.0241554
0.0241551
0.0241548
0.024154
0.024154
0.024154
0.024154
0.0241539
0.0241539
0.0241539
0.0241537
0.0241535
0.0241533
0.0241531
0.0241523
0.0240833
0.0240816
0.0241244
0.0241459
0.0241529
0.0241546
0.0241547
0.0241544
0.024154
0.0241536
0.0241532
0.0241529
0.0241522
0.0241522
0.0241522
0.0241522
0.0241522
0.0241522
0.0241521
0.024152
0.0241518
0.0241516
0.0241514
0.0241507
0.0240933
0.0240819
0.0241161
0.0241398
0.0241493
0.0241522
0.0241528
0.0241526
0.0241522
0.0241518
0.0241514
0.0241511
0.0241505
0.0241505
0.0241505
0.0241505
0.0241505
0.0241505
0.0241504
0.0241503
0.0241502
0.02415
0.0241498
0.0241491
0.0241013
0.0240837
0.0241092
0.0241335
0.0241453
0.0241495
0.0241507
0.0241507
0.0241504
0.0241499
0.0241496
0.0241492
0.0241488
0.0241488
0.0241488
0.0241488
0.0241488
0.0241487
0.0241487
0.0241486
0.0241485
0.0241483
0.0241481
0.0241475
0.0241077
0.0240863
0.0241037
0.0241272
0.0241408
0.0241466
0.0241485
0.0241488
0.0241485
0.0241481
0.0241477
0.0241474
0.024147
0.024147
0.024147
0.024147
0.024147
0.024147
0.024147
0.0241469
0.0241468
0.0241466
0.0241464
0.0241459
0.0241127
0.0240893
0.0240997
0.0241212
0.0241361
0.0241433
0.024146
0.0241467
0.0241466
0.0241463
0.0241459
0.0241455
0.0241453
0.0241453
0.0241453
0.0241453
0.0241453
0.0241453
0.0241453
0.0241452
0.0241451
0.024145
0.0241448
0.0241443
0.0241166
0.0240925
0.0240968
0.0241156
0.0241313
0.0241398
0.0241435
0.0241446
0.0241447
0.0241444
0.024144
0.0241436
0.0241436
0.0241436
0.0241436
0.0241436
0.0241436
0.0241436
0.0241436
0.0241435
0.0241434
0.0241433
0.0241431
0.0241427
0.0241195
0.0240956
0.024095
0.0241106
0.0241263
0.0241361
0.0241407
0.0241424
0.0241428
0.0241426
0.0241422
0.0241418
0.0241418
0.0241418
0.0241419
0.0241419
0.0241419
0.0241419
0.0241419
0.0241418
0.0241417
0.0241416
0.0241414
0.024141
0.0241217
0.0240986
0.024094
0.0241062
0.0241215
0.0241321
0.0241377
0.0241401
0.0241407
0.0241407
0.0241403
0.0241399
0.0241401
0.0241401
0.0241401
0.0241401
0.0241402
0.0241402
0.0241402
0.0241401
0.0241401
0.0241399
0.0241398
0.0241394
0.0241232
0.0241013
0.0240937
0.0241025
0.0241168
0.024128
0.0241345
0.0241376
0.0241386
0.0241387
0.0241385
0.0241381
0.0241384
0.0241384
0.0241384
0.0241384
0.0241384
0.0241384
0.0241384
0.0241384
0.0241384
0.0241382
0.0241381
0.0241378
0.0241242
0.0241037
0.0240939
0.0240994
0.0241123
0.0241238
0.0241312
0.0241349
0.0241364
0.0241368
0.0241366
0.0241362
0.0241366
0.0241367
0.0241367
0.0241367
0.0241367
0.0241367
0.0241367
0.0241367
0.0241367
0.0241366
0.0241364
0.0241361
0.0241247
0.0241058
0.0240944
0.024097
0.0241081
0.0241197
0.0241277
0.0241321
0.0241341
0.0241347
0.0241347
0.0241344
0.0241349
0.0241349
0.0241349
0.024135
0.024135
0.024135
0.024135
0.024135
0.024135
0.0241349
0.0241347
0.0241345
0.0241249
0.0241076
0.0240951
0.0240951
0.0241044
0.0241155
0.0241241
0.0241292
0.0241317
0.0241326
0.0241327
0.0241325
0.0241332
0.0241332
0.0241332
0.0241332
0.0241333
0.0241333
0.0241333
0.0241333
0.0241333
0.0241332
0.0241331
0.0241328
0.0241248
0.0241091
0.024096
0.0240936
0.024101
0.0241115
0.0241204
0.0241262
0.0241292
0.0241305
0.0241308
0.0241306
0.0241315
0.0241315
0.0241315
0.0241315
0.0241315
0.0241316
0.0241316
0.0241316
0.0241316
0.0241315
0.0241314
0.0241311
0.0241244
0.0241102
0.0240969
0.0240926
0.024098
0.0241077
0.0241167
0.024123
0.0241266
0.0241282
0.0241287
0.0241287
0.0241297
0.0241298
0.0241298
0.0241298
0.0241298
0.0241298
0.0241299
0.0241299
0.0241299
0.0241298
0.0241297
0.0241295
0.0241238
0.024111
0.0240978
0.024092
0.0240953
0.024104
0.024113
0.0241198
0.0241239
0.0241259
0.0241267
0.0241267
0.024128
0.024128
0.024128
0.0241281
0.0241281
0.0241281
0.0241282
0.0241282
0.0241282
0.0241281
0.024128
0.0241278
0.024123
0.0241116
0.0240987
0.0240916
0.0240931
0.0241006
0.0241093
0.0241164
0.024121
0.0241235
0.0241245
0.0241248
0.0241752
0.0241771
0.0241785
0.0241732
0.0241755
0.0241769
0.0241713
0.0241737
0.0241752
0.0241696
0.0241719
0.0241735
0.0241679
0.0241698
0.0241716
0.0241662
0.0239305
0.022105
0.0241673
0.0241695
0.0241776
0.0241799
0.0241787
0.0241803
0.0241758
0.0241753
0.0241773
0.0241769
0.0241781
0.0241772
0.0241776
0.0241787
0.0241738
0.0241733
0.024175
0.0241741
0.0241736
0.0241745
0.0241679
0.0241734
0.0241757
0.0241761
0.0241772
0.024172
0.0241714
0.024173
0.0241722
0.0241717
0.0241724
0.0241133
0.0241487
0.024174
0.0241747
0.0241758
0.0241702
0.0241697
0.0241712
0.0241705
0.02417
0.0241707
0.024126
0.0240997
0.0241723
0.0241731
0.0241743
0.024144
0.024148
0.0241703
0.0241715
0.0241727
0.0241482
0.0241472
0.0241645
0.0241327
0.0239571
0.0237277
0.0241628
0.024167
0.0241747
0.0241758
0.0241761
0.0241757
0.0241745
0.0241772
0.0241758
0.0241737
0.0241768
0.0241777
0.024177
0.024175
0.0241726
0.0241734
0.0241739
0.0241734
0.0241724
0.0241744
0.0241734
0.0241508
0.0241676
0.0241761
0.0241701
0.0241637
0.0241747
0.0241704
0.0241763
0.0241708
0.0241716
0.024172
0.0241715
0.0241707
0.0241724
0.0241715
0.0241007
0.0241102
0.0241744
0.0241539
0.0241512
0.0241634
0.0241548
0.0241746
0.0241698
0.0241691
0.0241707
0.0241699
0.0241473
0.0241286
0.0241726
0.0241562
0.0241614
0.0241511
0.0241557
0.0241728
0.0241682
0.0241674
0.024169
0.0241683
0.024147
0.0241446
0.0241614
0.0241614
0.0241709
0.0241665
0.0241657
0.0241673
0.0241666
0.024148
0.0241484
0.0241764
0.0241759
0.0241772
0.0241747
0.0241776
0.0241685
0.024168
0.0241695
0.0241688
0.0241683
0.0241691
0.0236794
0.0235473
0.0241681
0.0241697
0.0241711
0.0241771
0.0241761
0.0241782
0.0241772
0.0241779
0.0241692
0.0241699
0.0241702
0.0241668
0.024167
0.0241671
0.0241668
0.0241669
0.0241672
0.0235224
0.0232939
0.0241706
0.0241613
0.0241606
0.0241668
0.0241665
0.0241605
0.0241595
0.0241686
0.0241789
0.0241786
0.0241774
0.0241782
0.0241791
0.0241789
0.0241739
0.0241775
0.0241753
0.0241777
0.0241758
0.0241776
0.0241699
0.0241709
0.0241358
0.0241369
0.0241154
0.024111
0.0241419
0.0233619
0.0241517
0.0238188
0.0236964
0.0237615
0.0238437
0.0241477
0.024175
0.0241752
0.0241745
0.0241751
0.0241745
0.024175
0.0241752
0.0241761
0.0241764
0.0241759
0.0241751
0.0241754
0.0241756
0.0241729
0.0241728
0.024174
0.0241739
0.0241577
0.0241587
0.0241655
0.0241747
0.0241752
0.0241741
0.0241746
0.0241653
0.0241726
0.024176
0.0241765
0.0241754
0.0241759
0.0241721
0.0241711
0.0241711
0.024172
0.0241719
0.024074
0.0240799
0.0241458
0.0241724
0.0241728
0.0241719
0.0241722
0.0241449
0.0241606
0.0241735
0.0241739
0.0241729
0.0241733
0.0241601
0.0241669
0.0241695
0.0241679
0.0241679
0.024168
0.0241679
0.0241694
0.0241703
0.024168
0.0241702
0.0241408
0.0241394
0.0241527
0.0241714
0.0241718
0.0241709
0.0241713
0.0241534
0.0241672
0.0241671
0.0241687
0.0241679
0.024168
0.0241677
0.0241679
0.0241686
0.0241672
0.0241673
0.0241462
0.0236163
0.0237468
0.0233806
0.0235884
0.0241459
0.0232349
0.024166
0.0241657
0.0241286
0.0241665
0.0241661
0.0229601
0.0238575
0.0238339
0.0241771
0.0241667
0.0241663
0.0241678
0.0241671
0.0241667
0.0241673
0.0232897
0.0241128
0.0241364
0.0241768
0.0241675
0.0241682
0.0241685
0.0241621
0.0241624
0.0236016
0.0241655
0.0241652
0.0241626
0.024163
0.0238792
0.0238742
0.0203909
0.0241781
0.024178
0.0241772
0.0241777
0.0241783
0.0241781
0.024174
0.0241743
0.0241739
0.0241684
0.0241668
0.0241722
0.024172
0.0241723
0.024172
0.0241728
0.0241724
0.0241721
0.0241247
0.0241447
0.0241207
0.024096
0.0226537
0.0224293
0.0241478
0.023854
0.0239478
0.0241655
0.0241649
0.0241085
0.0241766
0.0241762
0.0241771
0.0241744
0.0241689
0.0241674
0.0241764
0.0241771
0.0241775
0.0241766
0.024177
0.0241761
0.0241729
0.0241732
0.0241729
0.0241737
0.0241734
0.024173
0.0241731
0.0241728
0.0241731
0.0241721
0.0241723
0.0241726
0.0241731
0.0241733
0.0241736
0.0241534
0.0241621
0.0241675
0.0241734
0.0241736
0.0241717
0.0241721
0.0241645
0.0241718
0.0241715
0.0241712
0.0241713
0.024171
0.0241711
0.0241722
0.0241719
0.024172
0.0241712
0.0241713
0.0241717
0.0240869
0.0240968
0.0241505
0.0241695
0.0241698
0.0241679
0.024169
0.024149
0.0241624
0.0241712
0.0241716
0.0241699
0.0241702
0.0241575
0.0241447
0.0239401
0.0239766
0.023935
0.0238973
0.0241337
0.024161
0.0241704
0.0241708
0.0241699
0.0241703
0.0241611
0.0241678
0.0241674
0.0241676
0.0241671
0.0241673
0.0241677
0.0241638
0.0241639
0.024167
0.0241667
0.024167
0.0241638
0.0241638
0.0230046
0.0227234
0.0241766
0.0241772
0.0241771
0.0224354
0.0236283
0.0225067
0.0226086
0.0225947
0.0236122
0.0241766
0.0241762
0.0241769
0.0241761
0.0241765
0.0241665
0.0241667
0.0241624
0.0241622
0.024167
0.0241637
0.0241636
0.024164
0.0241637
0.0241669
0.024167
0.0241671
0.0234372
0.0233958
0.0241667
0.0241645
0.0241642
0.024163
0.0241632
0.0241728
0.0241763
0.024177
0.0241749
0.024176
0.0241724
0.0241686
0.0241719
0.0241267
0.024143
0.02412
0.0240972
0.023483
0.0239536
0.0239257
0.0239822
0.0239626
0.0234622
0.0238594
0.0238409
0.023918
0.0238756
0.0237696
0.0229464
0.023104
0.0227001
0.0228739
0.0237511
0.0223158
0.0223885
0.0241748
0.0241751
0.0241748
0.0241755
0.0241752
0.0241748
0.0241744
0.0241742
0.0241748
0.0241745
0.0241756
0.0241759
0.0241756
0.0241756
0.0241754
0.024172
0.0241694
0.0241746
0.0241695
0.0241729
0.0241745
0.02417
0.0241724
0.0241762
0.0241739
0.0241723
0.0241726
0.0241728
0.0241731
0.0241727
0.0241725
0.024173
0.0241728
0.0241722
0.024172
0.0241724
0.0241723
0.0241727
0.0241723
0.0241725
0.0241738
0.0241736
0.0241741
0.0241738
0.0241732
0.024173
0.0241735
0.0241733
0.0241737
0.0241734
0.0241736
0.0241549
0.0241618
0.0241728
0.0241732
0.0241666
0.0241647
0.0241723
0.0241727
0.0241708
0.024171
0.0241713
0.0241708
0.0241706
0.0241709
0.0241708
0.0241704
0.0241703
0.0241706
0.0241704
0.0241716
0.0241718
0.0241721
0.0241717
0.0241715
0.024172
0.0241718
0.0241712
0.024171
0.0241715
0.0241713
0.0241717
0.0241714
0.0241716
0.0240757
0.0240922
0.0241692
0.0241694
0.0241492
0.0241473
0.024169
0.0241692
0.0241708
0.0241711
0.024162
0.0241581
0.0241703
0.0241706
0.0241673
0.0241677
0.0241693
0.0241692
0.0241695
0.0241694
0.0241676
0.024168
0.024169
0.0241688
0.0241692
0.024169
0.0241679
0.0241701
0.0241699
0.0241702
0.0241701
0.0241683
0.0241697
0.0241696
0.0241699
0.0241697
0.0241684
0.0239176
0.0239324
0.0241439
0.0237782
0.0238511
0.0238305
0.0237663
0.0238584
0.0241348
0.0238774
0.0238981
0.0241672
0.0241624
0.0241626
0.0241634
0.0241625
0.0241671
0.0241624
0.0241672
0.0241627
0.0241672
0.023493
0.0240061
0.0239886
0.0240295
0.024012
0.0235064
0.0231722
0.023229
0.0241639
0.024164
0.0241633
0.0241637
0.0233684
0.0230902
0.0241788
0.0241791
0.0241803
0.0241683
0.024161
0.0241594
0.0241776
0.0241776
0.024177
0.0241774
0.0241778
0.0241777
0.0241794
0.0241792
0.0241783
0.0241748
0.0241744
0.0241741
0.0241681
0.0241623
0.024162
0.0241169
0.024147
0.024171
0.0241707
0.0241704
0.0240503
0.0240405
0.0240983
0.0239835
0.0239982
0.0241498
0.0241751
0.0241754
0.024175
0.0241743
0.0241745
0.0241747
0.0241755
0.0241743
0.0241764
0.0241742
0.024174
0.0241742
0.0241514
0.0241613
0.0241601
0.024167
0.0241677
0.0241678
0.024164
0.0241739
0.0241742
0.0241709
0.0241711
0.0241714
0.0241711
0.0241704
0.0241706
0.0241709
0.0240999
0.0240652
0.0240596
0.0241076
0.024153
0.0241638
0.024164
0.024163
0.0241673
0.0241675
0.0241643
0.0241646
0.0241557
0.0241705
0.0241702
0.0241704
0.0241502
0.0241677
0.0241678
0.0241615
0.0241694
0.0241698
0.0241596
0.0241596
0.0241663
0.0241666
0.0241669
0.0241597
0.0241596
0.0239577
0.0239879
0.0241488
0.0241752
0.0241741
0.0241668
0.0241655
0.0241658
0.024167
0.0241669
0.024165
0.0241652
0.0241656
0.0241655
0.0241672
0.0230817
0.0230226
0.0233264
0.0241646
0.0241645
0.0241667
0.0241787
0.0241784
0.0241778
0.0241726
0.0241741
0.0241755
0.0241761
0.024172
0.0241723
0.0241772
0.0241776
0.024177
0.0241665
0.024166
0.0241692
0.0241714
0.0241693
0.0241686
0.0241323
0.0241384
0.0240455
0.0240502
0.0241179
0.0241054
0.0240195
0.0240334
0.0235213
0.0235395
0.0236549
0.0236383
0.0233809
0.0235707
0.0236011
0.0241503
0.0240054
0.0240254
0.024175
0.0241746
0.0241747
0.0241746
0.0241753
0.0241752
0.024175
0.0241741
0.024174
0.0241745
0.0241744
0.0241744
0.0241762
0.024176
0.0241757
0.0241758
0.0241756
0.0241757
0.0241752
0.0241699
0.0241712
0.0241737
0.0241739
0.0241742
0.0241739
0.0241738
0.0241571
0.0241599
0.024175
0.0241753
0.0241735
0.0241711
0.0241744
0.0241747
0.0241709
0.0241706
0.0241708
0.0240694
0.0240844
0.0241662
0.0241664
0.024161
0.0241595
0.0241658
0.024166
0.0241671
0.0241679
0.0241687
0.0241687
0.0241688
0.0241687
0.0241678
0.02417
0.0241702
0.0241704
0.0241689
0.0241688
0.0241697
0.0241696
0.0241681
0.0241688
0.0241688
0.0241688
0.0241688
0.0241676
0.0241676
0.0241505
0.0241545
0.0241674
0.0241675
0.0241679
0.0241685
0.0241684
0.0241687
0.0241686
0.0241679
0.0236755
0.0240031
0.0240345
0.024016
0.0240098
0.0236963
0.0234311
0.0237055
0.0236793
0.0231667
0.0231118
0.0233162
0.0241602
0.0241605
0.0241606
0.0241594
0.0241664
0.0241649
0.0241647
0.0241649
0.0241649
0.0241662
0.0229706
0.0228293
0.0231527
0.023324
0.0238759
0.0241765
0.0241767
0.0241763
0.024162
0.0241621
0.0241598
0.0241593
0.0236566
0.0241629
0.0241624
0.0241624
0.0241622
0.0241623
0.024163
0.021254
0.0232878
0.0234342
0.0241781
0.0241779
0.0241774
0.0241636
0.0241628
0.0241682
0.0241656
0.0241682
0.02417
0.0241674
0.024168
0.0241211
0.0241456
0.0239439
0.0239601
0.0239456
0.0239376
0.024097
0.0240313
0.0240226
0.0225981
0.0223793
0.0223928
0.0223838
0.0223883
0.0225346
0.0241687
0.0241712
0.0241714
0.0241707
0.0241711
0.0241684
0.0241523
0.0241656
0.0241591
0.0241572
0.0241642
0.024168
0.0241682
0.024072
0.0240703
0.0240963
0.0241019
0.0241631
0.0241635
0.0241517
0.024167
0.0241671
0.0241627
0.0241566
0.0241648
0.0241651
0.0239303
0.0239821
0.0239652
0.0239918
0.0239892
0.0239188
0.0241595
0.0241596
0.0241598
0.0241598
0.0241638
0.0241621
0.0241621
0.0226161
0.0225823
0.022911
0.0225987
0.0227056
0.0224321
0.0225089
0.0228131
0.0241759
0.0241754
0.0241762
0.024175
0.024177
0.0241772
0.0241774
0.0241762
0.0241766
0.0241761
0.0224657
0.0230329
0.0230013
0.0231339
0.0230808
0.0225038
0.0227417
0.0228867
0.0228119
0.02298
0.0229504
0.022684
0.0241764
0.0241766
0.0241764
0.0241759
0.0241758
0.0241762
0.024176
0.0241665
0.0241669
0.024166
0.0241662
0.0241623
0.0241622
0.0241654
0.0241654
0.0241636
0.0241647
0.0241648
0.0241669
0.0241646
0.0241644
0.0241648
0.0241671
0.0241652
0.0241649
0.0230703
0.0231322
0.0234724
0.0228868
0.0229225
0.0227912
0.0228267
0.0233567
0.0229857
0.0230007
0.0241631
0.024162
0.0241621
0.0241616
0.0241619
0.0241631
0.0241746
0.024175
0.0241735
0.0241706
0.0241726
0.0241742
0.0241636
0.0241688
0.0241656
0.0241647
0.0241658
0.0241665
0.0241652
0.0241654
0.0241292
0.0241405
0.0239933
0.0240033
0.0239715
0.0239821
0.0241192
0.0240513
0.0240506
0.0240152
0.0240146
0.0241003
0.0240078
0.023573
0.0235306
0.0234221
0.0236265
0.0236094
0.0238493
0.0236496
0.023634
0.023719
0.0236832
0.0238442
0.0239081
0.0237191
0.0237346
0.0236472
0.0236859
0.0238934
0.023616
0.0227541
0.0232159
0.0231802
0.0222767
0.0223149
0.0241749
0.0241749
0.0241748
0.0241747
0.0241749
0.024175
0.0241749
0.0241742
0.0241741
0.0241741
0.0241741
0.0241743
0.0241743
0.0241743
0.0241754
0.0241755
0.0241757
0.0241757
0.0241753
0.0241753
0.0241753
0.0241715
0.0241731
0.0241735
0.0241717
0.0241723
0.0241698
0.0241675
0.0241693
0.0241733
0.0241716
0.0241709
0.0241732
0.0241718
0.0241738
0.0241706
0.0241703
0.0241695
0.0241712
0.0241726
0.0241726
0.0241729
0.0241728
0.0241729
0.0241728
0.0241728
0.0241721
0.0241721
0.0241724
0.0241723
0.0241737
0.0241736
0.0241737
0.0241735
0.0241736
0.0241736
0.024174
0.0241739
0.024174
0.0241737
0.0241738
0.0241739
0.0241738
0.0241737
0.0241732
0.0241731
0.0241732
0.024173
0.024173
0.0241731
0.0241734
0.0241734
0.0241734
0.0241732
0.0241733
0.0241734
0.0241567
0.0241613
0.0241708
0.0241706
0.0241707
0.0241704
0.0241705
0.0241707
0.0241709
0.0241708
0.0241708
0.0241709
0.0241703
0.0241698
0.0241699
0.0241697
0.0241697
0.0241703
0.0241705
0.0241702
0.0241703
0.0241701
0.0241702
0.0241705
0.0241716
0.0241716
0.0241719
0.0241718
0.0241711
0.0241711
0.0241714
0.0241713
0.0240703
0.024088
0.0241615
0.0241666
0.0241668
0.0241653
0.0241656
0.0241588
0.0241672
0.0241688
0.0241688
0.0241679
0.0241676
0.0241687
0.0241687
0.0241692
0.024169
0.02417
0.0241696
0.0241697
0.0241702
0.0241698
0.0241698
0.0241697
0.0241698
0.0241702
0.0241696
0.0241693
0.0241688
0.0241688
0.0241682
0.0241687
0.0241688
0.0239258
0.0240361
0.0240306
0.0240431
0.0240397
0.0239285
0.0238041
0.0238321
0.0238054
0.0237529
0.0237424
0.0237763
0.023868
0.0240012
0.023995
0.0240218
0.024011
0.0238756
0.0241625
0.0241647
0.0241647
0.0241646
0.0241646
0.0241625
0.0241631
0.0241651
0.0241653
0.0241648
0.024165
0.0241627
0.0241623
0.0241636
0.0241636
0.024164
0.0241638
0.0241632
0.0241644
0.0241646
0.0241637
0.0241641
0.0241634
0.0237413
0.023727
0.0234736
0.0231444
0.0232846
0.0241598
0.0241602
0.0241635
0.0241616
0.0241613
0.0241621
0.0241619
0.0241636
0.0241598
0.0241599
0.0227205
0.0226541
0.0241821
0.0241821
0.0241831
0.0241822
0.0241822
0.0241832
0.0241823
0.0241824
0.0241833
0.0241824
0.0241825
0.0241833
0.0241801
0.02418
0.0241811
0.02418
0.02418
0.0241816
0.0241801
0.0241802
0.0241818
0.0241803
0.0241805
0.0241819
0.0241806
0.0241807
0.0241821
0.0241808
0.0241809
0.0241816
0.0241782
0.0241779
0.0241795
0.0241779
0.0241776
0.0241795
0.0241789
0.0241789
0.0241798
0.0241791
0.0241793
0.0241801
0.0241797
0.0241798
0.0241802
0.0241791
0.0241793
0.0241801
0.0241762
0.0241759
0.0241774
0.0241768
0.0241768
0.0241773
0.024177
0.0241769
0.0241773
0.024178
0.0241782
0.0241788
0.0241776
0.0241778
0.0241785
0.0241743
0.0241739
0.0241754
0.0241748
0.0241747
0.0241752
0.0241747
0.0241745
0.0241748
0.0241764
0.0241767
0.0241773
0.0241761
0.0241763
0.024177
0.0241725
0.0241721
0.0241735
0.0241729
0.0241728
0.0241733
0.0241727
0.0241726
0.0241728
0.0241749
0.0241752
0.0241758
0.0241747
0.0241748
0.0241755
0.0241707
0.0241703
0.0241716
0.0241711
0.024171
0.0241714
0.0241709
0.0241708
0.024171
0.0241732
0.0241737
0.0241742
0.0241731
0.0241732
0.024174
0.0241689
0.0241685
0.0241698
0.0241692
0.0241691
0.0241693
0.0241713
0.024172
0.0241726
0.0241715
0.0241716
0.0241724
0.0241671
0.0241668
0.0241681
0.0241693
0.0241701
0.0241706
0.0241698
0.02417
0.0241708
0.0241654
0.0241651
0.024166
0.0241649
0.0241647
0.0241659
0.0241653
0.0241651
0.0241657
0.023115
0.023523
0.0237704
0.0241657
0.0241678
0.0241693
0.0241681
0.0241683
0.0241692
0.0241636
0.0241635
0.0241643
0.0241632
0.024163
0.0241643
0.0241629
0.0241539
0.0241501
0.0238914
0.0241181
0.0241591
0.0241562
0.0241655
0.0241673
0.0241662
0.0241664
0.0241674
0.0241616
0.0241614
0.0241622
0.0241612
0.0241582
0.0241547
0.023955
0.0239898
0.0240959
0.0241321
0.0241593
0.0241633
0.0241751
0.0241754
0.0241755
0.0241773
0.0241772
0.0241768
0.0241784
0.0241782
0.0241783
0.024173
0.0241733
0.0241734
0.0241757
0.024175
0.0241746
0.0241767
0.0241763
0.0241767
0.0241712
0.0241714
0.0241716
0.0241739
0.0241729
0.0241726
0.0241745
0.0241741
0.024175
0.0241695
0.0241697
0.0241698
0.0241721
0.024171
0.0241709
0.0241725
0.0241721
0.0241733
0.0241701
0.024169
0.0241687
0.0241707
0.0241704
0.0241714
0.0241659
0.0241665
0.0241668
0.0236949
0.0241506
0.024152
0.0221768
0.0221895
0.021628
0.0241684
0.0241681
0.0241692
0.0241774
0.0241786
0.0241786
0.0241772
0.0241772
0.0241769
0.0241798
0.0241789
0.024179
0.0241773
0.0241773
0.0241789
0.0241789
0.0241786
0.0241802
0.0241794
0.0241796
0.0241757
0.0241763
0.0241763
0.0241761
0.0241761
0.0241756
0.0241773
0.0241767
0.0241764
0.0241771
0.0241766
0.0241758
0.024178
0.0241778
0.0241779
0.0241774
0.024178
0.0241778
0.024178
0.0241779
0.0241776
0.0241787
0.0241783
0.0241783
0.0241737
0.0241742
0.0241743
0.024174
0.0241741
0.0241736
0.0241751
0.0241746
0.0241743
0.024174
0.0241743
0.0241744
0.0241737
0.0241738
0.0241737
0.0241747
0.0241745
0.0241744
0.024172
0.0241711
0.0241729
0.024176
0.0241765
0.0241763
0.0241765
0.0241765
0.0241761
0.0241772
0.0241769
0.0241769
0.0241719
0.0241723
0.0241724
0.0241721
0.0241722
0.0241717
0.0241731
0.0241726
0.0241723
0.0241721
0.0241723
0.0241725
0.0241718
0.0241719
0.0241718
0.0241726
0.0241725
0.0241723
0.0241744
0.024175
0.0241746
0.024175
0.024175
0.0241746
0.0241758
0.0241754
0.0241754
0.0241701
0.0241705
0.0241706
0.0241704
0.0241704
0.02417
0.0241713
0.0241708
0.0241706
0.0241703
0.0241706
0.0241707
0.0241703
0.0241705
0.0241702
0.0241708
0.0241707
0.0241706
0.0241236
0.024056
0.0240632
0.0241728
0.0241735
0.024173
0.0241735
0.0241735
0.0241731
0.0241743
0.0241739
0.0241739
0.0241434
0.0240492
0.0240606
0.0241193
0.024121
0.0241486
0.024171
0.0241715
0.0241711
0.0241719
0.0241718
0.0241714
0.0241727
0.0241722
0.0241723
0.0241481
0.0241177
0.0241188
0.0241102
0.0241116
0.0241474
0.0241643
0.0241649
0.0241649
0.0241158
0.0241647
0.0241642
0.0241652
0.0241649
0.0240232
0.0239426
0.0240918
0.0234332
0.0241641
0.0241514
0.0241443
0.024159
0.0241532
0.0241658
0.0241748
0.024175
0.0241748
0.024176
0.0241755
0.0241753
0.0241758
0.0241757
0.024176
0.0241755
0.0241753
0.0241756
0.024177
0.0241769
0.0241771
0.0241757
0.0241759
0.024176
0.0241739
0.0241727
0.0241724
0.0241767
0.0241765
0.0241767
0.0241776
0.0241774
0.0241775
0.0241768
0.0241771
0.0241772
0.024176
0.0241761
0.0241755
0.0241727
0.0241728
0.0241727
0.0241736
0.0241734
0.0241733
0.0241736
0.0241735
0.0241738
0.0241733
0.0241732
0.0241733
0.0241723
0.0241724
0.0241725
0.0241734
0.0241734
0.0241735
0.0241756
0.0241752
0.0241759
0.0241697
0.0241715
0.0241718
0.0241738
0.0241755
0.0241757
0.024172
0.0241722
0.0241705
0.0241765
0.0241762
0.0241758
0.0241709
0.024171
0.0241709
0.0241717
0.0241716
0.0241714
0.0241718
0.0241716
0.0241719
0.0241714
0.0241713
0.0241714
0.0241706
0.0241707
0.0241708
0.0241723
0.0241722
0.0241723
0.0241714
0.0241715
0.0241716
0.0241734
0.0241731
0.0241741
0.0241629
0.0241629
0.024151
0.0241748
0.0241739
0.0241736
0.0241697
0.0241695
0.0241696
0.0241689
0.024169
0.0241692
0.0241706
0.0241705
0.0241706
0.0241697
0.0241698
0.02417
0.0241465
0.0241152
0.0241174
0.0240713
0.0240778
0.0241308
0.0241715
0.0241711
0.0241724
0.0241573
0.0241671
0.0241672
0.0241666
0.0241667
0.0241613
0.0241506
0.0241629
0.0241629
0.0241673
0.0241673
0.0241547
0.024173
0.024172
0.0241716
0.024168
0.0241679
0.024168
0.0241673
0.0241674
0.0241675
0.0241689
0.0241687
0.0241688
0.0241682
0.0241683
0.0241684
0.0241468
0.0241071
0.0241087
0.0240642
0.0240741
0.0241451
0.0241614
0.0241664
0.0241665
0.0241688
0.0241692
0.0241615
0.0241711
0.0241701
0.0241699
0.0241662
0.0241659
0.0241662
0.0241655
0.0241658
0.0241661
0.0241672
0.0241671
0.0241672
0.0241489
0.0239956
0.0240105
0.0241763
0.0241766
0.0241767
0.0241765
0.0241767
0.0241762
0.0241772
0.0241768
0.0241767
0.0241775
0.0241774
0.0241775
0.0241686
0.0241687
0.0241682
0.0241695
0.0241691
0.0241688
0.0241686
0.0241689
0.024169
0.0241686
0.0241687
0.0241685
0.0241691
0.0241689
0.0241688
0.0236618
0.0234225
0.0234522
0.0232439
0.0232886
0.0235722
0.0241691
0.0241696
0.024169
0.0241769
0.0241769
0.024177
0.0241759
0.0241761
0.0241762
0.0241778
0.0241781
0.0241784
0.0241776
0.024178
0.0241776
0.0241781
0.024178
0.0241778
0.0241695
0.0241697
0.0241694
0.0241701
0.0241698
0.0241696
0.02417
0.0241699
0.0241701
0.024167
0.0241665
0.0241665
0.0241664
0.0241664
0.0241669
0.0234987
0.0231676
0.0232012
0.0241696
0.0241693
0.0241704
0.0241611
0.0241682
0.0241686
0.024167
0.024168
0.024161
0.0241668
0.0241664
0.0241664
0.0241663
0.0241663
0.0241666
0.0241601
0.0241664
0.0241667
0.0241657
0.024166
0.0241599
0.0241689
0.0241678
0.0241675
0.0241788
0.0241782
0.0241783
0.0241782
0.0241782
0.0241787
0.0241773
0.024178
0.024178
0.0241784
0.0241783
0.0241781
0.0241791
0.0241786
0.0241788
0.0241783
0.0241785
0.024179
0.0241773
0.0241768
0.0241773
0.0241773
0.0241777
0.0241779
0.0241765
0.0241768
0.0241762
0.0241778
0.0241777
0.0241775
0.02403
0.0240446
0.0241427
0.0241513
0.0241286
0.02413
0.0238036
0.0236238
0.0236463
0.0234798
0.0235037
0.0237118
0.0238007
0.0240267
0.0240216
0.0240361
0.0240315
0.0238115
0.0241475
0.0241129
0.0241141
0.024175
0.0241752
0.0241753
0.0241748
0.0241746
0.0241749
0.0241753
0.0241755
0.0241754
0.0241761
0.024176
0.0241759
0.0241762
0.0241761
0.0241763
0.0241746
0.0241743
0.0241752
0.0241759
0.0241752
0.0241749
0.0241728
0.0241729
0.024173
0.0241728
0.0241727
0.0241727
0.0241739
0.024174
0.024174
0.0241738
0.0241738
0.0241738
0.024169
0.0241692
0.0241657
0.0241749
0.0241742
0.024174
0.0241746
0.0241744
0.0241751
0.0241742
0.0241734
0.0241732
0.0241738
0.0241736
0.0241744
0.0241651
0.0241687
0.0241689
0.0241738
0.0241741
0.024173
0.0241762
0.0241758
0.0241756
0.0241762
0.024176
0.0241763
0.0241755
0.024175
0.0241748
0.0241754
0.0241752
0.0241757
0.0241716
0.0241732
0.0241735
0.024171
0.0241711
0.0241712
0.024171
0.0241709
0.024171
0.0241719
0.0241719
0.024172
0.0241719
0.0241718
0.0241718
0.024162
0.0241622
0.024147
0.0241725
0.0241714
0.0241713
0.0241717
0.0241716
0.0241726
0.024172
0.0241709
0.0241708
0.0241712
0.0241711
0.0241721
0.0241451
0.0241619
0.0241619
0.0241736
0.0241727
0.0241725
0.0241731
0.0241729
0.0241738
0.024173
0.024172
0.0241719
0.0241723
0.0241722
0.0241732
0.0241693
0.0241694
0.0241696
0.024168
0.0241685
0.0241685
0.0241687
0.0241687
0.0241679
0.0241693
0.0241691
0.0241692
0.0241701
0.0241699
0.02417
0.0241013
0.0241041
0.024142
0.0241378
0.0240935
0.0240977
0.0241634
0.0241632
0.0241518
0.0241715
0.0241704
0.0241703
0.0241707
0.0241706
0.0241717
0.0241711
0.02417
0.0241699
0.0241702
0.0241701
0.0241712
0.0241539
0.0241637
0.0241636
0.0241672
0.0241663
0.0241663
0.0241665
0.0241664
0.0241671
0.0241686
0.0241686
0.0241688
0.0241679
0.0241683
0.0241682
0.0241685
0.0241684
0.024168
0.0241678
0.0241681
0.024168
0.0241683
0.0241682
0.0241678
0.0241685
0.0241684
0.0241685
0.0241672
0.0241657
0.0241657
0.0241663
0.0241662
0.0241673
0.0241034
0.0241053
0.0241465
0.0236366
0.023824
0.0238118
0.0239011
0.023891
0.0237318
0.023797
0.0237808
0.0235556
0.0241455
0.0240989
0.0241013
0.0241659
0.0241649
0.0241649
0.0241649
0.0241649
0.0241658
0.0241664
0.0241662
0.0241662
0.0238342
0.0233823
0.0235646
0.0236691
0.0236925
0.0238482
0.0241668
0.024167
0.0241665
0.0241678
0.0241674
0.0241672
0.0241669
0.0241671
0.0241669
0.0241675
0.0241673
0.0241671
0.0231733
0.0231422
0.0231114
0.0241219
0.0239476
0.0238497
0.0240021
0.0240038
0.0241276
0.0241678
0.0241679
0.0241677
0.0241683
0.0241681
0.0241679
0.0241683
0.0241682
0.0241684
0.0240566
0.0240198
0.023601
0.0241654
0.0241641
0.0241639
0.0241642
0.0241642
0.0241653
0.0239001
0.0233545
0.0231881
0.0236047
0.0237414
0.0238879
0.0205118
0.021191
0.0215605
0.024178
0.0241777
0.0241778
0.0241777
0.0241777
0.024178
0.0241771
0.0241776
0.0241775
0.0241779
0.0241778
0.0241776
0.0241783
0.024178
0.0241782
0.0241778
0.024178
0.0241782
0.0241741
0.024174
0.0241738
0.0241741
0.0241741
0.0241742
0.0241738
0.0241739
0.024174
0.0241725
0.0241705
0.0241702
0.0241721
0.024172
0.0241719
0.0241722
0.0241721
0.0241722
0.0241719
0.024172
0.0241721
0.0241726
0.0241726
0.0241727
0.0241723
0.0241725
0.0241725
0.0241722
0.0241724
0.0241722
0.0240499
0.0240516
0.0241218
0.0241153
0.0241165
0.0241479
0.0239285
0.0240447
0.0240404
0.0240533
0.024049
0.0239381
0.0241653
0.0241651
0.0241654
0.0241648
0.024165
0.0241651
0.0241003
0.0241644
0.0241643
0.0241765
0.0241767
0.0241768
0.0241766
0.0241766
0.0241764
0.0241771
0.0241769
0.0241767
0.0241732
0.0241729
0.0241742
0.0241767
0.0241769
0.0241766
0.0241772
0.0241771
0.024177
0.0241774
0.0241772
0.0241774
0.0241767
0.0241765
0.0241763
0.0241768
0.0241767
0.0241769
0.0241758
0.0241764
0.0241766
0.0241731
0.0241729
0.0241728
0.0241731
0.024173
0.0241732
0.0241728
0.0241729
0.024173
0.0241736
0.0241735
0.0241737
0.0241733
0.0241734
0.0241735
0.0241732
0.0241733
0.0241732
0.0241731
0.0241731
0.0241732
0.0241729
0.024173
0.0241729
0.0241732
0.0241731
0.024173
0.0241721
0.0241723
0.0241722
0.0241724
0.0241723
0.0241722
0.0241725
0.0241724
0.0241725
0.0241732
0.0241733
0.0241732
0.0241734
0.0241734
0.0241733
0.0241735
0.0241735
0.0241736
0.0241705
0.0241711
0.024169
0.0241735
0.0241732
0.0241728
0.0241719
0.0241704
0.0241703
0.0241708
0.0241706
0.024172
0.0241717
0.0241717
0.0241718
0.0241714
0.0241716
0.0241716
0.0241713
0.0241715
0.0241714
0.0241712
0.0241713
0.0241714
0.0241711
0.0241712
0.0241711
0.0241713
0.0241712
0.0241711
0.0241721
0.0241722
0.0241722
0.0241719
0.024172
0.024172
0.0241721
0.0241721
0.024172
0.0241712
0.0241714
0.0241713
0.0241715
0.0241714
0.0241713
0.0241716
0.0241715
0.0241716
0.0241696
0.0241675
0.0241674
0.0241678
0.0241677
0.0241697
0.0241669
0.0241669
0.024169
0.0241503
0.0241627
0.0241625
0.0241714
0.0241698
0.0241696
0.0241701
0.02417
0.0241715
0.02417
0.0241681
0.0241679
0.0241683
0.0241682
0.0241701
0.0241104
0.0241128
0.0241456
0.0239523
0.0240529
0.0240474
0.0240639
0.0240587
0.0239657
0.0241325
0.0240818
0.0240843
0.024167
0.0241671
0.0241609
0.0241706
0.0241695
0.0241694
0.0241697
0.0241696
0.0241707
0.02417
0.024169
0.0241689
0.0241693
0.0241691
0.0241702
0.0241612
0.0241668
0.0241669
0.0241677
0.0241678
0.0241679
0.0241675
0.0241677
0.0241676
0.0241679
0.0241678
0.0241675
0.0241672
0.0241673
0.0241672
0.0241675
0.0241674
0.0241673
0.0241676
0.0241675
0.0241676
0.0241638
0.0241622
0.0241622
0.0241623
0.0241622
0.0241639
0.0241669
0.024167
0.0241671
0.0241668
0.0241669
0.0241668
0.0241671
0.024167
0.0241669
0.0241622
0.0241621
0.0241638
0.0241773
0.0241771
0.0241767
0.0233715
0.0233948
0.0236445
0.0235942
0.0233254
0.0233506
0.0241765
0.0241767
0.0241768
0.024177
0.0241768
0.0241767
0.0241763
0.0241762
0.0241764
0.0241665
0.0241665
0.024167
0.0241636
0.0241654
0.0241654
0.0241638
0.0241655
0.0241656
0.0241654
0.0241655
0.0241637
0.0241669
0.0241664
0.0241664
0.0241664
0.0241664
0.0241667
0.0241645
0.0241657
0.0241657
0.0241656
0.0241657
0.0241644
0.0241766
0.024176
0.0241757
0.0241767
0.0241763
0.0241768
0.0241753
0.0241741
0.0241737
0.0241753
0.0241746
0.0241757
0.0241699
0.0241697
0.0241717
0.0239436
0.0237803
0.0238029
0.0237451
0.0237595
0.0239339
0.023976
0.023844
0.0238547
0.0238215
0.023834
0.0239698
0.0235761
0.0236007
0.0237871
0.0230099
0.0233611
0.0233246
0.0234243
0.0233935
0.0230593
0.0232862
0.0232495
0.0228067
0.0237314
0.0235269
0.0235513
0.024175
0.0241749
0.024175
0.0241747
0.0241748
0.0241749
0.0241754
0.0241753
0.0241754
0.0241751
0.0241752
0.0241753
0.0241743
0.0241742
0.0241743
0.0241747
0.0241745
0.0241746
0.0241744
0.0241744
0.0241746
0.0241757
0.0241756
0.0241755
0.0241758
0.0241757
0.0241759
0.0241755
0.0241756
0.0241757
0.0241749
0.0241739
0.0241735
0.0241757
0.0241755
0.0241761
0.0241732
0.0241745
0.0241749
0.0241738
0.0241741
0.0241727
0.0241726
0.0241727
0.0241727
0.0241729
0.0241728
0.0241727
0.024173
0.0241729
0.024173
0.0241726
0.0241726
0.0241727
0.0241724
0.0241725
0.0241724
0.0241726
0.0241726
0.0241724
0.0241736
0.0241737
0.0241737
0.0241735
0.0241736
0.0241735
0.0241737
0.0241736
0.0241735
0.024173
0.0241719
0.0241717
0.0241725
0.0241722
0.0241731
0.0241661
0.0241695
0.0241699
0.0241684
0.0241685
0.024165
0.0241724
0.0241711
0.0241709
0.0241715
0.0241713
0.0241725
0.0241709
0.024171
0.0241709
0.0241711
0.024171
0.0241709
0.0241712
0.0241711
0.0241712
0.0241717
0.0241718
0.0241717
0.0241719
0.0241719
0.0241717
0.0241721
0.024172
0.024172
0.0241717
0.0241717
0.0241718
0.0241715
0.0241716
0.0241715
0.0241717
0.0241716
0.0241715
0.0241693
0.0241671
0.024167
0.0241673
0.0241672
0.0241694
0.0241481
0.0241625
0.0241628
0.0241622
0.024162
0.0241459
0.0241691
0.0241668
0.0241669
0.0241669
0.0241669
0.0241691
0.0241709
0.0241692
0.0241691
0.0241695
0.0241693
0.024171
0.0241704
0.0241686
0.0241685
0.0241689
0.0241688
0.0241705
0.0241693
0.0241691
0.0241692
0.024169
0.0241691
0.0241692
0.0241695
0.0241693
0.0241693
0.0241692
0.0241692
0.0241694
0.0241686
0.0241686
0.024168
0.0241689
0.0241688
0.0241688
0.0241691
0.024169
0.024169
0.0241689
0.0241689
0.0241691
0.0241679
0.0241686
0.0241686
0.0241696
0.0241696
0.02417
0.0241697
0.0241694
0.0241695
0.0241693
0.0241694
0.0241696
0.0241698
0.0241695
0.0241695
0.0241695
0.0241695
0.0241698
0.024143
0.0241063
0.0241083
0.0240866
0.0240896
0.0241363
0.0241663
0.0241663
0.0241672
0.0241671
0.0241664
0.0241664
0.0241658
0.0241658
0.0241672
0.0241673
0.0241661
0.024166
0.024001
0.0238915
0.0239005
0.0238672
0.02388
0.023995
0.0240237
0.0239253
0.0239344
0.0239084
0.0239166
0.0240182
0.023526
0.0237656
0.0237528
0.024164
0.0241626
0.0241624
0.0241627
0.0241627
0.0241641
0.0232684
0.0230201
0.0231642
0.022798
0.0228987
0.0231761
0.024179
0.0241794
0.0241795
0.0241795
0.0241794
0.024179
0.0241606
0.024165
0.0241653
0.0241641
0.0241646
0.0241601
0.0241776
0.0241774
0.0241774
0.0241774
0.0241774
0.0241776
0.024177
0.0241772
0.0241772
0.0241775
0.0241774
0.0241773
0.0241778
0.0241776
0.0241777
0.0241775
0.0241775
0.0241777
0.0241789
0.024179
0.0241792
0.0241786
0.0241788
0.0241788
0.0241742
0.0241744
0.0241742
0.0241705
0.0241706
0.0241705
0.0239881
0.0240709
0.0240678
0.024077
0.0240738
0.0239925
0.0241492
0.0241225
0.024124
0.0241753
0.0241751
0.024175
0.0241744
0.0241745
0.0241744
0.0241746
0.0241745
0.0241745
0.0241751
0.0241758
0.0241761
0.0241753
0.0241755
0.0241747
0.0241766
0.0241762
0.024176
0.0241742
0.0241743
0.0241743
0.0241741
0.0241742
0.0241741
0.0241743
0.0241742
0.0241742
0.0241707
0.0241724
0.0241725
0.0241713
0.0241711
0.024171
0.0241713
0.0241712
0.0241713
0.024171
0.0241711
0.0241712
0.0241705
0.0241706
0.0241705
0.0241707
0.0241706
0.0241705
0.0241708
0.0241707
0.0241708
0.0241703
0.0241704
0.0241703
0.0241705
0.0241704
0.0241703
0.0241629
0.0241629
0.0241502
0.0241662
0.0241663
0.0241615
0.0241687
0.0241686
0.0241696
0.0241664
0.0241665
0.0241664
0.0241667
0.0241666
0.0241665
0.0241668
0.0241667
0.0241668
0.0239678
0.0240621
0.0240577
0.0240706
0.0240664
0.023978
0.0241646
0.0241657
0.0241657
0.0241657
0.0241657
0.0241646
0.0241666
0.0241663
0.0241663
0.0241786
0.0241784
0.0241785
0.0241782
0.0241783
0.0241785
0.024178
0.0241782
0.0241781
0.0241774
0.0241771
0.0241769
0.0241775
0.0241773
0.0241775
0.0241767
0.0241771
0.0241773
0.0241256
0.0241271
0.0241508
0.0240131
0.024084
0.0240805
0.0240902
0.0240874
0.0240199
0.024176
0.0241761
0.0241761
0.0241758
0.0241759
0.0241758
0.0241737
0.0241738
0.0241738
0.024174
0.0241739
0.0241738
0.0241741
0.0241741
0.0241741
0.0241733
0.0241743
0.0241745
0.0241727
0.024173
0.0241713
0.0241708
0.0241709
0.024171
0.0241707
0.0241708
0.0241707
0.0241709
0.0241708
0.0241707
0.0241701
0.0241702
0.0241702
0.0241703
0.0241703
0.0241701
0.024151
0.0241631
0.0241629
0.0241638
0.0241637
0.0241542
0.0241683
0.0241683
0.0241679
0.0241679
0.0241684
0.0241684
0.0238536
0.0238382
0.023655
0.0239429
0.0239509
0.0240391
0.0237155
0.0238802
0.0238672
0.0241661
0.0241662
0.0241664
0.0241648
0.0241657
0.0241657
0.0241657
0.0241657
0.0241648
0.0241649
0.0241657
0.0241656
0.0241657
0.0241657
0.0241649
0.0232078
0.0234906
0.0234564
0.0235627
0.0235266
0.0232661
0.0238626
0.0237164
0.0237406
0.0241583
0.0241347
0.0241425
0.0241388
0.0241366
0.0241588
0.0236225
0.0240281
0.0240381
0.0211413
0.0211158
0.0208525
0.0235238
0.0224627
0.0220455
0.023247
0.0229251
0.0234796
0.024178
0.0241779
0.024178
0.0241777
0.0241778
0.0241779
0.0241775
0.0241777
0.0241776
0.024184
0.0241841
0.024185
0.0241841
0.0241841
0.0241851
0.0241842
0.0241842
0.0241851
0.0241842
0.0241842
0.0241851
0.0241821
0.024182
0.024183
0.0241825
0.0241825
0.0241834
0.0241802
0.0241802
0.0241812
0.0241811
0.0241812
0.0241817
0.0241813
0.0241813
0.0241818
0.0241808
0.0241808
0.0241817
0.0241783
0.0241783
0.0241793
0.024179
0.0241789
0.0241795
0.0241797
0.0241798
0.02418
0.0241792
0.0241792
0.02418
0.0241764
0.0241764
0.0241773
0.0241784
0.0241784
0.0241786
0.0241777
0.0241776
0.0241784
0.0241745
0.0241745
0.0241754
0.0241768
0.0241769
0.0241771
0.0241761
0.024176
0.0241768
0.0241726
0.0241726
0.0241735
0.0241753
0.0241754
0.0241756
0.0241746
0.0241745
0.0241753
0.0241708
0.0241708
0.0241717
0.0241736
0.0241738
0.024174
0.0241731
0.0241729
0.0241737
0.024169
0.024169
0.0241699
0.0241693
0.0241692
0.0241696
0.0241718
0.0241721
0.0241723
0.0241715
0.0241713
0.0241721
0.0241672
0.0241672
0.0241681
0.0241676
0.0241675
0.0241679
0.0241675
0.0241674
0.0241676
0.0241699
0.0241697
0.0241705
0.0241654
0.0241654
0.0241663
0.0241658
0.0241658
0.0241662
0.0227078
0.0223178
0.0222253
0.0241671
0.024168
0.0241686
0.0241682
0.024168
0.0241689
0.0241636
0.0241636
0.0241645
0.0241637
0.0241635
0.0241639
0.0237745
0.0237476
0.0237415
0.0241632
0.0241655
0.0241662
0.0241664
0.0241663
0.0241672
0.0241619
0.0241618
0.0241626
0.0241636
0.0241645
0.0241655
0.0241599
0.0241598
0.0241606
0.0241595
0.0241573
0.0241578
0.0240168
0.0239928
0.0239886
0.024094
0.0241452
0.0241531
0.0241678
0.024168
0.0241681
0.0241677
0.0241665
0.0241661
0.0241776
0.0241779
0.0241779
0.0241799
0.0241796
0.0241796
0.0241756
0.0241757
0.0241754
0.0241773
0.0241775
0.0241774
0.0241735
0.0241736
0.0241734
0.0241751
0.0241749
0.0241748
0.0241758
0.024176
0.0241759
0.0241717
0.0241718
0.0241715
0.0241731
0.0241729
0.0241728
0.0241742
0.0241744
0.0241742
0.0241713
0.0241711
0.024171
0.0241701
0.0241702
0.0241701
0.0241725
0.0241728
0.0241725
0.0241532
0.0241544
0.0239814
0.0241656
0.0241652
0.0241666
0.0241759
0.0241757
0.0241756
0.0241753
0.0241754
0.0241752
0.0241744
0.024175
0.0241752
0.0241566
0.0241642
0.0241641
0.024164
0.0241639
0.0241553
0.0241657
0.0241659
0.0241614
0.0241664
0.0241663
0.0241664
0.0241665
0.0241666
0.0241667
0.0241201
0.0241213
0.0241486
0.0241761
0.0241762
0.0241761
0.0241772
0.0241771
0.024177
0.0241684
0.0241688
0.0241689
0.0241684
0.0241685
0.0241684
0.0241691
0.024169
0.024169
0.0241702
0.02417
0.0241695
0.0241709
0.0241705
0.0241706
0.024178
0.0241781
0.0241783
0.0241773
0.0241775
0.0241773
0.0241693
0.0241693
0.0241692
0.02417
0.0241699
0.0241698
0.0241612
0.0241655
0.0241656
0.0241645
0.0241647
0.0241607
0.0241603
0.0241642
0.0241644
0.0241788
0.0241787
0.0241787
0.0241774
0.0241776
0.0241776
0.0241787
0.0241788
0.0241789
0.0241776
0.0241777
0.0241778
0.0237758
0.0239191
0.0239103
0.0239596
0.0239536
0.0238329
0.0241677
0.0241679
0.0241679
0.0241682
0.0241681
0.0241678
0.0241666
0.0241671
0.0241672
0.024167
0.0241672
0.0241673
0.0241772
0.0241773
0.0241773
0.0238644
0.0239707
0.0239653
0.0241763
0.0241764
0.0241763
0.0241771
0.024177
0.024177
0.0241674
0.0241676
0.0241675
0.0241678
0.0241678
0.0241676
0.0241803
0.0241798
0.0241799
0.0241672
0.0241668
0.024168
0.0241793
0.0241791
0.0241792
0.0241784
0.0241785
0.0241785
0.0241747
0.0241746
0.0241748
0.0241743
0.0241745
0.0241745
0.0241709
0.0241708
0.0241709
0.0241706
0.0241707
0.0241708
0.0241752
0.0241752
0.0241753
0.0241749
0.024175
0.0241751
0.0241695
0.0241685
0.0241683
0.0241487
0.0241225
0.0241235
0.0241779
0.024178
0.024178
0.0241806
0.0241805
0.02418
0.0241801
0.0241806
0.0241806
0.0241807
0.0241807
0.0241801
0.0241817
0.0241812
0.0241813
0.0241804
0.0241809
0.0241808
0.024181
0.0241809
0.0241805
0.0241819
0.0241814
0.0241814
0.0241806
0.0241811
0.024181
0.0241779
0.0241784
0.0241784
0.0241786
0.0241784
0.0241778
0.0241795
0.0241789
0.0241789
0.0241792
0.0241792
0.0241789
0.0241792
0.0241795
0.0241794
0.0241796
0.0241795
0.0241793
0.0241801
0.0241798
0.0241799
0.024178
0.0241782
0.0241782
0.0241765
0.0241767
0.0241766
0.024175
0.0241752
0.0241751
0.0241734
0.0241736
0.0241734
0.0241716
0.0241719
0.0241716
0.0241651
0.0241652
0.0241648
0.0241661
0.0241657
0.0241655
0.0241653
0.0241654
0.0241652
0.0241658
0.0241656
0.0241655
0.0225798
0.0224383
0.0229316
0.0236008
0.0228674
0.02282
0.0230501
0.0229445
0.0236716
0.0241669
0.0241675
0.0241664
0.0241683
0.024168
0.0241675
0.024169
0.0241685
0.0241688
0.0241644
0.024164
0.0241639
0.0241627
0.0241631
0.0241633
0.0241528
0.0241629
0.0241625
0.0241637
0.0241633
0.0241516
0.0237886
0.0237649
0.0238386
0.0241369
0.0240093
0.0239724
0.0241029
0.0240544
0.0241507
0.024177
0.0241771
0.024177
0.0241749
0.0241753
0.0241754
0.024175
0.0241751
0.0241748
0.0241766
0.0241767
0.0241768
0.0241765
0.0241766
0.0241764
0.0241728
0.0241733
0.0241734
0.0241731
0.0241732
0.0241727
0.0241743
0.0241747
0.0241749
0.0241745
0.0241746
0.0241742
0.0241723
0.0241728
0.0241729
0.0241726
0.0241727
0.0241722
0.0241661
0.0241662
0.024166
0.0241667
0.0241664
0.0241663
0.0241666
0.0241666
0.0241668
0.024049
0.0240593
0.0237355
0.0219732
0.0213449
0.0212182
0.024178
0.0241779
0.0241775
0.0241786
0.0241782
0.0241782
0.0241782
0.0241782
0.0241785
0.0241795
0.0241795
0.0241798
0.0241789
0.0241792
0.0241792
0.0241793
0.0241793
0.024179
0.02418
0.02418
0.0241802
0.0241795
0.0241798
0.0241797
0.0241798
0.0241798
0.0241796
0.0241762
0.024176
0.0241759
0.0241767
0.0241768
0.0241765
0.0241763
0.0241767
0.0241769
0.0241763
0.0241765
0.024176
0.0241776
0.0241777
0.0241779
0.0241741
0.0241739
0.0241738
0.0241745
0.0241746
0.0241744
0.0241761
0.0241762
0.0241764
0.0241722
0.024172
0.0241719
0.0241726
0.0241727
0.0241725
0.0241744
0.0241746
0.0241748
0.0241704
0.0241702
0.0241701
0.0241708
0.0241709
0.0241707
0.0241704
0.0241703
0.0241702
0.0241704
0.0241704
0.0241705
0.0241702
0.0241703
0.0241703
0.0241727
0.024173
0.0241732
0.0240533
0.0241073
0.0241049
0.0241114
0.0241094
0.024057
0.0241641
0.024164
0.0241222
0.0241646
0.0241644
0.0241646
0.0241651
0.0241642
0.0241642
0.0241642
0.0241642
0.024165
0.0240034
0.0241555
0.0241564
0.0237516
0.0236716
0.024054
0.0235507
0.0232913
0.0232265
0.0241574
0.024163
0.0241636
0.0241612
0.0241622
0.0241552
0.0241755
0.0241757
0.0241757
0.0241755
0.0241756
0.0241754
0.0241754
0.0241755
0.0241754
0.0241756
0.0241755
0.0241755
0.0241755
0.0241758
0.0241759
0.0241755
0.0241756
0.0241753
0.0241746
0.0241748
0.024174
0.024176
0.0241762
0.0241764
0.024176
0.0241761
0.0241759
0.0241733
0.0241738
0.0241739
0.0241735
0.0241737
0.0241732
0.0241738
0.0241743
0.0241744
0.024174
0.0241741
0.0241737
0.0241695
0.0241696
0.0241696
0.0241697
0.0241697
0.0241696
0.0241697
0.0241698
0.0241698
0.0241699
0.0241699
0.0241698
0.0241714
0.0241719
0.024172
0.0241643
0.0241642
0.024157
0.0241549
0.0241639
0.0241638
0.0241719
0.0241724
0.0241725
0.0241721
0.0241723
0.0241718
0.0240676
0.024115
0.0241132
0.024118
0.0241166
0.0240709
0.0241689
0.0241679
0.0241678
0.0241682
0.024168
0.0241691
0.0241614
0.024166
0.0241661
0.0241661
0.0241662
0.0241663
0.024166
0.0241661
0.024166
0.0241663
0.0241662
0.0241661
0.0241656
0.0241657
0.0241656
0.0241659
0.0241658
0.0241657
0.0241243
0.024124
0.0241486
0.0239994
0.024074
0.0240738
0.0240782
0.0240754
0.0240047
0.0241766
0.0241764
0.0241763
0.0241768
0.0241769
0.0241767
0.0241687
0.0241686
0.0241685
0.0241689
0.0241689
0.0241688
0.0241779
0.024178
0.0241779
0.0241777
0.0241776
0.0241775
0.0241779
0.0241777
0.0241778
0.0241775
0.0241776
0.0241777
0.0241696
0.0241695
0.0241694
0.0241697
0.0241698
0.0241697
0.0241652
0.0241653
0.0241612
0.0241609
0.0241648
0.024165
0.0241786
0.0241786
0.0241788
0.0241782
0.0241784
0.0241784
0.0241785
0.0241785
0.0241782
0.0241784
0.0241784
0.0241782
0.0241775
0.0241776
0.0241773
0.024178
0.0241778
0.0241778
0.0241778
0.0241778
0.024178
0.0241789
0.024179
0.0241791
0.0241787
0.0241788
0.0241788
0.024179
0.0241789
0.0241788
0.0241784
0.0241786
0.0241785
0.0241787
0.0241786
0.0241785
0.024179
0.0241788
0.0241789
0.0241771
0.0241773
0.0241774
0.024177
0.0241772
0.024177
0.0241775
0.0241776
0.0241775
0.0240347
0.0240965
0.0240933
0.0241023
0.0240994
0.0240396
0.0239343
0.023927
0.0237889
0.0238222
0.0239474
0.023941
0.0241751
0.0241751
0.024175
0.0241753
0.0241752
0.0241752
0.0241747
0.0241748
0.0241747
0.0241749
0.0241749
0.0241748
0.0241695
0.0241695
0.0241694
0.0241699
0.02417
0.02417
0.0241701
0.0241701
0.02417
0.024168
0.024168
0.0241677
0.0241678
0.0241681
0.0241681
0.0241649
0.0241656
0.0241656
0.0241656
0.0241656
0.0241649
0.0241649
0.0241655
0.0241654
0.0241655
0.0241655
0.0241649
0.0234415
0.0236543
0.0236114
0.0237308
0.023696
0.0235028
0.0239689
0.0240803
0.0240808
0.0241651
0.0241649
0.0241634
0.02364
0.0237729
0.0237525
0.0241777
0.0241779
0.0241778
0.0241779
0.0241779
0.0241778
0.0241773
0.0241773
0.0241771
0.0241775
0.0241774
0.0241774
0.0241781
0.0241782
0.0241781
0.0241779
0.024178
0.024178
0.0241781
0.0241781
0.0241779
0.0241655
0.0241654
0.0241653
0.0241766
0.0241765
0.0241764
0.0241768
0.0241769
0.0241768
0.0241677
0.0241676
0.0241674
0.0241676
0.0241677
0.0241677
0.0241859
0.024186
0.0241869
0.024186
0.024186
0.0241869
0.024186
0.024186
0.0241869
0.024186
0.024186
0.0241869
0.0241839
0.024184
0.0241849
0.0241842
0.0241842
0.0241851
0.0241821
0.0241822
0.0241831
0.0241825
0.0241825
0.0241834
0.0241815
0.0241815
0.024182
0.0241799
0.02418
0.0241804
0.0241783
0.0241784
0.0241788
0.0241769
0.0241769
0.0241772
0.0241754
0.0241754
0.0241758
0.0241739
0.0241739
0.0241743
0.0241723
0.0241723
0.0241727
0.0241698
0.0241702
0.0241704
0.0241707
0.0241707
0.0241711
0.0241658
0.0241657
0.0241659
0.0241641
0.024164
0.0241645
0.0241618
0.0241619
0.0241627
0.0241646
0.0241646
0.0241654
0.0241601
0.0241601
0.0241609
0.0241587
0.0241619
0.0241633
0.0241581
0.0241581
0.0241589
0.0241579
0.0241562
0.0241568
0.0240583
0.0240104
0.0240005
0.0240668
0.0241258
0.0241358
0.0241661
0.0241663
0.0241664
0.0241773
0.0241771
0.024177
0.0241699
0.02417
0.0241698
0.0241707
0.0241709
0.0241706
0.0241278
0.0241638
0.0241637
0.0234358
0.0233618
0.023648
0.0241657
0.0241658
0.0241658
0.0241483
0.0241237
0.0241246
0.0241682
0.0241683
0.0241681
0.0241696
0.0241694
0.0241693
0.0241631
0.0241633
0.0241596
0.0241676
0.0241677
0.0241676
0.0241683
0.0241682
0.0241681
0.0241789
0.0241791
0.024179
0.0241822
0.0241827
0.0241827
0.0241827
0.0241827
0.0241822
0.0241823
0.0241828
0.0241828
0.0241828
0.0241828
0.0241823
0.02418
0.0241805
0.0241805
0.0241816
0.024181
0.0241811
0.0241805
0.0241805
0.0241802
0.0241803
0.0241806
0.0241805
0.0241812
0.0241811
0.0241807
0.0241784
0.0241784
0.024178
0.0241779
0.0241779
0.0241777
0.0241789
0.0241792
0.0241791
0.0241798
0.0241795
0.0241795
0.0241792
0.0241796
0.0241795
0.0241764
0.0241764
0.024176
0.0241774
0.0241769
0.0241769
0.0241776
0.024178
0.024178
0.0241744
0.0241745
0.024174
0.0241754
0.024175
0.0241749
0.0241769
0.0241768
0.0241766
0.0241772
0.024177
0.0241771
0.0241761
0.0241765
0.0241765
0.0241725
0.0241726
0.0241722
0.0241735
0.0241731
0.024173
0.0241754
0.0241753
0.0241751
0.0241757
0.0241755
0.0241756
0.0241747
0.024175
0.024175
0.0241707
0.0241708
0.0241704
0.0241717
0.0241713
0.0241712
0.0241739
0.0241738
0.0241735
0.0241742
0.024174
0.0241741
0.0241731
0.0241735
0.0241735
0.0241699
0.0241695
0.0241694
0.0241715
0.0241719
0.0241719
0.0241697
0.0241699
0.0241695
0.0241649
0.0241653
0.0241653
0.0241653
0.0241655
0.0241655
0.0241634
0.0241635
0.0241631
0.0241634
0.0241646
0.0241605
0.0241771
0.0241772
0.0241773
0.0241709
0.0241714
0.0241715
0.0241776
0.0241776
0.0241774
0.0241776
0.0241776
0.0241774
0.0241779
0.0241777
0.0241778
0.0241761
0.0241761
0.0241759
0.0241764
0.0241763
0.0241763
0.0241746
0.0241745
0.0241744
0.0241749
0.0241747
0.0241748
0.024173
0.0241729
0.0241727
0.0241733
0.0241731
0.0241732
0.0241709
0.0241712
0.0241714
0.024165
0.0241648
0.0241647
0.024164
0.0241642
0.0241643
0.0240027
0.0236147
0.0235814
0.024148
0.0241599
0.0241605
0.0241662
0.0241647
0.0241641
0.0241759
0.0241758
0.024176
0.0241717
0.0241718
0.0241713
0.0241659
0.0241659
0.024166
0.0241765
0.0241765
0.0241767
0.0241761
0.0241763
0.0241763
0.0241687
0.0241685
0.0241684
0.0241691
0.0241691
0.0241689
0.0241782
0.0241781
0.024178
0.0241784
0.0241783
0.0241783
0.0241696
0.0241695
0.0241696
0.02417
0.02417
0.0241701
0.0241697
0.0241698
0.0241699
0.0241683
0.0241673
0.0241671
0.0241676
0.0241674
0.0241685
0.024167
0.0241668
0.0241679
0.0241638
0.024164
0.0241602
0.0241598
0.0241635
0.0241637
0.0241782
0.0241784
0.0241783
0.0241787
0.0241785
0.0241786
0.0241679
0.0241678
0.0241677
0.024168
0.0241681
0.024168
0.0241792
0.0241793
0.0241795
0.0241786
0.0241787
0.0241788
0.0241801
0.0241804
0.0241803
0.0241806
0.0241806
0.0241803
0.0241785
0.0241783
0.0241782
0.024178
0.0241778
0.0241778
0.0241858
0.0241859
0.0241868
0.024186
0.024186
0.0241869
0.0241843
0.0241843
0.0241852
0.0241826
0.0241826
0.0241835
0.0241803
0.0241803
0.0241813
0.024181
0.024181
0.0241816
0.0241808
0.0241808
0.0241817
0.0241783
0.0241784
0.0241793
0.0241794
0.0241794
0.0241798
0.0241792
0.0241791
0.02418
0.0241764
0.0241764
0.0241774
0.0241775
0.0241775
0.0241783
0.0241745
0.0241745
0.0241755
0.0241759
0.0241758
0.0241767
0.0241727
0.0241727
0.0241736
0.0241743
0.0241742
0.024175
0.0241709
0.0241708
0.0241717
0.0241728
0.0241726
0.0241734
0.0241691
0.024169
0.0241699
0.0241711
0.024171
0.0241718
0.0241673
0.0241673
0.0241681
0.0241695
0.0241693
0.0241702
0.0241689
0.024169
0.0241694
0.0241678
0.0241677
0.0241685
0.024162
0.0241619
0.0241623
0.0239709
0.0238454
0.0238159
0.0241626
0.0241627
0.0241637
0.0241803
0.02418
0.0241801
0.0241686
0.0241689
0.0241684
0.0241678
0.0241676
0.0241676
0.0241826
0.0241825
0.024182
0.0241824
0.0241829
0.0241828
0.0241805
0.0241805
0.02418
0.024182
0.0241816
0.0241816
0.0241808
0.0241812
0.0241812
0.0241794
0.024179
0.024179
0.0241797
0.0241799
0.0241799
0.0241784
0.0241783
0.0241781
0.0241788
0.0241786
0.0241786
0.024169
0.024169
0.0241686
0.0241722
0.0241721
0.0241718
0.0241725
0.0241723
0.0241724
0.0241672
0.0241673
0.0241669
0.0241682
0.0241678
0.0241677
0.0241699
0.0241703
0.0241703
0.0241669
0.0241664
0.0241668
0.0241621
0.0241617
0.0241554
0.0239449
0.0239268
0.024072
0.0241687
0.0241691
0.0241694
0.0241674
0.0241674
0.0241672
0.0241792
0.0241791
0.0241789
0.0240281
0.0235081
0.0197182
0.02402
0.0234723
0.0196388
0.0239053
0.0230654
0.0183864
0.023896
0.0230377
0.0182962
0.0241037
0.023371
0.0165014
0.0241529
0.0240668
0.0235614
0.0241747
0.0241554
0.0228243
0.0241746
0.0241537
0.0227568
0.0241046
0.0233778
0.0165651
0.0239371
0.0227096
0.0148084
0.0241497
0.024055
0.0235173
0.0240489
0.0235999
0.0202392
0.0240519
0.0236134
0.0203169
0.0239817
0.0233262
0.0190655
0.0239799
0.0233212
0.0189918
0.0237853
0.0227202
0.0175453
0.0238039
0.022774
0.0176421
0.0240294
0.0229067
0.0144606
0.0240304
0.0229191
0.0145755
0.0230634
0.02134
0.0147841
0.0241745
0.0241501
0.0238921
0.0241084
0.0238827
0.0220614
0.0241121
0.0239019
0.0222545
0.0241066
0.0238741
0.0219978
0.0240351
0.0235368
0.019946
0.024008
0.0234272
0.0193955
0.0239433
0.0231925
0.0186503
0.0238538
0.0229113
0.0180224
0.0231337
0.021217
0.0144613
0.0241758
0.0241708
0.0235563
0.0240963
0.0233239
0.0163359
0.0240312
0.0229294
0.0146953
0.0240308
0.0229229
0.0146131
0.0193889
0.0149114
0.00540105
0.0241681
0.0239923
0.0199226
0.0241686
0.0240039
0.0201073
0.0241696
0.0240262
0.0203029
0.0241692
0.0240185
0.0201776
0.0241705
0.0240493
0.0205898
0.0241698
0.0240295
0.0203655
0.0241704
0.0240471
0.0205536
0.024168
0.0239901
0.0198895
0.0241669
0.023967
0.0197197
0.0241653
0.0239398
0.0195217
0.0241667
0.0239638
0.0196649
0.0241617
0.0238798
0.0190812
0.0241626
0.0238958
0.0192396
0.0241651
0.0239326
0.0194538
0.024164
0.0239146
0.0193066
0.0241603
0.0238632
0.0190189
0.0241258
0.0235337
0.017325
0.0241092
0.0234122
0.0167518
0.0240311
0.0229284
0.0146991
0.0241133
0.023907
0.0223186
0.0241192
0.0239354
0.0225241
0.0241203
0.0239399
0.022588
0.0240401
0.0235588
0.0200248
0.024063
0.0236642
0.0205415
0.0240025
0.0234062
0.0193139
0.0239485
0.0232059
0.0187368
0.0237339
0.022583
0.017269
0.0238394
0.022869
0.0179284
0.0227656
0.0204905
0.0132198
0.0229413
0.0208268
0.0137719
0.0228128
0.0205799
0.0133566
0.023093
0.0211337
0.0143317
0.0229672
0.0208772
0.0139
0.0219233
0.0189595
0.0107866
0.0213626
0.0180155
0.00937816
0.0212784
0.0178822
0.00919823
0.0192948
0.0147659
0.00522047
0.0189466
0.0142286
0.00467682
0.0240778
0.0237324
0.0209265
0.0240781
0.0237354
0.0209914
0.024029
0.0235124
0.019787
0.024076
0.0237245
0.0208524
0.0240716
0.0237026
0.0207788
0.0240142
0.0234485
0.0195582
0.023917
0.0231031
0.0184756
0.0236678
0.022414
0.016826
0.0236783
0.0224341
0.0169309
0.0238894
0.0230237
0.0182057
0.0236453
0.0223563
0.0167209
0.0236213
0.0222965
0.0166144
0.0240856
0.023257
0.0160614
0.0240878
0.0232708
0.0161244
0.0241032
0.0233654
0.0164499
0.0240833
0.0232434
0.0159984
0.0240811
0.0232299
0.0159356
0.0241548
0.0240729
0.0236045
0.0209278
0.0173077
0.00841984
0.0208357
0.0171636
0.00823424
0.0241748
0.0241571
0.0228904
0.0241753
0.0241648
0.023223
0.0241745
0.0241522
0.0227039
0.0241059
0.0233879
0.016629
0.0240208
0.0228865
0.0148499
0.0241468
0.0240466
0.0234387
0.02409
0.023791
0.0213525
0.0240473
0.0235939
0.0201611
0.024056
0.0236321
0.0203941
0.0239864
0.0233426
0.0191491
0.023967
0.0232708
0.018908
0.0237698
0.0226791
0.0174476
0.023817
0.0228093
0.0177376
0.0235137
0.0220477
0.0160869
0.0209969
0.0174179
0.0085952
0.0211076
0.0176074
0.00886115
0.0241765
0.0241756
0.0239608
0.0241763
0.0241748
0.0238716
0.0240297
0.0229107
0.0144959
0.02403
0.022915
0.0145353
0.0241113
0.0238982
0.0221281
0.0241119
0.0239001
0.0221928
0.0241044
0.0238645
0.0219005
0.024082
0.0237533
0.0211393
0.0240795
0.0237416
0.0210655
0.0240312
0.0235206
0.0198667
0.0240642
0.0236685
0.0206062
0.0240686
0.0236884
0.0207093
0.02401
0.0234321
0.0194769
0.0239312
0.0231513
0.0185635
0.0237059
0.0225061
0.0171308
0.0236915
0.0224665
0.0170346
0.02387
0.0229602
0.0181151
0.023578
0.0221938
0.0163971
0.0235991
0.022243
0.0165064
0.0231951
0.0213407
0.0147161
0.0231747
0.021306
0.0145893
0.0240922
0.0232988
0.0162456
0.02409
0.0232849
0.016187
0.0240993
0.0233417
0.0163899
0.0240764
0.0232024
0.0158137
0.0240787
0.0232159
0.0158733
0.024074
0.0231889
0.0157604
0.0240312
0.0229283
0.0146759
0.024031
0.022926
0.0146477
0.0241587
0.0240852
0.0236744
0.0205228
0.0166607
0.00760779
0.0206469
0.0168688
0.00788408
0.0207408
0.017018
0.00805213
0.024175
0.0241606
0.023032
0.0241749
0.0241583
0.022935
0.0241751
0.024162
0.0230924
0.0241752
0.0241633
0.0231512
0.0241744
0.0241498
0.0226236
0.0241727
0.0241112
0.0215525
0.0241683
0.0239953
0.0199736
0.0241684
0.0239987
0.0200368
0.0241695
0.0240233
0.0202512
0.0241694
0.024021
0.0202155
0.02417
0.0240331
0.020437
0.0241703
0.0240445
0.020509
0.0241678
0.0239878
0.0198573
0.0241671
0.0239717
0.0197886
0.0241664
0.0239586
0.0195892
0.0241666
0.0239616
0.0196332
0.0241619
0.0238823
0.0191129
0.0241621
0.0238861
0.0191723
0.0241649
0.0239292
0.0193994
0.0241647
0.0239271
0.019373
0.0241588
0.0238454
0.0189633
0.0241074
0.0233994
0.0166925
0.0240309
0.0229269
0.0146939
0.0241191
0.0239341
0.0224699
0.0241152
0.0239162
0.0223765
0.0241224
0.0239493
0.0226495
0.0240854
0.0237702
0.0212124
0.0240889
0.023788
0.0212837
0.0240469
0.0235906
0.0201022
0.0240617
0.0236604
0.0204698
0.0239933
0.0233689
0.0192321
0.0239566
0.0232334
0.0188229
0.0237564
0.0226472
0.0173539
0.0238269
0.0228341
0.0178334
0.0235586
0.0221503
0.0162875
0.0235424
0.0221194
0.0161817
0.0234723
0.0219468
0.0159308
0.0227205
0.0204044
0.0130939
0.0229096
0.0207696
0.0136352
0.0228609
0.0206719
0.0134967
0.0230168
0.0209801
0.014089
0.0230538
0.0210547
0.0142052
0.0214403
0.0181396
0.00955619
0.0211923
0.0177461
0.00902299
0.0191864
0.0146094
0.00503092
0.0190696
0.0144349
0.00484721
0.0241768
0.024176
0.0240024
0.0241769
0.0241762
0.0240143
0.024177
0.0241762
0.0240071
0.0240052
0.0227598
0.0140258
0.0240076
0.0227768
0.0141138
0.0241739
0.0241381
0.0222475
0.0241732
0.024122
0.0218135
0.024174
0.0241402
0.0223098
0.024173
0.0241192
0.0217359
0.0241431
0.0236773
0.0179996
0.0241338
0.0235957
0.0175742
0.0241211
0.023493
0.0170712
0.0241334
0.0235912
0.0175224
0.0241206
0.0234883
0.0170219
0.0219911
0.020069
0.0152815
0.0241353
0.0240045
0.0231024
0.0241326
0.0239925
0.023048
0.0216827
0.0185597
0.010122
0.0221924
0.0194335
0.011484
0.0221424
0.0193522
0.0113227
0.021622
0.0184616
0.00997059
0.0215107
0.0182612
0.0097224
0.024176
0.0241723
0.02366
0.0241761
0.024173
0.0237179
0.019937
0.0179775
0.0149466
0.0198642
0.0156455
0.00623058
0.0240432
0.0230076
0.0150528
0.0240429
0.0230062
0.0150384
0.0240409
0.0229877
0.0148859
0.0239996
0.0227177
0.0137988
0.0240151
0.0228319
0.0143965
0.024102
0.0238514
0.0217829
0.023217
0.0213878
0.0148349
0.0232596
0.0214827
0.0150087
0.0233645
0.0217151
0.0153514
0.0201362
0.0157788
0.00634505
0.0241755
0.0241678
0.0233761
0.0240661
0.0231402
0.0155525
0.0241654
0.0241086
0.0237757
0.0241615
0.0240961
0.0237118
0.0202642
0.0162706
0.00704914
0.0197486
0.0154751
0.00603864
0.0201727
0.0161282
0.00687877
0.0200664
0.0159553
0.00660132
0.0241754
0.0241658
0.0232738
0.0241735
0.0241287
0.0219798
0.0241736
0.0241311
0.0220469
0.0241743
0.0241479
0.0225558
0.0241742
0.024146
0.0224922
0.0241393
0.0236437
0.0178362
0.0241371
0.0236264
0.0177706
0.0241241
0.02352
0.017265
0.0241126
0.0234357
0.0168431
0.0240554
0.0230773
0.0152567
0.0240633
0.0231235
0.0154905
0.0240579
0.0230911
0.015309
0.0240392
0.0229772
0.014829
0.0240001
0.0227255
0.0138539
0.0240182
0.0228584
0.014562
0.0241406
0.0240246
0.0232883
0.0241415
0.0240264
0.0233399
0.0240955
0.023818
0.021513
0.0240989
0.0238354
0.0217136
0.0240922
0.0238026
0.021414
0.0234501
0.021893
0.015823
0.0233868
0.021758
0.0154699
0.02187
0.0188652
0.0106279
0.0206033
0.0166788
0.00776226
0.024028
0.0228888
0.0143469
0.0240027
0.0227404
0.0139198
0.0240099
0.0227933
0.0141948
0.0189843
0.0141383
0.00422362
0.0189156
0.0140599
0.00414834
0.019101
0.0142629
0.00433385
0.0192642
0.0144434
0.00449414
0.0241737
0.0241352
0.0221672
0.0240198
0.0228252
0.0140185
0.0240239
0.0228458
0.0140707
0.0241733
0.0241243
0.0218731
0.0241741
0.0241425
0.0223888
0.0241729
0.0241166
0.0216698
0.0241723
0.0240982
0.0212989
0.0241724
0.0241009
0.0213602
0.0241712
0.02407
0.0208609
0.0241714
0.0240723
0.0208988
0.0241722
0.0240958
0.021249
0.0241721
0.0240937
0.0212154
0.024171
0.024059
0.0207881
0.0241709
0.0240559
0.0207215
0.0241436
0.0236863
0.0180924
0.0241448
0.0236975
0.0181481
0.0241523
0.0237681
0.0185089
0.024152
0.0237637
0.018448
0.0241529
0.0237768
0.0185755
0.0241542
0.0237901
0.0186421
0.0241428
0.0236737
0.0179531
0.0241343
0.0236021
0.0176396
0.0241216
0.0234987
0.0171358
0.024133
0.0235864
0.0174718
0.0241192
0.0234779
0.0169585
0.0240005
0.0227306
0.0138939
0.0240136
0.0227951
0.0139717
0.0241354
0.0240053
0.0231519
0.0241366
0.0240096
0.0232037
0.0241302
0.0239832
0.0229592
0.0226265
0.0202211
0.0127499
0.0226594
0.0202835
0.0128885
0.021747
0.0186638
0.0102876
0.0225914
0.0201639
0.0126021
0.0225329
0.0200529
0.0124529
0.0222401
0.0195144
0.0116444
0.0220833
0.0192523
0.011167
0.0217367
0.0193679
0.013367
0.024029
0.0229
0.014399
0.0240265
0.0228706
0.0142352
0.0240273
0.0228794
0.0142912
0.0241765
0.0241655
0.0239396
0.0241722
0.0241362
0.0238649
0.0241682
0.0241203
0.0238088
0.0199717
0.0158036
0.00642164
0.0240475
0.0230329
0.0151133
0.0240509
0.0230523
0.0151697
0.0240424
0.0230016
0.0149973
0.0240418
0.0229956
0.0149456
0.0239995
0.0227134
0.0137453
0.0240123
0.0228108
0.0142811
0.0241043
0.0238628
0.0218484
0.0232916
0.0215522
0.0151157
0.0233264
0.0216278
0.0152324
0.0189416
0.0141601
0.00446323
0.0189334
0.0141159
0.00432217
0.0197549
0.01514
0.00542482
0.0241756
0.0241688
0.0234338
0.0241757
0.0241699
0.0235017
0.0240685
0.0231551
0.015614
0.0240706
0.0231677
0.0156715
0.0240257
0.0228617
0.0141795
0.0240248
0.0228533
0.014124
0.0203574
0.0164094
0.00723512
0.0204461
0.0165407
0.00742637
0.0195205
0.0151303
0.00568149
0.019632
0.015303
0.00585266
0.0241734
0.0241264
0.0219205
0.0241737
0.0241335
0.0221228
0.0241742
0.0241442
0.0224371
0.0241728
0.0241143
0.0216158
0.0241726
0.0241091
0.0215025
0.0241725
0.0241038
0.021429
0.0241716
0.0240775
0.0210007
0.0241715
0.0240747
0.0209435
0.0241717
0.0240805
0.0210667
0.0241719
0.0240837
0.0211401
0.0241707
0.0240516
0.0206338
0.0241488
0.0237328
0.0182763
0.0241465
0.0237123
0.0182108
0.0241513
0.0237552
0.0183417
0.0241517
0.0237606
0.0184073
0.0241576
0.0238267
0.0188129
0.0241578
0.0238305
0.0188706
0.0241574
0.0238238
0.0187748
0.0241562
0.0238104
0.0187084
0.0241425
0.0236694
0.0179013
0.0241355
0.0236127
0.0177051
0.0241226
0.0235083
0.0172006
0.0241295
0.0235607
0.0174171
0.0241155
0.0234536
0.0168977
0.024062
0.0231151
0.0154287
0.0240601
0.0231036
0.0153674
0.0240366
0.0229623
0.0147782
0.0239997
0.0227231
0.0138426
0.0240198
0.0228718
0.0146521
0.0241437
0.0240343
0.0233921
0.0241276
0.0239705
0.0228529
0.02413
0.0239823
0.0229106
0.0241261
0.0239645
0.0227952
0.024125
0.0239626
0.0227041
0.0240957
0.0238202
0.0215727
0.0240968
0.0238254
0.021643
0.0234279
0.0218428
0.0157068
0.0234064
0.0217967
0.0155887
0.0218109
0.0187681
0.0104584
0.0224166
0.019843
0.0121541
0.0224746
0.0199468
0.0123018
0.0222838
0.0195947
0.0117946
0.0223606
0.0197406
0.0120178
0.0220154
0.0191299
0.0110233
0.0211523
0.0178991
0.00996821
0.024177
0.0241761
0.0239837
)
;

boundaryField
{
    topAndBottom
    {
        type            zeroGradient;
    }
    inlet
    {
        type            fixedValue;
        value           uniform 0;
    }
    outlet
    {
        type            zeroGradient;
    }
    wing
    {
        type            calculated;
        value           uniform -0.00579175;
    }
    front
    {
        type            empty;
    }
    back
    {
        type            empty;
    }
}


// ************************************************************************* //
