/*--------------------------------*- C++ -*----------------------------------*\
| =========                 |                                                 |
| \\      /  F ield         | OpenFOAM: The Open Source CFD Toolbox           |
|  \\    /   O peration     | Version:  5.x                                   |
|   \\  /    A nd           | Web:      www.OpenFOAM.org                      |
|    \\/     M anipulation  |                                                 |
\*---------------------------------------------------------------------------*/
FoamFile
{
    version     2.0;
    format      ascii;
    class       volScalarField;
    location    "2287";
    object      p_rgh;
}
// * * * * * * * * * * * * * * * * * * * * * * * * * * * * * * * * * * * * * //

dimensions      [0 2 -2 0 0 0 0];

internalField   nonuniform List<scalar> 
6584
(
11.7705
12.0306
12.25
12.4478
12.5443
12.4562
12.0702
11.2248
9.75883
7.38206
4.15618
0.124087
-4.35846
-8.72134
-12.4765
-15.3977
-17.4411
-18.7597
-19.5439
-19.9459
-20.1078
-20.1225
-20.0792
-20.0017
11.7146
12.0301
12.273
12.5131
12.6621
12.6437
12.3477
11.6009
10.2366
7.76728
4.47154
0.261981
-4.46721
-9.02641
-12.8497
-15.879
-17.8414
-19.0627
-19.7593
-20.0839
-20.189
-20.1582
-20.0878
-19.9783
11.5971
12.012
12.3339
12.6921
12.995
13.1867
13.1707
12.7891
11.8804
10.0164
6.81319
2.34753
-3.15863
-8.67999
-13.2274
-17.4041
-19.1936
-20.0497
-20.4537
-20.5311
-20.4533
-20.2824
-20.1209
-19.929
11.4301
11.971
12.4008
12.919
13.4347
13.9218
14.2978
14.4449
14.0056
12.3536
9.43842
4.12878
-3.1735
-10.4099
-15.6674
-18.6835
-20.9937
-21.4915
-21.4366
-21.1379
-20.7983
-20.4281
-20.138
-19.8262
11.197
11.8833
12.4368
13.14
13.9073
14.7586
15.6763
16.5203
16.368
16.0926
13.8589
7.1425
-3.60868
-13.9241
-20.2344
-22.7006
-23.2688
-23.2422
-22.6781
-21.8388
-21.1636
-20.5446
-20.0992
-19.6345
10.8813
11.7201
12.3974
13.2888
14.3095
15.5489
16.9817
17.7849
20.0263
21.7851
21.0566
15.8087
-1.79402
-19.851
-27.9737
-28.4587
-26.9957
-25.2007
-23.9204
-22.4925
-21.4585
-20.5695
-19.9585
-19.3186
10.4724
11.4541
12.2367
13.2911
14.5323
16.1128
18.1357
19.6685
23.2469
28.0722
32.3551
32.9617
-1.16119
-40.8732
-40.2876
-35.8044
-30.9323
-27.0426
-24.9418
-22.9581
-21.581
-20.4337
-19.6687
-18.8476
9.96625
11.0646
11.9149
13.0718
14.4367
16.1889
18.4634
20.6186
25.0639
31.8047
41.8123
63.3513
-89.4025
-56.645
-42.4339
-34.2898
-28.3166
-25.4807
-23.0764
-21.4279
-20.074
-19.1891
-18.201
9.36814
10.5441
11.4143
12.5978
13.9653
15.698
17.8866
20.2838
24.4232
30.3812
39.2487
53.3558
-109.158
-65.2501
-45.3796
-35.7538
-28.5674
-25.2816
-22.7039
-20.9173
-19.446
-18.4955
-17.3744
8.69364
9.90283
10.746
11.8845
13.1463
14.6947
16.5377
18.7636
21.7713
25.3209
29.4607
30.713
-91.4241
-61.1466
-43.246
-34.6064
-27.5306
-24.2378
-21.776
-20.017
-18.5377
-17.5859
-16.3807
7.96543
9.16533
9.94451
10.9846
12.0703
13.3403
14.72
16.5389
18.3067
19.7523
20.7449
17.7677
-64.4024
-49.494
-37.4015
-31.2291
-25.329
-22.4511
-20.3467
-18.7595
-17.3778
-16.4852
-15.2509
7.20949
8.36456
9.05641
9.96807
10.8499
11.8173
12.7445
14.0931
14.8985
15.0995
14.967
13.0819
-40.5738
-36.2455
-30.0258
-26.5827
-22.3603
-20.157
-18.5511
-17.2355
-16.0226
-15.2396
-14.0284
6.45168
7.53579
8.13057
8.90417
9.58585
10.2684
10.816
11.7156
11.8817
11.359
10.6287
9.00937
-24.6594
-24.7669
-22.7737
-21.6026
-19.079
-17.6345
-16.5537
-15.5596
-14.5555
-13.9054
-12.7606
5.71409
6.71095
7.20985
7.85124
8.35907
8.80709
9.09521
9.05614
9.42783
8.39512
7.24574
3.85135
-8.66569
-12.7983
-15.741
-16.4829
-16.9289
-15.843
-15.1146
-14.5069
-13.8352
-13.0514
-12.5401
-11.4945
5.01383
5.9154
6.32625
6.85007
7.21665
7.49281
7.58891
7.45666
7.46712
6.31153
4.93997
2.02633
-1.75648
-5.16041
-9.39666
-11.7184
-12.4635
-12.9368
-12.7991
-12.5531
-12.1595
-11.5744
-11.1976
-10.2643
4.36259
5.16714
5.50061
5.92364
6.17714
6.32495
6.2735
5.98205
5.86629
4.88483
3.41805
2.10188
0.457591
-2.50352
-5.68065
-8.34409
-9.88701
-10.4595
-10.7329
-10.7495
-10.5909
-10.1857
-9.92702
-9.11535
3.7674
4.47777
4.74575
5.08569
5.25441
5.31527
5.18849
4.83684
4.22446
3.95582
2.81347
1.61009
1.02879
-0.813223
-3.90359
-6.01385
-7.5426
-8.3876
-8.95074
-9.14809
-9.15974
-8.89724
-8.73942
-8.05038
3.23125
3.85334
4.06765
4.3412
4.45028
4.45959
4.30611
3.98071
3.45421
2.74558
2.38499
1.4489
0.553591
-1.56114
-3.01389
-4.76058
-5.97473
-6.87883
-7.49671
-7.78053
-7.89986
-7.74255
-7.66046
-7.08306
2.75403
3.2952
3.46611
3.68672
3.75379
3.73158
3.56768
3.26616
2.80631
2.19462
1.42413
0.636327
-0.704601
-1.75805
-2.00354
-3.98966
-4.86404
-5.71948
-6.30476
-6.6254
-6.8056
-6.72377
-6.69626
-6.22069
2.33339
2.80155
2.9376
3.11588
3.15381
3.11336
2.95094
2.67685
2.28059
1.77544
1.19783
0.579514
0.253456
-0.951074
-1.50993
-3.14484
-3.9367
-4.75982
-5.31039
-5.64737
-5.85946
-5.83201
-5.84331
-5.45877
1.96569
2.36878
2.47702
2.62139
2.63947
2.58957
2.43521
2.18838
1.84465
1.40416
0.918891
0.291648
-0.074829
-1.05067
-1.40986
-2.61404
-3.27346
-4.00014
-4.49532
-4.82552
-5.04753
-5.0576
-5.09488
-4.78985
1.64651
1.99215
2.0782
2.19528
2.19999
2.14602
2.00257
1.78041
1.48021
1.08835
0.669821
0.0932656
-0.291095
-1.05656
-1.33585
-2.23885
-2.78072
-3.39583
-3.82817
-4.13605
-4.35337
-4.38817
-4.44161
-4.20501
1.37112
1.66642
1.73481
1.82984
1.82573
1.77115
1.64017
1.44134
1.18062
0.836522
0.480175
-0.0147249
-0.354998
-0.971928
-1.24797
-1.93361
-2.38665
-2.90176
-3.27539
-3.55452
-3.75921
-3.80979
-3.87224
-3.69386
1.13476
1.38627
1.44063
1.51782
1.50822
1.4553
1.33746
1.16102
0.93538
0.635798
0.33084
-0.0911281
-0.394786
-0.894131
-1.16447
-1.68439
-2.06436
-2.49212
-2.81256
-3.0608
-3.24892
-3.30913
-3.37565
-3.24625
0.93287
1.14644
1.18969
1.25249
1.23979
1.19
1.08523
0.929941
0.735052
0.475984
0.213898
-0.143677
-0.41462
-0.818951
-1.0764
-1.47567
-1.79417
-2.14758
-2.4208
-2.63849
-2.80827
-2.8736
-2.94077
-2.85208
0.761128
0.942038
0.976482
1.02767
1.0136
0.96792
0.875793
0.740334
0.572707
0.350414
0.125418
-0.175902
-0.415145
-0.742336
-0.98057
-1.29358
-1.56028
-1.85222
-2.08454
-2.27369
-2.42488
-2.49209
-2.55748
-2.50206
0.615552
0.768453
0.795962
0.837817
0.823606
0.782615
0.702553
0.585635
0.44241
0.253299
0.0611888
-0.191014
-0.401906
-0.669171
-0.88286
-1.13126
-1.35219
-1.59341
-1.79103
-1.95498
-2.08886
-2.15599
-2.21816
-2.18906
0.49256
0.621515
0.643571
0.677941
0.664438
0.628443
0.559788
0.460139
0.33895
0.180006
0.0176961
-0.190327
-0.371626
-0.591046
-0.77999
-0.982091
-1.1647
-1.36388
-1.53134
-1.6725
-1.78995
-1.85526
-1.91323
-1.90485
0.38895
0.497439
0.515159
0.543539
0.531327
0.500461
0.442498
0.358833
0.257678
0.12601
-0.0092973
-0.179011
-0.331632
-0.510184
-0.673027
-0.840241
-0.991349
-1.15621
-1.29803
-1.41916
-1.52133
-1.58342
-1.63637
-1.64318
0.301889
0.392861
0.407106
0.430639
0.420031
0.394225
0.346226
0.277359
0.194465
0.0874496
-0.0229944
-0.159004
-0.284205
-0.427368
-0.563791
-0.702784
-0.827819
-0.964559
-1.08492
-1.18878
-1.27704
-1.33471
-1.38194
-1.39896
0.228918
0.304746
0.316084
0.335601
0.326769
0.305815
0.2671
0.211818
0.145642
0.0610444
-0.0262146
-0.131889
-0.230505
-0.342023
-0.452559
-0.567698
-0.671466
-0.78534
-0.887822
-0.976814
-1.05223
-1.10438
-1.14528
-1.16793
0.168016
0.230488
0.23924
0.255242
0.248065
0.231702
0.201423
0.158587
0.10782
0.0437785
-0.0214719
-0.0988788
-0.170581
-0.251556
-0.336048
-0.429986
-0.517407
-0.614195
-0.703036
-0.779837
-0.843597
-0.889046
-0.922823
-0.946803
0.117206
0.167522
0.173793
0.186627
0.180881
0.168725
0.146137
0.114622
0.0779431
0.0325678
-0.0121422
-0.0634776
-0.10883
-0.160491
-0.219694
-0.294837
-0.369744
-0.453227
-0.530442
-0.595738
-0.647683
-0.684765
-0.710606
-0.732113
0.0761008
0.114424
0.117873
0.127021
0.122166
0.113346
0.097473
0.0760829
0.0522652
0.0243227
0.000312341
-0.0228724
-0.0342259
-0.0449424
-0.0689876
-0.125332
-0.19922
-0.286035
-0.365091
-0.426163
-0.468063
-0.494309
-0.509575
-0.523698
0.0404333
0.0665036
0.0676268
0.0734838
0.0701556
0.064981
0.055622
0.0434188
0.0305288
0.0162317
0.00643306
-5.94126e-05
0.00506044
0.0125286
0.00441092
-0.0374022
-0.0970012
-0.162952
-0.219222
-0.259381
-0.284102
-0.298322
-0.305496
-0.313062
0.0210962
0.0314761
0.0270182
0.0246792
0.0180947
0.0124143
0.00660223
0.00126012
-0.00189234
-0.00038258
0.0156883
0.0611365
0.1737
0.351154
0.484585
0.460265
0.290199
0.0749079
-0.089635
-0.170085
-0.183053
-0.163008
-0.136084
-0.117393
56.304
-118.505
-97.1618
33.1684
-99.2628
-117.466
18.7546
-69.7659
-95.9013
13.4791
-43.5011
-66.0447
9.63595
-25.9875
-40.81
4.23975
-6.43428
-12.1225
-13.7708
-24.3844
60.9712
6.14856
-88.5716
-38.7082
41.0306
53.9786
59.122
-173.184
-142.55
-109.807
-71.7569
-62.2365
32.0372
33.3986
51.3958
44.3361
44.6422
60.4955
-131.355
-151.121
-94.41
-69.1986
-72.5
22.6236
19.6086
31.1355
24.4155
19.3715
28.3029
-93.8303
-111.991
-67.835
-56.2775
-66.553
16.2045
13.8859
18.6121
15.4716
12.6447
14.1665
-56.0219
-72.4619
-43.0369
-40.8017
-52.3634
-32.6384
-41.7742
-26.3284
-27.5529
-37.155
-19.5784
-24.5086
2.05534
-1.88962
-6.14775
1.52181
-6.00858
-12.4124
62.9543
80.3806
63.3069
83.4107
63.7632
86.8612
86.0629
-152.578
-168.28
-117.152
-161.943
-149.001
29.9053
42.6279
41.3772
43.0148
28.8603
61.2356
43.9614
-112.818
-130.089
-108.475
-128.866
-112.08
-148.287
-130.122
-111.189
14.5051
18.5158
22.7332
18.0421
13.7419
28.2327
18.2296
-73.5818
-92.5126
-81.2687
-91.9912
-73.3097
-111.094
-93.2861
-85.0794
12.0754
11.9356
13.7474
12.1526
-42.4429
-55.0155
-52.2251
-55.03
-42.8116
-72.1728
-55.9636
-55.4794
11.3355
9.18976
11.9345
11.5
-25.2697
-31.5803
-41.4091
-32.6692
-33.6264
4.64335
0.313906
8.81633
5.1398
-11.7591
-18.7807
64.7039
82.6623
82.1699
-236.823
-199.189
11.6404
9.8437
13.4413
11.7971
11.4484
12.0842
-22.4244
-24.7335
-15.4819
-17.137
-24.7033
108.478
117.088
-132.728
-162.72
-114.553
12.1123
12.5344
14.9042
10.6815
11.2763
11.0119
9.37907
11.3837
11.8982
-25.1324
-28.116
-31.5291
-31.5881
-25.3331
9.1314
7.44055
-24.5534
-20.5322
-19.7469
3.1198
48.058
83.1628
-131.128
-57.2886
-3.35514
-234.831
-169.123
-222.871
-186.683
-225.488
-166.314
-141.463
-141.671
-102.579
-103.781
-63.2281
-63.9784
-36.0553
-32.4677
-35.9617
-20.1489
-22.1262
-24.7384
-22.4535
-22.3609
94.7864
74.9955
78.3397
93.5608
76.5649
72.1258
95.9629
111.441
91.5993
115.75
97.2174
-161.569
-164.081
35.9812
35.2118
52.8425
51.7069
-120.616
-121.88
-121.089
-114.06
-119.67
-106.251
-112.062
-119.874
-140.197
-128.744
-133.363
-121.552
-127.008
-139.421
15.4686
15.4053
22.6759
22.256
-82.5673
-83.6792
-83.2264
-80.4505
-87.195
-71.5963
-78.1777
-82.0631
-103.104
-98.1504
-104.237
-89.462
-96.0051
-101.916
10.7109
11.9308
10.7698
10.4017
11.3795
10.8199
11.932
12.6818
10.4978
12.5164
-47.9818
-48.7367
-63.9965
-63.3274
-69.5202
-55.7495
-61.3719
-63.1058
12.0231
11.2409
11.8642
11.8572
11.4627
11.9606
11.8946
11.8096
11.9494
12.0559
-27.7051
-27.9729
-25.1213
-31.9761
-28.2741
-28.6343
-28.1709
3.61145
-0.116456
-5.49275
7.18885
4.78171
-26.521
-17.4778
-19.8006
-283.597
7.8741
5.51766
9.26236
6.94304
5.75698
8.53328
-3.98179
-7.3122
-11.7801
117.641
9.09136
11.2755
11.3262
10.3087
9.27455
-7.23653
-1.25724
-3.10558
9.23191
8.36332
-12.32
-16.3168
-8.93511
6.91154
59.5339
105.932
-184.231
-88.1702
-26.8509
51.0383
50.0732
44.5979
-135.39
-156.566
-147.161
22.6021
25.1896
21.8222
30.2546
26.0901
23.886
-97.6516
-108.35
-59.2597
-69.0449
-20.556
-21.0549
-21.659
-22.2021
-20.1358
-0.177666
-0.347055
-3.08151
92.1411
113.082
107.276
-156.748
-163.068
-158.682
-158.882
-139.95
-137.129
-134.856
-139.009
-156.859
35.0553
36.1991
31.454
42.8438
37.6753
36.8675
39.8797
39.2129
42.443
27.7174
30.2802
31.6123
43.5783
46.939
47.2385
-116.314
-127.83
-126.299
-122.557
-125.314
-109.53
-112.351
-115.475
21.222
18.6848
16.4163
16.704
15.2558
15.9663
25.6008
24.1021
26.809
16.3952
17.7061
19.9004
-76.4852
-88.7212
-88.2239
-86.5964
-90.0483
-73.0555
-75.3096
-76.3188
-107.647
-105.272
-108.154
-91.4652
-94.8257
-97.0531
-44.7653
-44.8834
-42.5259
-54.9216
-52.7761
-52.5138
-49.196
-48.8825
-53.9443
-42.7205
-47.2516
-47.5526
10.62
10.9257
11.9046
9.41587
10.711
10.3099
3.95567
0.914413
7.41081
7.46081
8.93875
6.70477
4.8642
-19.7458
-20.3399
-235.63
-254.656
-228.742
-22.3664
-23.4248
-23.5088
-22.3938
-23.7852
-23.7623
118.454
137.163
121.151
139.56
119.297
10.7204
11.2515
11.861
10.6875
10.3595
10.6218
11.4673
9.54974
10.3173
10.1029
11.7274
11.8661
-26.1693
-26.6482
8.36339
8.42937
9.36944
8.2105
7.87415
-217.884
-195.965
-196.901
-190.995
-194.792
-214.042
-136.823
-145.549
-98.9477
-107.375
-60.2732
-67.9026
-34.2581
-34.4615
-36.4343
-32.3236
-33.9835
-33.9059
-39.7013
-41.9929
-37.0815
-38.8695
-20.9588
-21.0678
-20.4748
-22.3611
-21.3931
-21.2475
-21.5339
-22.2461
84.5911
82.1756
76.8383
89.878
84.0682
86.7366
68.5937
63.9831
75.1107
70.1939
103.017
95.3911
91.8835
107.726
104.754
-170.604
-165.231
-159.174
-173.398
-183.533
-189.202
-175.35
-180.544
-165.843
-177.875
-172.81
35.1034
38.1357
39.0078
37.9537
34.8282
42.1993
39.0594
29.8141
27.4294
33.9843
30.9435
32.3198
31.2858
34.1979
56.7739
52.8441
62.4843
58.2615
46.8083
43.4087
51.5845
47.8938
48.2652
48.0527
51.6555
-117.608
-125.204
-118.014
-121.025
-124.833
-116.65
-113.737
-116.575
14.1075
14.9366
16.5922
14.3112
13.5528
15.1721
14.5629
12.3378
12.2057
13.3615
12.5779
20.8696
23.333
25.0681
22.9037
20.1921
26.4672
23.6219
17.0194
15.7895
19.6492
17.5725
20.2019
18.2684
20.221
-78.9194
-87.3196
-81.7385
-85.2284
-86.8987
-77.8315
-76.6272
-80.4326
-100.87
-103.878
-106.587
-98.3234
-96.2635
-99.449
10.7835
10.8198
11.3075
11.3219
11.2091
11.2605
10.3308
11.3056
11.5685
11.5515
11.3965
11.481
11.1041
11.6705
11.4616
12.2299
11.743
10.5937
11.2736
11.2107
11.3985
11.3156
10.6388
-48.3376
-45.8118
-45.5637
-45.875
-47.9853
-42.7323
-45.0869
-48.5621
-51.5709
-51.9451
-48.5219
11.8264
12.1964
12.7388
11.7346
12.0732
11.7326
12.1579
12.1298
12.6283
12.1808
-30.4299
-30.3004
-31.759
-28.206
-29.8042
-29.9029
-29.891
-30.3035
-0.0739271
-2.72439
7.83615
7.08639
-19.4876
-19.5579
-82.4281
-57.1759
-41.3839
-18.2647
-18.275
-13.7319
-1.82603
66.3997
108.418
-249.645
-126.395
-43.9093
-62.4895
-62.2793
-123.044
57.7227
52.1292
53.2997
-132.618
-133.611
-132.404
-95.2573
-110.715
16.2573
14.9358
13.3267
-72.6664
-71.527
-71.3295
-41.8837
-39.6474
-39.5706
70.591
65.2453
60.0856
63.7898
68.2507
66.4986
-184.466
-179.732
-168.31
57.5255
58.1356
62.3275
-113.915
-131.362
-130.403
-128.939
-111.211
-112.271
-113.171
-127.295
-129.653
-133.907
15.8589
18.3162
16.4659
12.6076
12.9394
14.4621
-74.8377
-74.674
-73.6332
-91.2089
-90.7126
-90.1339
-91.3778
-109.939
-109.063
-110.153
-92.6516
-93.9153
-94.6159
13.1139
12.1035
12.5237
-68.7678
-68.6763
-71.0313
-37.3823
-37.4647
-41.4206
4.20594
2.86863
4.75269
6.92075
6.96051
6.7098
5.54518
-19.5083
-17.1191
-16.442
-237.011
-255.133
10.653
11.3114
11.2346
11.143
11.4816
11.429
11.3763
11.8437
11.7911
11.9146
-27.9316
-27.5733
-27.6514
7.7611
8.23898
8.13786
-92.5581
-92.2512
-174.91
-235.065
-222.646
-215.618
-214.611
-200.333
-203.22
-196.598
-183.775
-220.221
-143.222
-140.429
-139.86
-142.737
-144.167
-142.487
-101.697
-104.988
-63.6156
-62.5646
-62.3194
-65.2955
-66.0854
-63.9891
-35.9152
-36.4819
-32.3727
-32.9815
-32.9679
-37.0054
-37.5386
-38.8901
-38.8814
-37.095
92.3653
80.4919
79.9175
77.8757
92.369
90.2164
91.065
65.9086
64.2226
75.9319
73.844
75.2909
102.785
97.7974
105.359
113.257
115.91
117.073
99.9373
-198.5
-198.253
52.8897
56.7649
56.3737
62.6315
61.3012
-119.519
-123.155
-136.361
-138.435
-143.686
-135.326
-132.11
-134.463
14.4874
13.1503
13.8844
-81.3851
-84.8132
-102.331
-103.469
-104.282
-100.875
-100.053
-101.149
10.7032
10.6866
10.9437
10.9834
10.6491
10.6192
10.2509
11.7937
12.0364
12.8857
10.8968
10.7919
11.7761
11.3992
10.5676
10.6817
10.6741
10.6379
10.4899
-64.1141
-66.352
-67.5953
-60.1416
-60.2137
-62.1367
11.8146
11.8241
11.8403
11.6429
11.7423
11.7246
-26.6375
-26.8355
-27.7763
-25.2907
-26.0318
-26.2168
-31.039
-31.1483
-31.7461
-29.0176
-28.1661
-31.0554
-4.10736
-4.14608
-4.74823
8.36362
6.29865
6.73797
7.62181
4.6799
6.36178
5.63216
-23.391
-19.9536
-20.2423
-19.5653
-18.3554
136.966
134.989
145.58
9.92297
9.57462
-3.65554
-5.09301
-7.20134
8.74743
8.8794
9.42078
8.45302
8.63717
8.51351
-13.826
-14.7329
-16.4562
-138.393
-130.589
-223.719
-136.421
-134.941
-133.987
-156.761
-154.711
-154.147
-150.155
-151.52
-96.5525
-109.479
-58.7381
-59.5635
-56.71
-57.7359
-70.1676
-70.3442
-69.2314
-20.7886
-20.7538
-20.576
-20.9782
-20.9425
-21.05
-161.486
-159.932
-161.802
-156.377
-158.097
-159.966
-115.031
-127.367
-128.927
-129.028
-114.292
-113.382
-114.487
-76.6513
-75.6751
-76.0208
-90.1457
-87.6544
-88.9113
-89.538
-106.834
-107.921
-108.765
-95.8781
-95.1668
-96.3543
-54.2741
-54.6416
-54.8736
-52.7984
-53.7281
-53.4903
1.47098
-0.0260836
7.71436
7.18426
6.22044
6.65101
7.12104
-20.0468
-19.9018
-19.8569
-20.1407
-20.0876
-20.4277
-20.3342
-20.1152
-248.186
-250.488
-235.363
-270.654
-269.864
-246.428
-233.112
-262.896
-256.653
-284.78
-23.2128
-23.1502
-23.5027
-22.4291
-22.7882
-22.9473
-24.2323
-24.2548
-24.8922
-23.8507
-24.2229
-24.0844
129.757
129.026
130.468
127.659
124.788
128.452
130.224
10.5936
11.0443
11.1657
11.2253
11.4601
11.0661
11.3427
11.0836
11.2153
11.5314
11.4638
11.5856
11.9929
12.0243
12.1366
12.0154
12.0786
11.6219
-26.0704
-26.0262
-25.8885
-25.8691
-26.0679
-25.2044
-25.5422
-27.1507
-27.1828
-26.8144
8.06325
8.07617
8.26325
7.78396
7.90904
7.94408
-210.235
-212.987
-220.754
-215.757
-206.855
-206.581
-145.172
-138.198
-138.816
-137.801
-147.195
-148.841
-144.401
-145.828
-100.321
-106.309
-62.3288
-63.2411
-60.492
-61.4201
-61.2904
-61.4627
-60.4475
-68.22
-67.1286
-66.6158
-64.1243
-34.239
-35.356
-33.4271
-33.575
-34.1587
-40.5104
-40.5553
-39.8713
-41.7864
-41.2011
-41.2529
-37.6422
-37.8329
-37.1835
-39.2015
-37.9346
-38.0759
-37.944
-22.0333
-21.96
-22.2236
-21.7436
-21.996
90.6961
83.9285
81.9344
82.5711
88.4346
88.3431
86.0601
69.0844
67.5285
64.1219
65.7141
65.5058
72.4946
70.6175
109.977
112.82
110.445
123.127
101.572
104.978
106.908
-168.113
-166.434
-167.943
-163.994
-166.202
-168.766
-172.517
-171.194
-185.856
-188.972
-187.309
-192.723
-192.778
-188.808
-177.611
-184.645
-184.731
-180.66
36.8174
35.6659
41.139
41.0649
41.9584
40.1786
39.7384
29.0605
28.3058
33.0378
32.0188
55.3352
55.2117
56.7151
52.8402
54.0311
54.0741
61.0614
61.1222
62.5716
57.852
59.6203
59.6422
59.9305
58.7547
45.6983
45.638
46.7378
43.2707
44.467
44.5599
50.3321
50.2591
51.5467
47.7443
48.7902
49.0271
-118.399
-123.943
13.9954
13.5282
13.9865
13.1587
13.2546
13.7367
14.8449
14.3267
14.763
14.8141
12.2272
11.6755
11.7533
11.6281
11.6804
12.2142
13.1263
12.7581
13.0072
12.0658
12.4575
12.8677
22.0589
21.1258
25.4425
24.3342
16.6938
16.2771
19.0718
18.4088
-80.1231
-86.0399
-105.501
-104.65
-105.732
-97.6042
-98.8264
-99.611
10.6882
10.9951
10.9376
10.6223
10.2
10.6668
10.8085
10.9127
10.9443
11.6
11.2003
11.2195
12.0397
11.5052
11.771
11.2535
11.386
11.8848
11.1587
10.8948
10.6074
10.6437
10.5923
10.3552
10.7345
-47.5134
-47.3644
-48.0928
-45.6922
-46.5451
-46.6656
-46.6181
-47.2954
-42.8708
-42.8924
-42.4078
-44.308
-51.0431
-50.7763
-51.8349
-48.6655
-49.6954
-50.1508
12.3741
12.2547
12.1671
12.3954
12.3519
12.5819
12.2642
11.9952
11.6549
12.1169
12.0573
12
12.4374
12.1188
12.1412
12.0691
12.1288
12.6062
12.3073
12.3096
12.2071
12.6615
12.7458
-30.3489
-30.7962
-30.9569
-29.4424
-30.7382
-1.49619
-2.99716
7.80156
8.214
7.78454
7.45084
7.68648
7.44773
8.24551
8.16008
-20.2387
-20.0675
17.2538
15.5125
10.9813
13.583
2.71418
2.12383
-1.45166
-14.4524
-9.21001
-17.2305
-21.2738
-17.7453
24.8832
28.892
22.1707
29.4145
29.59
17.9979
27.3849
5.5061
3.38664
-0.10589
-29.8099
-16.6513
-33.7768
-36.7382
-26.4514
-36.687
-33.1276
-28.724
30.4845
37.2454
30.9502
40.3707
57.3578
35.0939
45.2048
43.4768
28.1084
-8.02902
-45.1992
-22.7302
-54.8942
-50.2873
-42.5938
-52.8697
-43.0213
-38.0031
31.7436
37.9928
38.2709
42.4528
46.8077
46.0867
64.946
70.1385
68.2423
-104.699
-83.6002
-72.7509
-64.546
-50.7958
-47.5325
28.0896
30.8877
36.5838
37.0804
39.4467
42.2997
50.3834
51.915
55.3941
-104.524
-88.224
-88.4282
-63.2932
-51.7585
-52.2393
22.4625
22.7026
28.6987
27.0082
27.2417
30.1025
28.4166
27.6055
30.077
-81.7287
-72.9388
-79.0458
-52.8609
-46.1288
-49.5848
17.2964
16.5799
20.9617
19.0639
18.6111
20.3512
16.8851
15.9605
16.7657
-54.5799
-51.8609
-59.3232
-39.5185
-37.137
-41.8362
13.1295
12.069
15.3632
12.6641
12.397
12.7329
-33.7848
-32.8674
-39.767
-27.4437
-27.7761
-32.369
9.7759
8.46081
11.1059
-19.9627
-21.3462
-24.4396
-17.7159
-19.5766
-23.488
7.27538
6.45332
7.56055
5.24101
3.03566
4.52833
2.6105
0.577982
0.990365
-3.24667
-12.3694
-11.6151
-6.51315
-9.5056
-15.0034
-11.9309
-13.0531
-16.0581
5.51025
4.72826
5.47787
3.84163
2.49418
2.86341
2.02393
0.235466
-0.400687
0.028598
-2.32916
-4.29506
-4.67615
-5.5688
-8.13535
-7.08119
-8.55242
-10.5199
3.08445
2.33327
2.60019
1.60575
0.769993
0.308467
-0.042346
-1.94238
-2.5801
-0.985935
-3.43749
-4.68778
58.851
62.1297
58.9719
-118.243
-133.418
-130.143
-105.232
-114.429
-104.661
32.7475
35.601
35.7814
-102.484
-109.579
-104.134
-128.756
-124.926
-115.763
17.7046
18.8187
19.9183
-73.57
-77.169
-70.9184
-102.131
-96.3407
-92.4187
13.0392
13.4081
13.9224
-46.2218
-47.4373
-43.5466
-68.8594
-62.8885
-62.4019
-27.6714
-27.7669
-26.0681
-41.0393
-38.3453
-38.23
1.63597
4.68666
6.38839
-8.35015
-5.68956
-6.34176
-11.0372
-11.3878
-12.514
-24.3636
-22.7252
-22.816
79.5488
50.7153
49.3148
6.55099
60.6125
106.994
24.294
39.68
8.4767
-146.95
-80.3717
-79.6544
-84.9323
-95.6919
-26.4682
-49.7869
-54.9118
44.6792
46.2564
42.1015
59.5645
51.1633
48.8582
51.2975
52.0974
60.7672
-173.271
-188.329
-186.006
-154.769
-166.168
-152.574
-89.5531
-84.4712
-107.378
-69.7353
-78.0185
-80.4299
-68.1477
-73.9888
-66.6766
33.1726
36.3297
34.5965
40.8622
37.9221
34.0346
45.6153
41.8651
43.5454
45.0601
48.4426
47.3257
46.7137
46.7055
44.7204
59.705
57.4146
58.0909
-152.792
-152.484
-150.262
-82.027
-85.8599
-102.299
-71.0871
-79.0698
-76.4875
-81.2634
-80.7581
-72.3175
22.3532
24.647
24.7112
23.5965
24.1222
21.6366
30.365
27.0384
25.2029
23.3705
25.3682
26.3254
20.3421
21.3287
20.3441
29.0097
27.5138
26.7475
-62.4304
-69.7295
-78.2833
-59.9784
-64.9638
-60.4321
-73.1432
-69.2696
-63.5045
15.7461
17.0939
17.5651
15.5252
16.3334
15.059
19.5504
17.8055
16.1348
14.7063
15.2871
16.1427
13.1239
14.8274
13.8945
14.8796
14.5088
13.81
-57.1297
-57.3307
-56.1086
-42.1418
-49.0793
-51.496
-44.5643
-46.6337
-42.3134
-55.7746
-51.1516
-48.469
-33.7307
-33.9823
-32.3343
-41.8129
-41.0912
-41.0304
-27.8632
-31.0249
-31.7514
-30.5111
-30.9033
-27.6145
-38.2368
-34.3932
-33.6894
-20.2538
-20.4416
-19.7898
-24.5356
-23.8164
-23.7863
1.11389
0.640682
2.24139
-2.74026
-0.161019
0.535
-3.12992
-2.59747
-6.26937
-6.79826
-6.19099
-3.61859
-7.64602
-6.77983
-4.43871
-11.8678
-8.06846
-6.90026
65.4719
64.3234
62.0326
71.3807
67.8403
73.1577
61.4395
65.1697
67.6941
80.7517
82.9397
88.2335
89.9276
95.4099
91.7951
89.8363
92.5002
88.2547
-154.472
-155.834
-154.21
-174.293
-173.389
-169.376
-128.739
-129.88
-118.548
-161.682
-153.437
-153.436
-144.525
-146.732
-152.224
31.5711
32.1448
30.5356
42.7843
40.8892
40.6656
38.5289
38.6169
41.7723
41.8959
41.7649
42.8178
28.5404
29.4229
29.8956
43.8687
44.9545
45.104
-116.666
-111.53
-105.573
-127.907
-127.232
-127.626
-145.178
-140.656
-142.59
-129.178
-129.918
-131.284
-113.639
-123.246
-118.507
14.9044
15.6957
15.2479
19.4865
18.6741
17.7434
21.2214
20.1137
21.6297
17.4183
16.9488
17.3534
13.4276
13.6049
14.0824
27.1995
26.8373
27.7171
17.729
18.2044
18.9129
-85.7945
-79.3716
-77.4207
-72.9985
-74.0442
-74.4726
-88.8019
-94.2233
-88.0065
12.0166
11.4637
11.4842
11.7222
11.7064
11.9513
13.3945
13.1458
13.318
11.4841
11.5923
12.2561
-43.1868
-43.1733
-42.4842
-54.9572
-54.3403
-54.2426
-53.7073
-48.8878
-49.1501
-53.2979
-52.6331
-54.3536
-42.7963
-44.3018
-44.3461
-71.048
-70.7736
-71.8584
-56.2118
-58.2041
-59.1095
-58.8747
-60.9517
-55.4712
11.1329
11.2553
11.4452
9.24833
9.66654
9.59691
11.9226
11.8203
11.7751
11.5962
11.7103
11.6353
-26.0466
-26.0806
-25.2984
-31.8128
-31.0206
-30.582
-40.0079
-39.9865
-41.3843
-32.8697
-36.2775
-36.1868
-35.8579
-35.8943
-33.6318
2.54713
0.749355
3.78919
-1.95366
-0.175233
2.14016
8.3526
8.37976
8.83595
-15.5003
-16.0245
-12.5691
69.5909
70.147
65.0793
86.8998
72.4033
73.841
74.1365
76.6373
87.3045
-213.818
-227.667
-211.456
11.5329
11.761
10.6731
13.9137
12.8303
12.0092
11.6371
12.0392
12.2506
11.8309
11.8595
11.5148
12.4072
12.1478
11.9066
-22.7416
-22.7687
-22.454
-24.747
-24.3334
-24.3651
-15.7717
-18.4964
-18.518
113.024
118.007
112.337
120.614
123.026
118.289
-154.136
-127.423
-111.132
-138.027
-129.099
-157.791
-110.391
-121.331
-126.051
12.243
13.1292
12.6286
13.8404
13.1687
12.2923
14.378
13.7839
14.2163
10.8228
10.9186
11.1414
9.45213
9.69588
9.62261
-25.5349
-25.6062
-25.1732
-31.5198
-29.5826
-29.5613
-28.695
-28.6697
-31.8368
-25.8532
-27.6975
-27.8177
8.86284
8.91585
9.19814
7.53785
7.75762
7.6791
-22.3533
-22.7693
-24.3626
-19.7895
-21.2611
-21.6593
-21.2662
-21.1347
-19.5686
32.8965
50.0253
5.96011
63.4446
55.727
36.1694
96.3236
64.2476
67.1859
-118.482
-124.916
-140.827
-41.5911
-75.035
-83.2448
-18.0113
-69.019
-39.8499
-188.539
-189.159
-172.315
-214.225
-181.851
-167.492
-214.701
-213.77
-226.981
-160.234
-173.568
-180.757
-36.4519
-34.5066
-34.8812
-37.4319
-37.7809
-37.826
-20.4064
-20.5339
-20.2724
-22.1985
-21.9333
-21.8732
-23.7269
-23.8408
-24.5389
-22.5001
-23.1594
-23.3948
-23.0585
-23.1034
-22.411
76.2148
81.1394
77.8791
69.303
69.8327
74.5304
98.4984
96.7034
94.5561
107.12
107.546
109.943
90.1305
94.7967
96.8345
-164.969
-163.795
-161.613
-163.982
-168.012
-166.656
35.7578
36.7289
37.0739
34.1345
33.8974
34.8458
52.8784
54.0693
54.0251
50.5226
50.5251
51.6963
-120.044
-121.248
-122.317
-115.94
-118.502
-116.507
-122.557
-120.564
-117.867
-108.175
-110.383
-108.346
-114.446
-112.426
-110.162
-118.749
-117.751
-118.851
-138.935
-139.262
-141.13
-130.297
-134.283
-132.445
-137.948
-136.199
-131.961
-123.363
-126.493
-124.456
-130.596
-128.588
-125.282
-138.246
-136.859
-137.392
15.081
15.3914
15.9588
14.9538
14.5788
14.8609
22.1987
22.9537
23.61
21.3848
20.8911
21.5642
-82.7229
-83.9151
-84.4064
-82.6878
-83.8301
-81.4825
-88.5351
-86.1959
-84.9671
-73.6618
-74.5609
-72.533
-79.1216
-76.7884
-75.9247
-80.7874
-80.2252
-81.511
-100.195
-102.084
-99.9382
-106.282
-104.205
-102.265
-91.6585
-93.2009
-90.8893
-97.7315
-95.4993
-93.8789
11.5831
11.4858
11.9822
11.2987
11.3919
11.437
11.0266
11.0714
10.8734
11.9362
11.6543
11.6096
12.3756
11.6143
11.7508
-48.0697
-47.3249
-47.1888
-49.6752
-49.6916
-48.7686
-63.8597
-64.9773
-65.1473
-65.3372
-65.8745
-63.7645
-70.327
-68.0722
-67.4253
-57.5876
-57.8815
-55.9627
-61.7781
-59.8414
-59.4847
-62.186
-61.934
-62.8731
11.9772
12.1601
12.211
11.3925
11.6547
11.4648
11.8428
11.8497
11.9068
11.856
11.8576
11.8695
11.5182
11.5839
11.5424
12.0657
11.8216
11.7287
11.8421
11.8478
12.0416
11.7325
11.7781
11.8183
12.0114
12.0519
11.9525
12.218
12.295
12.1202
-27.764
-26.9408
-26.8724
-27.5825
-27.5563
-27.9249
-25.0811
-25.49
-25.5192
-28.3139
-28.7956
-28.8114
-29.6268
-29.5477
-28.6366
2.35219
1.3176
3.91639
-1.89047
0.493785
1.10283
6.90551
7.01024
7.29842
-18.3596
-19.2915
-18.361
-19.9972
-19.7345
-19.4971
6.57245
7.37661
6.41182
9.56747
8.45661
7.31998
6.78369
7.0438
6.15591
8.6545
7.88647
7.75133
-5.4896
-8.18633
-7.08881
-9.02714
-7.71159
-6.40088
-11.726
-9.86985
-10.9226
10.2476
10.0241
9.36248
11.1001
10.6024
10.547
10.7993
10.6778
11.1893
-5.13789
-6.71893
-8.38703
-2.23609
-3.73441
-2.76994
-4.28917
-4.2166
-2.82954
-13.2293
-12.147
-11.6622
-16.7161
-14.347
-14.8125
-14.9642
-12.1119
-13.1262
32.0727
60.3367
-2.67338
71.8111
63.7848
49.7331
108.987
71.8951
86.5885
-166.601
-174.1
-195.078
-75.9541
-109.259
-110.758
-31.1239
-103.717
-58.2082
50.8241
48.7458
48.8463
48.2919
48.5559
50.5189
44.7043
46.5974
46.3941
-148.73
-150.615
-148.984
23.5434
22.3703
21.4116
23.8086
23.1981
24.373
21.1894
22.2006
23.0608
28.651
28.1786
29.6371
25.5355
26.8639
27.5955
25.2805
26.1205
24.7708
-59.4796
-58.4971
-58.2299
-21.7297
-21.0932
-20.9776
-21.3131
-21.2522
-21.8715
-19.9336
-20.5846
-20.7228
-0.453129
-1.63694
-2.05016
-1.28188
-1.61072
-0.465295
-3.87756
-3.0928
-2.50192
97.6814
97.2578
91.4495
114.326
104.106
104.074
97.7312
102.19
113.998
-159.311
-157.649
-156.165
-151.71
-152.667
-160.52
-138.221
-145.709
-145.422
-145.518
-146.159
-139.801
-136.111
-141.425
-139.676
-144.413
-143.022
-137.485
-154.794
-148.65
-150.32
35.4937
33.7833
33.2864
34.4698
34.2016
35.8584
31.0801
32.6453
33.1304
41.0548
41.0257
42.8457
37.5191
39.2616
39.4424
38.7449
39.0439
37.2344
39.7151
40.7488
40.9869
40.2859
40.5323
39.4889
42.6369
41.5751
41.3762
28.5913
29.0228
28.1461
30.7601
29.8698
29.4194
30.5584
30.2562
31.1621
44.7025
44.8278
43.7261
47.0376
45.9255
45.8234
46.0844
46.0269
47.1307
-125.184
-126.166
-126.749
-123.479
-123.02
-122.597
-110.251
-111.332
-110.32
-113.485
-112.454
-111.627
20.1255
19.4977
20.3556
18.0788
18.8047
19.6479
17.0536
17.968
17.291
16.2863
16.6575
17.2816
15.5669
16.0644
15.7281
16.6987
16.3399
15.685
25.1963
26.0303
26.6047
24.9094
25.5121
24.6888
27.2777
26.3819
25.8688
16.8315
17.5573
17.1045
18.5031
18.0055
17.2633
19.1551
18.6385
19.174
-87.6479
-88.3084
-87.0953
-90.7539
-89.5526
-89.0302
-76.104
-75.8518
-73.2477
-75.5029
-75.1906
-76.154
-106.029
-107.04
-106.006
-109.214
-108.188
-107.417
-92.4587
-93.2265
-92.024
-95.6407
-94.4848
-93.8854
-44.7892
-43.9408
-43.9197
-43.9292
-43.9256
-44.8072
-42.5113
-43.1302
-43.0269
-53.4081
-53.5492
-52.6535
-49.1368
-50.9532
-50.9443
-50.5387
-50.642
-48.9858
-54.1018
-52.3112
-52.2169
-44.12
-44.3293
-42.8468
-47.4043
-45.8775
-45.6912
-45.9835
-45.8937
-47.4771
10.7466
11.0241
10.8973
11.5605
11.1815
10.8892
11.5902
11.4117
11.6763
9.8802
9.76094
9.32455
10.5582
10.1794
10.3419
9.96264
10.0567
10.4205
2.96903
2.97406
4.12196
0.552223
1.7811
1.95558
7.41434
7.92418
7.953
7.95791
7.92815
7.42018
8.87771
8.40404
8.44118
5.20179
6.09866
5.64128
-221.756
-240.161
-244.217
-23.4556
-23.1116
-23.0785
-24.073
-24.0939
-23.7875
124.276
121.73
116.118
116.065
123.256
129.378
119.389
125.186
126.242
10.438
10.681
10.5847
10.9256
10.8127
10.5329
9.78253
9.72155
9.47222
10.2499
9.97603
10.0274
9.86894
9.93913
10.1848
8.40499
8.64675
8.61295
8.64846
8.60359
8.38083
9.21264
8.88828
8.9785
-196.505
-204.499
-203.151
-205.095
-205.544
-197.009
-192.729
-198.601
-195.747
-201.424
-201.715
-194.537
-147.368
-145.694
-144.075
-35.0849
-35.0894
-34.3846
-36.5051
-35.8085
-35.7552
-32.9099
-32.9251
-32.3363
-33.9942
-33.4889
-33.4722
-21.0355
-20.7857
-20.7023
-20.9107
-20.8602
-21.0747
-20.3792
-20.63
-20.7018
-21.3552
-21.6577
-21.7092
-21.5542
-21.6285
-21.3196
80.3932
81.181
83.0955
77.4191
79.2742
78.5695
87.7487
88.932
90.9742
85.0848
87.0495
85.8724
67.0502
67.2981
68.8662
73.5277
74.0599
75.6501
70.4577
72.2321
71.8506
100.766
98.8955
101.092
95.295
96.9654
98.4912
93.067
94.8824
92.6312
-159.459
-162.796
-161.318
-170.315
-169.583
-166.501
-177.471
-173.389
-174.248
-169.782
-171.645
-175.132
36.033
36.4219
35.4638
38.4541
37.4224
37.0812
37.8961
37.694
38.7131
32.0488
32.9938
33.3944
32.2833
32.6548
31.6953
34.5404
33.5945
33.2549
48.2328
49.372
49.4397
49.2045
49.3047
48.1534
51.6905
50.4904
50.4323
-118.792
-119.952
-118.9
-121.991
-121.073
-120.294
-123.475
-122.533
-123.902
-115.614
-116.636
-117.626
-114.448
-115.608
-114.611
-117.755
-116.725
-115.836
14.3464
14.8493
14.5812
15.4306
15.1143
14.6186
16.0511
15.6478
16.0018
21.6923
22.3638
21.5977
23.9206
23.1269
22.5216
24.0972
23.6623
24.4564
19.6867
20.3141
21.0214
18.9566
19.6782
19.0463
20.9392
20.2889
19.5923
-82.8354
-83.4007
-82.2082
-85.8326
-84.6286
-84.1591
-85.6349
-85.1399
-86.3751
-77.4803
-78.8481
-79.3295
-77.9105
-78.4431
-77.2338
-80.979
-79.7233
-79.2432
-101.692
-102.638
-101.556
-104.865
-103.823
-103.1
-97.1746
-98.0475
-96.893
-100.358
-99.2771
-98.6046
11.3115
11.0895
11.103
11.1333
11.1082
11.3674
11.2034
10.9373
10.9514
11.0299
10.9647
11.2284
11.3323
11.3367
11.2623
11.665
11.3272
11.4035
11.3819
11.2254
11.1851
11.3419
11.2891
11.4675
10.9503
11.1383
11.2299
11.0923
11.1586
11.5407
11.2324
10.9893
11.0294
10.9686
10.9861
11.2275
11.3421
10.9821
11.0227
11.0986
10.9788
11.3182
-46.4165
-46.5118
-45.6518
-51.7029
-50.6807
-50.5611
11.9849
12.075
11.9064
11.6164
11.7984
11.9003
12.2361
12.1297
12.0653
12.2043
12.4462
12.3382
-30.7441
-30.8002
-30.3577
-31.7519
-31.2216
-31.2285
-28.7889
-28.8471
-28.4032
-29.8585
-29.3263
-29.2326
-29.3626
-29.3156
-29.8452
-1.03403
-1.73597
-0.618304
-3.44816
-2.53503
-1.87105
-18.7702
-19.2386
-20.9893
-19.9158
-19.8416
-19.3789
-67.4213
-58.7661
-61.0298
-51.8207
-55.6638
-62.2975
-16.8795
-16.7355
-18.3213
-13.5336
-15.043
-15.2503
32.4654
45.9663
2.89756
78.2907
64.5318
50.3008
97.1539
80.9163
91.3799
-194.802
-217.592
-253.118
-111.606
-143.956
-154.805
-59.2282
-109.507
-83.5796
-76.0211
-76.1344
-63.5688
-102.533
-89.6059
-89.6197
55.6324
55.1417
52.97
13.564
14.2183
13.9297
-41.1648
-41.1366
-41.8617
-39.6225
-40.3878
-40.4217
-40.3414
-40.3683
-39.6333
68.9504
66.69
68.043
65.2463
64.9453
63.5955
67.8298
66.492
66.762
-183.382
-178.927
-180.64
-175.857
-177.246
-181.483
-167.263
-172.382
-171.692
57.6012
58.9405
58.8406
59.5223
59.5384
58.0768
62.1422
60.8563
60.9461
-132.629
-131.574
-132.443
16.715
16.1608
15.3474
17.4758
16.9015
17.51
15.9321
16.4377
17.1928
12.6949
13.1562
13.0302
13.4496
13.275
12.7872
14.0879
13.7335
13.9456
12.2516
12.7629
12.4735
12.9329
12.7932
12.3669
-68.4745
-69.6031
-69.9147
-37.3032
-38.6189
-38.6494
-41.453
-40.0739
-40.0453
5.58284
5.60064
4.84506
6.88128
6.26791
6.28435
6.33818
6.30217
6.89693
-18.8159
-18.4847
-19.2353
-16.8286
-17.712
-18.0641
7.90073
7.8173
7.63963
8.18366
7.99656
8.06103
7.90654
7.96933
8.18409
-93.8461
-109.113
-105.844
-114.189
-112.314
-94.2785
-150.129
-131.783
-136.005
-191.103
-202.779
-204.663
-197.133
-200.799
-191.226
-223.266
-210.969
-207.449
-38.9525
-38.3227
-38.0891
-38.189
-38.2055
-38.8869
-37.0259
-37.592
-37.6559
100.389
102.726
96.9877
107.636
105.253
102.946
54.1289
54.1369
52.9044
56.7296
55.409
55.4067
55.2218
55.2862
56.484
-142.442
-141.082
-141.617
-134.166
-135.037
-136.68
14.1182
14.3759
14.9047
13.4001
13.8783
13.6401
14.353
14.1008
13.6413
11.8845
12.2947
12.091
12.4904
12.26
11.9354
-66.3631
-66.1286
-67.3298
-59.9359
-60.9276
-61.172
11.8019
11.8565
11.8841
11.6251
11.6581
11.7396
-26.6047
-27.1198
-27.1244
-28.0531
-28.159
-26.6766
-25.8684
-25.821
-26.2327
6.14536
6.66913
6.59285
7.11124
6.89595
6.5151
7.44605
7.2076
7.44029
5.36095
5.1931
4.54494
6.13295
5.69001
5.90146
-20.0078
-19.8524
-20.1151
-19.3324
-19.5659
-19.7701
-19.0835
-19.453
-19.4832
-4.56037
-5.61718
-4.45027
-6.12015
-5.69292
-4.72042
-6.12469
-7.03104
-7.51178
-11.305
-11.3523
-14.6399
-14.4637
-13.3445
-11.1499
-14.4227
-13.6323
-14.9485
-130.586
-154.1
-153.041
-157.216
-157.61
-133.938
-208.82
-182.66
-188.877
11.3296
8.82529
7.07457
5.51744
1.37135
0.625065
-3.25567
-7.84807
-6.97312
-11.8976
-15.1737
-13.3577
18.7968
18.5443
15.3595
-23.8369
-24.869
-21.7404
21.7391
23.3533
21.0724
18.8067
15.261
12.5182
-2.14278
-8.99278
-7.42239
-32.0787
-30.3732
-27.6968
24.4544
27.1636
25.4986
35.3993
37.6328
33.7978
-2.43344
-12.3301
-9.4718
-39.3855
-35.6168
-33.0485
25.08
28.0509
28.0641
-95.7629
-88.2406
-82.4106
-44.5461
-39.2584
-37.7314
23.293
25.5456
27.1353
-108.02
-101.241
-101.859
-44.9115
-39.6112
-39.8646
20.0811
21.342
23.5254
-88.3252
-84.5854
-87.3195
-40.6557
-36.5668
-38.4289
16.5703
17.0863
19.1586
-61.0405
-59.7192
-62.8107
-33.7847
-31.3222
-34.1054
13.3303
13.3842
15.1576
13.801
13.3787
14.5251
-38.1877
-38.0981
-40.4361
-26.319
-25.3038
-28.3199
10.5335
10.3031
11.7691
9.64258
9.09759
10.1375
8.33327
8.09257
8.81006
-19.4808
-19.5398
-22.3386
8.31882
7.93313
9.05122
6.37535
5.68431
6.44598
-8.00313
-10.2214
-10.365
-10.6011
-11.0735
-13.3539
-13.9101
-14.6084
-16.9457
6.53981
6.13377
6.98931
2.02716
1.31055
1.15905
0.162662
-1.0099
-3.25311
-4.26419
-4.77286
-6.03595
-9.85638
-10.7967
-12.6299
4.33416
3.7579
4.21289
-4.61198
-5.76852
-7.0884
2.54174
1.94489
2.15219
1.5311
0.622883
0.856519
0.648165
-1.04616
-0.589695
-1.27479
-2.36868
-2.67728
9.4799
10.1113
10.247
-15.2694
-15.1943
-13.805
65.1487
60.8454
57.5154
13.5655
15.7485
6.94706
56.1039
53.0678
51.8849
-102.132
-101.62
-109.645
35.7915
35.6069
33.4159
49.2178
47.4639
48.8936
-90.0104
-92.4214
-97.2124
20.8128
21.5877
20.2191
31.3755
29.303
28.9902
-65.9905
-69.1474
-71.3045
19.365
18.2281
17.6613
12.785
13.2902
13.1088
-42.8685
-45.3814
-45.6473
-5.91309
-5.34857
-6.33568
-12.5159
-11.1832
-10.8971
77.502
75.6291
78.0956
-148.076
-148.731
-149.865
-147.666
-146.038
-146.172
-54.2294
-53.8442
-54.8616
-55.8252
-56.8702
-57.0055
-32.7262
-33.8179
-33.7816
3.84531
3.54864
4.3202
5.00582
5.70068
5.85782
-19.0674
-18.3048
-18.0402
84.4566
80.7619
79.4021
77.1397
81.9175
85.16
11.1976
12.28
12.7067
11.6051
11.5938
11.4015
12.2664
12.1255
12.0278
-19.4987
-18.8478
-16.2879
-24.462
-21.5615
-22.0211
-141.595
-132.056
-123.818
-153.456
-152.208
-162.026
12.1725
12.4478
12.2839
12.971
12.8308
12.4374
-30.5483
-30.652
-31.6713
-25.2344
-26.0356
-26.1414
-23.8103
-23.7404
-24.5186
18.1224
20.0102
5.38984
86.9982
80.78
78.0195
-7.14527
-23.9341
-20.6667
-197.849
-187.481
-175.203
-24.3713
-24.3497
-24.7325
-22.2797
-22.6639
-22.7427
12.0145
11.8833
11.8523
11.8786
11.9173
11.948
7.21424
8.12169
8.7379
6.55229
7.34204
7.65985
106.391
98.8533
90.8342
-22.3653
-21.1001
-21.9425
113.817
108.577
110.318
95.6859
106.061
109.794
11.2469
11.1545
11.1054
11.7671
11.7267
11.8476
-42.3376
-48.8707
-46.518
-18.1143
-16.6827
-16.7744
-63.3587
-73.591
-70.7761
-116.553
-107.048
-112.567
56.0777
56.7501
58.8115
52.5777
54.6014
53.8685
15.6283
15.1355
15.5589
14.4916
14.8356
15.4732
64.0441
65.2858
67.2499
61.0141
63.0589
61.5591
-38.7488
-38.7424
-37.4598
-17.2933
-17.526
-16.6668
-168.71
-155.55
-158.048
24.9867
26.1633
30.2458
23.7618
18.9295
22.6638
5.28326
12.8194
21.2895
8.48997
10.4627
4.40337
-18.7811
-11.3907
-3.00766
-24.164
-18.7734
-24.1176
-12.2131
-14.9041
-19.8245
-35.7545
-30.307
-27.8709
44.1456
41.216
38.0957
47.7978
44.8093
48.7137
34.9041
39.8295
44.8334
37.5662
39.8957
45.2381
-23.7904
-17.1017
-4.55779
-35.524
-27.2911
-35.9596
-16.2365
-20.6871
-28.4155
-96.2975
-92.6407
-100.786
-98.6168
-100.031
-106.425
-78.641
-81.6243
-85.0708
-53.7071
-56.6573
-57.7581
-33.7196
-35.8629
-35.9316
3.28741
4.29433
3.90597
5.5665
4.82417
3.78496
0.610613
1.52736
1.3999
2.08749
1.72627
0.729757
-12.4963
-10.2776
-7.08677
-11.1838
-9.75824
-8.51598
-10.8854
-10.2345
-11.1762
-7.48398
-9.18822
-8.40504
-11.2652
-10.4117
-8.90623
-14.1224
-12.1758
-13.0013
3.62896
3.39026
2.72186
1.44178
1.4008
2.03744
0.182668
0.837304
1.01875
0.276056
0.618103
0.119138
-1.34396
-1.05803
-0.0774308
-2.45822
-1.74554
-1.75423
-2.52973
-1.82285
-3.06978
-125.722
-124.828
-130.952
-107.868
-105.83
-106.819
-102.252
-103.364
-105.9
-127.718
-123.939
-123.57
-121.596
-121.591
-126.155
-75.0685
-74.2843
-76.0668
-70.2353
-72.0007
-72.9201
-100.301
-98.5631
-99.7952
-94.747
-96.1053
-98.247
-66.8572
-66.2919
-68.0572
-62.4523
-64.1923
-64.8251
2.55025
3.47687
2.67974
5.26314
4.32862
3.57488
5.51535
4.98965
5.80931
-7.52876
-6.05619
-9.5099
-9.31469
-17.2361
-12.6935
67.0629
64.2784
70.0544
51.2476
57.7395
58.7078
53.703
55.8771
50.604
28.5285
22.7327
19.2101
32.4134
27.16
33.4743
7.95935
18.8506
22.471
-33.23
-38.4999
-33.0557
-52.964
-44.6454
-40.4879
-47.6709
-46.4625
-54.2717
55.7367
55.4469
58.2242
60.8033
56.5456
57.4817
-188.332
-183.305
-180.982
-182.135
-180.685
-186.96
-109.119
-100.768
-98.8561
40.1347
37.9343
38.3048
46.161
44.7688
42.6951
-99.8757
-94.7624
-96.7491
24.3112
22.6899
22.091
27.038
27.5802
25.71
-74.8081
-72.3644
-75.4939
16.1011
15.3107
14.9132
16.8878
17.5665
16.6249
13.6993
13.4702
12.9392
14.3665
13.9705
14.2536
13.5477
13.7802
14.2877
-48.5309
-48.0616
-50.8177
-33.4456
-33.3955
-33.9794
-32.2776
-32.8824
-32.8995
-1.93962
-1.37479
-2.34635
0.0447368
-0.68829
-0.972
-3.04831
-3.95538
-4.10958
-3.55577
-3.76634
-2.77315
-6.14956
-4.69317
-3.04382
-5.61538
-4.91902
-5.70573
-2.93612
-4.66889
-4.93139
-10.5955
-10.5382
-12.0168
-8.14133
-9.23879
-9.28843
69.436
71.2254
68.6339
75.6398
73.438
71.2844
84.4764
82.7515
82.022
85.138
84.7
86.1499
-115.093
-112.654
-113.346
-109.307
-110.162
-113.192
-143.613
-144.08
-146.394
-121.842
-118.863
-119.156
-115.842
-116.366
-120.025
-83.7005
-82.593
-84.2752
-78.4291
-80.1744
-81.4804
-92.2371
-90.7968
-92.2788
-86.7314
-88.3268
-90.0614
11.4726
11.737
11.6552
11.7683
11.6613
11.4572
11.5251
11.8265
11.698
11.9131
11.7614
11.5333
-52.034
-51.8146
-53.4273
-51.0632
-52.9102
-53.4676
-58.0653
-57.8864
-58.9165
-59.107
-58.7717
-60.4616
-55.225
-56.8782
-57.248
-31.3238
-31.1194
-31.7594
-29.3667
-30.6102
-30.9094
-33.9787
-33.9265
-32.8291
-36.2479
-35.0667
-35.0888
-34.9469
-34.9457
-36.1091
2.08977
2.85003
3.37931
1.74695
2.32158
1.47343
4.03518
3.16444
2.76204
-1.60467
-0.642364
-1.02048
0.694259
-0.0319316
-0.954214
-15.7042
-14.9836
-14.6479
-14.8984
-14.9218
-15.8025
-12.6379
-13.6706
-13.5765
83.0427
82.007
85.9443
86.2775
80.8326
83.8995
11.8698
11.711
11.722
11.9843
12.0851
11.9432
-143.587
-138.269
-148.503
-134.283
-143.347
-145.127
-138.269
-141.53
-134.011
-160.655
-150.432
-147.332
12.5389
12.4557
12.1957
12.367
12.7273
12.6159
-28.7338
-29.681
-29.6052
-26.9907
-26.9291
-27.791
37.9695
29.2609
23.6728
40.2003
33.5957
42.7458
5.46942
21.846
25.7064
48.3205
52.7336
59.4525
85.2269
83.5658
91.6061
66.7859
75.1097
74.3282
72.8589
74.2235
67.4917
-51.072
-56.8563
-52.8077
-79.2974
-66.205
-61.6183
-75.0035
-66.6271
-80.8304
-41.3109
-30.9147
-11.947
-55.7126
-43.6739
-56.8452
-25.123
-33.6235
-46.0808
-189.105
-181.763
-177.644
-183.33
-180.212
-188.867
-203.044
-192.452
-206.773
-35.7645
-35.6996
-36.3981
-34.4913
-35.1403
-35.1244
-23.6814
-24.0316
-24.0527
-23.0573
-22.9958
-23.356
77.7906
76.8358
75.6815
79.8874
78.8656
79.5505
71.3828
70.7932
69.4901
73.776
72.5723
73.0185
11.7336
11.7018
11.42
11.6595
12.0121
11.8535
12.1363
11.9555
11.6798
11.9425
11.9504
12.0696
11.9926
11.9227
11.961
2.21574
2.45106
1.56446
3.91202
3.10438
3.06563
-1.06817
-0.394743
-1.33957
0.974484
0.0793966
-0.351276
-18.9992
-18.6648
-18.9376
-17.693
-18.0376
-18.4233
-11.1469
-10.3736
-11.8023
-1.91803
-2.87043
-3.73518
-15.4693
-15.2264
-16.7632
40.8743
30.6746
47.7388
-7.08217
23.8265
26.4604
95.8046
98.2466
107.871
74.7075
92.793
84.8239
-116.362
-106.108
-88.1989
-64.696
-55.3839
-19.7464
-88.5371
-62.6461
-84.9309
-1.05179
-1.38996
-2.12523
108.069
111.746
114.962
111.45
104.513
110.673
11.4164
11.3239
11.4251
11.7645
11.6173
11.5524
8.10761
5.89953
4.74757
3.24252
0.178933
-0.327654
-3.09777
-6.3956
-5.99974
-9.44022
-12.1493
-11.147
14.0161
12.9095
11.0566
-17.6438
-19.3126
-17.2504
18.4377
18.9475
16.6832
-25.3629
-25.2668
-22.9476
-23.3956
-26.0227
-22.341
-44.4157
-42.4343
-38.9561
-60.1852
-55.1733
-51.6056
-65.4545
-59.9237
-58.6698
-58.8159
-54.8064
-55.8752
-46.2191
-44.1593
-46.4736
-33.1766
-32.5729
-35.1004
-23.0421
-23.1567
-24.773
-22.2613
-22.4833
-24.7513
3.21776
2.56278
3.00399
4.39918
3.99538
4.31445
5.09531
4.84199
5.44982
-7.03406
-7.89674
-9.37561
3.39153
3.01847
3.39128
-4.24201
-2.91686
-4.6526
2.053
1.58176
1.76382
1.69465
0.197808
0.449637
2.28226
-3.50911
-1.57561
-2.34952
-2.21942
-2.21523
3.57525
4.29122
5.04708
54.9877
57.2907
60.688
14.411
14.8739
14.1889
-26.4317
-28.1612
-28.0413
-1.91372
-0.778177
0.485198
-6.7475
-4.58947
-1.92157
-0.187782
0.192889
0.963561
-13.7259
-14.0094
-13.7809
10.4527
10.6772
9.99427
13.7962
13.1695
12.9534
-18.0155
-19.8252
-20.3939
9.53938
9.53338
9.11176
11.2341
10.9946
11.0608
-77.235
-70.4353
-75.0114
10.5323
8.37138
11.196
1.69489
5.6152
7.17873
-6.38541
-5.8602
-1.54844
-12.7578
-8.92362
-10.2994
30.1175
26.6643
26.4686
19.5722
22.6761
21.1776
4.11431
10.3169
12.0805
-7.51353
-6.93446
0.147305
-32.285
-31.7245
-36.6511
35.3528
32.6837
34.6713
54.3464
51.0475
54.4795
45.6076
40.8671
41.0679
30.7193
35.4853
32.8966
-49.2354
-45.3742
-48.5859
38.6506
35.4295
35.376
35.0153
36.0582
38.943
-58.9133
-56.3617
-62.6181
32.9399
31.1204
29.6403
33.9461
32.9987
34.9715
-87.8196
-93.9441
-92.9912
-95.1469
-94.9633
-89.6522
-58.3827
-58.3888
-64.5491
24.5795
24.1327
22.4915
27.6578
25.981
26.6144
-74.6177
-78.1473
-75.5507
-83.2137
-80.8816
-77.748
-49.8488
-51.6955
-55.855
17.9233
18.0496
16.7207
20.8888
19.3944
19.3675
-54.1218
-55.4187
-52.7057
-61.0976
-58.2919
-57.0806
-38.2738
-40.7917
-42.7827
15.5883
14.3938
14.1943
-27.298
-29.705
-30.2121
-20.0874
-21.6334
-21.4817
4.64731
5.12993
5.90774
2.14249
2.3324
3.07255
2.63547
3.30554
2.97011
-1.14528
-3.66289
-3.7282
-132.2
-126.444
-125.073
-46.867
-44.0994
-46.7562
75.0299
71.0865
77.2214
-87.3968
-94.4875
-95.3077
-91.6205
-93.6102
-87.6129
-82.8645
-87.6755
-85.6883
-91.3368
-89.7994
-85.5901
-64.578
-66.8915
-64.064
-72.6388
-69.8749
-67.7673
-44.2829
-44.8488
-42.4695
-49.9733
-47.4036
-46.8618
-29.8476
-29.8812
-31.6879
1.47291
1.25174
0.681619
-0.115925
-0.390426
0.354768
-5.63309
-4.20256
-2.89211
-6.68736
-4.27666
-6.63059
-9.62653
-10.081
-10.7711
71.2192
73.2557
74.7165
-48.423
-50.1004
-50.4086
1.32925
0.744698
1.4349
74.734
78.7503
80.2636
76.4814
77.4321
73.0238
11.7567
11.1174
10.9832
12.5115
12.781
12.1654
-121.43
-130.023
-134.846
-117.962
-125.415
-118.859
12.8532
12.6952
12.8253
13.5039
13.2069
13.3975
12.9267
13.0864
13.4602
-29.7957
-29.83
-28.9581
-31.7774
-30.7637
-30.7713
-28.1648
-28.2566
-25.6194
-22.2336
-23.0002
-23.0646
-21.0178
-20.6288
-21.4806
61.7242
55.0242
54.8925
41.6181
48.4597
42.5993
10.2085
9.84937
9.90014
10.8264
10.7745
10.4782
-67.8877
-65.1686
-59.5281
-102.527
-100.43
-91.368
16.3754
13.6794
18.8927
-18.3009
-10.7962
-12.8302
45.5817
49.5467
51.5158
62.3826
70.118
71.7818
11.1362
9.73496
8.46839
-14.3186
-16.0003
-15.2895
-20.6338
-21.4082
-19.9822
-25.27
-24.898
-23.3401
19.1391
20.6234
19.2626
24.0363
23.7329
20.7442
-28.9938
-27.6871
-26.0459
20.5963
22.4084
21.5224
37.7303
36.7707
32.1117
-32.8463
-30.5405
-28.8624
20.9077
22.8221
22.7575
-35.4147
-32.3818
-31.192
19.8708
21.4886
22.2832
-35.5848
-32.4592
-32.1648
17.8541
18.9784
20.283
-33.2081
-30.6001
-31.2732
15.401
16.0615
17.5057
-29.0491
-27.2768
-28.6849
12.9067
13.2242
14.6052
-24.1176
-23.2038
-25.0077
10.5247
10.6753
11.9146
-19.2101
-19.0254
-20.9208
-14.0919
-13.9667
-16.2086
-14.6968
-15.2175
-16.9635
2.02685
1.51591
1.49372
2.92175
-3.85117
-1.68757
-5.18939
-5.33315
-6.82354
-34.5875
-40.3658
-42.6941
-12.9674
-15.5844
-15.8804
9.52796
8.79281
8.60372
13.0115
14.9773
17.2938
-19.9138
-18.4408
-15.1122
26.3255
24.9473
27.6572
-24.0581
-27.7992
-29.2255
-36.3337
-33.1334
-32.5958
29.1302
31.5557
33.3967
-54.9454
-49.9762
-47.859
-79.6413
-86.3186
-89.4562
-78.5092
-83.4143
-78.0341
13.127
13.4194
12.3212
-35.4548
-35.903
-34.3204
-40.1477
-37.98
-37.6549
9.28894
9.6998
8.69399
11.468
10.4444
10.1406
-18.1303
-20.2517
-19.9037
-7.57738
-7.36024
-5.80359
1.21544
1.84844
0.11699
-1.63692
-1.35815
-3.67607
-17.1465
-17.0117
-18.6285
7.99107
8.31005
7.49115
41.087
39.1714
43.5413
-113.409
-113.717
-113.921
-112.875
-113.529
-114.405
-94.3328
-94.5703
-94.7987
-92.9797
-93.2195
-93.3766
10.5754
10.5209
10.4761
-251.315
-256.715
-262.918
98.0743
98.4533
98.2302
95.6043
96.0294
95.9452
10.6124
10.5795
10.5447
-6.91632
-9.7922
-16.894
-246.356
-251.456
-258.258
-121.326
-121.543
-121.717
-122.817
-123.116
-123.486
-104.352
-104.609
-104.782
-103.153
-103.449
-103.635
-83.004
-83.3443
-83.7191
-84.0933
-84.4003
-84.6833
9.37489
9.39843
9.41334
10.4268
10.4495
10.4796
0.245302
2.14607
-3.32286
-322.829
-348.956
-415.069
-160.579
-161.59
-162.939
-165.158
-165.696
-166.113
-158.205
-158.676
-159.247
-117.048
-117.369
-117.764
-108.921
-109.199
-109.36
-98.1924
-98.4673
-98.6523
-89.2085
-89.4699
-89.7673
-52.948
-53.1479
-53.3592
141.522
145.939
148.58
10.513
10.4767
10.3075
12.2088
12.3794
12.6925
10.8156
10.8449
10.8898
-22.5962
-22.6549
-22.6842
27.163
27.1454
27.0615
29.1752
28.7102
27.7215
33.7655
33.8026
33.6981
30.5844
30.392
30.0542
38.7875
38.7918
38.7146
34.4877
34.4547
34.1587
37.6849
37.6483
37.5853
26.1639
26.0886
25.9992
23.0757
22.9661
22.5766
19.315
18.7704
17.6648
22.4673
22.4264
22.2522
15.2739
15.1141
14.9175
16.1688
15.7926
14.9479
18.9987
18.8713
18.4581
16.6929
16.1331
15.1123
14.3908
13.8464
12.8501
10.1937
10.0876
9.88268
10.4159
10.3876
10.3098
12.5745
12.9238
13.4796
-167.701
-168.732
-169.692
-175.861
-176.475
-176.974
-178.458
-179.497
-180.591
-118.572
-119.274
-120.226
-126.189
-126.704
-126.907
-108.117
-108.615
-109.179
-99.5069
-99.7506
-99.9566
-79.4404
-79.7359
-80.1772
-87.697
-87.8852
-88.0407
-45.1016
-45.1974
-45.2647
-48.1555
-48.2963
-48.3733
-45.9066
-46.0125
-46.1007
-52.0067
-52.1365
-52.2573
-49.1917
-49.2972
-49.3638
-34.6895
-34.7782
-34.8358
-30.3343
-30.4137
-30.4648
-29.9022
-29.971
-30.0145
-22.2637
-22.3209
-22.3536
-21.5456
-21.5692
-21.5886
-133.162
-133.485
-133.641
-134.414
-134.693
-134.858
-114.489
-114.744
-114.886
-132.289
-132.861
-133.463
-131.378
-131.985
-132.814
-111.389
-111.69
-112.038
-95.9099
-96.3082
-96.8072
-73.89
-74.0681
-74.1713
-74.9506
-75.1351
-75.2439
-91.6733
-91.9435
-92.1266
-73.0157
-73.3243
-73.6687
-71.8131
-72.0346
-72.2741
11.2758
11.266
11.2399
11.1912
11.1775
11.1419
10.5516
10.4823
10.4167
11.3591
11.3514
11.3305
11.4403
11.4347
11.4184
-262.529
-266.603
-272.299
-27.9753
-28.0581
-28.1057
-27.592
-27.6674
-27.7188
101.32
102.079
102.418
118.85
120.374
121.064
93.1374
93.6502
93.8537
10.6054
10.5755
10.5297
-4.73017
-5.80084
-7.25834
-238.162
-240.132
-242.349
-142.037
-142.864
-143.644
-120.175
-120.432
-120.576
-124.46
-125.127
-126.047
-105.604
-105.87
-106.149
-102.583
-103.263
-104.18
-81.6666
-81.8898
-82.0785
-85.1589
-85.3723
-85.488
-66.4338
-66.6656
-66.9921
-28.4989
-28.5746
-28.6159
-29.0647
-29.1152
-29.1557
134.683
153.016
167.899
141.453
156.119
165.41
9.74077
9.7414
9.75797
10.0614
10.0777
10.1023
-161.74
-162.486
-163.186
-163.335
-163.825
-164.113
-156.16
-156.369
-156.558
-137.683
-138.144
-138.739
-135.877
-136.154
-136.414
-115.612
-115.828
-116.004
-128.356
-128.481
-128.594
-129.765
-130.035
-130.384
-110.052
-110.286
-110.459
-97.2586
-97.7621
-98.3677
-77.6929
-77.8978
-78.0861
-76.0821
-76.3038
-76.4537
-90.8208
-91.3559
-92.0517
-69.3931
-69.5338
-69.6241
-70.5529
-70.7035
-70.8294
-54.494
-54.6533
-54.7392
-53.625
-53.7585
-53.8383
10.8808
10.8679
10.8054
11.0791
11.0465
10.9804
10.361
10.1178
9.70369
11.6106
11.6003
11.5856
11.5168
11.511
11.4972
11.6503
11.6854
11.6855
11.6801
11.7309
11.8573
11.2269
11.2611
11.3304
-270.851
-278.771
-291.26
-26.3582
-26.4277
-26.4651
-26.8589
-26.9075
-26.946
-27.2049
-27.2716
-27.3151
108.391
109.249
109.491
104.717
105.4
105.528
111.808
112.899
113.405
114.775
115.787
115.925
90.3048
90.7079
90.7613
58.3869
58.5248
58.5573
28.0101
28.0288
27.8989
28.6276
28.5615
28.2127
32.8447
32.8491
32.7859
31.7911
31.7438
31.6753
35.1371
34.7607
33.9025
36.4924
36.312
35.9492
25.0083
24.7903
24.4462
23.5859
23.0558
21.9895
20.4912
20.158
19.6014
21.6018
21.4888
21.3337
15.742
15.6398
15.4406
16.0762
15.985
15.6562
18.5208
18.4344
18.2211
17.8465
17.6937
17.4958
14.114
13.8242
13.088
10.5553
10.5117
10.4369
12.2804
12.3715
12.4034
-173.341
-173.948
-174.356
-172.487
-173.42
-174.574
-181.342
-183.225
-185.344
-139.364
-140.042
-140.94
-140.314
-140.778
-141.171
-119.031
-119.321
-119.483
-125.127
-125.632
-126.058
-107.102
-107.605
-108.27
-101.002
-101.339
-101.755
-80.3837
-80.6173
-80.8057
-86.3893
-86.5873
-86.7069
-68.3234
-68.4703
-68.5512
-67.242
-67.4066
-67.5028
-65.0049
-65.1967
-65.3794
-44.4055
-44.4688
-44.5257
-47.4092
-47.5445
-47.6448
-46.7356
-46.8888
-47.0386
-50.2748
-50.344
-50.4088
-51.0724
-51.1801
-51.2608
-30.8103
-30.9119
-30.9801
-29.4557
-29.5247
-29.5687
-22.0035
-22.0514
-22.0796
-21.7489
-21.7904
-21.8169
98.0208
121.91
141.01
6.75062
14.9412
-0.498929
-114.487
-126.784
-195.155
6.1644
6.36046
6.85519
4.54778
4.57058
4.78825
76.706
76.8985
76.7471
64.1935
64.1155
63.7485
78.4026
78.2825
77.5663
62.4633
62.3218
61.7407
11.4248
11.3372
11.2577
10.5701
10.5054
10.4353
10.3242
10.263
10.209
10.4093
10.3048
10.2176
10.2045
10.1134
10.0378
-25.3257
-25.7452
-24.4696
-204.781
-206.192
-207.183
-203.209
-205.497
-208.354
-32.4826
-32.5539
-32.5961
-37.0439
-37.1305
-37.1796
-36.4974
-36.574
-36.6189
-32.036
-32.0906
-32.1334
-31.4495
-31.5539
-31.6267
145.082
152.184
156.461
148.716
157.406
163.099
-4.87691
-13.3076
-61.3133
-23.8142
-23.8761
-23.9149
12.8415
12.9529
13.038
13.1354
13.4576
13.9629
12.4415
12.475
12.5224
8.34506
8.60854
8.95038
-0.183839
-0.367871
-0.377746
-152.192
-153.18
-154.324
-55.6433
-55.7612
-55.8393
-56.8809
-56.9562
-57.0387
-59.7144
-59.8765
-60.0032
-20.1434
-20.0505
-19.953
128.136
130.451
131.646
12.0734
12.0879
12.08
-292.291
-302.898
-326.649
-283.078
-288.85
-299.304
-25.2247
-25.2806
-25.3136
-23.5256
-23.5791
-23.6121
-24.9348
-24.9768
-25.0073
-24.493
-24.555
-24.5856
123.446
125.087
125.785
69.1983
69.3294
69.1815
70.5183
70.3618
69.7011
87.1756
87.2638
86.6525
85.0304
85.3376
85.2963
10.3209
9.91529
9.17638
10.5093
10.4091
10.1272
10.3777
10.3236
10.1916
10.0448
10.0122
9.81961
12.3215
12.3788
12.3948
12.1349
12.1621
12.1764
12.3042
12.3105
12.3229
12.3478
12.383
12.4132
8.88901
9.39059
10.11
-1.80098
-2.14545
-2.26197
-219.699
-221.593
-223.032
-225.094
-227.704
-230.269
-145.433
-145.765
-145.953
-150.649
-151.365
-152.302
-144.763
-145.241
-145.808
-63.5381
-63.7249
-63.8602
-60.6271
-60.757
-60.8262
-33.9807
-34.0792
-34.1357
-20.3283
-20.2554
-20.1329
8.81118
8.73662
8.55681
7.69813
8.44031
9.67481
3.04717
3.04167
3.17684
-20.55
-20.5334
-20.5087
-20.7506
-20.7589
-20.7574
-20.3942
-20.3709
-20.3448
-20.2994
-20.2616
-20.2262
74.9128
75.1924
75.272
7.86725
7.81146
7.64161
7.99177
8.00054
7.98163
66.0655
66.2026
66.2515
80.9039
81.1495
81.1862
61.2581
61.362
61.2156
52.8124
52.9077
52.8643
53.898
53.9404
53.7281
43.081
43.0079
42.8412
44.3599
44.3687
44.3385
51.5065
51.5535
51.5337
50.1961
50.2137
50.1872
41.4593
41.0497
40.1181
40.6992
40.6709
40.3352
11.3255
11.3104
11.2063
11.3447
11.2949
11.1046
12.6303
12.5827
12.4491
12.391
12.3029
12.1903
12.6923
12.6207
12.3618
12.6011
12.2912
11.6273
11.1373
11.0067
10.8869
10.6545
10.6127
10.5319
10.405
10.3635
10.3101
10.1853
9.97916
9.71139
9.95507
9.72878
9.38828
8.18847
8.33649
8.34261
7.90649
7.98256
7.85264
-209.076
-211.289
-213.05
-217.475
-219.606
-221.938
-198.969
-199.812
-200.719
-42.5411
-42.6645
-42.7305
-43.4482
-43.5449
-43.6048
-32.9759
-33.0447
-33.0855
-41.8655
-41.9734
-42.0416
-41.2946
-41.4291
-41.5554
-37.6301
-37.7364
-37.7948
-35.9465
-36.0384
-36.1077
-21.1786
-21.9501
-22.0272
9.1775
9.12737
9.05804
8.43219
8.45286
8.433
8.5935
8.59752
8.54195
-291.713
-326.715
-416.741
-311.758
-328.743
-388.855
-305.541
-313.543
-336.418
-24.1249
-24.1971
-24.2441
12.7352
12.792
12.7968
12.5059
12.5455
12.5391
12.8667
12.9592
13.1487
12.5995
12.6266
12.7011
7.85756
8.19435
8.6509
1.49453
1.43226
1.50389
-153.17
-153.904
-154.242
-57.8156
-57.956
-58.0866
-58.8928
-59.1149
-59.3651
-21.166
-21.1829
-21.1789
-20.9315
-20.9464
-20.9457
-20.0878
-20.0493
-19.991
131.969
134.666
135.972
136.51
140.195
142.223
12.0017
11.9913
11.9608
11.8534
11.8573
11.8375
8.26674
8.28646
8.27741
8.10727
8.11885
8.10855
-25.5529
-25.6129
-25.6473
-25.8971
-25.9677
-26.0054
-22.9784
-23.019
-23.049
-23.2312
-23.2847
-23.3179
67.7091
67.8873
67.9119
72.6374
72.7464
72.6033
83.0777
83.409
83.5341
59.9112
60.0392
60.0282
56.4488
56.289
55.7747
54.837
54.5954
53.8758
46.6171
46.6949
46.6043
45.5561
45.6097
45.5755
47.4825
47.451
47.1099
48.3564
47.9315
46.9626
39.8899
39.9766
39.9057
11.0706
10.658
9.87265
11.1668
10.997
10.5609
11.4865
11.1347
10.5949
12.0602
11.9261
11.8038
13.9481
13.8263
13.6332
14.3439
14.2219
13.9981
13.5637
13.4159
13.2474
12.8665
12.4346
11.6856
10.7819
10.5641
10.2725
10.6575
10.6306
10.5074
10.4276
10.392
10.319
9.84896
9.51251
8.8142
9.85261
9.59751
9.12078
12.2672
12.3479
12.4678
12.2708
12.2953
12.3357
12.261
12.376
12.4291
8.77422
9.23086
9.81115
-3.90408
-4.92397
-6.18638
-230.613
-235.011
-239.86
-191.553
-193.501
-195.827
-192.999
-194.448
-195.321
-188.388
-189.473
-190.646
-184.677
-185.136
-185.569
-146.871
-147.183
-147.393
-148.521
-148.898
-149.285
-62.4904
-62.6279
-62.7176
-61.5612
-61.6853
-61.7545
-33.4581
-33.5384
-33.5855
-39.8799
-39.9679
-40.03
-40.5774
-40.6737
-40.7512
-38.4321
-38.5225
-38.578
-39.2754
-39.3345
-39.3876
-35.4437
-35.5169
-35.595
-20.7305
-20.6718
-20.4064
-207.179
-228.343
-333.008
)
;

boundaryField
{
    topAndBottom
    {
        type            slip;
    }
    inlet
    {
        type            zeroGradient;
    }
    outlet
    {
        type            fixedValue;
        value           uniform 0;
    }
    wing
    {
        type            zeroGradient;
    }
    front
    {
        type            empty;
    }
    back
    {
        type            empty;
    }
}


// ************************************************************************* //
