/*--------------------------------*- C++ -*----------------------------------*\
| =========                 |                                                 |
| \\      /  F ield         | OpenFOAM: The Open Source CFD Toolbox           |
|  \\    /   O peration     | Version:  5.x                                   |
|   \\  /    A nd           | Web:      www.OpenFOAM.org                      |
|    \\/     M anipulation  |                                                 |
\*---------------------------------------------------------------------------*/
FoamFile
{
    version     2.0;
    format      ascii;
    class       volScalarField;
    location    "500";
    object      massFlux;
}
// * * * * * * * * * * * * * * * * * * * * * * * * * * * * * * * * * * * * * //

dimensions      [0 0 0 0 0 0 0];

internalField   nonuniform List<scalar> 
6584
(
0.0241652
0.0241651
0.0241651
0.0241652
0.0241652
0.0241652
0.0241652
0.0241652
0.0241652
0.0241652
0.0241652
0.0241652
0.0241652
0.0241652
0.0241652
0.0241652
0.0241652
0.0241652
0.0241652
0.0241652
0.0241651
0.0241651
0.0241651
0.0241651
0.0241388
0.0241388
0.0241388
0.0241388
0.0241388
0.0241389
0.0241389
0.024139
0.024139
0.024139
0.024139
0.024139
0.024139
0.024139
0.024139
0.024139
0.024139
0.0241389
0.0241389
0.0241389
0.0241388
0.0241388
0.0241388
0.0241387
0.0241124
0.0241124
0.0241124
0.0241124
0.0241124
0.0241125
0.0241126
0.0241127
0.0241128
0.0241259
0.0241259
0.0241259
0.0241259
0.0241259
0.0241259
0.0241128
0.0241127
0.0241126
0.0241126
0.0241125
0.0241125
0.0241125
0.0241124
0.0241124
0.024086
0.0240861
0.0240861
0.0240861
0.0240861
0.0240862
0.0240863
0.0240864
0.0240865
0.0240996
0.0240996
0.0240995
0.0240995
0.0240996
0.0240996
0.0240997
0.0240864
0.0240863
0.0240863
0.0240862
0.0240862
0.0240861
0.0240861
0.024086
0.0240597
0.0240597
0.0240598
0.0240598
0.0240598
0.0240599
0.0240599
0.0240599
0.0240732
0.0240733
0.0240731
0.024073
0.024073
0.0240731
0.0240733
0.0240733
0.0240733
0.0240602
0.02406
0.0240599
0.0240599
0.0240598
0.0240597
0.0240597
0.0240334
0.0240334
0.0240334
0.0240335
0.0240335
0.0240336
0.0240337
0.0240467
0.0240466
0.0240466
0.0240531
0.0240528
0.0240528
0.0240531
0.0240469
0.0240471
0.0240471
0.0240341
0.0240338
0.0240337
0.0240336
0.0240335
0.0240334
0.0240334
0.0240071
0.0240071
0.0240071
0.0240072
0.0240073
0.0240073
0.0240075
0.0240205
0.0240203
0.0240201
0.024026
0.0240287
0.0240284
0.024026
0.0240272
0.0240211
0.0240211
0.0240081
0.0240078
0.0240075
0.0240074
0.0240073
0.0240072
0.0240071
0.0239808
0.0239808
0.0239808
0.0239809
0.023981
0.0239811
0.0239814
0.0239943
0.0239942
0.0239942
0.0239994
0.0240006
0.0240021
0.0240012
0.0239954
0.0239953
0.0239823
0.0239817
0.0239814
0.0239812
0.023981
0.0239809
0.0239808
0.0239545
0.0239545
0.0239546
0.0239547
0.0239548
0.023955
0.0239554
0.0239683
0.0239683
0.0239686
0.0239738
0.0239749
0.0239771
0.0239762
0.0239702
0.0239698
0.0239565
0.0239557
0.0239553
0.023955
0.0239548
0.0239546
0.0239545
0.0239282
0.0239282
0.0239283
0.0239285
0.0239287
0.0239289
0.0239294
0.0239423
0.0239425
0.0239432
0.0239488
0.0239508
0.0239541
0.023952
0.0239453
0.0239443
0.0239308
0.0239298
0.0239292
0.0239289
0.0239286
0.0239284
0.0239282
0.0239019
0.023902
0.0239021
0.0239022
0.0239025
0.0239028
0.0239034
0.0239164
0.0239168
0.0239179
0.0239239
0.0239269
0.0239314
0.023928
0.0239203
0.023919
0.023905
0.0239039
0.0239032
0.0239027
0.0239023
0.0239021
0.0239019
0.0238756
0.0238757
0.0238758
0.023876
0.0238763
0.0238767
0.0238773
0.0238905
0.0238911
0.0238923
0.0238988
0.0239024
0.0239078
0.0239034
0.0238952
0.0238935
0.0238792
0.0238779
0.0238771
0.0238765
0.0238761
0.0238758
0.0238756
0.0238493
0.0238494
0.0238496
0.0238498
0.0238501
0.0238506
0.0238513
0.0238644
0.0238652
0.0238666
0.0238732
0.0238768
0.0238826
0.0238781
0.0238697
0.0238679
0.0238533
0.0238519
0.0238509
0.0238503
0.0238498
0.0238495
0.0238493
0.023823
0.0238232
0.0238233
0.0238236
0.023824
0.0238244
0.0238251
0.0238256
0.0238391
0.0238402
0.0238466
0.0238492
0.0193159
0.0238523
0.0238522
0.0238439
0.023842
0.0238273
0.0238258
0.0238248
0.023824
0.0238235
0.0238231
0.0238229
0.0237967
0.0237969
0.0237971
0.0237974
0.0237977
0.0237982
0.0237988
0.0237991
0.0238125
0.0238136
0.02382
0.0238192
0.0229477
0.0238257
0.0238187
0.0238178
0.0238021
0.0238009
0.0237994
0.0237984
0.0237978
0.0237972
0.0237968
0.0237964
0.0237704
0.0237706
0.0237708
0.0237711
0.0237715
0.0237719
0.0237725
0.0237728
0.0237862
0.0237874
0.0237872
0.0237926
0.0230028
0.0237926
0.0237924
0.0237915
0.0237759
0.0237746
0.023773
0.023772
0.0237713
0.0237706
0.0237703
0.02377
0.0237441
0.0237443
0.0237445
0.0237448
0.0237452
0.0237456
0.0237461
0.0237466
0.0237473
0.0237612
0.023761
0.0237447
0.0234068
0.0237662
0.023766
0.0237652
0.0237495
0.0237483
0.0237466
0.0237456
0.0237448
0.0237442
0.0237438
0.0237434
0.0237178
0.023718
0.0237182
0.0237186
0.0237189
0.0237193
0.0237199
0.0237204
0.0237211
0.0237216
0.0237348
0.0237101
0.0233901
0.0237398
0.0237266
0.0237247
0.0237231
0.0237219
0.0237202
0.0237191
0.0237183
0.0237176
0.0237173
0.0237169
0.0236915
0.0236917
0.023692
0.0236923
0.0236927
0.023693
0.0236936
0.0236942
0.0236949
0.0236955
0.0236927
0.0231331
0.0235351
0.0237005
0.0237002
0.0236984
0.0236967
0.0236954
0.0236937
0.0236926
0.0236918
0.0236911
0.0236907
0.0236903
0.0236652
0.0236654
0.0236657
0.023666
0.0236664
0.0236667
0.0236675
0.0236681
0.0236688
0.0236693
0.0236644
0.0231102
0.0235098
0.0236742
0.0236739
0.023672
0.0236703
0.023669
0.0236673
0.0236661
0.0236652
0.0236646
0.0236642
0.0236637
0.0236389
0.0236391
0.0236394
0.0236398
0.0236402
0.0236405
0.0236413
0.0236419
0.0236427
0.0236432
0.0236362
0.0230871
0.0234843
0.0236479
0.0236476
0.0236457
0.0236439
0.0236425
0.0236408
0.0236396
0.0236387
0.023638
0.0236376
0.0236371
0.0236126
0.0236129
0.0236131
0.0236135
0.0236139
0.0236143
0.0236151
0.0236158
0.0236166
0.023617
0.0236081
0.0230637
0.0234588
0.0236217
0.0236213
0.0236194
0.0236175
0.0236161
0.0236143
0.023613
0.0236121
0.0236114
0.023611
0.0236105
0.0235864
0.0235866
0.0235868
0.0235872
0.0235877
0.0235881
0.0235889
0.0235896
0.0235905
0.0235909
0.02358
0.0230402
0.0234331
0.0235954
0.023595
0.023593
0.0235911
0.0235896
0.0235878
0.0235865
0.0235856
0.0235848
0.0235844
0.0235839
0.0235601
0.0235603
0.0235606
0.023561
0.0235615
0.0235619
0.0235628
0.0235635
0.0235644
0.0235648
0.0235521
0.0230166
0.0234074
0.0235692
0.0235687
0.0235667
0.0235647
0.0235632
0.0235612
0.02356
0.023559
0.0235582
0.0235578
0.0235572
0.0235338
0.023534
0.0235343
0.0235347
0.0235352
0.0235357
0.0235366
0.0235374
0.0235384
0.0235387
0.0235243
0.0229929
0.0233816
0.0235429
0.0235424
0.0235404
0.0235383
0.0235367
0.0235347
0.0235334
0.0235324
0.0235316
0.0235312
0.0235306
0.0235075
0.0235077
0.023508
0.0235085
0.023509
0.0235095
0.0235105
0.0235113
0.0235123
0.0235126
0.0234964
0.0229693
0.0233558
0.0235167
0.0235162
0.0235141
0.0235119
0.0235102
0.0235082
0.0235069
0.0235058
0.023505
0.0235045
0.023504
0.0234812
0.0234815
0.0234818
0.0234822
0.0234828
0.0234834
0.0234844
0.0234852
0.0234863
0.0234866
0.0234684
0.0229458
0.0233302
0.0234905
0.02349
0.0234878
0.0234855
0.0234838
0.0234818
0.0234804
0.0234793
0.0234785
0.023478
0.0234774
0.023455
0.0234552
0.0234555
0.023456
0.0234566
0.0234572
0.0234583
0.0234591
0.0234603
0.0234605
0.0234404
0.0229223
0.0233044
0.0234644
0.0234638
0.0234616
0.0234592
0.0234574
0.0234553
0.0234539
0.0234528
0.0234519
0.0234514
0.0234508
0.0234287
0.023429
0.0234293
0.0234298
0.0234304
0.023431
0.0234321
0.0234331
0.0234343
0.0234345
0.0234126
0.0228988
0.0232787
0.0234382
0.0234376
0.0234353
0.0234328
0.023431
0.0234288
0.0234273
0.0234262
0.0234253
0.0234248
0.0234242
0.0234024
0.0234027
0.0234031
0.0234035
0.0234042
0.0234049
0.023406
0.023407
0.0234083
0.0234084
0.0233847
0.0228752
0.0232529
0.0234121
0.0234114
0.0234091
0.0234065
0.0234046
0.0234023
0.0234008
0.0233997
0.0233988
0.0233982
0.0233976
0.0233762
0.0233765
0.0233768
0.0233773
0.023378
0.0233787
0.02338
0.023381
0.0233823
0.0233824
0.0233569
0.0228516
0.0232271
0.0233859
0.0233852
0.0233828
0.0233801
0.0233782
0.0233758
0.0233743
0.0233731
0.0233722
0.0233716
0.023371
0.0233499
0.0233502
0.0233506
0.0233511
0.0233518
0.0233526
0.0233539
0.023355
0.0233564
0.0233563
0.0233291
0.022828
0.0232013
0.0233597
0.023359
0.0233566
0.0233538
0.0233517
0.0233494
0.0233478
0.0233465
0.0233456
0.023345
0.0233444
0.0233237
0.023324
0.0233244
0.0233249
0.0233256
0.0233265
0.0233278
0.023329
0.0233304
0.0233303
0.0233013
0.0228044
0.0231755
0.0233336
0.0233328
0.0233303
0.0233274
0.0233253
0.0233229
0.0233213
0.02332
0.023319
0.0233184
0.0233178
0.0232975
0.0232977
0.0232982
0.0232987
0.0232995
0.0233004
0.0233018
0.023303
0.0233044
0.0233042
0.0232735
0.0227808
0.0231497
0.0233074
0.0233066
0.0233041
0.0233011
0.0232989
0.0232964
0.0232947
0.0232934
0.0232924
0.0232918
0.0232912
0.0232712
0.0232715
0.0232719
0.0232725
0.0232733
0.0232743
0.0232757
0.023277
0.0232785
0.0232782
0.0232457
0.0227573
0.0231239
0.0232813
0.0232804
0.0232778
0.0232747
0.0232725
0.0232699
0.0232682
0.0232668
0.0232658
0.0232652
0.0232646
0.023245
0.0232453
0.0232458
0.0232463
0.0232472
0.0232482
0.0232497
0.023251
0.0232525
0.0232521
0.0232177
0.0227339
0.0230981
0.0232551
0.0232543
0.0232515
0.0232483
0.023246
0.0232434
0.0232416
0.0232402
0.0232392
0.0232385
0.023238
0.023978
0.0239797
0.0240014
0.0239538
0.023957
0.0239768
0.0239299
0.0239344
0.0239542
0.0239055
0.023911
0.0239316
0.0238801
0.023886
0.0239079
0.0238527
0.0179998
0.0190517
0.0238596
0.0238828
0.024004
0.0240283
0.0240047
0.024029
0.0239801
0.0239784
0.0240013
0.0239885
0.0240005
0.02398
0.023982
0.0240007
0.023955
0.023954
0.0239753
0.0239657
0.0239581
0.0239731
0.0239554
0.0239737
0.023957
0.0239579
0.0239759
0.0239302
0.02393
0.023951
0.0239419
0.0239142
0.0239287
0.0238435
0.0238989
0.0239343
0.0239341
0.023952
0.0239052
0.0239055
0.023927
0.0239179
0.0238996
0.0239052
0.0238951
0.0238621
0.0239108
0.0239099
0.0239281
0.0238925
0.0239024
0.0238858
0.023885
0.0239038
0.0238703
0.0238811
0.0238259
0.01981
0.0180592
0.0220872
0.0238323
0.023856
0.023975
0.0239868
0.0239874
0.0239864
0.0239723
0.0240003
0.023988
0.0239747
0.0239877
0.0239886
0.0239874
0.0239761
0.0239317
0.0239551
0.0239627
0.0239386
0.0238701
0.0239694
0.023942
0.0239023
0.0239544
0.0239654
0.0239592
0.0239388
0.0239752
0.0239601
0.0239682
0.023906
0.0239129
0.0239389
0.0238382
0.0238547
0.0238666
0.0238378
0.0238609
0.02384
0.0239429
0.0239246
0.0239191
0.023938
0.0239255
0.0239457
0.0238309
0.0238476
0.0238561
0.0238279
0.0239027
0.0238968
0.0239199
0.0239144
0.0239075
0.0239187
0.0239147
0.0239229
0.0238575
0.0238565
0.0238494
0.0238571
0.0238825
0.0238914
0.0239062
0.0238966
0.0238987
0.0238493
0.0238275
0.023856
0.0238504
0.0238561
0.0238686
0.0239906
0.0239885
0.0240009
0.0239917
0.0239992
0.0238797
0.0238799
0.0239023
0.0238929
0.0238845
0.023892
0.0237586
0.0236921
0.0238593
0.0238592
0.0238786
0.0239994
0.0239917
0.0240012
0.023989
0.0239918
0.0238929
0.0238988
0.0239148
0.0170782
0.0184006
0.022056
0.0225153
0.018482
0.0200602
0.0236785
0.0235426
0.0238955
0.0238951
0.0238844
0.0225701
0.0228449
0.0238828
0.0238712
0.023873
0.0240151
0.0240136
0.0240021
0.0240024
0.0240139
0.0240152
0.0239909
0.0239935
0.0239912
0.0239998
0.0239921
0.0239951
0.0239629
0.0239657
0.0238725
0.0238757
0.0238851
0.0238809
0.0238955
0.0235526
0.0238996
0.023803
0.0237655
0.0237779
0.023812
0.0238766
0.0239075
0.0239813
0.0237503
0.0239584
0.0237053
0.0239794
0.0239649
0.0239912
0.0239931
0.0239895
0.0239294
0.0239809
0.0239818
0.0239021
0.0238977
0.0239604
0.0239585
0.023924
0.023927
0.0239448
0.0239607
0.023965
0.0239551
0.0239593
0.0239441
0.0239684
0.0239722
0.0239766
0.0239664
0.0239707
0.0239669
0.0238459
0.0238468
0.0238465
0.0238443
0.023804
0.0238084
0.0239187
0.0239387
0.0239428
0.0239333
0.0239374
0.023918
0.0239323
0.0239497
0.0239538
0.0239442
0.0239483
0.0239315
0.0171924
0.023839
0.0185667
0.0171353
0.0201645
0.0186573
0.0238414
0.0238152
0.0172725
0.0238183
0.0239026
0.0239023
0.023917
0.0239277
0.0239319
0.023922
0.0239263
0.0239169
0.0213534
0.0219559
0.0238538
0.0214277
0.0202745
0.0222466
0.0215499
0.0238549
0.0202147
0.0212546
0.0238866
0.0237023
0.0237709
0.0235701
0.0236878
0.0238879
0.0235072
0.0228235
0.0229182
0.018763
0.0228759
0.022785
0.0204623
0.0237966
0.0238061
0.0239976
0.0238535
0.0238528
0.0238766
0.0238669
0.0238635
0.0238729
0.0217742
0.0238385
0.0238516
0.0239974
0.023874
0.0238833
0.0238897
0.0182653
0.0184049
0.0173808
0.0227985
0.0227777
0.0186517
0.0190866
0.0237651
0.0237934
0.0155745
0.0240065
0.024007
0.0240005
0.0240004
0.0240072
0.0240067
0.0239652
0.0239693
0.0239647
0.0239576
0.0239626
0.0239702
0.023919
0.0239452
0.0239408
0.0239511
0.0239466
0.023921
0.0238563
0.0238892
0.023891
0.0238646
0.0231528
0.0229948
0.023875
0.0238153
0.0238352
0.0237966
0.0237873
0.0195038
0.0239948
0.0239924
0.024
0.0239773
0.0239703
0.0239647
0.0239827
0.0239842
0.023989
0.0239781
0.0239827
0.0239811
0.0239414
0.0239571
0.0239526
0.0239632
0.0239586
0.0239448
0.0239228
0.0233168
0.0237004
0.0229769
0.0230624
0.0238814
0.0237383
0.0237804
0.0239499
0.0239116
0.0239372
0.0239515
0.023962
0.0239635
0.0239532
0.0239553
0.0239411
0.0239393
0.0239349
0.0239097
0.0238424
0.0227134
0.0224448
0.023857
0.0228506
0.0229513
0.0223966
0.0224662
0.0238381
0.0238392
0.0238224
0.023922
0.0239396
0.0239416
0.0239311
0.0239337
0.0239189
0.0239356
0.0239503
0.0239524
0.0239422
0.0239442
0.0239281
0.023903
0.0237918
0.023816
0.0237624
0.0237433
0.0238999
0.0239125
0.0239162
0.0239206
0.0239102
0.0239148
0.0239113
0.0238578
0.0227019
0.0223154
0.0231183
0.0230013
0.0238576
0.0202934
0.0204922
0.0238541
0.0232479
0.0231546
0.0200523
0.0202352
0.023335
0.0231927
0.0239946
0.0239975
0.0239957
0.0230034
0.0237349
0.0231125
0.0231846
0.0231653
0.0237264
0.023996
0.0239947
0.0239981
0.0239935
0.0239949
0.0172334
0.017675
0.0184639
0.0183227
0.0222778
0.0191947
0.0190437
0.0196041
0.0192411
0.0223367
0.0189213
0.0192266
0.0236297
0.0236068
0.0227079
0.0201694
0.0197984
0.0191346
0.0193615
0.0239883
0.02399
0.0239929
0.0239863
0.0239891
0.0239873
0.0239584
0.0239693
0.0238597
0.0238859
0.0238901
0.0238667
0.0235851
0.023821
0.0238044
0.0238375
0.0238261
0.0235788
0.0237642
0.0237473
0.0237992
0.0237738
0.0237904
0.0234017
0.0234826
0.0232469
0.0233604
0.023785
0.0229056
0.0229646
0.0238528
0.0239756
0.0239665
0.0239848
0.0239783
0.0238794
0.0239192
0.0239024
0.0239604
0.0239262
0.0239842
0.0239894
0.0239861
0.0239823
0.0239765
0.0239776
0.0239718
0.0239782
0.0239747
0.0239821
0.0239853
0.0239762
0.023981
0.0239843
0.0239821
0.0239786
0.0231763
0.0232554
0.0239168
0.0225815
0.0222358
0.0233825
0.0226568
0.0217048
0.0213595
0.0221256
0.0218467
0.0238854
0.0230918
0.023155
0.0237116
0.0236431
0.0238941
0.0237675
0.023554
0.0234672
0.0236301
0.0235761
0.0239521
0.0237901
0.0238163
0.0239148
0.0239353
0.023959
0.0239613
0.0239485
0.0239419
0.023956
0.0239582
0.0227685
0.0227579
0.0238436
0.020859
0.020842
0.0193588
0.0206887
0.0206835
0.0211191
0.0208089
0.0207074
0.0227014
0.0228166
0.0238541
0.0207884
0.0204151
0.0212711
0.0209029
0.0197007
0.0192931
0.0202707
0.0198763
0.0238394
0.0225217
0.0226563
0.0238235
0.0238186
0.023937
0.0239389
0.0239211
0.0239182
0.0239344
0.0239363
0.0239476
0.0239496
0.0239348
0.0239289
0.0239449
0.0239469
0.0173287
0.0177775
0.0228258
0.0229966
0.0225966
0.0227643
0.0172707
0.0195806
0.0232177
0.0229696
0.0230427
0.0231765
0.0192666
0.0217933
0.0218998
0.0213702
0.0217534
0.0176641
0.0223656
0.0225494
0.0219599
0.0222666
0.0176446
0.0237708
0.0237859
0.023903
0.0236963
0.0237322
0.0237392
0.0236944
0.0237329
0.0239004
0.0237329
0.0237572
0.0215997
0.0182866
0.0184264
0.0189195
0.0183013
0.0216868
0.0184793
0.0206342
0.0184526
0.0208055
0.023633
0.0238496
0.0238408
0.0238593
0.0238524
0.023643
0.0234519
0.0234747
0.0205819
0.0207958
0.0195227
0.0199727
0.0234267
0.0233666
0.0240054
0.0240071
0.0240267
0.0238697
0.023868
0.0238575
0.0240027
0.0240031
0.023999
0.0239985
0.024003
0.0240028
0.024015
0.0240144
0.0240031
0.0239755
0.0239708
0.0239673
0.0239561
0.0239409
0.0239382
0.0238472
0.0238956
0.0239276
0.0239231
0.0239027
0.0238062
0.023798
0.0238628
0.0238211
0.0238324
0.0239014
0.0239803
0.0239818
0.0239771
0.0239427
0.0239544
0.0239749
0.023986
0.0239831
0.0239852
0.0239672
0.0238923
0.0239377
0.0239054
0.0239354
0.0239324
0.0239524
0.0239471
0.0239478
0.0239396
0.0239651
0.0239665
0.0239625
0.0239087
0.0239334
0.0239291
0.0228611
0.0227478
0.0238506
0.0238584
0.023818
0.0238137
0.0238365
0.0239238
0.023935
0.0239356
0.0239372
0.0239457
0.0239464
0.0239362
0.0239369
0.0239263
0.0238096
0.0230326
0.0229184
0.0239173
0.0239285
0.0239298
0.0239022
0.023904
0.0239085
0.0184173
0.0184301
0.0233441
0.0232752
0.0238532
0.0184116
0.0184107
0.023836
0.0238365
0.0238635
0.0239925
0.0239925
0.0169922
0.0172371
0.0173077
0.0182894
0.0185717
0.0171034
0.0171647
0.018568
0.0183335
0.0198507
0.0234207
0.0233942
0.0235645
0.0204654
0.0202356
0.0227454
0.0240081
0.0240075
0.024001
0.0239898
0.02399
0.0239906
0.0239916
0.0239845
0.0239856
0.0239938
0.0239968
0.0239952
0.0239548
0.0239532
0.0239608
0.0239673
0.0239638
0.0239613
0.0238669
0.023879
0.0238244
0.0238301
0.0238877
0.0238755
0.0237989
0.0238124
0.0236135
0.0236168
0.0236954
0.0236849
0.0235523
0.0236242
0.0236329
0.023901
0.0238369
0.023849
0.0238873
0.023799
0.0239166
0.0239022
0.0239749
0.0239687
0.0239452
0.0235526
0.0234981
0.0238669
0.0237668
0.0236225
0.0239921
0.0239904
0.0239868
0.0239874
0.0239817
0.0239852
0.0239466
0.0239813
0.0239833
0.0238246
0.0238667
0.0239657
0.0234274
0.0233617
0.023921
0.02393
0.0239711
0.0239726
0.0239714
0.0239634
0.023968
0.0239696
0.0238496
0.0227363
0.0227551
0.0238037
0.0238117
0.0239415
0.0239422
0.0239331
0.0239306
0.0239402
0.0239408
0.0173001
0.0184523
0.0203985
0.0205199
0.019051
0.0191575
0.0169998
0.023111
0.0230533
0.0238124
0.0176175
0.0174466
0.0184628
0.0184888
0.017414
0.0189509
0.0189971
0.0173004
0.0173312
0.0239259
0.0239272
0.023917
0.0239161
0.0239233
0.0239246
0.0208862
0.0231482
0.0232032
0.02303
0.0230893
0.0206891
0.0237348
0.0238507
0.023861
0.0238542
0.0238526
0.0237453
0.0235963
0.0237228
0.0237088
0.0234681
0.0234307
0.0235158
0.0188747
0.0189789
0.0190509
0.0184595
0.0229579
0.0208944
0.0205773
0.0211628
0.0209702
0.0227436
0.0227574
0.0227755
0.0235036
0.0235678
0.0238134
0.0239965
0.0239975
0.0239955
0.0182219
0.0182477
0.0205761
0.0205539
0.0171656
0.0188931
0.0184682
0.0184535
0.0183919
0.0184375
0.0190183
0.0156716
0.0233745
0.0234221
0.0240039
0.0240034
0.023999
0.0239462
0.0239436
0.0239568
0.0239582
0.0239642
0.0239692
0.023961
0.0239628
0.0238525
0.0238924
0.023758
0.0237684
0.0237685
0.0237577
0.0238635
0.0237923
0.0237882
0.0231183
0.0228418
0.0228394
0.0228949
0.0228826
0.0230739
0.0239686
0.0239731
0.0239739
0.0239711
0.0239722
0.0239667
0.0239085
0.023948
0.0239293
0.0239222
0.0239404
0.0239485
0.0239492
0.0238194
0.0238209
0.0238525
0.0238278
0.0239337
0.0239343
0.0239229
0.0239443
0.023945
0.0239364
0.0239272
0.0239375
0.0239382
0.023762
0.0237965
0.0237833
0.0238069
0.0238031
0.0237576
0.0184532
0.0185026
0.0184465
0.0184214
0.020117
0.0191298
0.0190778
0.022875
0.0228801
0.0232924
0.0229789
0.0230441
0.0228595
0.0229094
0.0232419
0.0239942
0.0239934
0.0239936
0.0239942
0.0239967
0.023997
0.0239981
0.023995
0.0239958
0.0239959
0.0230899
0.0234623
0.0234419
0.0235175
0.023489
0.0231145
0.0232597
0.0233642
0.0233206
0.0234252
0.0234034
0.0232209
0.0239955
0.0239961
0.023995
0.0239902
0.0239875
0.0239936
0.0239926
0.0169967
0.0180835
0.0173487
0.0173009
0.0184257
0.0183773
0.0200727
0.0201618
0.0191109
0.0171727
0.0170808
0.0187047
0.0178567
0.017896
0.017763
0.0195622
0.017924
0.0175038
0.0234395
0.0234773
0.0236494
0.0233312
0.0233429
0.023301
0.023309
0.0235842
0.0233828
0.0233989
0.0191824
0.0183016
0.0183435
0.0183186
0.0182853
0.0192504
0.0239889
0.0239897
0.0239892
0.0239857
0.0239864
0.023988
0.0239464
0.0239594
0.0239511
0.0239487
0.0239567
0.0239589
0.0239518
0.0239543
0.0238632
0.0238824
0.0237836
0.0237871
0.0237734
0.0237786
0.0238892
0.0238328
0.0238346
0.023786
0.0237894
0.0238703
0.0237864
0.0236438
0.0236212
0.0235647
0.0236759
0.0236643
0.0237572
0.0236479
0.0236443
0.0236851
0.0236637
0.0237523
0.0237928
0.0236989
0.0237099
0.0236572
0.0236792
0.0237841
0.0236355
0.023285
0.0235615
0.0235422
0.0228773
0.0229064
0.0238412
0.0239295
0.0239231
0.023826
0.0239018
0.0239532
0.0239392
0.0236422
0.0235949
0.0238121
0.0238228
0.0239084
0.0237419
0.0236929
0.0239651
0.0239731
0.0239849
0.0239792
0.0239544
0.0239249
0.0239535
0.0239763
0.023978
0.0239791
0.023975
0.0239763
0.023973
0.0239696
0.023973
0.0239831
0.0239817
0.0239805
0.0239845
0.0239826
0.0239841
0.0239776
0.0239791
0.0239766
0.0239786
0.0224894
0.022357
0.0231874
0.0222559
0.0223749
0.0219995
0.0227221
0.0215766
0.0214615
0.0220267
0.0219396
0.0236774
0.0233583
0.0234339
0.0232015
0.0232783
0.0236576
0.0238789
0.0237607
0.0237948
0.023478
0.0236802
0.0238436
0.0232999
0.0231779
0.0235312
0.022663
0.0227527
0.022502
0.0225822
0.0235054
0.0236164
0.0230661
0.0231307
0.0228501
0.0229549
0.0235972
0.023918
0.0239328
0.0208985
0.019515
0.0197099
0.0191116
0.0193056
0.0208735
0.0197214
0.019814
0.0198013
0.0202478
0.0207429
0.0180219
0.0182304
0.0183835
0.0180363
0.0208883
0.0207761
0.0187657
0.018932
0.0184403
0.0186139
0.0207434
0.02069
0.0205774
0.0211792
0.0210331
0.0195415
0.0193952
0.0201438
0.0200343
0.02381
0.0238151
0.0239339
0.0239429
0.0239436
0.0239388
0.0239395
0.0239297
0.0173685
0.01996
0.0202222
0.0182328
0.0169932
0.0193521
0.0196426
0.0179752
0.0177922
0.0218249
0.0196465
0.0196687
0.0215692
0.0194105
0.0189326
0.019673
0.0196113
0.0216885
0.018377
0.0181691
0.0186405
0.018855
0.017561
0.0176281
0.0181662
0.0237777
0.023842
0.0238375
0.0238482
0.0238452
0.0237818
0.0237088
0.023726
0.0237235
0.0236916
0.0236914
0.0237061
0.0237319
0.0238159
0.0238105
0.0238311
0.0238232
0.0237423
0.0183329
0.0191525
0.0192315
0.0190422
0.0190969
0.0183845
0.0186823
0.0197612
0.019944
0.0193614
0.0195501
0.0184371
0.0184315
0.0179811
0.0180958
0.0179176
0.0179395
0.01848
0.0188292
0.0189655
0.0183086
0.0185717
0.018451
0.0237435
0.0237347
0.0236198
0.0234471
0.0235003
0.0186151
0.0187972
0.0197028
0.0186744
0.0184531
0.0190093
0.018892
0.0198604
0.0184916
0.0184758
0.0227942
0.0228187
0.0240598
0.0240597
0.0240731
0.0240596
0.0240595
0.0240729
0.0240595
0.0240596
0.024073
0.0240598
0.02406
0.0240732
0.0240333
0.024033
0.0240464
0.0240327
0.0240325
0.024053
0.0240322
0.0240319
0.0240527
0.024032
0.0240325
0.0240528
0.0240328
0.0240333
0.0240533
0.0240338
0.0240339
0.0240469
0.0240071
0.0240065
0.0240263
0.024006
0.0240047
0.0240256
0.0240181
0.0240178
0.0240286
0.0240171
0.0240176
0.0240284
0.0240191
0.0240196
0.0240261
0.0240076
0.0240083
0.024021
0.0239813
0.0239806
0.024
0.0239929
0.0239928
0.0239993
0.0239972
0.0239969
0.0240003
0.0239923
0.0239937
0.0240033
0.0239824
0.0239831
0.0239956
0.0239559
0.0239553
0.0239742
0.0239675
0.0239675
0.0239737
0.0239718
0.0239718
0.0239748
0.0239683
0.0239694
0.0239783
0.0239581
0.0239584
0.0239707
0.0239306
0.0239303
0.0239491
0.0239426
0.0239428
0.0239489
0.0239478
0.0239479
0.0239508
0.0239457
0.023946
0.0239547
0.023934
0.0239338
0.0239461
0.0239051
0.0239052
0.0239241
0.0239177
0.0239181
0.0239243
0.0239239
0.0239241
0.0239271
0.0239227
0.0239224
0.0239313
0.0239096
0.023909
0.0239214
0.0238795
0.0238797
0.0238989
0.0238993
0.0238994
0.0239026
0.0238985
0.0238976
0.0239069
0.0238845
0.0238838
0.0238965
0.0238535
0.0238536
0.0238732
0.0238727
0.0238726
0.023879
0.0238587
0.0238582
0.023871
0.0238268
0.0238264
0.0238396
0.0238266
0.023826
0.023846
0.0238391
0.0238342
0.0238443
0.0200646
0.0237121
0.0237293
0.0238325
0.0238329
0.0238527
0.023832
0.0238322
0.0238452
0.0238005
0.0238001
0.0238132
0.0238004
0.0237995
0.0238194
0.0237993
0.0212677
0.021186
0.0229911
0.0238055
0.0238256
0.0238056
0.0238064
0.023826
0.0238055
0.0238058
0.023819
0.0237741
0.0237736
0.0237868
0.0237631
0.0225425
0.0212907
0.0234146
0.0237779
0.0237987
0.0237794
0.02378
0.0237932
0.0239779
0.023981
0.0239811
0.0239827
0.0239837
0.023979
0.0240012
0.0239979
0.0239981
0.0239538
0.0239568
0.0239568
0.0239598
0.0239599
0.0239557
0.0239774
0.0239729
0.023974
0.0239301
0.0239331
0.0239329
0.0239373
0.0239378
0.0239336
0.0239543
0.0239502
0.0239514
0.0239057
0.0239088
0.0239086
0.023914
0.0239149
0.0239104
0.0239322
0.023928
0.0239287
0.0238892
0.023889
0.0238858
0.0239074
0.0239044
0.0239049
0.0238476
0.0238602
0.0238635
0.0171443
0.0201739
0.020204
0.0225912
0.0225953
0.015745
0.0238826
0.0238793
0.0238795
0.0240028
0.0240141
0.0240145
0.0239994
0.0239994
0.0239983
0.0240284
0.0240174
0.024017
0.0239994
0.0239996
0.0240081
0.0240079
0.0240045
0.0240289
0.0240181
0.0240185
0.02398
0.0239863
0.0239865
0.023988
0.0239861
0.0239798
0.0239989
0.0239925
0.0239912
0.0239902
0.0239898
0.023987
0.0240002
0.0239983
0.0239987
0.0239813
0.0239906
0.0239892
0.0239882
0.0239882
0.0239821
0.0240006
0.0239943
0.0239944
0.0239551
0.0239613
0.0239612
0.023963
0.0239613
0.0239552
0.0239736
0.0239674
0.023966
0.0239657
0.0239688
0.0239688
0.0239606
0.0239642
0.0239624
0.0239743
0.0239727
0.0239712
0.0239721
0.0239699
0.0239725
0.0239576
0.0239664
0.0239655
0.0239639
0.0239643
0.0239584
0.0239761
0.0239702
0.0239699
0.0239305
0.0239367
0.0239364
0.023939
0.0239369
0.0239308
0.0239491
0.023943
0.023942
0.023942
0.0239449
0.0239449
0.0239155
0.0239356
0.0239341
0.0239452
0.0239434
0.0239259
0.0239343
0.0239431
0.0239428
0.0239401
0.0239408
0.0239349
0.0239525
0.0239467
0.023946
0.0239056
0.0239119
0.0239115
0.0239148
0.0239123
0.023906
0.0239247
0.0239185
0.0239178
0.023918
0.0239211
0.0239209
0.0239019
0.0239216
0.0239172
0.023922
0.0239207
0.0239043
0.0238934
0.0238431
0.0238493
0.0239101
0.0239192
0.0239198
0.023916
0.0239169
0.0239108
0.0239289
0.0239229
0.0239221
0.0238936
0.0238623
0.0238676
0.0238905
0.0238911
0.0239021
0.0238854
0.0238917
0.0238954
0.0238913
0.0238921
0.0238857
0.0239046
0.0238984
0.0238976
0.0238719
0.0238683
0.023867
0.023875
0.023874
0.0238796
0.0238229
0.0238308
0.0238325
0.0195801
0.0237838
0.023772
0.0227846
0.0227912
0.0182933
0.0238256
0.0238353
0.02186
0.023839
0.0238402
0.0238308
0.023854
0.0238435
0.0238458
0.0239768
0.0239776
0.023976
0.0239883
0.0239834
0.0239819
0.0239842
0.0239841
0.0239873
0.0239847
0.0239825
0.0239864
0.0239984
0.0239981
0.024
0.0239875
0.0239893
0.0239897
0.0239756
0.0239743
0.0239734
0.0239875
0.0239866
0.0239869
0.0239885
0.0239854
0.0239856
0.0239859
0.0239863
0.0239879
0.0239771
0.0239785
0.0239779
0.0239348
0.023949
0.0239471
0.0239606
0.0239587
0.0239517
0.0239597
0.0239597
0.0239627
0.0239343
0.0238957
0.0239069
0.0237589
0.0237652
0.0238737
0.0239144
0.0239198
0.0239449
0.0239656
0.0239613
0.0239626
0.023958
0.0239609
0.0239619
0.0239723
0.0239741
0.0239756
0.0239627
0.0239636
0.0239609
0.0239711
0.0239714
0.023967
0.0239068
0.0239246
0.0239233
0.0239327
0.0239313
0.0239118
0.0239359
0.0239361
0.023939
0.0238397
0.0237005
0.0236958
0.0237459
0.0237413
0.0238531
0.0238633
0.0237469
0.0237528
0.0236929
0.0236915
0.0238372
0.0239433
0.0239392
0.0239401
0.0239277
0.0239282
0.0239194
0.0239486
0.0239488
0.0239447
0.0238337
0.0234231
0.0233578
0.0236715
0.0236585
0.0238457
0.0238575
0.0237552
0.0237506
0.023337
0.0232638
0.0238249
0.0239028
0.0238886
0.0238897
0.0238559
0.0238612
0.0238983
0.0239208
0.0239164
0.023917
0.0239133
0.0239179
0.0239192
0.0239094
0.0239109
0.0239088
0.0239182
0.0239266
0.0239271
0.0239206
0.0239219
0.0239157
0.0239258
0.0239266
0.0239222
0.0238577
0.0237641
0.0237582
0.0237895
0.0237863
0.023857
0.0238511
0.0236956
0.0236838
0.0237516
0.0237442
0.0238565
0.0238839
0.0238766
0.0238758
0.023869
0.0238724
0.0238903
0.0239049
0.0239065
0.023908
0.0238977
0.0239023
0.0239008
0.0239018
0.0239014
0.0238983
0.0238455
0.0234084
0.0233633
0.0233043
0.0233834
0.0238429
0.0238555
0.023795
0.0237924
0.0238616
0.0238354
0.0238314
0.0239905
0.0239937
0.0239939
0.0239936
0.0239949
0.0239899
0.024
0.0239966
0.0239954
0.0239987
0.0239975
0.023998
0.0238896
0.023887
0.0238805
0.0238997
0.0238934
0.0238928
0.0238931
0.0238963
0.0238961
0.0238879
0.0238955
0.0238924
0.0239016
0.0238986
0.023889
0.0237509
0.0236529
0.0236677
0.0235488
0.0235742
0.0237052
0.0238596
0.0238661
0.0238694
0.0239983
0.0239979
0.0239991
0.0239906
0.0239921
0.0239928
0.0239957
0.0239973
0.0240024
0.0239906
0.0239956
0.023994
0.0239949
0.0239947
0.0239916
0.0238956
0.0239095
0.0239047
0.0239156
0.0239111
0.0238964
0.0239117
0.0239119
0.023915
0.0221401
0.0211932
0.0211024
0.0216728
0.0215798
0.0224554
0.0236648
0.0235015
0.0235236
0.0238952
0.0238921
0.0238924
0.0238906
0.0238914
0.0238961
0.0238851
0.0238897
0.0238891
0.0226217
0.0218516
0.0217651
0.0222166
0.0221618
0.022813
0.0238779
0.0238787
0.0238819
0.0238722
0.0238754
0.0238762
0.0238762
0.0238761
0.0238728
0.0240153
0.0240092
0.0240088
0.0240098
0.0240095
0.0240155
0.0240011
0.0240075
0.0240079
0.0240043
0.0240041
0.0240021
0.0240156
0.0240096
0.0240101
0.0240089
0.0240093
0.0240153
0.0239937
0.0239907
0.0239918
0.0239963
0.0239978
0.0239998
0.0239926
0.0239936
0.023993
0.0239969
0.0239965
0.0239947
0.0238518
0.02386
0.0238945
0.0239001
0.0238929
0.023893
0.0237994
0.0237398
0.0237468
0.0236811
0.0236926
0.0237717
0.0237956
0.0238562
0.0238553
0.0238572
0.0238568
0.0238001
0.0238781
0.023873
0.0238719
0.0239754
0.0239809
0.023983
0.0239772
0.0239586
0.0239726
0.0239705
0.0239815
0.0239784
0.023992
0.0239909
0.0239898
0.0239913
0.023991
0.0239927
0.0239801
0.0239792
0.02398
0.0239826
0.0239819
0.023981
0.0238148
0.0238232
0.0239066
0.0238936
0.0237998
0.0238071
0.0239473
0.0239511
0.0239623
0.0239565
0.02394
0.0239436
0.0239529
0.0239538
0.0239456
0.0239621
0.0239615
0.0239601
0.0239644
0.023963
0.0239635
0.0239565
0.0239559
0.0239545
0.0239587
0.0239573
0.0239579
0.0239434
0.0239514
0.0239521
0.0239698
0.0239707
0.0239695
0.0239736
0.0239731
0.0239717
0.0239761
0.0239746
0.0239751
0.0239678
0.0239673
0.0239659
0.0239702
0.0239687
0.0239693
0.0239655
0.0239678
0.0239688
0.0237217
0.0237197
0.0238452
0.0238476
0.0237259
0.0237237
0.0237143
0.0237194
0.0238488
0.0238424
0.0237051
0.0237095
0.0239313
0.0239318
0.0239195
0.0239401
0.0239395
0.0239382
0.0239422
0.0239409
0.0239415
0.0239346
0.0239341
0.0239327
0.0239368
0.0239354
0.023936
0.0239176
0.0239302
0.0239307
0.023951
0.0239504
0.023949
0.0239532
0.0239518
0.0239524
0.0239456
0.0239449
0.0239436
0.0239477
0.0239463
0.0239469
0.0236145
0.0234452
0.0238366
0.0200312
0.0215414
0.0216704
0.0206232
0.0207361
0.0187789
0.0238436
0.0236442
0.0236294
0.0238216
0.0232318
0.023135
0.0238802
0.0238821
0.0239029
0.0239017
0.0238747
0.0238777
0.0239235
0.0239239
0.0239169
0.0239291
0.0239286
0.0239272
0.0239314
0.02393
0.0239305
0.0239234
0.023923
0.0239216
0.0239258
0.0239244
0.0239249
0.0239167
0.0239224
0.0239229
0.0214384
0.0202695
0.0201815
0.0209918
0.0208588
0.0218707
0.0237176
0.0237069
0.0238525
0.0212768
0.0224282
0.0225132
0.0217767
0.0218839
0.0203882
0.0219705
0.0233353
0.0233716
0.0232513
0.0232949
0.0218648
0.0238558
0.0237361
0.0237273
0.0203473
0.0188424
0.018718
0.0200718
0.0199149
0.0211313
0.0238777
0.0238772
0.0238852
0.0237137
0.0237891
0.0237826
0.0238234
0.0238194
0.0237633
0.023775
0.0237666
0.023671
0.0238891
0.0238784
0.0238781
0.0228597
0.0214088
0.0212228
0.0216334
0.0214777
0.0228936
0.0229051
0.0223245
0.0222714
0.0237948
0.0235844
0.0236191
0.0237532
0.0237593
0.0238089
0.0238599
0.0238608
0.0238539
0.023874
0.0238675
0.0238668
0.0238667
0.0238698
0.0238665
0.0238764
0.0238731
0.0238698
0.0235919
0.0235855
0.0216731
0.0238418
0.023813
0.0238104
0.0238221
0.0238164
0.0238455
0.0238782
0.0238828
0.0238796
0.0238892
0.023886
0.0238795
0.0238865
0.0238867
0.0238899
0.0188067
0.018607
0.017214
0.0227794
0.0217046
0.021408
0.0217418
0.0217186
0.0227729
0.0237841
0.0234752
0.023431
0.0236097
0.0236645
0.0237924
0.015594
0.0206041
0.0214567
0.0240067
0.0240043
0.0240041
0.0240049
0.0240048
0.024007
0.0239996
0.0240036
0.0240027
0.0240016
0.0240014
0.0240001
0.0240071
0.0240047
0.024005
0.0240042
0.0240043
0.0240067
0.0239677
0.023966
0.0239629
0.0239677
0.0239671
0.0239687
0.023964
0.0239656
0.0239662
0.0239713
0.0239682
0.0239669
0.0239385
0.023937
0.0239171
0.0239437
0.0239422
0.0239436
0.0239393
0.0239407
0.0239422
0.0239496
0.0239482
0.0239497
0.0239451
0.0239466
0.0239481
0.0239233
0.0239417
0.0239401
0.0238363
0.0238388
0.023892
0.0238708
0.0238696
0.0238735
0.0238327
0.0238572
0.0238573
0.0238565
0.023857
0.0238341
0.0237937
0.0234697
0.0233092
0.0234651
0.0234681
0.0237906
0.0194234
0.0222996
0.0222785
0.0239944
0.0239963
0.0239966
0.0239955
0.0239958
0.023994
0.0239996
0.0239977
0.0239966
0.023976
0.0239752
0.0239764
0.0239832
0.0239847
0.0239843
0.0239858
0.0239853
0.0239837
0.0239885
0.0239869
0.0239874
0.0239796
0.0239791
0.0239776
0.0239821
0.0239806
0.0239811
0.0239795
0.0239801
0.0239816
0.0239528
0.0239509
0.0239381
0.0239556
0.0239544
0.023956
0.0239513
0.0239528
0.0239541
0.0239616
0.0239608
0.0239624
0.0239576
0.0239592
0.0239601
0.0239482
0.0239567
0.0239548
0.023861
0.0238792
0.0239289
0.0234364
0.0237524
0.0236986
0.0238391
0.0238071
0.0236113
0.0230037
0.0235259
0.0235148
0.02355
0.0235377
0.0230324
0.0238775
0.0237718
0.0237787
0.0237574
0.0238659
0.0238558
0.0238799
0.0238734
0.02377
0.0239475
0.0239243
0.0239285
0.0239579
0.0239596
0.0239558
0.0239628
0.0239625
0.0239614
0.0239539
0.0239521
0.0239514
0.0239536
0.0239528
0.0239546
0.0239378
0.0239364
0.0239378
0.0239335
0.0239349
0.0239364
0.0239107
0.02393
0.0239286
0.0237108
0.0237059
0.023841
0.0226326
0.0233991
0.0234184
0.0233573
0.0233767
0.0225319
0.0237352
0.0237409
0.02386
0.0228868
0.0234804
0.0234681
0.0235039
0.0234927
0.0229233
0.0223834
0.02334
0.023345
0.023352
0.0233411
0.0224167
0.0238379
0.0236916
0.0236932
0.0239402
0.0239384
0.0239378
0.0239397
0.0239391
0.0239409
0.0239323
0.0239317
0.0239331
0.0239194
0.0239286
0.023929
0.023951
0.0239492
0.0239485
0.0239506
0.0239499
0.0239517
0.0239429
0.023941
0.0239404
0.0239424
0.0239417
0.0239436
0.0238861
0.0238874
0.0239029
0.0238
0.0238553
0.0238515
0.0238625
0.0238591
0.0238087
0.0238992
0.0238648
0.0238672
0.0239151
0.0239165
0.0239137
0.0239177
0.0239174
0.0239159
0.0239202
0.0239188
0.0239191
0.0239117
0.0239115
0.02391
0.0239145
0.023913
0.0239133
0.0239101
0.0239123
0.0239137
0.0237744
0.0237695
0.0238578
0.0225449
0.0234597
0.0234841
0.0234039
0.0234331
0.0224901
0.0230804
0.0235442
0.0235613
0.0235059
0.0235258
0.0230418
0.0238573
0.0237827
0.0237787
0.0203533
0.0193369
0.0192828
0.0194784
0.0193984
0.0204175
0.0237993
0.0237972
0.0238548
0.0232189
0.0236048
0.0236169
0.0235772
0.0235916
0.0231879
0.0192311
0.0191803
0.0201767
0.0239969
0.0239963
0.0239953
0.0236247
0.0236383
0.023743
0.0237168
0.0235956
0.0236114
0.0239955
0.0239967
0.0239972
0.0239986
0.0239974
0.0239969
0.0239939
0.0239933
0.0239943
0.0213443
0.0212711
0.0222116
0.0191555
0.0202314
0.0202953
0.0194311
0.0205514
0.0206801
0.0203633
0.0204458
0.0193123
0.0223983
0.0214948
0.0214164
0.0219928
0.021927
0.0226675
0.0200865
0.0210413
0.0211231
0.0208157
0.0209399
0.0199674
0.0239909
0.0239903
0.0239894
0.0239923
0.0239913
0.0239919
0.0239872
0.0239865
0.0239856
0.0239885
0.0239874
0.0239881
0.0239659
0.023965
0.0239684
0.0238153
0.0237398
0.0237524
0.0237181
0.0237277
0.0238096
0.023834
0.0237775
0.023784
0.0237631
0.023771
0.0238303
0.023723
0.023732
0.0237953
0.0234363
0.0236303
0.0236144
0.0236552
0.0236435
0.0234616
0.0235969
0.023579
0.0233198
0.0237786
0.0237031
0.0237133
0.023973
0.0239581
0.0239622
0.0239471
0.0239538
0.0239702
0.0239832
0.0239789
0.0239819
0.0239674
0.0239736
0.023981
0.0239136
0.0238309
0.0238394
0.0239487
0.023896
0.0239322
0.0238506
0.0238688
0.0239361
0.0239872
0.0239846
0.0239769
0.0239884
0.0239874
0.0239888
0.0239839
0.0239857
0.0239873
0.0239791
0.0239781
0.023977
0.0239838
0.0239829
0.0239835
0.0239808
0.0239819
0.023983
0.02398
0.0239809
0.0239796
0.0231989
0.0236214
0.0236078
0.0236614
0.0236381
0.0232237
0.0239115
0.0238331
0.0238453
0.0237857
0.0237927
0.0238894
0.0231144
0.0235735
0.0235622
0.0235956
0.0235844
0.0231345
0.0239324
0.0239362
0.0239543
0.0237994
0.0238919
0.023886
0.0239034
0.0238977
0.0238081
0.0239597
0.0239583
0.0239575
0.0239602
0.0239592
0.0239605
0.0239468
0.0239548
0.0239562
0.0239499
0.0239507
0.0239426
0.0239568
0.0239551
0.0239543
0.0239567
0.0239559
0.0239575
0.0227798
0.023444
0.0234475
0.0234316
0.0234393
0.0227762
0.0238444
0.0237174
0.0237147
0.0227473
0.0234325
0.023419
0.0234563
0.0234448
0.0227843
0.0238514
0.0237245
0.0237297
0.0236968
0.0237008
0.0238406
0.0225728
0.0233799
0.023366
0.0234056
0.0233928
0.0226142
0.0239376
0.0239359
0.0239352
0.0239371
0.0239365
0.0239383
0.0239203
0.0239325
0.0239331
0.0239294
0.0239297
0.0239176
0.023935
0.0239334
0.0239328
0.0239346
0.023934
0.0239357
0.0239483
0.0239464
0.0239457
0.0239478
0.0239471
0.023949
0.0239456
0.0239437
0.023943
0.0239451
0.0239444
0.0239462
0.0228831
0.021812
0.0216785
0.0220066
0.0219193
0.0229437
0.0226468
0.0212652
0.0211755
0.0215282
0.0213834
0.022703
0.0212158
0.0213721
0.0198439
0.0232555
0.0225162
0.02243
0.0230886
0.0221637
0.0220846
0.0223396
0.0222483
0.0231318
0.0189784
0.0208758
0.0210428
0.0196496
0.0196307
0.0218577
0.0224419
0.0209284
0.0207704
0.0211021
0.0210275
0.0225002
0.0220458
0.0199326
0.0197442
0.020523
0.0202163
0.0221537
0.023903
0.0238836
0.0238849
0.0238694
0.0238719
0.0239011
0.0204506
0.0203542
0.0215182
0.0217792
0.0207116
0.0205697
0.0191713
0.018981
0.0204815
0.0209781
0.0196898
0.0194223
0.0238471
0.0238044
0.0238095
0.0237911
0.0237981
0.0238441
0.0238572
0.023823
0.0238273
0.0238141
0.0238186
0.023855
0.0236552
0.0237584
0.0237508
0.0206855
0.0197396
0.0195916
0.0199187
0.0198872
0.0207839
0.0234159
0.023145
0.023141
0.0230831
0.0231155
0.0233928
0.0240065
0.024013
0.0240157
0.0240136
0.0240134
0.0240069
0.0238646
0.0238655
0.0238689
0.0238586
0.0238621
0.0238611
0.0240028
0.0240013
0.0240012
0.0240018
0.0240017
0.0240031
0.0239985
0.0240002
0.0240004
0.024
0.0239995
0.0239985
0.0240029
0.0240014
0.0240016
0.0240013
0.0240012
0.0240028
0.0240107
0.024011
0.0240146
0.0240041
0.0240076
0.0240088
0.0239693
0.023971
0.0239694
0.0239035
0.0239194
0.0239181
0.0238249
0.0238673
0.0238651
0.023871
0.0238692
0.0238284
0.0239017
0.0238916
0.023892
0.0239808
0.0239792
0.0239786
0.0239468
0.023964
0.0239614
0.0239688
0.0239664
0.0239505
0.0239851
0.0239857
0.0239867
0.0239839
0.0239848
0.0239841
0.023986
0.0239857
0.0239847
0.023963
0.0239664
0.0239684
0.0239168
0.0239493
0.0239412
0.0239584
0.0239546
0.0239303
0.0239617
0.0239644
0.0239652
0.0239273
0.0239259
0.0239077
0.023932
0.0239306
0.0239321
0.0239278
0.0239292
0.0239305
0.0228084
0.0234886
0.0235024
0.0234691
0.0234774
0.0227701
0.0238519
0.0237372
0.0237337
0.0230061
0.0235457
0.0235575
0.0235171
0.0235309
0.0229685
0.0239255
0.023926
0.0239177
0.0239036
0.0239051
0.0239036
0.0239085
0.023907
0.0239071
0.0233231
0.0236473
0.0236556
0.0236281
0.0236381
0.0233003
0.0238524
0.0238025
0.023801
0.0238366
0.0238552
0.023856
0.0238532
0.0238543
0.0238367
0.020373
0.0213303
0.021406
0.0211937
0.0212609
0.0202995
0.0227799
0.0221075
0.0220517
0.024008
0.0240061
0.0240062
0.0240054
0.0240057
0.0240077
0.0240017
0.0240037
0.0240034
0.0239949
0.0239944
0.0239933
0.0239966
0.0239955
0.0239959
0.0239941
0.0239946
0.0239957
0.0238924
0.0238927
0.0239006
0.0238415
0.0238748
0.0238729
0.0238777
0.0238764
0.0238456
0.02399
0.0239911
0.0239913
0.0239884
0.0239898
0.0239886
0.0238343
0.0239156
0.0239092
0.0239317
0.0239229
0.0238474
0.0239641
0.0239549
0.023959
0.0239705
0.0239716
0.0239724
0.023966
0.0239669
0.0239643
0.0237308
0.0237283
0.0238485
0.0227369
0.0234584
0.0234631
0.0234509
0.0234544
0.022744
0.0230902
0.0235864
0.0235968
0.0235678
0.0235775
0.0230718
0.0239169
0.0239245
0.0239249
0.0239213
0.0239218
0.0239165
0.022213
0.0223281
0.0210925
0.0205196
0.0219823
0.0221013
0.0238033
0.0237963
0.023724
0.0238312
0.0238347
0.0238624
0.023755
0.0238149
0.0238094
0.0224229
0.0223752
0.0229331
0.0208044
0.0216461
0.0217154
0.0214872
0.0215688
0.0206954
0.0211009
0.0219427
0.0220046
0.0218025
0.0218763
0.0210376
0.023526
0.0236772
0.0236663
0.0236973
0.0236877
0.023548
0.0238113
0.0237648
0.0237698
0.02048
0.0195964
0.0197117
0.0196527
0.0196143
0.0205055
0.0171828
0.0185695
0.0185746
0.0201355
0.0203004
0.0156294
0.0234349
0.0227381
0.0223603
0.0230732
0.0229619
0.0234249
0.0240039
0.0240026
0.0240028
0.024002
0.0240023
0.0240035
0.0239995
0.0240009
0.0240005
0.0240864
0.0240863
0.0240996
0.0240863
0.0240863
0.0240995
0.0240863
0.0240863
0.0240996
0.0240864
0.0240864
0.0240996
0.02406
0.0240599
0.0240732
0.0240601
0.0240601
0.0240733
0.0240335
0.0240335
0.0240467
0.024046
0.024046
0.0240528
0.0240459
0.0240459
0.0240527
0.0240341
0.024034
0.0240471
0.0240072
0.0240073
0.0240203
0.0240193
0.0240192
0.024026
0.0240247
0.0240247
0.0240283
0.0240082
0.0240082
0.0240211
0.0239812
0.0239813
0.0239943
0.0239988
0.0239992
0.0240024
0.0239828
0.0239826
0.0239953
0.0239554
0.0239557
0.0239685
0.0239741
0.0239745
0.0239774
0.0239577
0.0239573
0.0239699
0.0239297
0.0239301
0.0239429
0.0239513
0.0239514
0.0239543
0.0239328
0.0239321
0.0239447
0.023904
0.0239046
0.0239174
0.0239285
0.0239285
0.0239314
0.0239078
0.0239069
0.0239195
0.0238782
0.0238789
0.0238917
0.0238925
0.0238929
0.0238993
0.0239047
0.0239046
0.0239077
0.0238825
0.0238814
0.0238942
0.0238522
0.0238529
0.0238659
0.0238667
0.0238671
0.0238736
0.0238735
0.0238736
0.0238769
0.0238569
0.0238557
0.0238686
0.0238258
0.0238264
0.0238398
0.0238398
0.0238401
0.0238468
0.0195729
0.0226062
0.0225872
0.0238457
0.0238463
0.023853
0.023831
0.0238298
0.0238428
0.0237993
0.0238
0.0238132
0.0238126
0.0238082
0.0238157
0.022965
0.0237999
0.0238066
0.023819
0.0238198
0.0238265
0.0238046
0.0238032
0.0238164
0.0237743
0.0237739
0.023787
0.0237792
0.0237795
0.0237927
0.0237479
0.0237471
0.0237604
0.0237267
0.0225371
0.0225399
0.0233986
0.0237512
0.0237646
0.023753
0.0237536
0.0237668
0.0238802
0.0238834
0.0238833
0.023863
0.0238628
0.0238593
0.0240038
0.0240073
0.0240075
0.0240283
0.0240247
0.0240247
0.0239815
0.0239819
0.0239788
0.0239804
0.0239835
0.023983
0.023957
0.0239572
0.0239542
0.0239756
0.0239725
0.0239722
0.0239571
0.02396
0.0239598
0.023933
0.023933
0.02393
0.0239512
0.0239482
0.023948
0.0239343
0.0239371
0.0239372
0.0239269
0.0239239
0.0239239
0.0239004
0.0239141
0.0239128
0.0239107
0.0239137
0.0239138
0.0202165
0.0202145
0.0181269
0.0238559
0.0238525
0.0238526
0.0239873
0.0239857
0.0239852
0.0239765
0.0239772
0.0239771
0.0239742
0.0239749
0.0239757
0.0239141
0.0239177
0.0239183
0.0239189
0.0239195
0.023915
0.0238975
0.0238991
0.023898
0.0238482
0.023806
0.0238055
0.0238047
0.0238037
0.0238514
0.0238656
0.0238642
0.0238669
0.0239902
0.0239907
0.023989
0.0240012
0.0239994
0.023999
0.0238801
0.0238865
0.0238861
0.0238857
0.0238917
0.0238903
0.0239005
0.0238991
0.023891
0.0238657
0.0238664
0.0238599
0.0238793
0.0238729
0.0238722
0.0239993
0.0239998
0.0240016
0.0239895
0.0239912
0.0239906
0.0238938
0.0239033
0.023902
0.0239115
0.0239102
0.023898
0.0238936
0.0238944
0.023896
0.0238847
0.0238863
0.023886
0.0238811
0.0238814
0.023883
0.0240151
0.0240131
0.0240131
0.0240019
0.0240039
0.024004
0.0240132
0.0240132
0.0240152
0.0239986
0.023999
0.0240001
0.0237845
0.02383
0.0238269
0.0238418
0.0238404
0.0238083
0.0221664
0.0229175
0.0229587
0.0225848
0.0226489
0.0216577
0.0238538
0.0238605
0.0238602
0.023867
0.0238703
0.0238702
0.0240004
0.0240016
0.0240016
0.0238182
0.023844
0.023843
0.0239935
0.023994
0.023993
0.0240001
0.0239991
0.0239989
0.0226518
0.0231744
0.0231983
0.0229965
0.0230301
0.0223773
0.0240266
0.02402
0.0240201
0.0238695
0.0238662
0.0238663
0.0240149
0.0240114
0.0240116
0.0240034
0.0240053
0.024005
0.0239739
0.0239734
0.023975
0.0239703
0.0239719
0.0239724
0.0239261
0.0239249
0.0239263
0.023922
0.0239235
0.0239246
0.0239802
0.0239798
0.0239814
0.0239766
0.0239782
0.0239786
0.0239054
0.0239055
0.023904
0.0238652
0.0238626
0.023861
0.0240012
0.0240023
0.0240022
0.0240394
0.0240394
0.0240325
0.0240321
0.0240391
0.0240391
0.024039
0.024039
0.0240319
0.0240527
0.0240459
0.0240459
0.0240319
0.0240389
0.024039
0.0240393
0.0240392
0.0240324
0.0240528
0.024046
0.0240461
0.0240329
0.0240396
0.0240396
0.0240059
0.0240125
0.0240126
0.0240151
0.0240121
0.0240055
0.0240257
0.0240189
0.0240186
0.0240214
0.0240213
0.0240177
0.0240172
0.024021
0.024021
0.0240212
0.0240211
0.0240175
0.0240283
0.0240248
0.0240248
0.0239928
0.023996
0.0239955
0.0239686
0.0239715
0.0239712
0.0239457
0.0239486
0.0239485
0.0239226
0.0239256
0.0239256
0.0238984
0.0239015
0.0239016
0.0238327
0.0238336
0.023827
0.023847
0.0238403
0.0238393
0.0238375
0.0238419
0.0238385
0.0238486
0.0238452
0.0238409
0.0226878
0.0226479
0.0198142
0.023709
0.0234191
0.0234341
0.0234178
0.0234165
0.0237104
0.0238333
0.0238398
0.0238391
0.0238395
0.0238401
0.0238336
0.0238533
0.0238467
0.0238462
0.0238204
0.0238138
0.0238128
0.0237924
0.0238003
0.0238059
0.0212432
0.0235457
0.0235295
0.0235848
0.0235648
0.0212163
0.0237864
0.0237931
0.0229789
0.0238122
0.0238106
0.0238039
0.0238241
0.0238174
0.0238189
0.0239793
0.0239809
0.0239805
0.0239585
0.023959
0.0239604
0.0239562
0.0239576
0.0239571
0.0239759
0.0239763
0.0239778
0.0239734
0.0239749
0.0239744
0.0239364
0.0239367
0.0239381
0.0239339
0.0239352
0.023935
0.0239529
0.0239534
0.0239548
0.0239506
0.023952
0.0239516
0.0239308
0.023931
0.0239324
0.0239281
0.0239295
0.0239294
0.0238516
0.0238556
0.023852
0.0238632
0.0238596
0.0238568
0.0238601
0.0238602
0.0238637
0.0185787
0.0185839
0.0171697
0.0163642
0.0202515
0.020127
0.0240085
0.024007
0.0240034
0.0240141
0.0240105
0.0240104
0.024011
0.0240109
0.0240145
0.0240248
0.0240248
0.0240284
0.0240174
0.0240211
0.0240211
0.0240209
0.024021
0.0240172
0.0240254
0.0240254
0.0240289
0.0240182
0.0240218
0.0240218
0.024022
0.024022
0.0240184
0.0239883
0.0239851
0.0239847
0.0239945
0.0239949
0.0239916
0.0239888
0.0239893
0.0239903
0.0239875
0.0239884
0.0239879
0.0239861
0.0239865
0.0239896
0.0239633
0.0239603
0.02396
0.0239691
0.0239694
0.0239664
0.0239626
0.0239628
0.0239657
0.0239391
0.0239361
0.023936
0.023945
0.0239451
0.0239421
0.02394
0.02394
0.0239429
0.0239146
0.0239115
0.0239117
0.0239209
0.0239208
0.0239178
0.0239167
0.0239154
0.0239011
0.0239202
0.0239191
0.0239206
0.0239162
0.0239177
0.0239186
0.0239168
0.0239167
0.0239197
0.0238643
0.0238837
0.0238831
0.0238844
0.023884
0.0238661
0.0222552
0.0222348
0.019652
0.0237802
0.0234499
0.0234587
0.0227885
0.0217678
0.0217577
0.0217719
0.0217731
0.0227904
0.0181996
0.0202056
0.0202022
0.0238081
0.0238058
0.0238321
0.021936
0.0236012
0.0235972
0.0238504
0.0238517
0.0238551
0.0238448
0.0238482
0.0238468
0.023983
0.0239846
0.023985
0.0239835
0.023984
0.0239824
0.023984
0.0239849
0.0239839
0.0239867
0.0239858
0.0239853
0.0239642
0.0239647
0.0239661
0.0239618
0.0239632
0.0239627
0.0239732
0.023974
0.0239732
0.0239699
0.0239704
0.0239719
0.0239675
0.023969
0.0239685
0.0239419
0.0239423
0.0239437
0.0239395
0.0239409
0.0239405
0.0239474
0.0239479
0.0239492
0.0239451
0.0239465
0.023946
0.0234006
0.0237052
0.0237131
0.0236892
0.0236974
0.0233789
0.0233153
0.0236726
0.0236812
0.0236532
0.0236634
0.0232914
0.0239193
0.0239193
0.0239208
0.0239165
0.0239171
0.0239137
0.0239154
0.0239201
0.0239207
0.0239251
0.0239252
0.0239266
0.0239223
0.0239237
0.0239237
0.0238704
0.0238847
0.0238845
0.0238846
0.0238846
0.0238715
0.0238992
0.0238993
0.0238977
0.0239024
0.0239009
0.0239008
0.0238994
0.0239006
0.0239021
0.023806
0.0238063
0.0238469
0.0233966
0.0236752
0.0236792
0.023663
0.0236696
0.0233809
0.0233015
0.0236142
0.0236149
0.0236736
0.0236306
0.0233215
0.0238593
0.0238574
0.0238597
0.0238336
0.0238499
0.0238518
0.0238469
0.0238483
0.0238324
0.0239941
0.0239924
0.0239919
0.0239972
0.0239976
0.0239958
0.0238947
0.0238933
0.0238868
0.02389
0.0238976
0.0238962
0.0239963
0.023998
0.0239975
0.0239923
0.0239918
0.0239901
0.0239952
0.0239935
0.0239939
0.0239923
0.0239928
0.0239945
0.0239061
0.0239048
0.0238947
0.0238972
0.0239088
0.0239075
0.0238913
0.0238929
0.0238921
0.0238875
0.0238881
0.0238897
0.0240133
0.0240133
0.0240153
0.0240092
0.0240113
0.0240113
0.024011
0.024011
0.0240089
0.0240116
0.0240116
0.0240096
0.0240032
0.0240035
0.0240015
0.0240076
0.0240056
0.0240054
0.024006
0.0240059
0.0240078
0.0240137
0.0240137
0.0240156
0.0240097
0.0240117
0.0240117
0.024012
0.024012
0.02401
0.024009
0.0240111
0.0240111
0.0240114
0.0240113
0.0240093
0.0240153
0.0240133
0.0240134
0.0239927
0.023993
0.0239938
0.0239912
0.0239921
0.0239917
0.0239968
0.0239979
0.0239974
0.0238546
0.0238804
0.0238791
0.0238824
0.0238814
0.0238573
0.023835
0.0238327
0.0237904
0.0238044
0.0238388
0.0238371
0.0239775
0.0239805
0.0239791
0.0239828
0.0239817
0.0239793
0.0239634
0.0239735
0.0239711
0.0239776
0.0239757
0.0239684
0.0237207
0.0237278
0.0234661
0.0231974
0.0236298
0.023642
0.0236064
0.0236184
0.0231644
0.0228185
0.0228702
0.022073
0.0217599
0.0227069
0.0227644
0.0213437
0.0221623
0.0222141
0.0220594
0.0221144
0.0212833
0.0216182
0.022348
0.0223589
0.0222601
0.0223087
0.021551
0.0235989
0.023717
0.0237078
0.0237284
0.0237243
0.0236117
0.0238085
0.0238423
0.0238454
0.0221521
0.0220609
0.0213106
0.0236099
0.0237197
0.0237202
0.0240043
0.0240056
0.0240056
0.0240053
0.0240053
0.0240041
0.024001
0.0240012
0.0239999
0.0240036
0.0240024
0.0240023
0.0240047
0.0240059
0.0240059
0.0240042
0.0240054
0.0240055
0.0240055
0.0240055
0.0240043
0.023617
0.0236186
0.023313
0.023996
0.023995
0.0239945
0.0239977
0.0239981
0.023997
0.0231203
0.023148
0.0225995
0.0224345
0.0230617
0.0230917
0.0241127
0.0241127
0.0241259
0.0241127
0.0241127
0.0241259
0.0241127
0.0241127
0.0241259
0.0241128
0.0241128
0.0241259
0.0240864
0.0240864
0.0240996
0.0240865
0.0240864
0.0240996
0.0240599
0.0240601
0.0240733
0.0240602
0.0240602
0.0240733
0.0240464
0.0240464
0.0240531
0.0240206
0.0240207
0.0240272
0.0239949
0.023995
0.0240013
0.0239702
0.0239701
0.0239763
0.023946
0.0239458
0.0239519
0.0239219
0.0239213
0.0239274
0.0238972
0.0238962
0.0239024
0.0238793
0.0238787
0.0238819
0.0238717
0.0238704
0.0238768
0.0238459
0.023846
0.0238494
0.0238134
0.0238137
0.0238203
0.0237731
0.0237739
0.023787
0.0237784
0.0237768
0.0237899
0.023748
0.0237476
0.0237607
0.0237528
0.0237531
0.0237663
0.0237217
0.0237206
0.0237339
0.0236967
0.0225341
0.0225338
0.0233828
0.0237246
0.0237379
0.0237266
0.0237271
0.0237403
0.0238527
0.0238564
0.0238564
0.0240015
0.0239982
0.0239979
0.0239086
0.0239083
0.0239052
0.0238853
0.0238885
0.023889
0.0197201
0.0222205
0.0222153
0.0236061
0.0236043
0.0220065
0.0237701
0.0237709
0.023829
0.0238578
0.0238556
0.0238539
0.0238832
0.0238827
0.0238795
0.023902
0.0238989
0.0238992
0.0238714
0.023873
0.0238729
0.0238754
0.0238794
0.0238779
0.0238887
0.0238873
0.023882
0.0240057
0.0240091
0.0240088
0.0240596
0.0240663
0.0240663
0.0240662
0.0240662
0.0240595
0.0240595
0.0240663
0.0240663
0.0240663
0.0240663
0.0240596
0.0240328
0.0240396
0.0240395
0.024053
0.0240462
0.0240462
0.0240354
0.0240354
0.0240319
0.024032
0.0240355
0.0240355
0.0240399
0.0240399
0.0240332
0.0240131
0.0240132
0.0240066
0.0240081
0.0240083
0.0240049
0.024018
0.0240215
0.0240216
0.0240286
0.024025
0.0240251
0.0240077
0.0240142
0.0240141
0.023987
0.0239871
0.0239807
0.0240001
0.0239935
0.0239934
0.0239825
0.0239887
0.0239886
0.0239616
0.0239616
0.0239553
0.0239743
0.0239679
0.0239679
0.0239723
0.023972
0.0239691
0.023978
0.023975
0.0239753
0.0239579
0.023964
0.0239641
0.0239366
0.0239364
0.0239301
0.023949
0.0239427
0.0239428
0.0239489
0.0239488
0.023946
0.0239546
0.0239517
0.0239518
0.0239336
0.0239397
0.02394
0.0239115
0.0239111
0.0239047
0.0239238
0.0239175
0.0239178
0.0239253
0.0239256
0.0239227
0.0239315
0.0239286
0.0239284
0.0239088
0.023915
0.0239158
0.0238983
0.0238919
0.0238925
0.0238834
0.0238897
0.0238909
0.0238721
0.0238753
0.023876
0.0238269
0.0238335
0.0238332
0.0238393
0.0238426
0.0238425
0.0238062
0.0238071
0.0238005
0.0238063
0.0238129
0.0238123
0.0239821
0.0239824
0.0239839
0.0239134
0.0239134
0.0239148
0.0240047
0.0240048
0.024003
0.0239844
0.0239841
0.023981
0.0239903
0.0239872
0.0239875
0.0239605
0.0239603
0.0239575
0.0239662
0.0239632
0.0239635
0.0239372
0.0239373
0.0239344
0.0239431
0.0239402
0.0239402
0.0239131
0.0239136
0.0239106
0.0239197
0.0239167
0.0239163
0.0238922
0.0238919
0.023895
0.0238351
0.0238318
0.0238274
0.0234256
0.0234395
0.0237763
0.0238288
0.0238032
0.0238006
0.0238368
0.0238381
0.0238415
0.0238492
0.0238491
0.0238456
0.0239867
0.0239863
0.023988
0.0239164
0.0239178
0.0239178
0.0238335
0.0237801
0.0238026
0.0239933
0.0239931
0.0239949
0.0239897
0.0239914
0.0239916
0.0238892
0.0238861
0.0238864
0.023896
0.0238956
0.0238925
0.023999
0.0239987
0.0239969
0.0240023
0.0240005
0.0240007
0.023908
0.0239074
0.0239089
0.0239141
0.0239133
0.0239148
0.0239103
0.0239118
0.0239126
0.0238929
0.023893
0.0238914
0.0238962
0.0238946
0.0238946
0.0238898
0.0238882
0.0238882
0.023878
0.0238796
0.0238795
0.0238745
0.0238747
0.0238763
0.0240098
0.0240117
0.0240117
0.0240155
0.0240135
0.0240135
0.0238826
0.0238811
0.0238768
0.0238808
0.0238857
0.0238842
0.0240123
0.0240125
0.0240159
0.0240069
0.0240071
0.0240089
0.0240319
0.0240355
0.0240355
0.0240354
0.0240354
0.0240319
0.0240152
0.0240117
0.0240116
0.0240086
0.0240067
0.0240066
0.0241128
0.0241128
0.0241259
0.0241128
0.0241128
0.0241259
0.0240865
0.0240864
0.0240997
0.0240602
0.0240602
0.0240733
0.0240336
0.0240336
0.0240467
0.0240463
0.0240464
0.0240531
0.0240341
0.024034
0.0240471
0.0240074
0.0240074
0.0240205
0.0240251
0.0240251
0.0240287
0.0240082
0.0240081
0.024021
0.0239813
0.0239814
0.0239944
0.0239825
0.0239823
0.0239952
0.0239553
0.0239555
0.0239684
0.023957
0.0239567
0.0239695
0.0239294
0.0239297
0.0239426
0.0239317
0.0239311
0.0239439
0.0239035
0.0239039
0.0239168
0.0239063
0.0239055
0.0239183
0.0238775
0.023878
0.023891
0.0238807
0.0238797
0.0238925
0.0238514
0.0238521
0.0238651
0.0238549
0.0238537
0.0238667
0.0238457
0.0238443
0.0238508
0.0238289
0.0238277
0.0238406
0.023786
0.0237757
0.0237843
0.0230192
0.0237727
0.0237796
0.023752
0.0237502
0.0237634
0.024029
0.0240255
0.0240255
0.0238587
0.023862
0.0238627
0.0238762
0.023873
0.0238733
0.0240664
0.0240664
0.0240597
0.0240598
0.0240664
0.0240664
0.0240397
0.0240397
0.024033
0.0240533
0.0240466
0.0240466
0.0240338
0.0240403
0.0240403
0.0240264
0.0240197
0.0240197
0.0240192
0.0240226
0.0240225
0.0239969
0.0239967
0.0239935
0.0240032
0.0239999
0.0240001
0.0238861
0.0238854
0.023879
0.0239007
0.0239013
0.0238982
0.0239075
0.0239044
0.0239039
0.0238602
0.0238593
0.0238528
0.0238724
0.0238659
0.0238667
0.0238574
0.0238638
0.0238652
0.0238268
0.0238201
0.0238193
0.0235182
0.0235111
0.0213352
0.0237972
0.0237905
0.023792
0.0238661
0.0238654
0.0238687
0.0238701
0.0238696
0.0238664
0.0240221
0.0240221
0.0240187
0.0232913
0.0202543
0.011017
0.0232729
0.0201884
0.0108702
0.0230493
0.0196103
0.0100898
0.0230347
0.0195804
0.0100794
0.00784883
0.0011617
-0.00372457
0.0239637
0.0234301
0.0168667
0.0231584
0.0192732
0.00613905
0.023034
0.0188555
0.00556332
0.00777642
0.00115668
-0.00372579
0.0157946
0.0114611
0.00311723
0.023957
0.0233398
0.0163692
0.0233713
0.0204138
0.010999
0.0233837
0.0204431
0.0110071
0.0231821
0.0199782
0.0106721
0.0231753
0.0199839
0.0107473
0.02288
0.0191841
0.00951988
0.0229018
0.0192575
0.00964954
0.0106537
0.00275763
-0.00320152
0.0113728
0.00322745
-0.00307114
0.0149138
0.0112582
0.00300021
0.023992
0.0238539
0.0207616
0.0237046
0.0215593
0.0113887
0.0237415
0.021751
0.0116546
0.0236921
0.0214945
0.0112979
0.0233208
0.0202914
0.0109134
0.023239
0.0201262
0.0108779
0.023108
0.0198022
0.0104421
0.0229695
0.0194159
0.00976264
0.0222926
0.0177568
0.00772411
0.0239487
0.0230467
0.0151549
0.00724977
0.00104515
-0.00373888
0.0118142
0.00346867
-0.00301794
0.0115
0.00327515
-0.00306795
0.0193351
0.0122535
0.00134752
0.0140096
0.00460717
-0.00287122
0.014584
0.00509249
-0.0027167
0.0153105
0.00574891
-0.00254017
0.0148282
0.00531907
-0.00266906
0.0163541
0.00679124
-0.0022034
0.0155144
0.00594496
-0.00247238
0.0161826
0.00661542
-0.00226966
0.0138723
0.00450237
-0.00290113
0.01331
0.00406289
-0.00300893
0.0126147
0.00358266
-0.00313345
0.0131387
0.00393951
-0.00304902
0.011115
0.00271119
-0.00337637
0.0116638
0.00298938
-0.00329678
0.0124098
0.00344077
-0.00317948
0.0118979
0.00314633
-0.00325387
0.0108715
0.00255707
-0.00340819
0.00754638
0.000804364
-0.00384433
0.00737802
0.000905376
-0.0037989
0.0118793
0.00352515
-0.00299346
0.0237528
0.021812
0.0117503
0.0237929
0.0220507
0.0120354
0.0238039
0.0221209
0.0121781
0.023336
0.0203368
0.0109824
0.023424
0.0205642
0.0111883
0.0232256
0.0200926
0.0108334
0.0231186
0.0198157
0.0104135
0.022826
0.0190439
0.00928092
0.0229495
0.0193597
0.00969059
0.0220141
0.0170979
0.00660179
0.0221605
0.0174258
0.00740388
0.0220461
0.0171838
0.00676483
0.0222571
0.0176725
0.00751706
0.0221798
0.0174695
0.00748474
0.0214568
0.0157496
0.00504366
0.021024
0.0149114
0.00371812
0.0209525
0.0147971
0.00349344
0.019201
0.0120593
0.00116061
0.0188147
0.0116481
0.00139359
0.0234922
0.0207565
0.0111331
0.023502
0.0207716
0.0110532
0.0232987
0.0202526
0.0109432
0.0234795
0.0207196
0.011118
0.0234631
0.0206545
0.0109932
0.0232583
0.0201483
0.0108136
0.0230677
0.019662
0.0101653
0.0227554
0.0188701
0.00931403
0.0227676
0.0188851
0.00929334
0.0230234
0.0195674
0.0101114
0.0227309
0.0187927
0.00915376
0.0227056
0.0187144
0.00899766
0.00821166
0.00177773
-0.00352644
0.00805125
0.00162181
-0.00357374
0.00785038
0.00112999
-0.00373172
0.00835033
0.00197296
-0.00346787
0.00847862
0.00220943
-0.00339686
0.0239681
0.0234845
0.017298
0.0207166
0.0143496
0.00328513
0.0206345
0.0142227
0.00304507
0.0232747
0.0196738
0.00671489
0.0237228
0.0215834
0.0105745
0.0229317
0.0185035
0.00505422
0.00766216
0.00112497
-0.00373494
0.0158102
0.0112819
0.00242232
0.0239483
0.0232484
0.0160104
0.0235702
0.0210119
0.0113011
0.0233614
0.0204011
0.011045
0.0233983
0.0204874
0.0110639
0.0231928
0.0199934
0.010654
0.0231518
0.0199083
0.0105549
0.0228604
0.0191384
0.00946761
0.0229194
0.0193003
0.00969572
0.0226093
0.0184904
0.00866601
0.0207729
0.0144481
0.00347428
0.0208367
0.0145972
0.00330425
0.0239913
0.023829
0.019829
0.0239887
0.0237544
0.0190045
0.0110393
0.00309149
-0.00309972
0.0112182
0.00317164
-0.00307788
0.0237196
0.0216483
0.0116152
0.023731
0.0217027
0.011658
0.0236739
0.0214229
0.011515
0.023528
0.0208511
0.0110641
0.023514
0.0208034
0.0110286
0.0233083
0.0202629
0.0108995
0.0234304
0.0205699
0.0111801
0.02345
0.0206123
0.0109524
0.0232469
0.0201274
0.0108169
0.023088
0.0197374
0.0103165
0.0228002
0.0189616
0.00939971
0.0227831
0.0189157
0.00931457
0.0229905
0.01949
0.00988983
0.0226609
0.0185992
0.00883348
0.0226825
0.018649
0.00889403
0.0223518
0.0178671
0.00802771
0.022335
0.0178396
0.00798682
0.00763265
0.00123946
-0.00368727
0.00785014
0.00148048
-0.00361595
0.00764145
0.00105135
-0.00374724
0.0081278
0.00278279
-0.00316796
0.00847113
0.00247159
-0.00331099
0.00742739
0.00341059
-0.0027862
0.0117229
0.00339572
-0.0030456
0.0116159
0.00332977
-0.00306127
0.0239747
0.0235707
0.0178329
0.0204139
0.0138607
0.00290233
0.0204951
0.0140161
0.00276273
0.0205589
0.0141143
0.00282896
0.0234872
0.0205324
0.00835668
0.023346
0.0199561
0.00726956
0.0235691
0.0208817
0.0090444
0.0236382
0.0212041
0.00981076
0.0227687
0.0179633
0.00426908
0.0198801
0.0115494
-0.000473868
0.0141748
0.00473892
-0.00282987
0.0143656
0.00489746
-0.00277722
0.0151317
0.00558099
-0.00259573
0.0149801
0.00544289
-0.00263805
0.0157449
0.00617671
-0.00239591
0.0160019
0.00644155
-0.00232809
0.01374
0.00441453
-0.00292075
0.0135114
0.00422279
-0.00295906
0.0128491
0.00376065
-0.00309422
0.0130005
0.00385245
-0.00307497
0.0112763
0.00277767
-0.00336149
0.0114585
0.00287105
-0.00333489
0.012236
0.00333425
-0.0032132
0.012103
0.00327672
-0.00322894
0.0106248
0.0024069
-0.00345124
0.00751785
0.00105956
-0.00375343
0.0119784
0.00357481
-0.00296337
0.0237836
0.0219985
0.0120002
0.0237639
0.0218789
0.0119337
0.0238156
0.0222031
0.0124414
0.0235438
0.0209147
0.0111666
0.0235594
0.0209812
0.0112974
0.0233542
0.0204047
0.0111347
0.0234153
0.0205518
0.011203
0.0232072
0.0200307
0.0107034
0.0231332
0.0198505
0.0104482
0.0228457
0.0191104
0.00943751
0.0229327
0.0193213
0.00967054
0.022643
0.0185683
0.00881571
0.0226308
0.0185576
0.0088246
0.0225819
0.0183904
0.00874434
0.021989
0.0170299
0.00652298
0.0221349
0.017359
0.00727128
0.0220863
0.0172722
0.00698363
0.0222085
0.0175363
0.00728429
0.0222307
0.0175909
0.00736167
0.0210983
0.0150346
0.00396337
0.0208887
0.0146922
0.00333656
0.0190606
0.0118786
0.00100752
0.0189293
0.0117526
0.000926764
0.023995
0.0239052
0.0211662
0.0239973
0.0239492
0.0221268
0.0239974
0.0239493
0.0221956
0.0137885
0.00749644
-0.000980852
0.0142105
0.00848288
-0.000117528
0.0218797
0.0155981
0.00205611
0.0206703
0.0130031
0.000282757
0.0220383
0.0159849
0.00235832
0.020454
0.0126111
0.000106948
0.0085113
0.00128529
-0.00373163
0.00801513
0.00106709
-0.00377982
0.00765677
0.000984795
-0.00378816
0.00791274
0.00102022
-0.0037914
0.00767785
0.000982866
-0.00378892
0.0179826
0.0110054
0.00304328
0.0238992
0.022785
0.0139726
0.0238866
0.0226916
0.0135755
0.0212899
0.0153746
0.00448712
0.0216339
0.0161384
0.00556432
0.0216035
0.0160559
0.00546716
0.0212589
0.0152989
0.00443014
0.0211704
0.0151565
0.0042292
0.023974
0.0233765
0.0166416
0.0239809
0.023545
0.0174439
0.0130006
0.00790781
0.0025864
0.0198563
0.0129689
0.0021107
0.0137334
0.00512114
-0.00249805
0.0135622
0.00486826
-0.00257678
0.0128821
0.00420854
-0.00277818
0.0123911
0.00440829
-0.00258744
0.0150992
0.0100601
0.00074682
0.0236523
0.0213314
0.0113845
0.0223691
0.0179034
0.00809792
0.0223971
0.0179642
0.00790548
0.0224824
0.0181741
0.00840152
0.0185387
0.0112024
0.00101569
0.0238516
0.0223104
0.0126541
0.0129977
0.00958137
-0.000434429
0.0239835
0.0237074
0.0189627
0.0239783
0.0236305
0.0183622
0.0202217
0.0135468
0.00264662
0.0197309
0.0127931
0.00185466
0.0201638
0.0134525
0.00264592
0.0200885
0.0133031
0.00273718
0.0237695
0.021835
0.0112898
0.0211548
0.0139751
0.000893287
0.0213411
0.0143627
0.00113552
0.0226216
0.0175485
0.00389226
0.0224784
0.017146
0.00347532
0.00836965
0.00121604
-0.00374258
0.00826997
0.00115729
-0.00375873
0.00756482
0.000893957
-0.00381585
0.00712502
0.00075245
-0.00383755
0.014316
0.00794173
-0.00163543
0.0138247
0.0108115
0.000350222
0.0144674
0.0094434
-0.000636239
0.0125761
0.00399919
-0.00283768
0.0121442
0.00437161
-0.0026214
0.0153265
0.0104238
0.00112338
0.023926
0.0230208
0.014816
0.0239323
0.0230801
0.0151001
0.0236012
0.021121
0.0112126
0.0236368
0.0212535
0.0112217
0.0235812
0.0210545
0.011397
0.0225608
0.0183301
0.00861568
0.0225023
0.0182127
0.00846475
0.0214139
0.0156605
0.00484773
0.0184354
0.0110147
0.000636687
0.0109903
0.00214101
-0.00322969
0.0132878
0.00612613
-0.00184387
0.0145598
0.0091737
0.00028527
0.0186649
0.0115385
0.00216303
0.0186922
0.0114609
0.00198214
0.0186314
0.0115615
0.00206833
0.0185928
0.0115055
0.00179501
0.0216717
0.0150664
0.001564
0.0120692
0.00559458
-0.00222907
0.0121621
0.00611524
-0.00193507
0.020844
0.0133302
0.000463241
0.0222282
0.016446
0.00269694
0.0202599
0.0122598
-6.45514e-05
0.0190276
0.0102341
-0.000946128
0.0192381
0.0105552
-0.000807043
0.0173415
0.00796288
-0.00182879
0.0175145
0.00816502
-0.00174883
0.0188377
0.00994024
-0.00107456
0.0186753
0.00971348
-0.00118272
0.0170761
0.00764219
-0.00190993
0.0168571
0.00738846
-0.00199295
0.00851864
0.00129417
-0.00372631
0.0087358
0.00138761
-0.00370611
0.00969145
0.00188305
-0.00358758
0.0095656
0.00182456
-0.00360114
0.0098325
0.00195108
-0.00357026
0.00999141
0.00204176
-0.00354402
0.00848743
0.00129322
-0.00372497
0.0080962
0.00109737
-0.00377253
0.00763453
0.0009713
-0.00379268
0.00776802
0.000947007
-0.00381108
0.00761685
0.000909216
-0.0038077
0.0118629
0.00464043
-0.00254142
0.0119216
0.00513515
-0.00238378
0.0239063
0.0228405
0.0141466
0.0239135
0.0229034
0.0144352
0.0238728
0.0225857
0.0134409
0.0219352
0.0168778
0.00660665
0.0219592
0.0169375
0.00670544
0.0213267
0.0154676
0.00457607
0.0219082
0.0168122
0.00650074
0.0218498
0.0167101
0.00620443
0.0216634
0.0162288
0.00566944
0.0215635
0.0159674
0.00527093
0.0183518
0.0110598
0.00179615
0.0107137
0.00236991
-0.0033113
0.0118345
0.00549314
-0.00204325
0.0114467
0.00387907
-0.00265753
0.0239949
0.0239036
0.0214245
0.0239901
0.0238187
0.0202072
0.0239862
0.0237521
0.0195198
0.0199789
0.0131428
0.00240464
0.013961
0.00561895
-0.00235114
0.0141334
0.00631316
-0.00214113
0.01337
0.00463744
-0.00264482
0.0131468
0.00442118
-0.00271258
0.0127237
0.00461877
-0.00241554
0.0148491
0.00966583
0.000493255
0.0236656
0.0213966
0.0115282
0.0224176
0.0180151
0.00799193
0.0224436
0.0180935
0.00815977
0.0187951
0.0116425
0.00278813
0.0187579
0.011561
0.002446
0.0185684
0.0113216
0.00131061
0.0238884
0.0225676
0.0134835
0.0239285
0.0228488
0.0143478
0.0117372
0.00744051
-0.00112687
0.0100471
0.00482044
-0.00210695
0.0120841
0.00623273
-0.00159826
0.0121917
0.00638401
-0.0016293
0.0202864
0.0136512
0.00269548
0.0203523
0.0137588
0.00276636
0.0194984
0.0124827
0.00143887
0.0196084
0.0126203
0.00163052
0.0209879
0.0136257
0.000665692
0.0215415
0.0147771
0.00136557
0.0223492
0.0167748
0.00306669
0.0200959
0.0119633
-0.000208378
0.0197069
0.0112746
-0.000547513
0.0194669
0.0109071
-0.000665927
0.0179133
0.00868504
-0.0015378
0.0177015
0.00840908
-0.00165065
0.0181468
0.00899425
-0.0014152
0.0184021
0.00933931
-0.00129072
0.0165456
0.00700161
-0.00215717
0.00915508
0.00160201
-0.00365167
0.00895187
0.00149118
-0.0036808
0.00933557
0.00171459
-0.00362326
0.00946324
0.00178372
-0.00360915
0.0103885
0.00226676
-0.0034952
0.0104889
0.00231312
-0.0034876
0.010308
0.00225045
-0.00349528
0.0101663
0.00216226
-0.00351195
0.00847085
0.0012997
-0.00372235
0.0081798
0.00112584
-0.00376603
0.00760227
0.00094567
-0.00380093
0.00749155
0.000743308
-0.00385494
0.00741958
0.000791649
-0.00383543
0.0143189
0.0110804
0.000689072
0.0145113
0.010545
0.000308553
0.0122267
0.00378083
-0.00289651
0.0118999
0.00439324
-0.0026211
0.0154933
0.0106831
0.00136964
0.0239392
0.0231519
0.0155451
0.0238531
0.0224454
0.0129312
0.0238654
0.0225351
0.0133037
0.0238433
0.0223724
0.0127093
0.023829
0.0222854
0.0127791
0.0236108
0.0211477
0.0111498
0.0236229
0.0211927
0.0111511
0.0225387
0.0182781
0.00853029
0.022519
0.0182386
0.0084825
0.0213691
0.0155644
0.00469293
0.0217571
0.0165264
0.00574847
0.0217995
0.0166173
0.0059412
0.0216918
0.0163137
0.00579685
0.0217259
0.0164438
0.00565178
0.0215145
0.0158846
0.00504874
0.0183931
0.0109003
0.000774642
0.0239968
0.0239376
0.0219592
)
;

boundaryField
{
    topAndBottom
    {
        type            zeroGradient;
    }
    inlet
    {
        type            fixedValue;
        value           uniform 0;
    }
    outlet
    {
        type            zeroGradient;
    }
    wing
    {
        type            calculated;
        value           uniform -0.00579175;
    }
    front
    {
        type            empty;
    }
    back
    {
        type            empty;
    }
}


// ************************************************************************* //
