/*--------------------------------*- C++ -*----------------------------------*\
| =========                 |                                                 |
| \\      /  F ield         | OpenFOAM: The Open Source CFD Toolbox           |
|  \\    /   O peration     | Version:  5.x                                   |
|   \\  /    A nd           | Web:      www.OpenFOAM.org                      |
|    \\/     M anipulation  |                                                 |
\*---------------------------------------------------------------------------*/
FoamFile
{
    version     2.0;
    format      ascii;
    class       volScalarField;
    location    "500";
    object      pSat;
}
// * * * * * * * * * * * * * * * * * * * * * * * * * * * * * * * * * * * * * //

dimensions      [0 2 -2 0 0 0 0];

internalField   nonuniform List<scalar> 
6584
(
697.948
697.948
697.948
697.948
697.948
697.948
697.948
697.948
697.948
697.948
697.948
697.948
697.948
697.948
697.948
697.948
697.948
697.948
697.948
697.948
697.948
697.948
697.948
697.948
697.948
697.948
697.948
697.948
697.948
697.948
697.948
697.948
697.948
697.948
697.948
697.948
697.948
697.948
697.948
697.948
697.948
697.948
697.948
697.948
697.948
697.948
697.948
697.948
697.948
697.948
697.948
697.948
697.948
697.948
697.948
697.948
697.948
697.948
697.948
697.948
697.948
697.948
697.948
697.948
697.948
697.948
697.948
697.948
697.948
697.948
697.948
697.948
697.948
697.948
697.948
697.948
697.948
697.948
697.948
697.948
697.948
697.948
697.948
697.948
697.948
697.948
697.948
697.948
697.948
697.948
697.948
697.948
697.948
697.948
697.948
697.948
697.948
697.948
697.948
697.948
697.948
697.948
697.948
697.948
697.948
697.948
697.948
697.948
697.948
697.948
697.948
697.948
697.948
697.948
697.948
697.948
697.948
697.948
697.948
697.948
697.948
697.948
697.948
697.948
697.948
697.948
697.948
697.948
697.948
697.948
697.948
697.948
697.948
697.948
697.948
697.948
697.948
697.948
697.948
697.948
697.948
697.948
697.948
697.948
697.948
697.948
697.948
697.948
697.948
697.948
697.948
697.948
697.948
697.948
697.948
697.948
697.948
697.948
697.948
697.948
697.948
697.948
697.948
697.948
697.948
697.948
697.948
697.948
697.948
697.948
697.948
697.948
697.948
697.948
697.948
697.948
697.948
697.948
697.948
697.948
697.948
697.948
697.948
697.948
697.948
697.948
697.948
697.948
697.948
697.948
697.948
697.948
697.948
697.948
697.948
697.948
697.948
697.948
697.948
697.948
697.948
697.948
697.948
697.948
697.948
697.948
697.948
697.948
697.948
697.948
697.948
697.948
697.948
697.948
697.948
697.948
697.948
697.948
697.948
697.948
697.948
697.948
697.948
697.948
697.948
697.948
697.948
697.948
697.948
697.948
697.948
697.948
697.948
697.948
697.948
697.948
697.948
697.948
697.948
697.948
697.948
697.948
697.948
697.948
697.948
697.948
697.948
697.948
697.948
697.948
697.948
697.948
697.948
697.948
697.948
697.948
697.948
697.948
697.948
697.948
697.948
697.948
697.948
697.948
697.948
697.948
697.948
697.948
697.948
697.948
697.948
697.948
697.948
697.948
697.948
697.948
697.948
697.948
697.948
697.948
697.948
697.948
697.948
697.948
697.948
697.948
697.948
697.948
697.948
697.948
697.948
697.948
697.948
697.948
697.948
697.948
697.948
697.948
697.948
697.948
697.948
697.948
697.948
697.948
697.948
697.948
697.948
697.948
697.948
697.948
697.948
697.948
697.948
697.948
697.948
697.948
697.948
697.948
551.466
697.948
697.948
697.948
697.948
697.948
697.948
697.948
697.948
697.948
697.948
697.948
697.948
697.948
697.948
697.948
697.948
697.948
697.948
697.948
697.948
697.948
697.948
697.947
658.09
697.948
697.948
697.948
697.948
697.948
697.948
697.948
697.948
697.948
697.948
697.948
697.948
697.948
697.948
697.948
697.948
697.948
697.948
697.948
697.948
697.948
697.948
697.945
661.154
697.948
697.948
697.948
697.948
697.948
697.948
697.948
697.948
697.948
697.948
697.948
697.948
697.948
697.948
697.948
697.948
697.948
697.948
697.948
697.948
697.948
697.948
697.305
680.358
697.948
697.948
697.948
697.948
697.948
697.948
697.948
697.948
697.948
697.948
697.948
697.948
697.948
697.948
697.948
697.948
697.948
697.948
697.948
697.948
697.948
697.948
696.93
680.783
697.948
697.948
697.948
697.948
697.948
697.948
697.948
697.948
697.948
697.948
697.948
697.948
697.948
697.948
697.948
697.948
697.948
697.948
697.948
697.948
697.948
697.838
674.986
689.662
697.947
697.948
697.948
697.948
697.948
697.948
697.948
697.948
697.948
697.948
697.948
697.948
697.948
697.948
697.948
697.948
697.948
697.948
697.948
697.948
697.947
697.74
675.073
689.721
697.946
697.948
697.948
697.948
697.948
697.948
697.948
697.948
697.948
697.948
697.948
697.948
697.948
697.948
697.948
697.948
697.948
697.948
697.948
697.948
697.946
697.646
675.152
689.771
697.945
697.948
697.948
697.948
697.948
697.948
697.948
697.948
697.948
697.948
697.948
697.948
697.948
697.948
697.948
697.948
697.948
697.948
697.948
697.948
697.945
697.555
675.224
689.815
697.944
697.948
697.948
697.948
697.948
697.948
697.948
697.948
697.948
697.948
697.948
697.948
697.948
697.948
697.948
697.948
697.948
697.948
697.948
697.948
697.943
697.467
675.291
689.854
697.943
697.948
697.948
697.948
697.948
697.948
697.948
697.948
697.948
697.948
697.948
697.948
697.948
697.948
697.948
697.948
697.948
697.948
697.948
697.948
697.941
697.383
675.354
689.889
697.942
697.948
697.948
697.948
697.948
697.948
697.948
697.948
697.948
697.948
697.948
697.948
697.948
697.948
697.948
697.948
697.948
697.948
697.948
697.948
697.939
697.303
675.412
689.922
697.941
697.948
697.948
697.948
697.948
697.948
697.948
697.948
697.948
697.948
697.948
697.948
697.948
697.948
697.948
697.948
697.948
697.948
697.948
697.948
697.936
697.216
675.473
689.954
697.94
697.948
697.948
697.948
697.948
697.948
697.948
697.948
697.948
697.948
697.948
697.948
697.948
697.948
697.948
697.948
697.948
697.948
697.948
697.948
697.933
697.125
675.538
689.988
697.939
697.948
697.948
697.948
697.948
697.948
697.948
697.948
697.948
697.948
697.948
697.948
697.948
697.948
697.948
697.948
697.948
697.948
697.948
697.948
697.929
697.035
675.6
690.021
697.938
697.948
697.948
697.948
697.948
697.948
697.948
697.948
697.948
697.948
697.948
697.948
697.948
697.948
697.948
697.948
697.948
697.948
697.948
697.948
697.926
696.949
675.661
690.053
697.937
697.948
697.948
697.948
697.948
697.948
697.948
697.948
697.948
697.948
697.948
697.948
697.948
697.948
697.948
697.948
697.948
697.948
697.948
697.948
697.921
696.864
675.72
690.084
697.936
697.948
697.948
697.948
697.948
697.948
697.948
697.948
697.948
697.948
697.948
697.948
697.948
697.948
697.948
697.948
697.948
697.948
697.948
697.948
697.917
696.78
675.778
690.114
697.936
697.948
697.948
697.948
697.948
697.948
697.948
697.948
697.948
697.948
697.948
697.948
697.948
697.948
697.948
697.948
697.948
697.948
697.948
697.948
697.912
696.697
675.835
690.143
697.935
697.948
697.948
697.948
697.948
697.948
697.948
697.948
697.948
697.948
697.948
697.948
697.948
697.948
697.948
697.948
697.948
697.948
697.948
697.948
697.907
696.614
675.891
690.172
697.934
697.948
697.948
697.948
697.948
697.948
697.948
697.948
697.948
697.948
697.948
697.948
697.948
697.948
697.948
697.948
697.948
697.948
697.948
697.947
697.902
696.531
675.948
690.201
697.933
697.948
697.948
697.948
697.948
697.948
697.948
697.948
697.948
697.948
697.948
697.948
697.948
697.948
697.948
697.948
697.948
697.948
697.948
697.947
697.896
696.445
676.005
690.231
697.932
697.948
697.948
697.948
697.948
697.948
697.948
697.948
697.948
697.948
697.948
697.948
697.948
697.948
697.948
697.948
697.948
697.948
697.948
697.947
697.89
696.356
676.064
690.261
697.931
697.948
697.948
697.948
697.948
697.948
697.948
697.948
697.948
697.948
697.948
697.948
697.948
697.948
697.948
697.948
697.948
697.948
697.948
697.948
697.948
697.948
697.948
697.948
697.948
697.948
697.948
531.054
545.63
697.948
697.948
697.948
697.948
697.948
697.948
697.948
697.948
697.948
697.948
697.948
697.948
697.948
697.948
697.948
697.948
697.948
697.948
697.677
697.896
697.527
697.891
697.948
697.948
697.948
697.948
697.948
697.948
697.948
696.717
696.922
693.357
695.433
697.948
697.948
697.948
697.948
697.948
697.948
697.948
697.125
696.903
696.748
694.734
697.948
697.948
697.948
697.729
697.668
697.948
697.948
697.948
697.895
697.854
697.947
571.035
531.947
626.443
697.948
697.948
697.914
697.948
697.948
697.946
697.802
697.948
697.947
697.902
697.948
697.948
697.948
697.931
696.993
697.609
697.948
696.823
694.203
697.735
696.948
695.557
697.511
697.948
697.729
697.257
697.926
697.74
697.948
696.872
696.727
697.948
693.319
694.536
694.078
693.271
694.649
693.226
697.948
697.135
697.35
697.252
697.143
697.948
694.06
695.313
694.633
693.859
697.645
696.861
697.948
697.684
697.856
697.362
697.665
697.948
696.431
696.929
695.467
696.337
697.845
697.75
697.863
697.901
697.948
697.32
696.973
696.989
697.29
697.912
697.899
697.948
697.948
697.948
697.931
697.948
697.948
697.948
697.948
697.948
697.583
697.411
691.834
688.469
697.948
697.948
697.948
697.948
697.93
697.948
697.948
697.948
697.382
697.158
697.948
502.2
528.351
626.439
643.668
530.059
566.813
687.81
681.538
697.948
697.905
697.924
645.848
657.245
697.926
697.935
697.948
697.948
697.948
697.948
697.948
697.948
697.948
697.923
697.948
697.937
697.948
697.94
697.948
697.658
697.754
694.465
694.583
696.054
695.827
697.655
681.896
697.783
694.349
692.208
692.63
694.557
697.875
694.344
697.93
687.456
696.707
685.497
697.914
696.975
697.929
697.948
697.873
695.321
697.938
697.94
695.384
695.219
697.529
697.474
696.341
696.45
697.285
697.943
697.945
697.942
697.943
697.283
697.859
697.947
697.948
697.946
697.947
697.828
693.885
693.954
693.405
693.338
691.829
692.001
697.082
697.942
697.941
697.943
697.942
697.082
697.206
697.941
697.941
697.941
697.941
697.2
504.389
694.638
532.026
503.622
569.222
533.922
694.813
693.021
506.301
693.225
697.405
697.352
697.506
697.944
697.943
697.945
697.944
697.537
603.13
622.968
695.887
604.627
572.058
631.772
608.433
696.012
570.815
600.081
697.813
688.805
692.256
682.682
688.106
697.799
679.978
658.063
662.044
549.56
658.559
656.501
579.34
694.305
694.548
697.946
697.948
697.948
697.948
697.948
697.826
697.806
616.422
697.707
697.859
697.947
697.708
697.602
697.948
527.912
532.722
519.342
658.383
658.37
538.692
550.066
693.032
694.23
479.262
697.948
697.948
697.948
697.948
697.948
697.948
697.803
697.946
697.944
697.536
697.38
697.832
696.741
697.929
697.929
697.932
697.929
696.768
693.849
695.08
696.457
694.945
664.98
658.776
697.881
694.76
696.084
695.839
695.897
564.522
697.948
697.943
697.948
697.918
697.617
697.451
697.946
697.948
697.948
697.948
697.948
697.945
697.243
697.937
697.933
697.943
697.939
697.331
696.197
670.266
686.114
657.731
660.822
694.611
687.736
689.492
697.209
695.895
696.803
697.472
697.91
697.913
697.883
697.888
697.271
697.929
697.929
696.775
693.6
648.329
638.935
693.745
653.205
656.819
637.301
639.705
693.19
693.555
692.515
697.108
697.887
697.884
697.879
697.901
697.247
697.234
697.88
697.882
697.883
697.88
697.168
697.558
692.334
693.543
690.666
689.879
697.103
697.82
697.945
697.945
697.946
697.946
697.83
696.674
649.043
634.266
665.654
660.545
696.744
583.457
589.476
697.14
671.567
667.28
576.129
581.668
672.489
666.583
697.945
697.947
697.947
659.174
690.602
663.483
666.343
665.606
690.17
697.948
697.938
697.948
697.911
697.947
505.093
513.611
531.517
528.891
634.493
547.9
544.101
558.637
549.147
636.741
539.627
546.572
685.5
684.444
651.463
574.514
563.808
551.648
558.039
697.903
697.945
697.948
697.931
697.943
697.886
697.543
697.821
693.974
694.957
696.384
695.072
683.297
694.14
693.26
695.061
694.415
683.029
691.238
690.385
692.983
691.711
693.596
675.369
678.91
668.872
673.598
693.281
655.367
657.659
691.965
697.617
697.305
697.89
697.706
693.148
695.273
694.597
697.055
695.567
697.766
697.942
697.912
697.646
697.413
697.833
697.657
697.923
697.692
697.879
697.924
697.732
697.859
697.945
697.906
697.845
664.949
667.882
695.957
642.961
631.42
672.751
645.542
614.867
604.71
627.877
619.185
694.761
661.897
664.173
686.158
683.275
694.244
688.603
679.662
676.169
682.746
680.554
697.281
689.888
690.96
696.011
696.743
697.898
697.906
697.363
697.274
697.89
697.895
650.293
649.931
693.684
590.246
589.615
552.846
585.684
584.991
596.846
588.65
585.704
647.91
651.996
693.647
588.818
578.951
602.187
591.922
561.081
551.4
575.237
565.354
693.216
641.622
646.322
692.808
692.373
697.892
697.888
697.1
697.183
697.899
697.894
697.879
697.879
697.227
697.176
697.88
697.879
507.118
515.872
651.936
658.559
643.44
649.612
506.046
554.807
667.577
657.565
660.396
665.858
547.442
616.72
619.967
604.056
615.517
514.127
635.31
641.746
621.858
631.932
513.82
691.253
692.033
697.525
687.957
689.51
689.987
687.891
689.519
697.163
689.432
690.607
611.006
527.218
529.932
541.219
527.615
613.866
531.764
582.122
530.421
586.918
685.527
695.789
695.259
696.415
695.965
685.999
677.571
678.551
592.118
598.636
562.095
573.837
676.453
673.837
697.948
697.948
697.948
697.948
697.94
697.942
697.948
697.948
697.948
697.948
697.948
697.948
697.948
697.948
697.948
697.948
697.947
697.833
697.53
696.817
696.722
693.496
695.312
697.931
697.933
696.992
692.182
691.841
694.797
693.813
694.437
697.726
697.941
697.948
697.948
696.462
696.901
697.849
697.938
697.917
697.946
697.704
694.261
696.263
695.669
696.622
696.516
697.451
697.634
697.635
697.262
697.919
697.923
697.756
696.795
697.93
697.931
653.567
649.436
694.254
694.501
692.665
692.498
693.096
697.127
697.638
697.636
697.246
697.632
697.633
697.634
697.632
697.151
692.639
660.054
655.704
697.395
697.886
697.882
697.883
697.947
697.946
541.219
541.677
676.141
672.845
697.183
540.692
540.892
696.209
696.498
697.908
697.935
697.924
500.565
505.168
506.516
526.039
531.965
502.652
503.799
532.217
527.202
561.531
676.252
675.122
682.519
583.938
576.65
653.036
697.948
697.948
697.948
697.898
697.921
697.938
697.943
697.86
697.877
697.948
697.948
697.947
697.278
697.231
697.591
697.793
697.633
697.547
694.24
694.702
693.247
693.538
696.205
695.545
692.023
692.668
684.513
684.645
688.317
687.814
681.881
684.962
685.339
697.742
694.683
695.355
693.446
689.597
694.96
694.332
697.469
697.217
696.124
679.095
676.834
692.738
688.255
681.924
697.947
697.945
697.847
697.811
697.551
697.683
696.085
697.765
697.834
691.304
693.117
697.671
673.927
671.272
696.234
696.556
697.937
697.94
697.894
697.764
697.928
697.932
694.176
649.037
649.786
691.846
692.121
697.627
697.628
697.213
697.192
697.628
697.627
506.478
529.645
575.485
578.659
543.031
545.364
501.015
663.117
660.853
692.828
513.73
510.286
531.56
532.017
509.095
540.963
541.901
507.374
507.881
697.893
697.889
697.413
697.596
697.899
697.896
588.667
664.907
667.239
660.014
662.453
583.161
690.408
696.13
696.538
696.454
696.301
690.939
683.854
689.635
688.96
678.279
676.684
680.323
552.105
554.372
556.133
540.493
662.058
597.221
587.34
606.213
599.711
654.837
649.641
650.31
679.851
682.787
695.039
697.945
697.945
697.936
527.352
528.5
593.089
593.083
513.738
544.592
536.392
535.256
536.402
536.565
547.974
480.784
674.21
676.246
697.948
697.948
697.948
696.999
696.909
697.532
697.201
697.497
697.694
697.404
697.459
693.707
695.194
690.374
690.818
690.903
690.388
694.861
691.61
691.449
663.611
652.884
652.768
654.926
654.442
661.86
697.567
697.782
697.79
697.755
697.775
697.512
695.78
697.275
696.397
696.094
697.267
697.637
697.639
692.67
692.765
694.199
692.733
697.642
697.64
697.117
697.63
697.631
697.24
697.16
697.631
697.63
690.672
692.234
691.602
692.77
692.567
690.499
542.332
543.538
540.967
540.68
578.059
555.629
554.219
654.037
654.245
670.695
658.036
660.568
653.504
655.381
668.597
697.941
697.937
697.943
697.934
697.946
697.947
697.948
697.942
697.945
697.941
662.572
678.009
677.125
680.454
679.188
663.541
669.463
673.816
671.995
676.409
675.48
667.869
697.942
697.946
697.944
697.839
697.749
697.93
697.914
500.638
521.806
507.309
506.411
530.794
529.886
568.764
571.198
545.728
504.01
502.242
534.841
517.495
518.324
515.592
554.479
518.739
510.394
677.052
678.691
686.421
672.465
672.963
671.185
671.527
683.412
674.64
675.321
553.192
535.961
536.169
537.055
536.143
555.142
697.929
697.933
697.914
697.84
697.888
697.922
696.87
697.557
697.164
697.085
697.266
697.338
697.098
697.188
694.104
694.827
691.425
691.555
691.017
691.227
696.306
693.695
693.807
691.382
691.561
695.274
691.501
685.899
684.875
682.417
687.389
686.843
690.888
685.928
685.787
687.56
686.621
690.637
692.654
688.303
688.827
686.384
687.388
692.217
685.441
670.439
682.449
681.568
654.303
655.42
691.366
695.496
695.232
690.786
694.151
696.531
695.912
682.872
680.866
690.47
690.923
694.838
687.174
685.048
696.844
697.183
697.734
697.388
696.419
695.038
696.335
697.802
697.877
697.892
697.806
697.836
697.685
697.509
697.642
697.891
697.826
697.801
697.896
697.843
697.906
697.764
697.767
697.674
697.785
639.833
635.398
665.055
631.768
635.667
623.533
647.804
611.039
607.661
624.752
622.043
684.694
671.271
674.328
665.102
668.096
683.865
693.58
688.228
689.723
676.123
684.71
691.999
668.81
664.017
678.741
645.4
648.535
639.921
642.628
677.707
682.195
659.961
662.393
652.005
655.821
681.414
696.128
696.658
591.279
556.056
560.754
546.614
551.114
590.537
561.308
563.335
563.097
574.238
586.528
522.699
527.085
530.035
522.908
590.438
587.694
538.759
542.506
531.578
535.375
586.746
586.18
583.192
599.59
595.503
557.269
553.809
572.014
569.263
692.164
692.242
697.22
697.628
697.629
697.629
697.628
697.183
507.835
564.339
570.94
525.092
500.843
549.786
556.61
521.069
517.29
617.67
557.816
558.447
609.949
552.619
541.823
558.644
557.26
613.55
529.557
525.132
534.317
538.923
512.028
513.594
524.368
691.6
694.581
694.341
694.934
694.763
691.817
688.495
689.251
689.248
687.818
687.826
688.441
689.409
693.244
692.969
694.008
693.614
689.905
528.108
545.919
547.814
543.274
544.582
529.119
535.904
560.72
565.377
550.922
555.491
530.57
530.681
520.178
522.576
518.8
519.286
530.924
538.388
541.485
527.062
532.708
530.237
690.653
690.215
684.92
677.372
679.656
546.094
550.195
566.658
544.801
540.004
552.456
549.664
570.767
541.415
541.336
650.999
651.918
697.948
697.948
697.948
697.948
697.948
697.948
697.948
697.948
697.948
697.948
697.948
697.948
697.948
697.948
697.948
697.948
697.948
697.948
697.948
697.948
697.948
697.948
697.948
697.948
697.948
697.948
697.948
697.948
697.948
697.948
697.948
697.948
697.948
697.948
697.948
697.948
697.948
697.948
697.948
697.948
697.948
697.948
697.948
697.948
697.948
697.948
697.948
697.948
697.948
697.948
697.948
697.948
697.948
697.948
697.948
697.948
697.948
697.948
697.948
697.948
697.948
697.948
697.948
697.948
697.948
697.948
697.948
697.948
697.948
697.948
697.948
697.948
697.948
697.948
697.948
697.948
697.948
697.948
697.948
697.948
697.948
697.948
697.948
697.948
697.948
697.946
697.946
697.948
697.948
697.948
697.948
697.948
697.948
697.948
697.948
697.948
697.948
697.948
697.948
697.948
697.946
697.946
697.948
697.948
697.948
697.948
697.948
697.948
697.948
697.948
697.948
697.948
697.947
697.947
697.948
697.948
697.948
697.948
697.948
697.948
697.948
697.948
697.948
697.948
697.948
697.948
697.948
697.948
697.948
697.948
697.948
697.948
697.948
697.948
697.948
697.948
697.773
697.77
568.873
690.58
691.301
697.948
697.948
697.948
697.948
697.948
697.948
697.948
697.948
697.948
697.948
697.948
697.948
697.946
611.034
608.584
660.457
697.948
697.948
697.948
697.948
697.948
697.948
697.948
697.948
697.948
697.947
697.948
697.536
651.086
611.753
680.119
697.939
697.948
697.948
697.948
697.948
697.948
697.948
697.948
697.948
697.948
697.948
697.948
697.948
697.948
697.946
697.947
697.948
697.948
697.947
697.946
697.948
697.948
697.948
697.946
697.946
697.948
697.948
697.946
697.947
697.946
697.946
697.948
697.947
697.946
697.948
697.948
697.948
697.948
697.947
697.947
697.948
697.948
697.948
697.948
697.948
697.948
697.948
697.769
697.831
697.948
513.085
583.369
584.249
643.837
644.028
481.948
697.948
697.948
697.948
697.948
697.948
697.948
697.948
697.948
697.947
697.948
697.948
697.948
697.948
697.948
697.948
697.948
697.948
697.948
697.948
697.948
697.948
697.948
697.948
697.948
697.948
697.948
697.948
697.948
697.948
697.948
697.946
697.941
697.948
697.948
697.948
697.948
697.948
697.948
697.948
697.948
697.948
697.948
697.948
697.948
697.948
697.948
697.948
697.948
697.948
697.948
697.948
697.948
697.948
697.948
697.948
697.948
697.727
697.887
697.873
697.937
697.931
697.879
697.827
697.759
697.87
697.948
697.948
697.948
697.948
697.948
697.948
697.948
697.948
697.948
697.948
697.948
697.948
697.948
697.948
697.948
697.948
697.948
697.948
697.946
697.946
697.948
696.714
697.639
697.639
697.685
697.669
696.86
697.948
697.948
697.948
697.948
697.948
697.948
697.948
697.948
697.948
697.948
697.948
697.948
697.948
697.948
697.948
697.948
697.948
697.948
697.946
697.946
697.948
697.025
697.933
697.935
697.682
697.689
696.932
696.636
694.292
694.609
697.948
697.948
697.948
697.948
697.948
697.948
697.948
697.948
697.948
697.707
696.168
696.534
697.101
697.166
697.689
697.948
697.948
697.948
697.948
697.948
697.948
697.948
697.948
697.948
697.891
697.723
697.739
697.572
697.604
697.862
697.85
697.773
697.947
566.1
695.899
695.836
658.805
659.607
535.844
697.733
697.713
619.097
697.948
697.932
697.94
697.942
697.932
697.948
697.926
697.944
697.941
697.948
697.948
697.944
697.948
697.948
697.948
697.944
697.875
697.934
697.948
697.948
697.948
697.942
697.946
697.948
697.908
697.863
697.853
697.947
697.946
697.947
697.948
697.948
697.948
697.948
697.948
697.948
697.945
697.946
697.939
697.072
697.724
697.704
697.856
697.836
697.519
697.948
697.947
697.948
696.658
694.884
695.364
689.258
689.499
694.331
695.674
695.891
697.047
697.948
697.947
697.948
697.705
697.828
697.841
697.901
697.942
697.944
697.848
697.853
697.746
697.948
697.948
697.948
696.844
697.668
697.675
697.641
697.644
696.742
697.948
697.946
697.946
693.417
687.296
687.064
689.683
689.45
694.435
693.962
688.804
689.029
686.907
686.817
693.212
697.946
697.946
697.948
697.741
697.732
697.331
697.948
697.946
697.946
694.259
676.078
673.252
687.311
686.662
695.153
694.729
690.153
689.923
672.365
669.296
693.653
697.619
696.945
697.029
694.946
695.227
696.96
697.947
697.948
697.948
697.73
697.911
697.908
697.924
697.923
697.848
697.372
697.755
697.748
697.905
697.902
697.612
697.948
697.947
697.947
696.518
692.274
691.92
693.946
693.711
696.872
695.614
688.535
687.932
691.537
691.123
696.237
697.836
697.495
697.535
696.64
696.915
697.768
697.87
697.928
697.926
697.947
697.947
697.888
697.948
697.948
697.948
697.389
679.385
677.082
676.297
678.642
697.372
697.043
694.37
694.165
697.91
696.544
696.604
697.948
697.948
697.948
697.948
697.948
697.948
697.948
697.948
697.948
697.948
697.948
697.948
697.948
697.948
697.948
697.948
697.948
697.948
697.947
697.947
697.948
697.517
697.927
697.929
697.925
697.926
697.492
691.432
686.685
687.396
681.857
683.008
689.109
697.948
697.948
697.948
697.948
697.948
697.948
697.891
697.922
697.94
697.948
697.948
697.948
697.948
697.948
697.948
697.948
697.948
697.948
697.29
697.937
697.923
697.935
697.937
697.257
697.948
697.946
697.946
629.422
599.594
596.768
615.687
612.484
641.33
687.151
679.748
680.726
697.948
697.948
697.948
697.915
697.948
697.947
697.947
697.948
697.918
647.915
622.006
618.915
635.882
633.767
655.896
697.931
697.947
697.947
697.947
697.947
697.932
697.948
697.948
697.948
697.948
697.948
697.948
697.948
697.948
697.948
697.948
697.948
697.948
697.948
697.948
697.948
697.948
697.948
697.948
697.948
697.948
697.948
697.948
697.947
697.948
697.948
697.948
697.948
697.945
697.946
697.943
697.948
697.948
697.948
695.527
696.02
697.682
697.771
697.428
697.469
694.128
691.04
691.415
688.05
688.617
692.544
693.597
696.714
696.592
696.921
696.824
693.859
697.869
697.634
697.66
697.699
697.841
697.939
697.886
697.063
697.606
697.202
697.701
697.596
697.943
697.937
697.907
697.948
697.948
697.948
697.923
697.915
697.934
697.942
697.933
697.928
691.444
691.786
695.555
695.064
690.849
691.136
696.925
697.064
697.581
697.414
696.652
696.789
697.656
697.664
697.292
697.944
697.934
697.932
697.938
697.936
697.945
697.942
697.928
697.927
697.931
697.929
697.942
697.28
697.647
697.651
697.909
697.916
697.876
697.948
697.946
697.945
697.947
697.946
697.948
697.946
697.941
697.94
697.944
697.942
697.947
697.797
697.887
697.899
688.386
688.269
693.821
694.025
688.63
688.505
687.592
687.779
693.477
693.286
687.254
687.415
697.655
697.651
697.086
697.942
697.927
697.928
697.926
697.927
697.941
697.942
697.93
697.931
697.928
697.929
697.942
697.094
697.668
697.66
697.941
697.925
697.925
697.926
697.926
697.941
697.941
697.926
697.926
697.925
697.925
697.941
684.51
677.047
694.456
565.844
607.847
611.871
581.403
584.457
536.525
694.986
685.954
685.231
693.439
667.978
664.068
696.343
696.467
697.451
697.29
696.021
696.191
697.803
697.793
697.472
697.943
697.933
697.934
697.931
697.932
697.943
697.944
697.936
697.937
697.934
697.935
697.944
697.561
697.819
697.812
605.806
573.021
570.658
593.421
589.508
620.03
689.678
689.122
695.754
600.042
637.479
640.588
615.26
618.743
575.037
622.175
673.027
674.667
669.319
671.229
618.631
696.128
690.673
690.194
574.321
538.276
535.502
567.774
563.751
596.365
697.399
697.449
697.825
689.362
692.992
692.649
694.892
694.661
691.862
692.254
691.828
687.311
697.785
697.28
697.343
659.547
614.559
608.255
622.263
616.854
660.954
659.797
640.044
637.988
694.117
683.564
685.243
691.765
692.099
694.728
697.948
697.948
697.948
697.948
697.948
697.948
697.82
697.935
697.935
697.933
697.934
697.813
684.961
684.526
613.311
697.709
696.138
696.172
696.195
696.15
697.729
697.668
697.932
697.933
697.93
697.931
697.653
697.948
697.947
697.947
550.437
545.743
515.167
657.984
625.02
615.959
626.532
625.651
657.997
693.92
679.072
677.14
684.815
687.575
694.26
479.562
583.593
607.363
697.948
697.948
697.948
697.948
697.948
697.948
697.948
697.948
697.948
697.948
697.948
697.948
697.948
697.948
697.948
697.948
697.948
697.948
697.909
697.899
697.768
697.946
697.936
697.939
697.929
697.933
697.945
697.848
697.711
697.685
697.641
697.639
696.722
697.929
697.87
697.87
697.87
697.869
697.929
697.931
697.877
697.881
697.871
697.874
697.93
696.808
697.656
697.646
693.918
694.064
696.538
697.683
697.704
697.886
695.792
697.085
697.008
697.215
697.154
695.945
695.869
683.015
676.629
683.2
683.139
695.887
562.868
644.01
643.468
697.948
697.948
697.948
697.948
697.948
697.948
697.948
697.948
697.948
697.877
697.87
697.913
697.948
697.948
697.947
697.948
697.948
697.948
697.948
697.948
697.948
697.948
697.948
697.947
697.948
697.948
697.948
697.942
697.947
697.947
697.769
697.746
697.156
697.936
697.897
697.903
697.886
697.891
697.934
697.941
697.92
697.925
697.909
697.914
697.94
697.422
697.814
697.791
693.377
694.169
696.442
675.053
688.484
686.169
692.277
690.876
682.317
658.696
679.286
678.862
680.206
679.736
659.733
694.469
689.755
690.022
688.54
693.421
692.996
693.99
693.728
689.063
697.132
696.065
696.221
697.757
697.804
697.636
697.912
697.901
697.886
697.885
697.815
697.813
697.82
697.818
697.886
697.929
697.871
697.87
697.872
697.871
697.929
696.758
697.648
697.652
687.799
687.555
693.506
645.455
674.649
675.458
672.919
673.724
641.932
688.363
688.578
693.848
654.502
677.556
677.086
678.453
678.027
655.816
636.861
672.186
672.406
672.628
672.209
638.001
693.211
686.793
686.835
697.886
697.814
697.816
697.811
697.813
697.885
697.844
697.848
697.903
697.299
697.719
697.706
697.88
697.808
697.807
697.811
697.809
697.881
697.882
697.809
697.81
697.807
697.808
697.881
696.76
696.854
697.59
692.74
695.333
695.123
695.737
695.545
693.174
697.039
695.425
695.57
697.916
697.914
697.81
697.945
697.939
697.939
697.937
697.938
697.945
697.946
697.941
697.941
697.94
697.94
697.946
697.839
697.921
697.918
692.91
692.602
696.599
642.886
678.769
679.943
676.15
677.509
640.787
663.979
682.925
683.801
681.007
681.998
662.291
696.81
693.461
693.194
585.291
561.272
559.802
564.992
562.913
587.245
694.739
694.561
697.094
670.222
686.088
686.742
684.624
685.382
668.798
558.393
557.004
579.876
697.948
697.947
697.946
685.346
685.986
691.019
689.683
683.988
684.722
697.947
697.948
697.948
697.948
697.948
697.947
697.944
697.936
697.942
604.495
602.09
632.033
546.862
573.167
575.028
554.123
582.645
586.496
577.042
579.499
551.03
639.099
609.576
606.921
627.25
624.78
649.789
571.949
597.828
600.588
590.632
594.528
568.476
697.946
697.942
697.94
697.946
697.944
697.947
697.935
697.916
697.909
697.936
697.926
697.94
697.672
697.66
697.81
693.838
690.276
690.889
689.229
689.692
693.538
694.86
692.148
692.488
691.415
691.813
694.65
690.161
690.627
693.88
676.872
685.671
684.914
686.877
686.309
677.982
684.085
683.255
671.887
692.925
689.144
689.663
697.532
696.851
697.01
696.41
696.687
697.439
697.856
697.677
697.775
697.215
697.466
697.792
695.047
691.261
691.614
696.544
694.108
695.747
692.094
692.893
695.993
697.888
697.806
697.462
697.937
697.908
697.93
697.831
697.874
697.927
697.929
697.902
697.887
697.941
697.937
697.944
697.879
697.92
697.929
697.901
697.91
697.859
665.773
682.972
682.434
684.603
683.644
666.692
695.746
692.19
692.702
690.298
690.571
694.909
662.713
681.109
680.676
681.962
681.527
663.433
696.369
696.513
697.349
690.268
694.474
694.235
694.936
694.707
690.628
697.9
697.847
697.84
697.869
697.856
697.903
697.312
697.68
697.71
697.642
697.645
697.278
697.891
697.827
697.824
697.835
697.831
697.893
650.717
676.568
676.735
676.02
676.355
650.595
693.753
688.144
687.996
649.539
675.73
675.211
676.637
676.199
650.848
693.561
687.968
688.16
686.958
687.103
693.237
643.4
673.709
673.168
674.695
674.202
644.845
697.891
697.822
697.824
697.818
697.82
697.889
697.092
697.648
697.645
697.692
697.678
697.127
697.897
697.834
697.839
697.827
697.83
697.895
697.879
697.805
697.805
697.806
697.806
697.879
697.879
697.806
697.806
697.805
697.805
697.879
654.131
616.495
612.296
622.791
619.94
656.478
645.264
599.854
597.278
607.671
603.323
647.327
598.045
602.691
561.188
669.174
640.419
637.31
662.249
628.038
625.374
634.107
630.929
664.015
540.912
588.313
593.033
557.703
557.344
618.667
637.955
590.386
586.061
595.206
593.127
640.001
624.618
564.427
559.887
579.436
571.496
628.153
697.49
696.571
696.666
695.703
695.854
697.229
577.98
575.33
608.362
616.938
585.281
581.292
545.785
541.414
577.936
591.863
558.142
551.68
695.63
693.545
693.826
692.851
693.215
695.452
696.277
694.577
694.821
694.079
694.328
696.129
686.568
691.41
691.027
595.141
571.603
567.875
576.367
575.385
598.049
675.974
664.562
664.398
662.096
663.379
674.964
697.948
697.948
697.948
697.948
697.948
697.948
697.941
697.947
697.947
697.948
697.948
697.941
697.948
697.948
697.948
697.948
697.948
697.948
697.948
697.948
697.948
697.948
697.948
697.947
697.948
697.948
697.948
697.948
697.948
697.948
697.948
697.948
697.948
697.948
697.948
697.948
697.858
697.925
697.918
696.962
697.697
697.705
694.022
696.03
695.895
696.279
696.155
694.219
697.708
697.224
697.28
697.947
697.946
697.935
696.617
697.409
697.323
697.561
697.487
696.757
697.931
697.942
697.944
697.935
697.938
697.924
697.947
697.945
697.943
697.511
697.637
697.726
695.36
696.861
696.521
697.219
697.078
695.952
697.751
697.858
697.863
697.657
697.662
696.818
697.93
697.875
697.873
697.878
697.876
697.93
651.624
678.584
679.183
677.732
678.096
650.235
694.344
689.242
689.06
659.033
681.075
681.602
679.823
680.425
657.598
697.768
697.761
697.382
697.931
697.929
697.877
697.942
697.942
697.947
675.125
688.423
688.898
687.349
687.907
674.031
697.222
695.057
694.905
696.321
697.316
697.269
697.393
697.358
696.418
581.078
607.844
610.468
603.044
605.408
578.736
654.492
631.664
629.513
697.948
697.948
697.948
697.948
697.948
697.948
697.948
697.948
697.948
697.948
697.948
697.947
697.948
697.948
697.948
697.946
697.948
697.948
697.333
697.382
697.757
694.933
696.526
696.404
696.737
696.638
695.161
697.939
697.944
697.946
697.881
697.928
697.915
691.711
695.432
695.172
696.114
695.74
692.271
697.629
697.211
697.364
697.886
697.921
697.924
697.869
697.877
697.776
688.904
688.761
694.097
649.081
677.248
677.462
676.894
677.062
649.362
662.294
682.911
683.38
682.064
682.503
661.573
697.439
697.784
697.775
697.831
697.825
697.58
629.85
633.888
594.592
578.544
622.001
626.005
693.758
693.382
689.873
695.048
695.253
696.645
691.432
694.397
694.095
643.896
642.034
660.991
594.337
618.814
621.282
613.274
616.103
590.947
604.112
629.186
631.385
624.263
626.835
601.968
680.863
687.966
687.423
688.984
688.495
681.87
694.893
692.411
692.698
590.796
568.803
571.487
570.409
569.372
591.651
514.282
544.891
545.018
571.38
575.642
480.111
676.8
649.092
635.748
661.729
657.444
676.361
697.948
697.948
697.948
697.948
697.948
697.948
697.948
697.948
697.948
697.948
697.948
697.948
697.948
697.948
697.948
697.948
697.948
697.948
697.948
697.948
697.948
697.948
697.948
697.948
697.948
697.948
697.948
697.948
697.948
697.948
697.948
697.948
697.948
697.948
697.948
697.948
697.948
697.948
697.948
697.948
697.948
697.948
697.948
697.948
697.948
697.948
697.948
697.948
697.948
697.948
697.948
697.948
697.948
697.948
697.948
697.948
697.948
697.948
697.948
697.948
697.948
697.948
697.948
697.948
697.948
697.948
697.948
697.948
697.948
697.948
697.948
697.948
697.948
697.948
697.948
697.948
697.948
697.948
697.948
697.948
697.948
697.948
697.948
697.948
697.948
697.948
697.948
697.948
697.948
697.948
697.948
697.948
697.948
697.948
697.948
697.948
697.948
697.948
697.948
697.948
697.948
697.948
697.948
697.948
697.948
697.948
697.947
697.947
697.948
697.948
697.948
697.948
697.948
697.948
697.948
697.948
697.948
557.29
644.291
643.65
697.948
697.948
697.948
697.948
697.948
697.948
697.948
697.948
697.948
697.947
697.792
697.831
658.989
697.051
697.049
697.948
697.948
697.948
697.948
697.948
697.948
697.948
697.948
697.948
697.948
697.948
697.948
697.948
697.941
697.945
697.087
651.658
651.375
680.575
697.93
697.935
697.948
697.948
697.948
697.947
697.947
697.948
697.948
697.948
697.948
697.948
697.948
697.948
697.948
697.948
697.948
697.948
697.948
697.948
697.948
697.948
697.948
697.948
697.948
697.948
697.948
697.948
697.948
697.948
697.948
697.948
697.948
697.948
697.948
697.948
697.948
697.948
697.948
697.948
697.948
697.948
697.948
697.948
697.091
697.73
697.738
697.948
697.948
697.948
584.668
584.694
533.007
697.948
697.948
697.948
697.948
697.948
697.947
697.938
697.939
697.936
697.918
697.934
697.936
697.701
697.862
697.857
697.852
697.847
697.646
697.936
697.935
697.897
697.347
695.558
695.449
695.33
695.199
697.257
697.754
697.768
697.902
697.948
697.948
697.948
697.948
697.948
697.948
697.948
697.948
697.948
697.562
697.851
697.856
697.812
697.819
697.439
697.948
697.948
697.948
697.948
697.948
697.948
697.948
697.948
697.948
697.948
697.948
697.948
697.352
697.796
697.804
697.746
697.755
697.192
697.909
697.938
697.937
697.942
697.941
697.922
697.928
697.943
697.942
697.948
697.948
697.948
697.948
697.948
697.948
697.948
697.948
697.948
697.948
697.948
697.948
692.984
695.296
695.106
696.121
696.013
694.337
628.923
656.258
657.952
643.262
645.689
611.864
697.948
697.948
697.948
697.947
697.947
697.948
697.948
697.948
697.948
694.946
696.313
696.223
697.946
697.948
697.947
697.948
697.948
697.948
647.049
667.181
668.256
659.521
660.935
636.543
697.948
697.948
697.948
697.948
697.948
697.948
697.948
697.948
697.948
697.948
697.948
697.948
697.948
697.945
697.946
697.941
697.943
697.947
697.932
697.881
697.88
697.885
697.883
697.932
697.948
697.948
697.948
697.947
697.947
697.948
697.947
697.943
697.943
697.905
697.779
697.789
697.948
697.948
697.948
697.948
697.948
697.948
697.948
697.948
697.948
697.948
697.948
697.948
697.948
697.948
697.948
697.948
697.948
697.948
697.948
697.948
697.948
697.948
697.948
697.948
697.948
697.948
697.948
697.948
697.948
697.948
697.948
697.948
697.948
697.948
697.948
697.948
697.948
697.948
697.948
697.948
697.948
697.948
697.948
697.948
697.948
697.948
697.948
697.948
697.948
697.948
697.948
697.948
697.948
697.948
697.948
697.948
697.948
697.948
697.948
697.948
697.948
697.948
697.948
697.948
697.948
697.948
697.948
697.948
697.948
697.773
697.927
697.927
697.927
697.927
697.772
647.174
645.755
562.888
690.372
676.614
677.3
676.559
676.499
690.402
697.948
697.948
697.948
697.948
697.948
697.948
697.948
697.948
697.948
697.948
697.948
697.948
697.683
697.741
697.947
610.281
687.56
687.14
688.652
688.092
609.473
697.045
697.049
659.755
697.948
697.939
697.939
697.94
697.94
697.948
697.948
697.948
697.948
697.947
697.948
697.948
697.948
697.948
697.947
697.948
697.948
697.948
697.948
697.948
697.948
697.947
697.948
697.948
697.948
697.948
697.947
697.946
697.948
697.948
697.948
697.948
697.946
697.947
697.948
697.948
697.948
697.948
697.947
697.788
697.93
697.927
697.936
697.936
697.835
697.948
697.947
697.947
545.12
545.229
513.378
492.559
574.071
571.06
697.948
697.948
697.948
697.948
697.948
697.948
697.948
697.948
697.948
697.948
697.948
697.948
697.948
697.948
697.948
697.948
697.948
697.948
697.948
697.948
697.948
697.948
697.948
697.948
697.948
697.948
697.948
697.948
697.948
697.948
697.948
697.948
697.948
697.945
697.947
697.948
697.945
697.946
697.943
697.948
697.948
697.948
697.948
697.948
697.948
697.948
697.948
697.948
697.948
697.948
697.948
697.948
697.948
697.948
697.948
697.948
697.948
697.948
697.948
697.948
697.948
697.948
697.948
697.948
697.948
697.948
697.713
697.721
697.058
697.934
697.889
697.887
697.894
697.891
697.934
697.948
697.948
697.948
696.301
697.244
697.18
697.352
697.301
696.421
642.835
642.282
567.604
695.896
682.951
683.127
659.134
627.69
627.211
628.133
628.031
659.395
534.179
584.53
584.513
696.224
696.271
697.72
621.508
685.667
685.342
697.939
697.948
697.948
697.947
697.947
697.932
697.948
697.948
697.948
697.946
697.948
697.948
697.903
697.933
697.925
697.941
697.938
697.922
697.947
697.948
697.948
697.948
697.948
697.947
697.928
697.931
697.909
697.948
697.948
697.948
697.948
697.948
697.948
697.946
697.948
697.948
697.948
697.948
697.946
697.946
697.948
697.948
697.948
697.948
697.946
675.099
688.453
688.839
687.678
688.073
674.159
671.446
686.883
687.292
685.971
686.448
670.443
697.947
697.948
697.948
697.871
697.867
697.717
697.628
697.841
697.836
697.947
697.948
697.948
697.948
697.948
697.947
696.74
697.441
697.399
697.513
697.48
696.831
697.947
697.944
697.945
697.944
697.944
697.947
697.893
697.933
697.932
695.733
695.655
697.371
678.748
690.081
690.365
689.332
689.727
677.952
676.031
688.115
688.254
690.259
688.655
676.588
697.796
697.798
697.911
696.544
697.417
697.417
697.445
697.425
696.568
697.948
697.948
697.948
697.948
697.948
697.948
697.84
697.846
697.54
697.466
697.827
697.833
697.948
697.948
697.948
697.948
697.948
697.948
697.948
697.948
697.948
697.948
697.948
697.948
697.779
697.787
697.321
697.225
697.763
697.771
697.939
697.938
697.912
697.92
697.94
697.94
697.948
697.948
697.948
697.948
697.948
697.948
697.948
697.948
697.948
697.948
697.948
697.948
697.948
697.948
697.948
697.948
697.948
697.948
697.948
697.948
697.948
697.948
697.948
697.948
697.948
697.948
697.948
697.948
697.948
697.948
697.948
697.948
697.948
697.948
697.948
697.948
697.948
697.948
697.948
697.948
697.948
697.948
697.948
697.948
697.948
697.948
697.948
697.948
695.694
696.939
696.842
697.108
697.027
695.858
695.624
695.471
693.308
694.104
695.892
695.766
697.758
697.882
697.858
697.914
697.9
697.803
697.252
697.709
697.636
697.825
697.775
697.449
689.212
689.563
677.973
666.579
684.891
685.452
683.821
684.369
665.244
652.288
654.346
625.673
615.174
647.92
650.156
612.369
637.108
638.971
633.37
635.348
610.315
621.533
643.875
644.455
640.658
642.41
619.281
684.257
690.021
689.533
690.664
690.422
684.874
695.549
697.388
697.459
638.176
635.579
613.415
684.827
690.266
690.276
697.948
697.948
697.948
697.948
697.948
697.948
697.948
697.948
697.948
697.948
697.948
697.948
697.948
697.948
697.948
697.948
697.948
697.948
697.948
697.948
697.948
688.448
688.617
676.918
697.948
697.948
697.947
697.948
697.948
697.948
664.806
666.013
645.001
638.683
662.282
663.565
697.948
697.948
697.948
697.948
697.948
697.948
697.948
697.948
697.948
697.948
697.948
697.948
697.948
697.948
697.948
697.948
697.948
697.948
697.948
697.948
697.948
697.948
697.948
697.948
697.948
697.948
697.948
697.948
697.948
697.948
697.948
697.948
697.948
697.948
697.948
697.948
697.948
697.948
697.948
697.948
697.948
697.948
697.948
697.948
697.948
697.948
697.948
697.948
697.948
697.948
697.948
697.948
697.946
697.946
697.948
697.948
697.948
697.948
697.948
697.948
697.948
697.948
697.948
697.948
697.948
697.948
697.948
697.948
697.948
697.948
697.928
697.935
696.914
652.315
651.921
681.049
697.921
697.926
697.948
697.949
697.948
697.946
697.947
697.948
697.948
697.948
697.948
697.948
697.948
697.948
697.948
697.948
697.948
569.043
641.926
641.883
686.167
685.943
623.781
694.6
694.551
696.961
697.911
697.799
697.804
697.948
697.948
697.948
697.948
697.948
697.948
697.945
697.944
697.934
697.695
697.884
697.887
697.861
697.866
697.62
697.948
697.948
697.948
697.948
697.948
697.948
697.948
697.948
697.948
697.948
697.948
697.948
697.948
697.948
697.948
697.948
697.948
697.948
697.948
697.948
697.948
697.948
697.948
697.948
697.948
697.948
697.948
697.948
697.948
697.948
697.948
697.948
697.948
697.948
697.948
697.948
697.948
697.948
697.948
697.948
697.948
697.948
697.948
697.948
697.948
697.948
697.948
697.948
697.948
697.948
697.948
697.948
697.948
697.948
697.948
697.948
697.948
697.948
697.948
697.948
697.948
697.948
697.948
697.948
697.948
697.948
697.948
697.948
697.948
697.948
697.948
697.948
697.948
697.948
697.948
697.948
697.948
697.948
697.948
697.948
697.948
697.948
697.948
697.948
697.948
697.948
697.948
697.948
697.948
697.948
697.948
697.948
697.948
697.948
697.948
697.948
697.948
697.948
697.948
697.948
697.948
697.948
697.948
697.948
697.948
697.948
697.948
697.948
697.948
697.948
697.948
697.946
697.946
697.948
697.948
697.948
697.948
697.948
697.948
697.948
697.948
697.948
697.948
697.948
697.948
697.948
697.948
697.948
697.948
697.948
697.948
697.948
697.948
697.948
697.948
697.948
697.948
697.948
697.948
697.948
697.948
697.948
697.948
697.948
697.948
697.948
697.948
697.948
697.948
697.948
697.948
697.948
697.948
697.948
697.948
697.948
697.927
697.927
697.772
682.331
682.71
695.875
697.727
696.311
696.345
697.932
697.947
697.947
697.948
697.948
697.948
697.948
697.948
697.948
697.948
697.948
697.947
697.07
694.842
695.688
697.948
697.948
697.948
697.948
697.948
697.948
697.948
697.948
697.948
697.948
697.948
697.948
697.948
697.948
697.948
697.948
697.948
697.948
697.938
697.906
697.904
697.936
697.898
697.896
697.902
697.9
697.936
697.948
697.945
697.946
697.945
697.945
697.947
697.946
697.946
697.948
697.944
697.943
697.929
697.933
697.944
697.944
697.948
697.948
697.948
697.948
697.948
697.948
697.878
697.881
697.682
697.637
697.87
697.874
697.948
697.948
697.948
697.948
697.948
697.948
697.948
697.948
697.948
697.948
697.948
697.948
697.948
697.948
697.948
697.948
697.948
697.948
697.948
697.948
697.948
697.948
697.948
697.948
697.948
697.948
697.948
697.948
697.948
697.948
697.948
697.948
697.948
697.948
697.948
697.948
697.948
697.948
697.948
697.948
697.948
697.948
697.948
697.948
697.948
697.948
697.948
697.948
697.948
697.948
697.948
697.948
697.948
697.948
697.948
697.948
697.948
697.948
697.948
697.948
697.948
697.948
697.948
697.948
697.948
697.948
697.948
697.948
697.948
697.948
697.948
697.948
697.948
697.948
697.948
697.948
697.948
697.948
697.948
697.948
697.948
697.948
697.948
697.948
697.948
697.948
697.948
697.948
697.948
697.948
697.943
697.533
697.619
662.058
697.03
697.04
697.948
697.948
697.948
697.948
697.948
697.948
697.948
697.948
697.948
697.948
697.948
697.948
697.948
697.948
697.948
697.948
697.948
697.948
697.948
697.948
697.948
697.948
697.948
697.948
697.948
697.948
697.948
697.948
697.948
697.948
697.948
697.948
697.948
697.948
697.948
697.948
697.948
697.948
697.948
697.948
697.948
697.948
697.948
697.948
697.948
697.948
697.948
697.948
697.948
697.948
697.948
697.948
697.948
697.948
697.948
697.948
697.948
697.948
697.948
697.948
686.914
686.863
613.088
697.939
697.938
697.949
697.948
697.948
697.948
697.948
697.948
697.948
697.948
697.948
697.948
669.343
574.037
412.138
668.633
572.391
410.284
660.259
558.499
400.692
659.725
557.806
400.568
373.265
311.207
274.994
696.718
673.434
500.614
662.793
549.804
356.989
658.052
540.523
351.287
372.482
311.161
274.984
489.818
421.737
329.765
696.435
669.791
491.645
672.392
578
411.878
672.87
578.739
411.976
665.214
567.266
407.826
664.972
567.418
408.769
654.079
548.726
393.908
654.868
550.386
395.437
404.913
323.531
278.487
416.172
329.23
279.617
473.944
418.774
328.424
697.775
691.473
586.131
685.772
609.177
416.737
687.308
614.891
420.186
685.251
607.281
415.571
670.451
574.933
410.812
667.357
570.875
410.393
662.448
563.045
404.989
657.32
553.991
396.772
633.738
518.531
373.68
695.937
658.255
471.067
366.992
310.3
274.906
422.234
331.642
280.083
417.983
329.782
279.688
551.692
428.204
313.421
454.278
342.467
281.204
463.102
347.099
282.309
474.686
353.486
283.574
466.952
349.29
282.65
492.318
363.962
285.996
478.034
355.424
284.06
489.345
362.168
285.519
452.214
341.475
280.989
443.9
337.357
280.218
433.943
332.913
279.323
441.415
336.21
279.931
413.585
324.987
277.574
420.87
327.507
278.15
431.076
331.615
278.995
424.024
328.92
278.456
410.43
323.619
277.345
370.209
308.376
274.186
368.258
309.12
274.482
423.099
332.179
280.267
687.782
616.744
421.44
689.474
624.164
425.213
689.937
626.396
427.127
671.039
576.073
411.681
674.443
581.84
414.273
666.854
570.052
409.836
662.837
563.359
404.633
652.14
545.593
391.117
656.588
552.702
395.918
624.605
505.736
361.857
629.365
512.02
370.243
625.641
507.366
363.538
632.552
516.856
371.454
630.003
512.872
371.106
607.331
481.501
346.383
594.766
467.589
334.007
592.763
465.754
331.974
548.613
425.57
311.88
539.968
420.086
313.805
677.133
586.846
413.541
677.517
587.234
412.518
669.615
573.979
411.197
676.634
585.878
413.354
675.977
584.163
411.77
668.076
571.4
409.575
660.942
559.715
401.605
649.642
541.767
391.509
650.07
542.092
391.267
659.316
557.51
400.959
648.774
540.077
389.65
647.878
538.381
387.853
377.405
316.407
276.389
375.642
315.084
276.055
373.295
310.957
274.947
378.946
318.078
276.803
380.394
320.125
277.308
696.893
675.659
508.673
586.256
458.701
330.099
584.046
456.739
327.966
667.337
559.076
362.836
685.897
609.468
406.341
654.24
532.981
346.362
371.259
310.897
274.92
490.262
419.514
323.721
696.079
666.184
485.389
680.259
593.689
415.665
672.015
577.689
412.467
673.439
579.868
412.694
665.609
567.628
407.596
664.077
565.581
406.374
653.373
547.7
393.295
655.504
551.356
395.983
644.516
533.597
384.082
587.796
460.237
331.794
589.538
462.573
330.275
697.751
690.355
562.542
697.66
687.053
543.575
410.748
327.024
279.112
413.848
328.435
279.459
686.401
611.819
419.681
686.871
613.441
420.237
684.496
605.205
418.391
678.553
589.34
412.645
677.993
588.07
412.2
669.973
574.225
410.641
674.687
581.972
414.164
675.46
583.066
411.258
667.649
570.893
409.621
661.699
561.501
403.448
651.222
543.77
392.505
650.615
542.76
391.513
658.093
555.706
398.29
646.309
535.907
385.979
647.065
536.973
386.668
635.722
520.739
376.984
635.161
520.186
376.535
371.112
311.908
275.266
373.455
313.896
275.759
371.086
310.331
274.843
376.703
325.204
278.948
380.372
322.431
277.923
369.343
330.824
281.678
421.017
330.951
279.876
419.571
330.323
279.754
697.155
679.234
519.062
578.202
451.231
326.704
580.324
453.574
325.482
582.02
455.075
326.062
675.911
580.323
380.369
670.167
565.838
368.612
679.323
589.583
388.121
682.246
598.489
397.072
648.316
521.862
338.966
564.287
418.854
298.882
456.785
343.718
281.5
459.71
345.229
281.876
471.787
351.838
283.175
469.362
350.491
282.872
481.88
357.737
284.61
486.245
360.407
285.098
450.238
340.645
280.848
446.85
338.848
280.574
437.257
334.546
279.604
439.424
335.398
279.744
415.713
325.595
277.684
418.128
326.44
277.877
428.663
330.639
278.752
426.824
330.104
278.636
407.273
322.291
277.038
369.729
310.361
274.792
424.394
332.629
280.483
689.085
622.523
424.747
688.247
618.797
423.867
690.432
629.046
430.708
679.194
591.052
413.948
679.827
592.859
415.624
671.749
577.796
413.616
674.11
581.53
414.466
666.152
568.532
408.209
663.378
564.189
405.057
652.848
547.077
392.944
655.982
551.829
395.682
645.686
535.251
385.777
645.266
535.023
385.879
643.569
531.489
384.969
623.796
504.451
361.049
628.529
510.724
368.835
626.944
509.056
365.811
630.939
514.173
368.975
631.676
515.246
369.797
596.87
469.581
336.246
590.984
464.08
330.565
545.434
423.149
310.626
542.501
421.47
309.978
697.862
693.758
597.187
697.912
695.73
625.997
697.911
695.727
628.219
458.603
374.06
295.404
464.783
384.983
302.289
618.73
478.537
319.348
584.203
438.608
304.8
623.707
485.104
321.927
578.565
433.116
303.41
381.306
312.466
275.003
375.403
310.563
274.642
371.233
309.77
274.556
374.24
310.165
274.558
371.429
309.742
274.548
522.445
411.799
327.886
694.002
648.851
452.646
693.456
645.532
446.753
602.383
475.171
341.105
612.679
488.239
351.435
611.75
486.79
350.483
601.472
473.91
340.569
598.931
471.572
338.698
697.063
671.131
496.504
697.353
678.065
511.447
439.87
376.187
324.169
564.078
438.171
319.837
448.501
347.055
283.823
446.089
344.606
283.245
436.6
338.4
281.796
439.503
343.245
283.804
478.479
403.762
309.497
683.609
602.589
416.708
636.305
521.472
377.755
637.243
522.698
375.649
640.154
526.99
381.116
533.949
414.262
310.666
691.573
632.248
433.587
437.265
393.837
299.12
697.487
685.046
542.661
697.294
681.755
529.824
573.217
446.547
324.466
561.033
435.683
317.664
571.732
445.156
324.456
569.836
442.978
325.244
687.937
617.07
415.364
597.372
452.793
309.698
602.661
458.695
311.673
643.112
513.665
335.502
638.173
505.978
331.73
379.531
311.847
274.915
378.368
311.35
274.8
370.363
309.072
274.374
365.568
307.876
274.213
456.877
375.649
290.077
449.218
408.621
305.25
459.096
392.36
297.547
432.407
336.475
281.373
436.415
342.793
283.56
482.172
408.375
312.658
695.135
657.472
465.65
695.396
659.7
470.198
681.517
596.684
414.515
682.969
600.375
414.616
680.704
594.853
416.899
642.84
530.227
383.516
640.832
527.788
381.823
606.052
479.98
344.512
531.761
411.865
307.599
416.058
327.15
281.758
451.515
359.738
288.993
470.039
392.976
305.618
536.681
418.624
320.231
537.281
417.62
318.701
535.948
418.919
319.422
535.107
418.183
317.113
612.382
469.794
315.212
436.301
354.475
286.18
437.479
360.699
288.097
588.833
443.288
306.236
629.828
493.178
324.853
573.629
428.299
302.063
544.644
402.316
295.277
549.332
406.244
296.332
510.306
376.324
288.719
513.585
378.513
289.303
540.502
398.78
294.308
537.031
396.095
293.497
505.33
372.874
288.128
501.312
370.185
287.524
381.448
312.547
275.04
383.959
313.343
275.185
395.447
317.63
276.044
393.89
317.111
275.943
397.198
318.232
276.17
399.175
319.027
276.359
380.971
312.512
275.044
376.343
310.826
274.697
371.029
309.672
274.528
372.629
309.553
274.418
370.757
309.136
274.416
433.067
344.962
283.996
434.273
349.608
285.056
694.3
650.843
455.27
694.605
653.129
459.69
692.869
641.84
444.795
622.085
501.606
361.903
622.851
502.724
362.921
603.47
476.725
341.941
621.224
500.386
360.817
619.382
498.505
357.808
613.589
489.834
352.469
610.531
485.248
348.574
529.997
412.466
317.148
408.798
321.915
278.777
431.364
361.171
290.343
424.498
346.77
286.206
697.855
693.686
604.569
697.717
689.908
571.812
697.582
686.987
555.253
567.098
440.66
322.358
451.769
351.868
284.883
454.243
358.709
286.392
443.389
342.407
282.751
440.27
340.374
282.265
443.795
345.022
284.917
474.512
398.881
307.367
684.16
604.457
418.57
637.938
523.734
376.593
638.822
525.335
378.436
539.541
420.011
325.642
538.717
418.933
322.666
534.591
415.798
313.085
693.223
640.95
445.379
695.033
650.924
458.32
420.14
370.061
293.852
398.965
343.833
286.587
435.769
366.369
292.147
437.639
365.468
290.86
574.884
448.095
324.894
576.594
449.701
325.513
555.482
431.346
314.18
558.095
433.26
315.779
592.742
447.596
307.859
608.501
465.17
313.566
633.819
499.104
328.094
569.543
424.311
300.94
560.154
415.301
298.316
554.547
410.63
297.409
521.353
384.261
290.855
517.19
381.191
290.023
526.037
387.753
291.763
531.278
391.717
292.69
495.689
366.128
286.328
388.886
315.172
275.575
386.484
314.226
275.367
391.05
316.136
275.778
392.614
316.741
275.881
404.213
321.029
276.718
405.517
321.458
276.778
403.159
320.86
276.71
401.362
320.079
276.588
380.718
312.549
275.058
377.317
311.075
274.745
370.722
309.477
274.474
369.637
307.891
274.113
368.656
308.185
274.226
456.679
411.999
307.923
459.689
405.398
304.885
427.69
334.487
280.956
433.368
342.737
283.488
484.897
411.69
314.728
695.686
662.437
477.503
692.029
637.054
437.504
692.559
640.106
442.814
691.615
634.607
434.397
691.011
631.733
435.381
681.904
597.416
413.706
682.398
598.666
413.717
642.08
529.144
382.557
641.403
528.323
382.021
604.723
478.353
343.044
616.482
495.156
353.253
617.806
496.808
355.168
614.465
491.343
353.729
615.51
493.665
352.298
609.048
483.81
346.433
530.865
410.427
308.72
697.899
695.208
620.687
)
;

boundaryField
{
    topAndBottom
    {
        type            calculated;
        value           nonuniform List<scalar> 
72
(
697.948
697.948
697.948
697.948
697.948
697.948
697.948
697.948
697.948
697.948
697.948
697.948
697.948
697.948
697.948
697.948
697.948
697.948
697.948
697.948
697.948
697.948
697.948
697.948
697.948
697.948
697.948
697.948
697.948
697.948
697.948
697.948
697.948
697.948
697.948
697.948
697.948
697.948
697.948
697.948
697.948
697.948
697.948
697.948
697.948
697.948
697.948
697.948
697.948
697.948
697.948
697.948
697.948
697.948
697.948
697.948
697.948
697.948
697.948
697.948
697.948
697.948
697.948
697.948
697.948
697.948
697.948
697.948
697.948
697.948
697.948
697.948
)
;
    }
    inlet
    {
        type            calculated;
        value           uniform 697.948;
    }
    outlet
    {
        type            calculated;
        value           nonuniform List<scalar> 
24
(
697.948
697.948
697.948
697.948
697.948
697.948
697.948
697.948
697.947
697.89
696.356
676.064
690.261
697.931
697.948
697.948
697.948
697.948
697.948
697.948
697.948
697.948
697.948
697.948
)
;
    }
    wing
    {
        type            calculated;
        value           uniform 261.412;
    }
    front
    {
        type            empty;
    }
    back
    {
        type            empty;
    }
}


// ************************************************************************* //
