/*--------------------------------*- C++ -*----------------------------------*\
| =========                 |                                                 |
| \\      /  F ield         | OpenFOAM: The Open Source CFD Toolbox           |
|  \\    /   O peration     | Version:  5.x                                   |
|   \\  /    A nd           | Web:      www.OpenFOAM.org                      |
|    \\/     M anipulation  |                                                 |
\*---------------------------------------------------------------------------*/
FoamFile
{
    version     2.0;
    format      ascii;
    class       volScalarField;
    location    "500";
    object      xf;
}
// * * * * * * * * * * * * * * * * * * * * * * * * * * * * * * * * * * * * * //

dimensions      [0 0 0 0 0 0 0];

internalField   nonuniform List<scalar> 
6584
(
0.264652
0.264652
0.264652
0.264652
0.264652
0.264652
0.264652
0.264652
0.264653
0.264653
0.264653
0.264653
0.264653
0.264653
0.264653
0.264653
0.264652
0.264652
0.264652
0.264652
0.264652
0.264652
0.264651
0.264651
0.264363
0.264363
0.264363
0.264363
0.264363
0.264364
0.264364
0.264365
0.264365
0.264366
0.264366
0.264366
0.264366
0.264366
0.264366
0.264365
0.264365
0.264365
0.264364
0.264364
0.264363
0.264363
0.264363
0.264363
0.264074
0.264074
0.264075
0.264074
0.264075
0.264075
0.264076
0.264078
0.264078
0.264222
0.264222
0.264222
0.264222
0.264222
0.264222
0.264079
0.264077
0.264077
0.264076
0.264075
0.264075
0.264075
0.264074
0.264074
0.263785
0.263786
0.263786
0.263786
0.263786
0.263787
0.263788
0.26379
0.263791
0.263934
0.263934
0.263933
0.263933
0.263934
0.263934
0.263935
0.263789
0.263789
0.263788
0.263787
0.263787
0.263786
0.263786
0.263786
0.263497
0.263497
0.263498
0.263498
0.263499
0.263499
0.263499
0.263499
0.263645
0.263646
0.263644
0.263642
0.263642
0.263643
0.263645
0.263646
0.263646
0.263502
0.2635
0.2635
0.263499
0.263498
0.263498
0.263497
0.263209
0.263209
0.26321
0.26321
0.263211
0.263211
0.263212
0.263355
0.263355
0.263353
0.263425
0.263421
0.26342
0.263424
0.263356
0.263358
0.263359
0.263216
0.263214
0.263212
0.263211
0.26321
0.26321
0.263209
0.262921
0.262921
0.262922
0.262922
0.262923
0.262924
0.262926
0.263068
0.263067
0.263065
0.263128
0.263158
0.263153
0.263126
0.263139
0.263073
0.263074
0.262932
0.262928
0.262926
0.262924
0.262923
0.262922
0.262921
0.262633
0.262633
0.262634
0.262635
0.262636
0.262638
0.262641
0.262782
0.262781
0.262781
0.262838
0.26285
0.262862
0.262854
0.262791
0.262791
0.262649
0.262643
0.26264
0.262638
0.262636
0.262634
0.262634
0.262345
0.262346
0.262347
0.262348
0.262349
0.262352
0.262356
0.262497
0.262498
0.262501
0.262558
0.26257
0.262586
0.262579
0.262515
0.262511
0.262367
0.262358
0.262354
0.262351
0.262349
0.262347
0.262346
0.262057
0.262058
0.262059
0.262061
0.262063
0.262066
0.262072
0.262213
0.262216
0.262224
0.262285
0.262306
0.262332
0.262312
0.262241
0.262232
0.262085
0.262074
0.262069
0.262065
0.262062
0.26206
0.262058
0.26177
0.26177
0.261772
0.261774
0.261777
0.261781
0.261787
0.26193
0.261935
0.261947
0.262013
0.262045
0.26208
0.262048
0.261968
0.261954
0.261803
0.261791
0.261783
0.261778
0.261775
0.261772
0.26177
0.261482
0.261483
0.261485
0.261487
0.261491
0.261495
0.261503
0.261646
0.261654
0.261668
0.261738
0.261774
0.261818
0.261778
0.261692
0.261675
0.261521
0.261507
0.261498
0.261492
0.261487
0.261485
0.261482
0.261194
0.261196
0.261198
0.2612
0.261204
0.26121
0.261218
0.261362
0.261371
0.261386
0.261458
0.261492
0.26154
0.261501
0.261413
0.261394
0.261238
0.261222
0.261212
0.261205
0.2612
0.261197
0.261194
0.260907
0.260908
0.26091
0.260914
0.260918
0.260924
0.260932
0.260937
0.261085
0.261098
0.261166
0.261188
0.180965
0.261207
0.261217
0.261131
0.261111
0.260953
0.260937
0.260926
0.260918
0.260912
0.260908
0.260906
0.260619
0.260621
0.260623
0.260627
0.260631
0.260637
0.260645
0.260647
0.260794
0.260808
0.260875
0.260856
0.238525
0.260913
0.26085
0.260845
0.260676
0.260665
0.260648
0.260638
0.260631
0.260625
0.26062
0.260617
0.260331
0.260333
0.260336
0.260339
0.260344
0.26035
0.260357
0.26036
0.260506
0.260521
0.260516
0.260563
0.239237
0.26055
0.260562
0.260558
0.260389
0.260378
0.26036
0.26035
0.260341
0.260335
0.260331
0.260328
0.260044
0.260046
0.260048
0.260052
0.260057
0.260062
0.260069
0.260073
0.260081
0.260234
0.260228
0.259898
0.249175
0.260258
0.260273
0.260269
0.260101
0.26009
0.260072
0.260061
0.260052
0.260045
0.260041
0.260038
0.259756
0.259758
0.259761
0.259765
0.259769
0.259774
0.259781
0.259787
0.259795
0.2598
0.25994
0.25942
0.249
0.259966
0.259843
0.259828
0.259812
0.259802
0.259783
0.259771
0.259763
0.259756
0.259752
0.259747
0.259468
0.25947
0.259473
0.259477
0.259482
0.259486
0.259495
0.2595
0.259509
0.259513
0.259458
0.24553
0.254092
0.259539
0.259554
0.259539
0.259523
0.259513
0.259494
0.259482
0.259473
0.259466
0.259462
0.259457
0.25918
0.259182
0.259185
0.25919
0.259195
0.259199
0.259208
0.259214
0.259223
0.259226
0.25913
0.245271
0.253809
0.259247
0.259265
0.259251
0.259235
0.259224
0.259205
0.259192
0.259183
0.259176
0.259171
0.259166
0.258892
0.258895
0.258898
0.258902
0.258907
0.258912
0.258922
0.258928
0.258937
0.25894
0.258805
0.245008
0.253522
0.258956
0.258977
0.258963
0.258946
0.258935
0.258916
0.258903
0.258893
0.258886
0.258881
0.258876
0.258604
0.258607
0.25861
0.258615
0.25862
0.258625
0.258635
0.258642
0.258651
0.258653
0.258482
0.244741
0.253233
0.258664
0.258688
0.258675
0.258657
0.258646
0.258626
0.258613
0.258603
0.258595
0.258591
0.258585
0.258316
0.258319
0.258323
0.258327
0.258333
0.258339
0.258349
0.258356
0.258365
0.258366
0.258161
0.244471
0.252942
0.258372
0.2584
0.258386
0.258368
0.258357
0.258337
0.258323
0.258313
0.258305
0.2583
0.258294
0.258029
0.258032
0.258035
0.25804
0.258046
0.258052
0.258063
0.25807
0.25808
0.25808
0.257842
0.2442
0.25265
0.25808
0.258112
0.258098
0.25808
0.258068
0.258047
0.258033
0.258023
0.258015
0.258009
0.258003
0.257741
0.257744
0.257747
0.257753
0.257759
0.257765
0.257777
0.257784
0.257795
0.257794
0.257525
0.243926
0.252356
0.257788
0.257824
0.25781
0.257791
0.257779
0.257758
0.257743
0.257733
0.257724
0.257719
0.257713
0.257453
0.257456
0.25746
0.257465
0.257472
0.257479
0.257491
0.257498
0.257509
0.257507
0.257205
0.243653
0.252063
0.257497
0.257536
0.257522
0.257502
0.25749
0.257468
0.257454
0.257442
0.257433
0.257428
0.257422
0.257166
0.257169
0.257173
0.257178
0.257185
0.257192
0.257205
0.257213
0.257224
0.257221
0.256883
0.243381
0.251772
0.257207
0.257249
0.257235
0.257214
0.257201
0.257179
0.257164
0.257153
0.257143
0.257138
0.257132
0.256878
0.256881
0.256885
0.256891
0.256898
0.256906
0.256919
0.256927
0.256939
0.256935
0.256562
0.243108
0.251481
0.256917
0.256961
0.256948
0.256926
0.256913
0.25689
0.256875
0.256863
0.256853
0.256848
0.256841
0.25659
0.256594
0.256598
0.256604
0.256611
0.256619
0.256633
0.256641
0.256654
0.256648
0.256242
0.242835
0.251188
0.256627
0.256674
0.25666
0.256638
0.256624
0.256601
0.256585
0.256573
0.256563
0.256557
0.256551
0.256303
0.256306
0.256311
0.256317
0.256325
0.256333
0.256347
0.256356
0.256369
0.256362
0.255924
0.242561
0.250896
0.256336
0.256387
0.256373
0.25635
0.256336
0.256312
0.256296
0.256283
0.256273
0.256267
0.256261
0.256015
0.256019
0.256023
0.25603
0.256038
0.256047
0.256062
0.256071
0.256085
0.256076
0.255606
0.242286
0.250602
0.256046
0.2561
0.256085
0.256062
0.256047
0.256023
0.256006
0.255993
0.255983
0.255977
0.25597
0.255728
0.255731
0.255736
0.255743
0.255751
0.255761
0.255776
0.255786
0.2558
0.255789
0.255288
0.24201
0.250309
0.255756
0.255812
0.255798
0.255774
0.255759
0.255734
0.255716
0.255703
0.255693
0.255686
0.25568
0.25544
0.255444
0.255449
0.255455
0.255464
0.255475
0.255491
0.255501
0.255515
0.255503
0.254971
0.241735
0.250016
0.255466
0.255525
0.25551
0.255486
0.25547
0.255444
0.255427
0.255413
0.255403
0.255396
0.25539
0.255153
0.255157
0.255162
0.255168
0.255178
0.255189
0.255205
0.255216
0.25523
0.255216
0.254654
0.241459
0.249722
0.255176
0.255238
0.255223
0.255198
0.255181
0.255155
0.255137
0.255123
0.255112
0.255105
0.255099
0.254866
0.254869
0.254875
0.254881
0.254891
0.254903
0.25492
0.254931
0.254946
0.254929
0.254336
0.241184
0.249429
0.254886
0.25495
0.254936
0.254909
0.254893
0.254866
0.254848
0.254833
0.254822
0.254815
0.254809
0.254578
0.254582
0.254588
0.254595
0.254605
0.254617
0.254635
0.254646
0.254661
0.254642
0.254017
0.240909
0.249136
0.254596
0.254663
0.254648
0.254621
0.254604
0.254577
0.254558
0.254543
0.254532
0.254524
0.254518
0.262603
0.262615
0.262855
0.262339
0.262362
0.262583
0.262078
0.262112
0.262331
0.261809
0.261853
0.262081
0.261528
0.261577
0.261819
0.261226
0.153705
0.178367
0.261284
0.261541
0.262888
0.263153
0.262892
0.263159
0.262627
0.262608
0.262858
0.262713
0.262846
0.262619
0.262642
0.262848
0.262353
0.262341
0.262574
0.26247
0.26238
0.262549
0.262309
0.262544
0.262363
0.262377
0.262575
0.262081
0.262078
0.262308
0.262209
0.261888
0.262053
0.260593
0.261475
0.262112
0.262115
0.262311
0.261807
0.261809
0.262045
0.261945
0.261714
0.261778
0.261203
0.260744
0.261852
0.261849
0.262049
0.26112
0.261395
0.261576
0.261575
0.261781
0.260846
0.260987
0.26093
0.180237
0.154365
0.220881
0.260974
0.261244
0.26257
0.2627
0.262706
0.262695
0.262539
0.262846
0.262712
0.262556
0.262704
0.262714
0.2627
0.262574
0.262086
0.262347
0.262437
0.262154
0.261385
0.262505
0.262193
0.261527
0.262296
0.262456
0.262366
0.262085
0.262563
0.262378
0.262488
0.261788
0.261873
0.262176
0.260983
0.261142
0.261345
0.260983
0.260742
0.260531
0.262207
0.261887
0.261813
0.262074
0.261899
0.262238
0.260846
0.261054
0.261158
0.26081
0.261396
0.261243
0.261952
0.261745
0.261722
0.261802
0.261745
0.261984
0.261185
0.261191
0.261076
0.261178
0.261004
0.26111
0.261708
0.261594
0.261717
0.261124
0.260778
0.261187
0.261135
0.260561
0.260823
0.262742
0.262718
0.262853
0.262749
0.262832
0.261528
0.261527
0.261774
0.26167
0.261548
0.261629
0.257633
0.256561
0.261283
0.261293
0.261505
0.262837
0.262752
0.262853
0.262718
0.262748
0.26164
0.261705
0.261911
0.177981
0.191055
0.232249
0.239101
0.191708
0.207373
0.256355
0.254473
0.261682
0.261576
0.26144
0.239923
0.244069
0.26142
0.261268
0.261432
0.263008
0.262992
0.262867
0.262867
0.262993
0.263008
0.262739
0.262768
0.262743
0.262838
0.262753
0.262786
0.262407
0.262445
0.261056
0.261108
0.261084
0.261004
0.261144
0.254681
0.261371
0.258456
0.257754
0.257983
0.258616
0.260928
0.261834
0.262639
0.260175
0.262381
0.2597
0.262618
0.262452
0.262747
0.262768
0.262728
0.262068
0.262627
0.262637
0.261748
0.261699
0.262403
0.262381
0.261855
0.2619
0.262164
0.262402
0.26245
0.262339
0.262386
0.262155
0.262481
0.26253
0.26258
0.262466
0.262514
0.262463
0.261053
0.26106
0.261106
0.261079
0.259877
0.259964
0.261789
0.262155
0.262201
0.262093
0.26214
0.261776
0.261995
0.262277
0.262324
0.262216
0.262262
0.261984
0.179524
0.260947
0.195484
0.181146
0.212179
0.1963
0.260976
0.260655
0.182871
0.260692
0.261374
0.26136
0.26177
0.262031
0.262078
0.261968
0.262015
0.261775
0.222251
0.230758
0.261131
0.225739
0.213273
0.235855
0.227092
0.261146
0.208861
0.220949
0.261054
0.256743
0.25786
0.2549
0.256522
0.261069
0.254013
0.243241
0.244693
0.168894
0.244545
0.242649
0.206017
0.258356
0.258518
0.262814
0.261242
0.261231
0.261491
0.261383
0.261326
0.26143
0.217264
0.259935
0.260227
0.262814
0.261436
0.261535
0.261635
0.178032
0.180362
0.140435
0.242204
0.241636
0.182983
0.18739
0.25764
0.258304
0.140487
0.262914
0.26292
0.262849
0.262845
0.26292
0.262915
0.26246
0.262508
0.262458
0.262337
0.262394
0.262501
0.261945
0.262242
0.262194
0.262308
0.262259
0.261968
0.260802
0.261323
0.261136
0.260723
0.248807
0.246905
0.260908
0.258681
0.259133
0.260228
0.260107
0.177245
0.262787
0.262761
0.262843
0.262586
0.262494
0.262422
0.262648
0.262665
0.262718
0.262597
0.262647
0.26263
0.262194
0.262374
0.262324
0.262441
0.262391
0.262232
0.261978
0.255685
0.259598
0.252118
0.253015
0.261514
0.259986
0.260425
0.262283
0.26167
0.262048
0.262259
0.262413
0.26243
0.262308
0.262334
0.262116
0.262178
0.262129
0.261833
0.261022
0.248759
0.246222
0.261232
0.250785
0.251849
0.245819
0.246638
0.260999
0.260394
0.260252
0.261846
0.262152
0.262174
0.262053
0.262087
0.261802
0.262041
0.262275
0.2623
0.262182
0.262205
0.261936
0.261386
0.258559
0.258986
0.258272
0.257877
0.261305
0.261776
0.261903
0.261952
0.261836
0.261887
0.261764
0.261196
0.242515
0.236818
0.24905
0.24728
0.261197
0.20104
0.203359
0.261171
0.250966
0.249592
0.198298
0.200388
0.251123
0.249291
0.262781
0.262813
0.262793
0.247295
0.257237
0.248727
0.249569
0.249389
0.2571
0.2628
0.262786
0.262822
0.262771
0.262788
0.179439
0.183845
0.18011
0.178516
0.235559
0.189073
0.1872
0.194142
0.189607
0.236431
0.195666
0.198763
0.255645
0.255322
0.241997
0.201384
0.196675
0.187717
0.189866
0.262709
0.26273
0.262761
0.262688
0.262719
0.262697
0.262347
0.26249
0.260858
0.26127
0.261139
0.260742
0.255166
0.2589
0.258608
0.259202
0.258995
0.255072
0.257939
0.257712
0.258525
0.258097
0.258213
0.252249
0.253307
0.250326
0.251716
0.25811
0.245836
0.246766
0.26125
0.262572
0.262469
0.262676
0.262603
0.26153
0.261942
0.261752
0.2624
0.262022
0.262668
0.262728
0.262691
0.262645
0.262581
0.262586
0.262513
0.262596
0.262548
0.262639
0.262677
0.262567
0.262625
0.262666
0.26264
0.262598
0.254218
0.255054
0.261912
0.248532
0.245062
0.256422
0.249239
0.239649
0.235995
0.243951
0.24117
0.26156
0.253322
0.25399
0.259719
0.25899
0.261659
0.26031
0.258106
0.257268
0.258854
0.258319
0.262309
0.260528
0.260812
0.261718
0.262021
0.262377
0.262404
0.262216
0.262126
0.262342
0.262368
0.249187
0.249166
0.261033
0.228118
0.227795
0.213384
0.226425
0.225918
0.230197
0.227356
0.226143
0.249193
0.250425
0.261197
0.229781
0.225595
0.235075
0.231038
0.217362
0.212843
0.223949
0.219422
0.261018
0.247247
0.248709
0.26013
0.260178
0.262123
0.262145
0.261832
0.261785
0.262095
0.262115
0.262243
0.262267
0.26203
0.261948
0.262212
0.262236
0.182387
0.187519
0.248021
0.249992
0.245477
0.247322
0.182426
0.205915
0.252594
0.248935
0.250522
0.2521
0.202524
0.237105
0.238064
0.232786
0.236738
0.188162
0.243008
0.244981
0.238657
0.241925
0.188392
0.258282
0.258471
0.261385
0.256964
0.257535
0.257599
0.256926
0.257587
0.261311
0.257704
0.258057
0.22561
0.176492
0.17804
0.185578
0.17722
0.226842
0.180365
0.213205
0.178649
0.215244
0.255745
0.259443
0.259268
0.259651
0.259501
0.255875
0.253309
0.253613
0.204513
0.207125
0.191759
0.197342
0.252301
0.251536
0.262899
0.262918
0.263134
0.261396
0.261286
0.261111
0.262872
0.262876
0.262832
0.262824
0.262874
0.262872
0.263006
0.262999
0.262874
0.262576
0.262525
0.262484
0.262318
0.262101
0.262063
0.260657
0.261423
0.262048
0.261999
0.261749
0.259656
0.259496
0.260735
0.259067
0.259238
0.261385
0.262628
0.262645
0.262593
0.262199
0.262332
0.262567
0.262685
0.262652
0.262676
0.26248
0.261643
0.262142
0.261575
0.262022
0.26198
0.262269
0.262213
0.262222
0.262095
0.262448
0.262465
0.262407
0.261821
0.262113
0.262064
0.249924
0.248897
0.261097
0.260713
0.259919
0.259808
0.260469
0.261874
0.262065
0.262072
0.262063
0.262196
0.262204
0.26208
0.262088
0.261911
0.260588
0.251604
0.250488
0.261763
0.262025
0.262039
0.261663
0.261768
0.261819
0.17391
0.173682
0.252395
0.251371
0.261163
0.1745
0.174179
0.259162
0.259209
0.260748
0.262757
0.262757
0.176912
0.17704
0.178366
0.190061
0.192424
0.17449
0.175698
0.187968
0.185883
0.205267
0.252844
0.252483
0.254755
0.205033
0.202151
0.242558
0.26293
0.262924
0.262851
0.262726
0.262729
0.262736
0.262748
0.262666
0.262678
0.262772
0.262805
0.262787
0.262293
0.262272
0.262379
0.262465
0.262416
0.262382
0.260975
0.261161
0.25979
0.25987
0.261129
0.2609
0.25932
0.259571
0.255556
0.255604
0.256704
0.256556
0.254694
0.255735
0.255879
0.261382
0.259322
0.259554
0.26162
0.260692
0.26192
0.261766
0.262563
0.262494
0.262236
0.258121
0.257561
0.261387
0.260334
0.258853
0.262758
0.262738
0.262697
0.262703
0.262637
0.262677
0.262252
0.262626
0.262651
0.260905
0.261365
0.262463
0.256817
0.256137
0.261811
0.261943
0.262518
0.262535
0.262518
0.262418
0.262482
0.2625
0.261087
0.248839
0.249061
0.259846
0.260037
0.262144
0.262153
0.262007
0.261972
0.262128
0.262136
0.181101
0.194413
0.217359
0.218622
0.203167
0.204168
0.179596
0.252314
0.251791
0.260621
0.188737
0.186677
0.199984
0.199945
0.184739
0.202242
0.202663
0.185197
0.185665
0.261996
0.26201
0.261756
0.261764
0.261968
0.261982
0.219666
0.251083
0.251759
0.249654
0.250365
0.217515
0.257251
0.259458
0.25969
0.25955
0.259507
0.257425
0.255251
0.257122
0.256906
0.253516
0.252986
0.254159
0.176482
0.1791
0.179477
0.176112
0.24582
0.21112
0.20658
0.214875
0.212199
0.242009
0.242978
0.243399
0.253587
0.254485
0.258666
0.262805
0.262816
0.262795
0.177839
0.178471
0.202741
0.201255
0.140608
0.185573
0.180476
0.18067
0.178645
0.179682
0.186821
0.140376
0.250691
0.252166
0.262884
0.262878
0.26283
0.262175
0.262139
0.262328
0.262336
0.262417
0.262483
0.262375
0.262399
0.260738
0.261373
0.258329
0.25851
0.258455
0.258298
0.260726
0.25936
0.259245
0.248401
0.244795
0.244653
0.24559
0.24537
0.247871
0.262472
0.262532
0.262542
0.262508
0.262522
0.262448
0.261622
0.262205
0.261934
0.261832
0.262105
0.262231
0.262239
0.260018
0.260007
0.260621
0.260343
0.26205
0.262057
0.26186
0.262178
0.262187
0.262052
0.261924
0.262096
0.262104
0.258222
0.258954
0.258721
0.259085
0.259047
0.258105
0.173568
0.17379
0.175449
0.174877
0.19905
0.184839
0.184373
0.244875
0.24498
0.250566
0.246254
0.247072
0.244813
0.245398
0.249913
0.262776
0.262768
0.26277
0.262776
0.262804
0.262808
0.26282
0.262786
0.262794
0.262795
0.248443
0.253153
0.252898
0.253894
0.253507
0.248736
0.250621
0.251944
0.251411
0.252698
0.252434
0.250099
0.262795
0.262801
0.262789
0.262734
0.262703
0.262774
0.262761
0.176915
0.188035
0.179377
0.179412
0.17962
0.179069
0.20202
0.203256
0.188066
0.174529
0.17377
0.193589
0.17881
0.178172
0.178609
0.202259
0.181789
0.177535
0.253032
0.253515
0.255928
0.251571
0.251741
0.251162
0.251272
0.255013
0.252326
0.252526
0.188061
0.176466
0.177535
0.175658
0.175667
0.188674
0.262716
0.262726
0.26272
0.262678
0.262688
0.262706
0.262176
0.26236
0.262243
0.26221
0.262317
0.262347
0.262251
0.262286
0.260916
0.261215
0.258906
0.25902
0.258639
0.258773
0.26114
0.259891
0.259894
0.259163
0.259173
0.260804
0.259061
0.255991
0.255678
0.254873
0.256438
0.256281
0.257835
0.256131
0.256084
0.25665
0.256352
0.257772
0.258421
0.256874
0.257026
0.256267
0.256585
0.258272
0.255936
0.250784
0.254501
0.254234
0.24557
0.245998
0.261134
0.262064
0.261993
0.260973
0.261771
0.262325
0.26217
0.259033
0.258548
0.260782
0.260898
0.261819
0.260075
0.259559
0.262454
0.262542
0.262675
0.262607
0.262337
0.262017
0.262327
0.26257
0.262592
0.262605
0.262555
0.262572
0.262528
0.262483
0.262527
0.26265
0.262632
0.262618
0.262667
0.262644
0.262663
0.262583
0.262601
0.26257
0.262596
0.247646
0.246291
0.254455
0.245426
0.246619
0.243093
0.249879
0.23829
0.23707
0.242963
0.242104
0.259355
0.256105
0.256875
0.254574
0.255315
0.259143
0.261493
0.260239
0.260598
0.257321
0.259394
0.261113
0.255508
0.254342
0.257886
0.249399
0.250249
0.247904
0.248649
0.257639
0.258715
0.253325
0.253913
0.251187
0.252214
0.258526
0.261766
0.261985
0.228492
0.213394
0.215732
0.208508
0.210849
0.228214
0.216835
0.217003
0.217117
0.221994
0.226443
0.195704
0.19793
0.199518
0.195912
0.227864
0.226937
0.204362
0.206345
0.200461
0.202555
0.226542
0.228714
0.227458
0.234103
0.232475
0.215513
0.213852
0.222508
0.22127
0.259924
0.260106
0.262018
0.262161
0.26217
0.262112
0.26212
0.26196
0.182317
0.21261
0.215463
0.192217
0.179513
0.206143
0.209197
0.19327
0.190933
0.237384
0.212399
0.212643
0.234861
0.210055
0.205087
0.212704
0.212097
0.236096
0.19844
0.195768
0.199162
0.201339
0.186658
0.188757
0.194227
0.258377
0.259679
0.259609
0.259759
0.25972
0.258423
0.25715
0.257403
0.257355
0.256826
0.25678
0.257085
0.257665
0.259203
0.259124
0.259487
0.259337
0.257807
0.176774
0.18948
0.190506
0.188138
0.188787
0.177377
0.182487
0.197681
0.200221
0.19224
0.19479
0.179423
0.179973
0.175941
0.176538
0.177241
0.17644
0.179361
0.18552
0.18722
0.178813
0.182191
0.17935
0.257443
0.257307
0.255572
0.253244
0.253951
0.174879
0.176943
0.19397
0.179715
0.177064
0.183683
0.182349
0.195946
0.176348
0.17605
0.243779
0.244123
0.263498
0.263497
0.263643
0.263495
0.263494
0.263642
0.263495
0.263495
0.263642
0.263497
0.263499
0.263644
0.263208
0.263205
0.263352
0.263202
0.263199
0.263424
0.263196
0.263192
0.26342
0.263192
0.263198
0.263421
0.263201
0.263207
0.263426
0.263211
0.263214
0.263356
0.262922
0.262915
0.263132
0.26291
0.262895
0.263123
0.263041
0.263038
0.263157
0.26303
0.263034
0.263153
0.26305
0.263055
0.263128
0.262924
0.262932
0.263072
0.262641
0.262632
0.262844
0.262767
0.262765
0.262836
0.262813
0.262811
0.262848
0.262755
0.26277
0.262876
0.262647
0.262656
0.262793
0.262363
0.262356
0.262562
0.262489
0.262489
0.262557
0.262536
0.262536
0.262569
0.262489
0.262501
0.2626
0.262379
0.262385
0.26252
0.262086
0.262083
0.262288
0.262217
0.262219
0.262286
0.262274
0.262274
0.262306
0.262238
0.262243
0.262339
0.262114
0.262114
0.262249
0.261808
0.261808
0.262014
0.261945
0.261949
0.262017
0.262011
0.262013
0.262046
0.261984
0.261982
0.262081
0.261846
0.261843
0.261979
0.261527
0.261528
0.261738
0.26174
0.261741
0.261775
0.261716
0.261711
0.261813
0.261571
0.261567
0.261705
0.261243
0.261242
0.261457
0.261431
0.261435
0.261505
0.261288
0.261286
0.261427
0.260952
0.260945
0.26109
0.260947
0.260936
0.261155
0.261077
0.260982
0.261097
0.188871
0.256363
0.256829
0.260987
0.261004
0.261221
0.260996
0.261002
0.261144
0.260664
0.260657
0.260801
0.26066
0.260645
0.260863
0.260636
0.206963
0.206099
0.239105
0.260674
0.2609
0.26069
0.260712
0.260928
0.260706
0.260713
0.260857
0.260372
0.260363
0.260508
0.260149
0.23181
0.207181
0.24925
0.260258
0.260598
0.260404
0.260421
0.260566
0.262603
0.262637
0.262637
0.262648
0.262659
0.262606
0.262853
0.262817
0.262819
0.262339
0.262371
0.262372
0.262393
0.262393
0.262346
0.262589
0.262539
0.262551
0.262079
0.262111
0.26211
0.262144
0.262145
0.262099
0.262331
0.262284
0.2623
0.26181
0.261844
0.261843
0.261886
0.261891
0.261843
0.262083
0.262036
0.262049
0.261612
0.261606
0.261571
0.26181
0.261777
0.261785
0.261135
0.261291
0.261345
0.140619
0.193671
0.193674
0.235802
0.236009
0.140577
0.261536
0.2615
0.261505
0.262874
0.262998
0.263002
0.262836
0.262836
0.262825
0.263153
0.263034
0.263029
0.262835
0.262837
0.26293
0.262927
0.262889
0.263158
0.26304
0.263044
0.262626
0.262695
0.262697
0.262712
0.262693
0.262624
0.262833
0.262762
0.262748
0.262731
0.262727
0.262695
0.262842
0.262821
0.262826
0.262634
0.262736
0.26272
0.26271
0.26271
0.262643
0.262846
0.262777
0.262778
0.262354
0.262421
0.262421
0.26244
0.262422
0.262355
0.262556
0.262489
0.262473
0.26247
0.262503
0.262503
0.262409
0.262451
0.262432
0.262563
0.262545
0.262528
0.262522
0.262494
0.262529
0.262371
0.262468
0.262457
0.262442
0.262446
0.262381
0.262577
0.262511
0.262508
0.262085
0.262152
0.262149
0.262177
0.262155
0.262088
0.262288
0.262222
0.26221
0.262209
0.262241
0.262241
0.261905
0.262132
0.262116
0.262241
0.262221
0.262022
0.262114
0.262211
0.262207
0.26218
0.262187
0.262122
0.262317
0.262252
0.262246
0.261812
0.261881
0.261876
0.261911
0.261886
0.261817
0.262021
0.261954
0.261945
0.261946
0.261979
0.261978
0.26174
0.261982
0.261933
0.261979
0.261964
0.261768
0.261166
0.259977
0.260096
0.261848
0.261948
0.261951
0.261916
0.261924
0.261857
0.262057
0.261991
0.261983
0.26113
0.259818
0.259931
0.260861
0.260872
0.261393
0.261575
0.261644
0.261682
0.261644
0.261652
0.261583
0.26179
0.261721
0.261713
0.260867
0.260246
0.260233
0.260303
0.260297
0.260967
0.260869
0.260943
0.261003
0.178023
0.26006
0.25989
0.241715
0.241658
0.1567
0.259801
0.259899
0.218304
0.261049
0.260731
0.260757
0.261046
0.260774
0.261131
0.26259
0.262599
0.262581
0.262716
0.262663
0.262646
0.262672
0.262671
0.262705
0.262677
0.262651
0.262695
0.262826
0.262823
0.262843
0.262707
0.262727
0.262731
0.262566
0.26255
0.262538
0.262702
0.262691
0.262695
0.262712
0.262678
0.26268
0.262683
0.262688
0.262706
0.262585
0.262602
0.262594
0.262121
0.262282
0.262261
0.262411
0.26239
0.262309
0.262404
0.262404
0.262437
0.262105
0.261674
0.261798
0.260173
0.260245
0.261427
0.261881
0.261943
0.262226
0.262457
0.262409
0.262425
0.26235
0.262392
0.262405
0.262528
0.262552
0.262569
0.262415
0.262425
0.262388
0.262519
0.262522
0.262473
0.261798
0.262008
0.261994
0.2621
0.262085
0.261859
0.262143
0.262144
0.262177
0.260997
0.259426
0.259386
0.259825
0.259776
0.261124
0.261306
0.260035
0.260103
0.259365
0.259363
0.26098
0.262207
0.262161
0.262175
0.261988
0.261992
0.261818
0.262269
0.262269
0.262223
0.260882
0.255665
0.254937
0.258719
0.258564
0.26103
0.261174
0.259926
0.259876
0.254714
0.253923
0.260772
0.261393
0.260817
0.260842
0.260229
0.260336
0.261276
0.261956
0.261907
0.261919
0.261738
0.261909
0.261924
0.261816
0.261832
0.261736
0.261788
0.261975
0.261981
0.261939
0.261953
0.261754
0.262017
0.26202
0.261972
0.26119
0.25986
0.259781
0.260209
0.260165
0.261194
0.261096
0.259004
0.258863
0.259694
0.259598
0.261169
0.261022
0.260309
0.260307
0.259964
0.260046
0.261097
0.261693
0.261784
0.2618
0.2617
0.26175
0.261645
0.261751
0.261743
0.26171
0.261081
0.253341
0.25268
0.25115
0.252782
0.261042
0.261184
0.260285
0.26025
0.260711
0.259198
0.259141
0.26274
0.262775
0.262777
0.262774
0.262789
0.262734
0.262844
0.262807
0.262794
0.262827
0.262814
0.262819
0.261634
0.261608
0.261537
0.261748
0.261678
0.261669
0.261671
0.261706
0.261705
0.261585
0.261692
0.261658
0.26176
0.261726
0.261597
0.257503
0.255908
0.256131
0.254441
0.25479
0.256764
0.261291
0.261363
0.261395
0.262824
0.26282
0.262834
0.262739
0.262756
0.262765
0.262793
0.262809
0.262866
0.262736
0.262791
0.262773
0.262783
0.262782
0.262746
0.261669
0.261849
0.261794
0.261916
0.261867
0.261678
0.261877
0.261878
0.261912
0.233506
0.218928
0.217635
0.225688
0.224365
0.238198
0.256152
0.253819
0.254103
0.261675
0.261641
0.261647
0.26152
0.26163
0.261681
0.261558
0.261612
0.2615
0.240704
0.228259
0.227011
0.233563
0.232745
0.243579
0.261356
0.261487
0.261523
0.261415
0.261451
0.261334
0.261469
0.261464
0.261427
0.26301
0.262943
0.262939
0.26295
0.262947
0.263013
0.262856
0.262925
0.26293
0.262888
0.262885
0.262864
0.263012
0.262947
0.262951
0.26294
0.262943
0.263009
0.26277
0.262737
0.262749
0.2628
0.262816
0.262838
0.262758
0.262769
0.262763
0.262806
0.262802
0.262782
0.259606
0.259768
0.261137
0.261376
0.260925
0.260933
0.258386
0.257293
0.257412
0.256337
0.256516
0.257863
0.258303
0.259616
0.259586
0.259661
0.25964
0.258389
0.260948
0.260289
0.26028
0.26257
0.262633
0.262659
0.262593
0.26238
0.262538
0.262515
0.262638
0.262603
0.262756
0.262744
0.262731
0.262749
0.262745
0.262764
0.262618
0.262607
0.262617
0.262647
0.262639
0.262628
0.2608
0.260893
0.261798
0.261653
0.260634
0.260715
0.262255
0.262297
0.262424
0.262358
0.262171
0.262213
0.262286
0.262297
0.262175
0.262418
0.26241
0.262394
0.262443
0.262426
0.262434
0.262355
0.262346
0.26233
0.262378
0.262362
0.26237
0.262145
0.262267
0.262276
0.262501
0.262512
0.262495
0.262547
0.262541
0.262525
0.262574
0.262558
0.262563
0.262482
0.262475
0.262459
0.262508
0.262492
0.262498
0.262444
0.262477
0.262489
0.259604
0.25959
0.261047
0.261068
0.259636
0.259619
0.259654
0.259713
0.261135
0.261057
0.259545
0.259597
0.26202
0.262027
0.261804
0.26217
0.262161
0.262145
0.262191
0.262176
0.262186
0.262109
0.2621
0.262084
0.26213
0.262115
0.262124
0.261768
0.262007
0.262013
0.262293
0.262283
0.262268
0.262315
0.262299
0.262308
0.262231
0.262222
0.262206
0.262252
0.262237
0.262247
0.25803
0.255918
0.260917
0.210802
0.2299
0.231352
0.219688
0.22087
0.197459
0.261004
0.258388
0.258209
0.260732
0.253574
0.25255
0.260661
0.260697
0.261383
0.261341
0.260543
0.260607
0.261942
0.261945
0.261763
0.262047
0.262038
0.262023
0.262069
0.262054
0.262062
0.261984
0.261976
0.26196
0.262007
0.261992
0.261999
0.261777
0.261932
0.261937
0.22339
0.206275
0.205176
0.21606
0.214185
0.229504
0.259268
0.25914
0.261115
0.224051
0.240157
0.241196
0.232529
0.233732
0.214399
0.232122
0.253433
0.25392
0.252354
0.252904
0.230771
0.261158
0.259494
0.259385
0.210135
0.190019
0.189108
0.203823
0.201895
0.219347
0.260307
0.260308
0.261038
0.256916
0.258197
0.258085
0.258847
0.258769
0.25773
0.257954
0.257812
0.256271
0.261082
0.260294
0.260301
0.243798
0.218285
0.215698
0.22138
0.21928
0.244321
0.245
0.235206
0.234393
0.258312
0.254724
0.255223
0.257524
0.25763
0.258573
0.261309
0.261322
0.261246
0.261466
0.261394
0.261383
0.261361
0.261409
0.261373
0.261481
0.261445
0.261396
0.253739
0.25364
0.216019
0.25998
0.258815
0.258787
0.258928
0.258862
0.260056
0.26148
0.261553
0.261517
0.261623
0.261588
0.261495
0.261599
0.2616
0.261635
0.171414
0.166727
0.140653
0.241715
0.221783
0.216963
0.222098
0.221864
0.241599
0.258088
0.251972
0.250945
0.255051
0.255906
0.258289
0.140316
0.206001
0.220082
0.262916
0.26289
0.262887
0.262896
0.262895
0.262919
0.262838
0.262882
0.262873
0.262858
0.262856
0.262842
0.262919
0.262893
0.262896
0.262887
0.262889
0.262915
0.26249
0.262471
0.262435
0.262491
0.262484
0.262502
0.26245
0.262467
0.262475
0.262514
0.262471
0.262456
0.262166
0.262149
0.261924
0.262226
0.262208
0.262225
0.262176
0.262192
0.26221
0.262291
0.262275
0.262292
0.262241
0.262258
0.262275
0.261994
0.262202
0.262183
0.259895
0.259912
0.261141
0.260269
0.260258
0.260887
0.259058
0.259688
0.259676
0.259701
0.259696
0.259098
0.260191
0.254114
0.251211
0.253975
0.254069
0.26015
0.176416
0.231432
0.230888
0.262783
0.262803
0.262807
0.262795
0.262798
0.262778
0.262839
0.262819
0.262807
0.26257
0.26256
0.262576
0.262653
0.26267
0.262666
0.262682
0.262676
0.262659
0.262712
0.262694
0.2627
0.262613
0.262608
0.262591
0.262642
0.262625
0.26263
0.262612
0.262619
0.262636
0.262325
0.262303
0.262158
0.262357
0.262344
0.262362
0.262309
0.262326
0.262341
0.262424
0.262415
0.262432
0.262379
0.262397
0.262407
0.26227
0.262368
0.262347
0.261301
0.261497
0.262045
0.256904
0.260143
0.25958
0.261053
0.260716
0.258685
0.252401
0.257707
0.257581
0.257974
0.257838
0.252703
0.26147
0.26032
0.260398
0.260183
0.261343
0.261232
0.261497
0.261425
0.260315
0.262255
0.261994
0.262041
0.262352
0.262376
0.26232
0.262422
0.262417
0.262403
0.262317
0.262289
0.26228
0.262307
0.262298
0.262325
0.262162
0.262144
0.26216
0.262112
0.262128
0.262145
0.261846
0.262069
0.262054
0.25952
0.259475
0.261009
0.247987
0.256123
0.256305
0.255735
0.255911
0.247028
0.259899
0.259965
0.261267
0.251168
0.257196
0.257059
0.25746
0.257334
0.251554
0.245768
0.255616
0.255635
0.255774
0.255657
0.2461
0.260992
0.259377
0.259405
0.262159
0.262128
0.26212
0.262143
0.262135
0.262167
0.26206
0.262054
0.262081
0.261815
0.261996
0.261999
0.262284
0.262254
0.262246
0.262271
0.262263
0.262292
0.262189
0.262158
0.26215
0.262173
0.262166
0.262197
0.260758
0.260787
0.261391
0.2587
0.259887
0.259814
0.260032
0.259964
0.258857
0.261298
0.260394
0.26042
0.261879
0.261894
0.261788
0.261919
0.261913
0.261897
0.261945
0.261929
0.261936
0.261853
0.261848
0.261832
0.261881
0.261864
0.26187
0.261749
0.261848
0.261863
0.260001
0.259934
0.261194
0.240151
0.255139
0.255488
0.25436
0.254764
0.239336
0.248482
0.256334
0.256575
0.255796
0.256076
0.247899
0.261196
0.260115
0.260061
0.201714
0.186577
0.186127
0.187938
0.187127
0.202455
0.260343
0.260316
0.261177
0.250539
0.257179
0.257346
0.256797
0.256996
0.250085
0.185702
0.185276
0.19973
0.262806
0.2628
0.262789
0.255496
0.255691
0.25737
0.256946
0.255089
0.255309
0.262795
0.262807
0.262812
0.262828
0.262814
0.262809
0.262776
0.262769
0.262781
0.221065
0.220034
0.234571
0.188614
0.20421
0.205067
0.191927
0.208461
0.21021
0.205963
0.207051
0.190454
0.23735
0.223169
0.222071
0.23029
0.229343
0.241389
0.200389
0.215167
0.216265
0.212072
0.213783
0.19888
0.26274
0.262733
0.262723
0.262755
0.262744
0.26275
0.262698
0.262689
0.262679
0.262713
0.2627
0.262708
0.262444
0.262432
0.262478
0.258796
0.257463
0.257665
0.257138
0.257276
0.258695
0.259137
0.258063
0.25817
0.257837
0.257961
0.259071
0.25701
0.25716
0.258306
0.252702
0.255496
0.25526
0.25587
0.255694
0.253032
0.255001
0.254746
0.251206
0.25799
0.256683
0.256849
0.262542
0.262375
0.262422
0.262252
0.262327
0.262511
0.262658
0.262609
0.262643
0.26248
0.262549
0.262633
0.261879
0.260988
0.261082
0.262271
0.261699
0.262088
0.261207
0.261405
0.262132
0.262702
0.262673
0.262586
0.262717
0.262705
0.262721
0.262666
0.262687
0.262705
0.262607
0.262594
0.262581
0.26266
0.262649
0.262656
0.262623
0.262638
0.26265
0.262616
0.262627
0.262609
0.254457
0.258762
0.258614
0.25919
0.258942
0.254722
0.261853
0.261
0.261132
0.260477
0.260555
0.261606
0.25356
0.258234
0.258109
0.258481
0.258356
0.253772
0.262085
0.262129
0.262334
0.260628
0.261632
0.261565
0.261761
0.261697
0.260723
0.262386
0.262364
0.262354
0.262389
0.262376
0.262395
0.262191
0.262311
0.262329
0.262249
0.262258
0.262136
0.262351
0.262325
0.262316
0.262344
0.262335
0.262359
0.249297
0.256515
0.256532
0.256425
0.256486
0.249305
0.26104
0.259575
0.259553
0.249688
0.256661
0.256511
0.256927
0.256798
0.250081
0.261166
0.259774
0.259834
0.259447
0.259494
0.261034
0.247806
0.256078
0.255925
0.256362
0.25622
0.248253
0.26213
0.262098
0.262091
0.262113
0.262106
0.262137
0.261818
0.262035
0.262042
0.262
0.262003
0.261772
0.262101
0.262071
0.262065
0.262084
0.262078
0.262109
0.262251
0.262221
0.262213
0.262237
0.262229
0.262259
0.26222
0.262189
0.262181
0.262205
0.262197
0.262228
0.248677
0.235059
0.233559
0.237227
0.236263
0.24938
0.246016
0.229034
0.228115
0.231882
0.230296
0.246633
0.226189
0.227966
0.208793
0.253051
0.243007
0.242012
0.251057
0.238955
0.238078
0.24096
0.239908
0.251566
0.199483
0.222381
0.224235
0.212415
0.212233
0.237673
0.243842
0.225624
0.223948
0.227384
0.226641
0.244465
0.239549
0.215161
0.213281
0.221307
0.218075
0.240699
0.261384
0.260717
0.260735
0.260443
0.260485
0.261326
0.208621
0.20736
0.224478
0.228171
0.212142
0.21021
0.19314
0.1912
0.211508
0.217388
0.199146
0.195968
0.259392
0.258521
0.258612
0.258289
0.258411
0.259333
0.259605
0.258858
0.25894
0.258693
0.258774
0.259556
0.256042
0.257676
0.257556
0.205901
0.191066
0.189235
0.192951
0.192905
0.207221
0.252178
0.248293
0.248184
0.247546
0.247937
0.251877
0.262911
0.262983
0.263013
0.26299
0.262988
0.262916
0.261241
0.261339
0.261377
0.261254
0.261298
0.261183
0.262873
0.262857
0.262856
0.262862
0.262861
0.262876
0.262826
0.262845
0.262848
0.262841
0.262835
0.262825
0.262873
0.262857
0.262858
0.262855
0.262855
0.262872
0.262958
0.262961
0.263001
0.262885
0.262923
0.262937
0.262507
0.262527
0.262508
0.261758
0.261949
0.261935
0.259121
0.260113
0.26008
0.260178
0.260143
0.259172
0.261388
0.260881
0.260891
0.262634
0.262617
0.262609
0.262246
0.262441
0.262411
0.262496
0.262469
0.262289
0.262674
0.262682
0.262692
0.262661
0.262671
0.262663
0.262685
0.262681
0.26267
0.262432
0.262472
0.262494
0.261909
0.262272
0.262182
0.262377
0.262333
0.262058
0.262397
0.262435
0.262445
0.262038
0.262023
0.261809
0.262097
0.26208
0.262096
0.262048
0.262064
0.26208
0.249418
0.25685
0.256989
0.25667
0.256741
0.249073
0.261111
0.259735
0.259702
0.251353
0.257446
0.257575
0.257141
0.257285
0.250985
0.26196
0.261967
0.261775
0.261751
0.261767
0.261678
0.261815
0.261798
0.261802
0.252085
0.25777
0.257886
0.257501
0.257642
0.251745
0.261155
0.260389
0.260368
0.259185
0.259702
0.259703
0.259689
0.259698
0.259202
0.203813
0.219067
0.220143
0.217207
0.21811
0.202901
0.24308
0.231947
0.231137
0.262929
0.262907
0.262909
0.2629
0.262903
0.262926
0.262859
0.262881
0.262878
0.262783
0.262778
0.262766
0.262803
0.26279
0.262795
0.262775
0.262781
0.262793
0.260904
0.260915
0.261379
0.259411
0.26026
0.260219
0.260327
0.260297
0.259491
0.262734
0.262746
0.262748
0.262715
0.262732
0.262719
0.261012
0.261897
0.261826
0.262077
0.261979
0.261155
0.262445
0.262341
0.262387
0.262507
0.262522
0.262531
0.262455
0.262465
0.26243
0.259676
0.259654
0.261076
0.248872
0.25659
0.256623
0.256548
0.256567
0.248952
0.25212
0.257882
0.257994
0.257684
0.257787
0.251955
0.261758
0.26195
0.261954
0.261919
0.261926
0.261772
0.237533
0.23894
0.221976
0.215726
0.234826
0.236219
0.258462
0.258331
0.257078
0.259017
0.259086
0.259724
0.257588
0.258681
0.258577
0.236706
0.235987
0.245434
0.209824
0.223701
0.224744
0.221328
0.22254
0.208256
0.214021
0.228132
0.229066
0.226038
0.227141
0.213142
0.253895
0.25621
0.25604
0.256531
0.256377
0.254203
0.258623
0.257728
0.257818
0.200657
0.185368
0.188139
0.185261
0.185114
0.200758
0.14063
0.165568
0.165124
0.197516
0.200645
0.140325
0.252212
0.239439
0.232371
0.24669
0.244088
0.252151
0.262883
0.26287
0.262871
0.262863
0.262866
0.26288
0.262836
0.262851
0.262847
0.263789
0.263789
0.263933
0.263788
0.263788
0.263933
0.263788
0.263788
0.263933
0.263789
0.263789
0.263934
0.2635
0.2635
0.263645
0.2635
0.2635
0.263645
0.26321
0.26321
0.263356
0.263346
0.263346
0.263421
0.263345
0.263345
0.26342
0.263215
0.263215
0.263358
0.262923
0.262924
0.263067
0.263055
0.263054
0.263128
0.263113
0.263112
0.263153
0.262931
0.262931
0.263073
0.262639
0.26264
0.262781
0.262826
0.262831
0.262867
0.262652
0.262651
0.26279
0.262357
0.26236
0.2625
0.262553
0.262557
0.26259
0.262378
0.262373
0.262512
0.262076
0.262081
0.26222
0.2623
0.262302
0.262333
0.262104
0.262097
0.262235
0.261795
0.261801
0.261941
0.262048
0.262048
0.26208
0.26183
0.261821
0.261959
0.261513
0.26152
0.261661
0.261669
0.261673
0.261743
0.261785
0.261784
0.261818
0.261553
0.261542
0.261682
0.261229
0.261237
0.261379
0.261387
0.261391
0.261462
0.261456
0.261456
0.261492
0.261273
0.261261
0.261402
0.26094
0.260947
0.261093
0.261092
0.261095
0.261168
0.183643
0.235632
0.235566
0.261134
0.261145
0.261218
0.260989
0.260978
0.26112
0.26065
0.260659
0.260802
0.260783
0.260697
0.260786
0.23877
0.259095
0.259177
0.260838
0.260853
0.260927
0.260701
0.260687
0.26083
0.260377
0.26037
0.260514
0.260417
0.260425
0.260569
0.260084
0.260071
0.260217
0.259649
0.231735
0.231776
0.249091
0.259954
0.260106
0.260112
0.260131
0.260276
0.261528
0.261564
0.261564
0.261321
0.261316
0.261277
0.262885
0.262924
0.262925
0.263153
0.263113
0.263113
0.262642
0.262647
0.262612
0.262623
0.262657
0.262652
0.262374
0.262377
0.262344
0.262578
0.262544
0.26254
0.262365
0.262397
0.262394
0.262111
0.262112
0.262079
0.26231
0.262277
0.262275
0.262112
0.262144
0.262144
0.262045
0.262012
0.262012
0.261722
0.261891
0.261876
0.261852
0.261885
0.261885
0.193454
0.193106
0.15506
0.261238
0.2612
0.261206
0.262705
0.262687
0.262682
0.262578
0.262586
0.262584
0.262551
0.26256
0.262569
0.261745
0.261881
0.261887
0.261893
0.261899
0.261745
0.261683
0.2617
0.261612
0.261112
0.260443
0.260434
0.260422
0.260407
0.261145
0.260219
0.260203
0.260801
0.262737
0.262742
0.262724
0.262857
0.262837
0.262833
0.261533
0.261603
0.261599
0.261561
0.261644
0.261628
0.26174
0.261725
0.261619
0.261364
0.26137
0.261298
0.261512
0.261442
0.261435
0.262833
0.262838
0.262858
0.262724
0.262742
0.262736
0.26165
0.261771
0.261756
0.261862
0.261847
0.261696
0.261557
0.261648
0.261665
0.261538
0.261556
0.261461
0.261399
0.2615
0.261518
0.263008
0.262986
0.262986
0.262864
0.262886
0.262888
0.262986
0.262986
0.263008
0.262825
0.26283
0.262842
0.258101
0.258979
0.258917
0.259235
0.259202
0.258544
0.234748
0.246467
0.247055
0.242068
0.242863
0.228302
0.261245
0.261319
0.261315
0.261383
0.261419
0.261419
0.262847
0.26286
0.262861
0.25874
0.259289
0.259264
0.262772
0.262778
0.262767
0.262845
0.262834
0.262831
0.241763
0.250253
0.250617
0.247599
0.248089
0.237696
0.263133
0.26306
0.263062
0.261391
0.261354
0.261359
0.263004
0.262966
0.262968
0.262878
0.262898
0.262895
0.262559
0.262554
0.262571
0.262519
0.262536
0.262542
0.262032
0.262016
0.262032
0.261984
0.262
0.262015
0.262628
0.262623
0.262641
0.262588
0.262606
0.262611
0.261784
0.261781
0.261765
0.260775
0.260185
0.260164
0.262854
0.262866
0.262865
0.263275
0.263275
0.2632
0.263195
0.263271
0.263271
0.263269
0.26327
0.263192
0.26342
0.263345
0.263345
0.263192
0.263268
0.26327
0.263273
0.263271
0.263196
0.263421
0.263346
0.263347
0.263202
0.263275
0.263276
0.262908
0.262981
0.262982
0.263009
0.262977
0.262905
0.263125
0.263051
0.263047
0.263078
0.263077
0.263038
0.26303
0.263072
0.263072
0.263074
0.263073
0.263033
0.263152
0.263113
0.263114
0.26276
0.262795
0.26279
0.262492
0.262525
0.262521
0.262239
0.26227
0.262269
0.261983
0.262016
0.262016
0.261716
0.26175
0.261751
0.261009
0.261024
0.260951
0.26117
0.261096
0.261082
0.26102
0.261097
0.26106
0.261172
0.261134
0.261059
0.23651
0.23607
0.186205
0.256316
0.250384
0.25058
0.25052
0.250411
0.256376
0.261001
0.261073
0.261061
0.261075
0.261081
0.26101
0.261226
0.261154
0.261149
0.260879
0.260806
0.260791
0.260506
0.260603
0.260709
0.206718
0.255379
0.255028
0.256166
0.255764
0.206434
0.258918
0.259008
0.238955
0.260749
0.260529
0.260452
0.260682
0.260606
0.260824
0.262611
0.262627
0.262624
0.262378
0.262384
0.262399
0.262352
0.262368
0.262362
0.262572
0.262577
0.262594
0.262544
0.262561
0.262555
0.26213
0.262135
0.26215
0.262103
0.262118
0.262114
0.262315
0.262321
0.262337
0.26229
0.262306
0.2623
0.262067
0.262071
0.262087
0.26204
0.262055
0.262052
0.261185
0.26125
0.261209
0.261336
0.261296
0.261252
0.261308
0.261307
0.261346
0.164724
0.164423
0.14099
0.14578
0.197659
0.196661
0.262937
0.26292
0.262882
0.262998
0.262959
0.262958
0.262964
0.262962
0.263002
0.263114
0.263114
0.263154
0.263033
0.263074
0.263074
0.263072
0.263072
0.263031
0.263119
0.263119
0.263158
0.263041
0.26308
0.26308
0.263082
0.263082
0.263043
0.262717
0.262682
0.262677
0.262784
0.262788
0.262752
0.262716
0.262722
0.262732
0.262702
0.262712
0.262706
0.262686
0.262691
0.262725
0.262443
0.26241
0.262407
0.262507
0.26251
0.262477
0.262426
0.262428
0.26246
0.262178
0.262145
0.262144
0.262243
0.262244
0.262211
0.262175
0.262176
0.262207
0.261909
0.261876
0.261877
0.261978
0.261977
0.261944
0.26192
0.261906
0.261731
0.261966
0.261952
0.261968
0.26192
0.261936
0.261949
0.261918
0.261918
0.261951
0.25986
0.260474
0.260457
0.260498
0.260486
0.259897
0.230317
0.229779
0.178747
0.26001
0.253643
0.253828
0.241743
0.222171
0.222197
0.221746
0.222019
0.24173
0.155779
0.192717
0.192376
0.258768
0.258748
0.259867
0.219202
0.253876
0.253819
0.260944
0.261164
0.26121
0.261052
0.261109
0.260843
0.262658
0.262676
0.262681
0.262664
0.262669
0.262652
0.262667
0.262678
0.262667
0.262698
0.262689
0.262682
0.262441
0.262447
0.262463
0.262415
0.262431
0.262425
0.262541
0.26255
0.262539
0.262506
0.262512
0.262528
0.262479
0.262495
0.262489
0.262192
0.262197
0.262212
0.262166
0.262181
0.262176
0.262253
0.262259
0.262274
0.262228
0.262243
0.262238
0.255411
0.259233
0.259327
0.259047
0.259142
0.255168
0.254482
0.258857
0.258955
0.258634
0.258751
0.254224
0.26194
0.261943
0.261958
0.261868
0.261875
0.261743
0.261747
0.261905
0.261912
0.262004
0.262008
0.262023
0.261975
0.261991
0.261988
0.259995
0.260516
0.260507
0.260527
0.260522
0.260022
0.261716
0.261713
0.261696
0.261747
0.26173
0.261734
0.261628
0.261717
0.261734
0.260442
0.260447
0.261098
0.253173
0.25816
0.258209
0.257989
0.258081
0.252939
0.251126
0.256867
0.256864
0.25806
0.257209
0.251549
0.260134
0.260084
0.260649
0.259171
0.259634
0.259669
0.259595
0.25961
0.259156
0.262779
0.262761
0.262755
0.262813
0.262818
0.262798
0.261676
0.261661
0.261573
0.261608
0.261708
0.261693
0.262799
0.262818
0.262812
0.262754
0.262749
0.26273
0.262786
0.262768
0.262772
0.262754
0.26276
0.262779
0.261802
0.261787
0.261659
0.261687
0.261832
0.261817
0.261612
0.26163
0.261538
0.261481
0.261576
0.261594
0.262988
0.262988
0.26301
0.262943
0.262966
0.262966
0.262963
0.262963
0.26294
0.262969
0.26297
0.262948
0.262878
0.262882
0.26286
0.262926
0.262904
0.262902
0.262909
0.262908
0.262929
0.262991
0.262991
0.263013
0.262948
0.26297
0.262969
0.262973
0.262972
0.262951
0.26294
0.262963
0.262963
0.262966
0.262966
0.262943
0.263009
0.262988
0.262988
0.262759
0.262762
0.262772
0.262742
0.262752
0.262748
0.262805
0.262818
0.262812
0.259659
0.260386
0.260357
0.260437
0.260411
0.259713
0.259084
0.259035
0.258209
0.258469
0.259166
0.259127
0.262594
0.262629
0.262614
0.262655
0.262642
0.262614
0.262435
0.26255
0.262523
0.262596
0.262575
0.262491
0.259417
0.259502
0.256158
0.253202
0.258364
0.258505
0.258099
0.258235
0.252852
0.24508
0.245801
0.23348
0.229489
0.243594
0.244352
0.217365
0.231446
0.232251
0.229885
0.230723
0.21653
0.221348
0.234345
0.234452
0.232962
0.233734
0.220361
0.254936
0.256867
0.256709
0.257061
0.256992
0.255122
0.258609
0.259505
0.259572
0.230274
0.228333
0.214972
0.255025
0.256887
0.256909
0.26289
0.262904
0.262904
0.262901
0.262901
0.262887
0.262853
0.262856
0.262842
0.262883
0.262869
0.262868
0.262893
0.262906
0.262906
0.262887
0.262901
0.262901
0.262902
0.262902
0.262888
0.25689
0.256907
0.251254
0.2628
0.262789
0.262783
0.262819
0.262822
0.262811
0.249429
0.249851
0.240974
0.238522
0.248554
0.248999
0.264078
0.264078
0.264222
0.264078
0.264078
0.264222
0.264078
0.264078
0.264222
0.264078
0.264078
0.264222
0.26379
0.26379
0.263934
0.26379
0.26379
0.263934
0.2635
0.263502
0.263647
0.263502
0.263502
0.263645
0.26335
0.26335
0.263424
0.263067
0.263068
0.26314
0.262784
0.262786
0.262855
0.262512
0.262512
0.26258
0.262246
0.262244
0.262311
0.261981
0.261975
0.262042
0.26171
0.2617
0.261768
0.261504
0.261499
0.261535
0.26143
0.261419
0.261488
0.261151
0.26115
0.261187
0.260803
0.260806
0.260878
0.260363
0.260372
0.260515
0.260414
0.260398
0.260542
0.26009
0.260083
0.260226
0.260128
0.260136
0.260281
0.259797
0.259779
0.259925
0.259211
0.231686
0.231676
0.248926
0.259645
0.259801
0.25982
0.25984
0.259985
0.261225
0.261265
0.261267
0.262861
0.262824
0.262821
0.261843
0.261841
0.261807
0.261572
0.261607
0.261611
0.179419
0.229304
0.228921
0.253934
0.253912
0.220006
0.259729
0.259746
0.260798
0.260593
0.260046
0.260023
0.261563
0.26156
0.261525
0.261771
0.261737
0.261739
0.261384
0.261402
0.26129
0.261451
0.261509
0.261492
0.261611
0.261595
0.261522
0.262903
0.26294
0.262937
0.263495
0.263569
0.263569
0.263568
0.263568
0.263494
0.263495
0.263569
0.263569
0.263569
0.263569
0.263495
0.263203
0.263277
0.263276
0.263423
0.26335
0.26335
0.263231
0.263231
0.263192
0.263192
0.263231
0.263231
0.263279
0.263279
0.263206
0.262987
0.262988
0.262916
0.262933
0.262935
0.262898
0.263041
0.263079
0.263079
0.263156
0.263117
0.263118
0.262926
0.262996
0.262995
0.262702
0.262703
0.262633
0.262845
0.262774
0.262773
0.262648
0.262716
0.262715
0.262424
0.262424
0.262355
0.262563
0.262494
0.262493
0.262534
0.262531
0.262498
0.262597
0.262563
0.262567
0.262378
0.262445
0.262445
0.262151
0.262149
0.26208
0.262286
0.262218
0.262219
0.262275
0.262274
0.262242
0.262337
0.262305
0.262307
0.26211
0.262177
0.26218
0.261877
0.261872
0.261803
0.262011
0.261942
0.261946
0.262015
0.262017
0.261984
0.262082
0.26205
0.262048
0.261838
0.261906
0.261914
0.261732
0.261662
0.261668
0.26156
0.261629
0.26164
0.261427
0.261462
0.261468
0.26095
0.261023
0.26102
0.261076
0.261113
0.261114
0.260718
0.260734
0.260661
0.260704
0.260777
0.260764
0.262642
0.262644
0.262661
0.261874
0.261877
0.261893
0.262895
0.262897
0.262877
0.262667
0.262664
0.26263
0.262733
0.262698
0.262701
0.262404
0.262401
0.262369
0.262465
0.262433
0.262436
0.262146
0.262146
0.262114
0.26221
0.262178
0.262179
0.261881
0.261885
0.261851
0.261951
0.261918
0.261916
0.261647
0.261644
0.261679
0.261022
0.260985
0.260904
0.253158
0.253427
0.259953
0.259833
0.258724
0.258699
0.260693
0.260971
0.261009
0.261168
0.26116
0.261118
0.262698
0.262694
0.262713
0.26191
0.261926
0.261924
0.260878
0.25993
0.260363
0.262771
0.262769
0.262788
0.262731
0.26275
0.262752
0.261631
0.261596
0.261599
0.261704
0.261701
0.261667
0.262828
0.262825
0.262806
0.262865
0.262845
0.262847
0.261833
0.261822
0.261838
0.2619
0.261887
0.261904
0.261855
0.261871
0.261883
0.261647
0.261644
0.261626
0.261678
0.261661
0.261665
0.261608
0.261591
0.261595
0.261462
0.26148
0.261377
0.261312
0.261423
0.261441
0.26295
0.262972
0.262972
0.263012
0.262991
0.262991
0.261544
0.261527
0.261466
0.261508
0.261577
0.261561
0.262975
0.262977
0.263015
0.262916
0.262918
0.262938
0.263193
0.263231
0.263231
0.26323
0.26323
0.263191
0.26301
0.262972
0.26297
0.262938
0.262917
0.262916
0.264078
0.264078
0.264222
0.264078
0.264078
0.264222
0.26379
0.26379
0.263934
0.263502
0.263502
0.263646
0.263212
0.263212
0.263355
0.26335
0.263351
0.263425
0.263216
0.263216
0.263359
0.262925
0.262925
0.263068
0.263118
0.263118
0.263158
0.262932
0.262931
0.263073
0.26264
0.262641
0.262783
0.26265
0.262648
0.262789
0.262355
0.262357
0.262499
0.262371
0.262367
0.262508
0.262072
0.262075
0.262216
0.262093
0.262087
0.262227
0.261788
0.261793
0.261934
0.261815
0.261807
0.261947
0.261504
0.26151
0.261652
0.261535
0.261525
0.261666
0.261219
0.261226
0.261369
0.261253
0.261241
0.261383
0.261145
0.261132
0.261203
0.260969
0.260957
0.261098
0.260489
0.260301
0.260407
0.239401
0.258732
0.258827
0.260125
0.260108
0.260252
0.26316
0.263121
0.263121
0.261279
0.261315
0.261321
0.261488
0.261453
0.261455
0.26357
0.26357
0.263497
0.263497
0.26357
0.26357
0.263279
0.263279
0.263205
0.263426
0.263352
0.263352
0.263212
0.263284
0.263283
0.263132
0.26306
0.263059
0.263052
0.263089
0.263088
0.262805
0.262803
0.262768
0.262875
0.262839
0.262841
0.261598
0.261591
0.261521
0.261744
0.261749
0.261715
0.261817
0.261783
0.26178
0.261315
0.261306
0.261234
0.261449
0.261378
0.261386
0.261276
0.261346
0.261359
0.260935
0.260862
0.260854
0.254725
0.254447
0.207551
0.260376
0.260299
0.260524
0.261358
0.261353
0.261389
0.261419
0.261416
0.261381
0.263086
0.263086
0.263048
0.253005
0.215942
0.115592
0.252728
0.215101
0.114022
0.249201
0.207185
0.105171
0.248957
0.206747
0.104993
0.0625231
0.0054955
0
0.262412
0.256262
0.18383
0.253502
0.210324
0.0660563
0.252137
0.205705
0.0596561
0.0624026
0.00505062
0
0.11964
0.0815562
0.0164531
0.262338
0.255249
0.178197
0.254275
0.218398
0.116
0.254466
0.218826
0.116185
0.251288
0.212104
0.111465
0.251166
0.212091
0.112167
0.246384
0.201442
0.0988881
0.246761
0.202363
0.100239
0.101273
0.0464962
0
0.103041
0.0549581
0
0.111031
0.078626
0.0156567
0.262751
0.26119
0.227082
0.259116
0.233658
0.122542
0.259618
0.236081
0.125681
0.258944
0.232838
0.121454
0.253489
0.216638
0.114792
0.25218
0.214128
0.113857
0.25013
0.209648
0.108849
0.24794
0.204545
0.101713
0.236857
0.18345
0.0790902
0.262239
0.252117
0.16598
0.058421
0.00547664
0
0.0978887
0.0487727
0
0.102744
0.0560778
0
0.199747
0.120739
0.0112257
0.155933
0.0511531
0
0.162555
0.0567596
0
0.170728
0.0641443
0
0.165319
0.0592086
0
0.181944
0.0756751
0
0.172967
0.0663035
0
0.180172
0.0736646
0
0.154297
0.0498387
0
0.147603
0.0447192
0
0.139075
0.0387522
0
0.145533
0.043183
0
0.120202
0.0272706
0
0.127149
0.0311427
0
0.136573
0.037018
0
0.130055
0.0330389
0
0.117305
0.0254979
0
0.0681124
0.00259277
0
0.0615999
0.00286268
0
0.0947902
0.0406371
0
0.259771
0.236856
0.126831
0.260301
0.239779
0.130053
0.260446
0.240648
0.131678
0.253721
0.217243
0.115575
0.255075
0.220479
0.118309
0.251969
0.213662
0.113341
0.250309
0.209886
0.10862
0.245439
0.199577
0.0962453
0.247605
0.203816
0.100921
0.232919
0.17564
0.0673003
0.234919
0.179578
0.0753744
0.233378
0.17665
0.069027
0.236358
0.182423
0.0770156
0.235214
0.180126
0.0763329
0.225385
0.160284
0.0501807
0.219942
0.150656
0.036289
0.219066
0.149327
0.0339999
0.198201
0.118695
0.00957771
0.193449
0.113646
0.00994588
0.256092
0.223122
0.118171
0.256245
0.223391
0.117464
0.253134
0.216009
0.114908
0.255903
0.222608
0.117921
0.255663
0.221771
0.11654
0.252501
0.214557
0.113369
0.249496
0.207869
0.105989
0.244184
0.197324
0.0963701
0.24442
0.197586
0.0962649
0.248758
0.206507
0.105266
0.243776
0.196363
0.0947312
0.243358
0.195398
0.0931338
0.0653461
0.0147512
0
0.0638448
0.0124283
0
0.0623565
0.00569291
0
0.0666831
0.0165238
0
0.0676877
0.017396
0
0.262464
0.256911
0.188671
0.216091
0.144112
0.0308217
0.215084
0.142641
0.0285005
0.254782
0.214764
0.0724914
0.259715
0.235902
0.115246
0.251015
0.201784
0.0539779
0.0621642
0.00451315
0
0.119871
0.0814254
0.0127085
0.262233
0.254173
0.174307
0.257238
0.226591
0.120591
0.254115
0.218157
0.116368
0.254686
0.219419
0.116852
0.251463
0.212365
0.11137
0.250827
0.211115
0.110172
0.246046
0.200838
0.0982986
0.247068
0.202943
0.100777
0.241711
0.192462
0.0892728
0.216819
0.145303
0.0327373
0.217565
0.146884
0.0316479
0.262748
0.260944
0.217046
0.262716
0.260035
0.208032
0.102162
0.0494791
0
0.102791
0.0525442
0
0.259318
0.234754
0.12502
0.259474
0.235452
0.125582
0.2587
0.231959
0.123727
0.256629
0.224489
0.117826
0.256425
0.223851
0.11734
0.253292
0.21622
0.114559
0.255183
0.220647
0.118375
0.255466
0.221193
0.115995
0.252317
0.214229
0.113313
0.249821
0.208819
0.107547
0.245006
0.19865
0.0975737
0.244702
0.198029
0.0965963
0.248292
0.20547
0.103024
0.242605
0.193951
0.091309
0.24297
0.194592
0.0920227
0.237691
0.184873
0.0821907
0.237426
0.184503
0.0816813
0.0609059
0.00720619
0
0.0622718
0.010084
0
0.0608628
0.00524014
0
0.0668304
0.0157456
0
0.0678458
0.0169578
0
0.0651051
0.0159347
0
0.100234
0.0535765
0
0.101827
0.0557653
0
0.262544
0.257918
0.194518
0.212355
0.138412
0.026126
0.213299
0.140069
0.0254748
0.214141
0.141307
0.0264565
0.257123
0.224254
0.090542
0.255573
0.21791
0.0787167
0.258024
0.228141
0.0982092
0.258782
0.2317
0.106728
0.249258
0.195877
0.0455342
0.217907
0.125315
0
0.157875
0.0527469
0
0.16008
0.0545971
0
0.168746
0.0622533
0
0.167055
0.0606604
0
0.175466
0.0687776
0
0.178247
0.0716448
0
0.152678
0.0487068
0
0.149986
0.0465714
0
0.141907
0.0407982
0
0.143813
0.0420035
0
0.122241
0.0282478
0
0.12456
0.0295769
0
0.134398
0.0355863
0
0.132645
0.0346544
0
0.114384
0.0237548
0
0.0618604
0.00390824
0
0.091573
0.0285606
0
0.260176
0.239114
0.129557
0.259921
0.237699
0.12892
0.260597
0.241652
0.134574
0.256856
0.225304
0.118987
0.257079
0.226152
0.120439
0.253992
0.218108
0.11721
0.254936
0.220244
0.11836
0.25169
0.212873
0.111952
0.250542
0.210372
0.109041
0.245778
0.200433
0.0979172
0.247314
0.203281
0.100624
0.242292
0.193516
0.0910049
0.242064
0.193308
0.0909688
0.241264
0.191396
0.0902166
0.232546
0.174844
0.0662797
0.234544
0.178811
0.0740045
0.233918
0.17772
0.0712062
0.235612
0.1808
0.0743936
0.235947
0.181476
0.0753722
0.220842
0.152062
0.0387768
0.218262
0.148065
0.0323176
0.196562
0.116739
0.0081743
0.194957
0.115095
0.00732692
0.262788
0.261787
0.231624
0.262812
0.262256
0.241731
0.262812
0.26226
0.242559
0.105394
0.0556028
0
0.108524
0.0622695
0
0.239497
0.169679
0.0219484
0.226322
0.141021
0.00359159
0.241248
0.173982
0.0251393
0.223949
0.136717
0.00180506
0.0838749
0.00860725
0
0.0739745
0.00516331
0
0.0659355
0.00316136
0
0.0725663
0.00464302
0
0.0654532
0.00307894
0
0.178819
0.105985
0.0259555
0.261633
0.248657
0.151638
0.261487
0.247562
0.147189
0.223143
0.155865
0.0440485
0.227677
0.164789
0.0555672
0.227233
0.163881
0.054476
0.222698
0.15501
0.0433151
0.221717
0.153451
0.0414599
0.262538
0.255761
0.182222
0.262627
0.257656
0.191099
0.112906
0.0663858
0.0177418
0.205585
0.128264
0.0181248
0.0791016
0.0179103
0
0.0810935
0.0193165
0
0.0869673
0.0309395
0
0.0948545
0.0337153
0
0.115086
0.0736157
0.00367043
0.258395
0.230743
0.122095
0.237971
0.185363
0.0830452
0.238375
0.185998
0.0811176
0.239643
0.188603
0.0862692
0.189399
0.108412
0.00883518
0.261147
0.243955
0.138174
0.0788195
0.031344
0
0.262649
0.259474
0.207098
0.262588
0.258587
0.200507
0.209876
0.134621
0.0229605
0.204165
0.126397
0.0158922
0.209104
0.133441
0.0227613
0.20828
0.131884
0.0234793
0.260239
0.238712
0.123243
0.231596
0.15182
0.00985615
0.233631
0.156097
0.0123605
0.247623
0.191267
0.0414528
0.246055
0.186817
0.036993
0.0801164
0.00729202
0
0.0784077
0.00653031
0
0.0675009
0.00295522
0
0.0603026
0.00187937
0
0.0790647
0.022689
0
0.080314
0.0326885
0.00114471
0.0805707
0.0266497
0
0.0878255
0.0304712
0
0.0931732
0.0309866
0
0.116796
0.0762573
0.00584391
0.261968
0.251495
0.160944
0.262044
0.252212
0.164109
0.257672
0.227994
0.119792
0.258183
0.229772
0.120299
0.257399
0.227176
0.121744
0.240918
0.190648
0.0888337
0.239962
0.189103
0.0869731
0.224819
0.159193
0.0481695
0.188229
0.106669
0.00572725
0.100515
0.0416099
0
0.101618
0.0469199
0
0.111092
0.0671408
0.00111625
0.191149
0.111571
0.0173165
0.191441
0.111019
0.0152514
0.190773
0.111636
0.0168429
0.190232
0.110982
0.0148233
0.237273
0.163922
0.0168663
0.0940118
0.0325696
0
0.0954417
0.0341036
0
0.228222
0.144657
0.00543793
0.243344
0.179068
0.0287222
0.221841
0.132869
7.62988e-05
0.208979
0.111404
0
0.211136
0.114749
0
0.191986
0.087929
0
0.193715
0.0900739
0
0.207071
0.108371
0
0.205485
0.106041
0
0.189214
0.0845706
0
0.186903
0.0818034
0
0.0847585
0.00890135
0
0.0872297
0.00987355
0
0.100181
0.016024
0
0.0983195
0.0151744
0
0.102232
0.0170045
0
0.104486
0.0182064
0
0.0829009
0.00842162
0
0.0753413
0.00558097
0
0.0664641
0.00319445
0
0.0708974
0.00390026
0
0.0644518
0.00257316
0
0.0915256
0.0291516
0
0.0924735
0.0311084
0
0.261722
0.249339
0.153627
0.261813
0.25011
0.156882
0.261314
0.246304
0.145777
0.231775
0.173234
0.0668071
0.232122
0.173939
0.0679692
0.223658
0.15692
0.0451275
0.231394
0.172494
0.0656224
0.230664
0.171304
0.0625838
0.228122
0.165789
0.056784
0.226696
0.162816
0.0525276
0.186851
0.107348
0.01711
0.10112
0.0432861
0
0.0988059
0.038613
0
0.0997281
0.0401293
0
0.262784
0.261756
0.234437
0.262727
0.260762
0.220882
0.262682
0.260004
0.213317
0.20699
0.130129
0.0206544
0.079427
0.0190026
0
0.0794554
0.0199636
0
0.0833142
0.0225184
0
0.0853993
0.0272574
0
0.0972612
0.0370066
0
0.113223
0.0707194
0.00229573
0.25858
0.231571
0.123707
0.238695
0.186641
0.0821432
0.239105
0.187574
0.0838696
0.193024
0.113332
0.0206361
0.192371
0.112268
0.0183701
0.189879
0.109478
0.0111784
0.261559
0.246798
0.147392
0.262006
0.249903
0.157002
0.0762168
0.0273246
0
0.0725318
0.0198013
0
0.09777
0.0370688
0
0.0966443
0.0355378
0
0.210708
0.13588
0.0236674
0.211556
0.137171
0.0246456
0.20148
0.123002
0.0122057
0.202777
0.124564
0.0139153
0.229778
0.147953
0.00751484
0.235837
0.160675
0.0147623
0.244653
0.182713
0.0326457
0.220056
0.129585
0
0.216058
0.122341
0
0.213515
0.118437
0
0.197702
0.0954675
0
0.195574
0.092611
0
0.200061
0.0986505
0
0.202658
0.102185
0
0.183912
0.0779682
0
0.0923693
0.0123707
0
0.0897968
0.0110693
0
0.0948107
0.0136827
0
0.0967083
0.0145476
0
0.110557
0.021366
0
0.112232
0.022295
0
0.109076
0.0208098
0
0.106937
0.0196594
0
0.0819037
0.00827055
0
0.076823
0.00601747
0
0.06698
0.00314708
0
0.0683229
0.00238881
0
0.062595
0.00196095
0
0.0811525
0.0323104
0.00121125
0.0812027
0.0300081
0.000380565
0.0879602
0.0262858
0
0.0916171
0.0287296
0
0.117849
0.0779075
0.00694079
0.262128
0.253072
0.169021
0.26107
0.244591
0.140034
0.261219
0.245664
0.144163
0.260944
0.243697
0.137557
0.260763
0.242657
0.138337
0.257814
0.228391
0.119291
0.257988
0.228994
0.119444
0.240564
0.189996
0.0878783
0.240242
0.189475
0.0872769
0.224228
0.158051
0.0464824
0.229464
0.169065
0.0581375
0.230025
0.170166
0.0600708
0.228544
0.166777
0.058207
0.229019
0.168077
0.0570038
0.226058
0.16174
0.0503206
0.187543
0.105933
0.00798919
0.262806
0.262139
0.240285
)
;

boundaryField
{
    topAndBottom
    {
        type            calculated;
        value           nonuniform List<scalar> 
72
(
0.264652
0.264651
0.264363
0.264363
0.264074
0.264074
0.263785
0.263786
0.263497
0.263497
0.263209
0.263209
0.262921
0.262921
0.262633
0.262634
0.262345
0.262346
0.262057
0.262058
0.26177
0.26177
0.261482
0.261482
0.261194
0.261194
0.260907
0.260906
0.260619
0.260617
0.260331
0.260328
0.260044
0.260038
0.259756
0.259747
0.259468
0.259457
0.25918
0.259166
0.258892
0.258876
0.258604
0.258585
0.258316
0.258294
0.258029
0.258003
0.257741
0.257713
0.257453
0.257422
0.257166
0.257132
0.256878
0.256841
0.25659
0.256551
0.256303
0.256261
0.256015
0.25597
0.255728
0.25568
0.25544
0.25539
0.255153
0.255099
0.254866
0.254809
0.254578
0.254518
)
;
    }
    inlet
    {
        type            calculated;
        value           uniform 0;
    }
    outlet
    {
        type            calculated;
        value           nonuniform List<scalar> 
24
(
0.254578
0.254582
0.254588
0.254595
0.254605
0.254617
0.254635
0.254646
0.254661
0.254642
0.254017
0.240909
0.249136
0.254596
0.254663
0.254648
0.254621
0.254604
0.254577
0.254558
0.254543
0.254532
0.254524
0.254518
)
;
    }
    wing
    {
        type            calculated;
        value           uniform 0;
    }
    front
    {
        type            empty;
    }
    back
    {
        type            empty;
    }
}


// ************************************************************************* //
