/*--------------------------------*- C++ -*----------------------------------*\
| =========                 |                                                 |
| \\      /  F ield         | OpenFOAM: The Open Source CFD Toolbox           |
|  \\    /   O peration     | Version:  5.x                                   |
|   \\  /    A nd           | Web:      www.OpenFOAM.org                      |
|    \\/     M anipulation  |                                                 |
\*---------------------------------------------------------------------------*/
FoamFile
{
    version     2.0;
    format      ascii;
    class       volScalarField;
    location    "500";
    object      YSat;
}
// * * * * * * * * * * * * * * * * * * * * * * * * * * * * * * * * * * * * * //

dimensions      [0 0 0 0 0 0 0];

internalField   nonuniform List<scalar> 
6584
(
0.00431405
0.00431405
0.00431405
0.00431405
0.00431405
0.00431405
0.00431405
0.00431405
0.00431405
0.00431405
0.00431405
0.00431405
0.00431405
0.00431405
0.00431405
0.00431405
0.00431405
0.00431405
0.00431405
0.00431405
0.00431405
0.00431405
0.00431405
0.00431405
0.00431405
0.00431405
0.00431405
0.00431405
0.00431405
0.00431405
0.00431405
0.00431405
0.00431405
0.00431405
0.00431405
0.00431405
0.00431405
0.00431405
0.00431405
0.00431405
0.00431405
0.00431405
0.00431405
0.00431405
0.00431405
0.00431405
0.00431405
0.00431405
0.00431405
0.00431405
0.00431405
0.00431405
0.00431405
0.00431405
0.00431405
0.00431405
0.00431405
0.00431405
0.00431405
0.00431405
0.00431405
0.00431405
0.00431405
0.00431405
0.00431405
0.00431405
0.00431405
0.00431405
0.00431405
0.00431405
0.00431405
0.00431405
0.00431405
0.00431405
0.00431405
0.00431405
0.00431405
0.00431405
0.00431405
0.00431405
0.00431405
0.00431405
0.00431405
0.00431405
0.00431405
0.00431405
0.00431405
0.00431405
0.00431405
0.00431405
0.00431405
0.00431405
0.00431405
0.00431405
0.00431405
0.00431405
0.00431405
0.00431405
0.00431405
0.00431405
0.00431405
0.00431405
0.00431405
0.00431405
0.00431405
0.00431405
0.00431405
0.00431405
0.00431405
0.00431405
0.00431405
0.00431405
0.00431405
0.00431405
0.00431405
0.00431405
0.00431405
0.00431405
0.00431405
0.00431405
0.00431405
0.00431405
0.00431405
0.00431405
0.00431405
0.00431405
0.00431405
0.00431405
0.00431405
0.00431405
0.00431405
0.00431405
0.00431405
0.00431405
0.00431405
0.00431405
0.00431405
0.00431405
0.00431405
0.00431405
0.00431405
0.00431405
0.00431405
0.00431405
0.00431405
0.00431405
0.00431405
0.00431405
0.00431405
0.00431405
0.00431405
0.00431405
0.00431405
0.00431405
0.00431405
0.00431405
0.00431405
0.00431405
0.00431405
0.00431405
0.00431405
0.00431405
0.00431405
0.00431405
0.00431405
0.00431405
0.00431405
0.00431405
0.00431405
0.00431405
0.00431405
0.00431405
0.00431405
0.00431405
0.00431405
0.00431405
0.00431405
0.00431405
0.00431405
0.00431405
0.00431405
0.00431405
0.00431405
0.00431405
0.00431405
0.00431405
0.00431405
0.00431405
0.00431405
0.00431405
0.00431405
0.00431405
0.00431405
0.00431405
0.00431405
0.00431405
0.00431405
0.00431405
0.00431405
0.00431405
0.00431405
0.00431405
0.00431405
0.00431405
0.00431405
0.00431405
0.00431405
0.00431405
0.00431405
0.00431405
0.00431405
0.00431405
0.00431405
0.00431405
0.00431405
0.00431405
0.00431405
0.00431405
0.00431405
0.00431405
0.00431405
0.00431405
0.00431405
0.00431405
0.00431405
0.00431405
0.00431405
0.00431405
0.00431405
0.00431405
0.00431405
0.00431405
0.00431405
0.00431405
0.00431405
0.00431405
0.00431405
0.00431405
0.00431405
0.00431405
0.00431405
0.00431405
0.00431405
0.00431405
0.00431405
0.00431405
0.00431405
0.00431405
0.00431405
0.00431405
0.00431405
0.00431405
0.00431405
0.00431405
0.00431405
0.00431405
0.00431405
0.00431405
0.00431405
0.00431405
0.00431405
0.00431405
0.00431405
0.00431405
0.00431405
0.00431405
0.00431405
0.00431405
0.00431405
0.00431405
0.00431405
0.00431405
0.00431405
0.00431405
0.00431405
0.00431405
0.00431405
0.00431405
0.00431405
0.00431405
0.00431405
0.00431405
0.00431405
0.00431405
0.00431405
0.00431405
0.00431405
0.00431405
0.00431405
0.00431405
0.00431405
0.00431405
0.00431405
0.00431405
0.00431405
0.00431405
0.00431405
0.00431405
0.00431405
0.00431405
0.00431405
0.00431405
0.00431405
0.00431405
0.00431405
0.00431405
0.00431405
0.00431405
0.00431405
0.00431405
0.00431405
0.00431405
0.00431405
0.00431405
0.00431405
0.00431405
0.00431405
0.00431405
0.00340368
0.00431405
0.00431405
0.00431405
0.00431405
0.00431405
0.00431405
0.00431405
0.00431405
0.00431405
0.00431405
0.00431405
0.00431405
0.00431405
0.00431405
0.00431405
0.00431405
0.00431405
0.00431405
0.00431405
0.00431405
0.00431405
0.00431405
0.00431404
0.00406607
0.00431405
0.00431405
0.00431405
0.00431405
0.00431405
0.00431405
0.00431405
0.00431405
0.00431405
0.00431405
0.00431405
0.00431405
0.00431405
0.00431405
0.00431405
0.00431405
0.00431405
0.00431405
0.00431405
0.00431405
0.00431405
0.00431405
0.00431403
0.00408512
0.00431405
0.00431405
0.00431405
0.00431405
0.00431405
0.00431405
0.00431405
0.00431405
0.00431405
0.00431405
0.00431405
0.00431405
0.00431405
0.00431405
0.00431405
0.00431405
0.00431405
0.00431405
0.00431405
0.00431405
0.00431405
0.00431405
0.00431004
0.00420459
0.00431405
0.00431405
0.00431405
0.00431405
0.00431405
0.00431405
0.00431405
0.00431405
0.00431405
0.00431405
0.00431405
0.00431405
0.00431405
0.00431405
0.00431405
0.00431405
0.00431405
0.00431405
0.00431405
0.00431405
0.00431405
0.00431405
0.00430771
0.00420723
0.00431405
0.00431405
0.00431405
0.00431405
0.00431405
0.00431405
0.00431405
0.00431405
0.00431405
0.00431405
0.00431405
0.00431405
0.00431405
0.00431405
0.00431405
0.00431405
0.00431405
0.00431405
0.00431405
0.00431405
0.00431405
0.00431336
0.00417116
0.00426248
0.00431404
0.00431405
0.00431405
0.00431405
0.00431405
0.00431405
0.00431405
0.00431405
0.00431405
0.00431405
0.00431405
0.00431405
0.00431405
0.00431405
0.00431405
0.00431405
0.00431405
0.00431405
0.00431405
0.00431405
0.00431404
0.00431275
0.00417171
0.00426285
0.00431404
0.00431405
0.00431405
0.00431405
0.00431405
0.00431405
0.00431405
0.00431405
0.00431405
0.00431405
0.00431405
0.00431405
0.00431405
0.00431405
0.00431405
0.00431405
0.00431405
0.00431405
0.00431405
0.00431405
0.00431404
0.00431217
0.0041722
0.00426316
0.00431403
0.00431405
0.00431405
0.00431405
0.00431405
0.00431405
0.00431405
0.00431405
0.00431405
0.00431405
0.00431405
0.00431405
0.00431405
0.00431405
0.00431405
0.00431405
0.00431405
0.00431405
0.00431405
0.00431405
0.00431403
0.0043116
0.00417265
0.00426343
0.00431402
0.00431405
0.00431405
0.00431405
0.00431405
0.00431405
0.00431405
0.00431405
0.00431405
0.00431405
0.00431405
0.00431405
0.00431405
0.00431405
0.00431405
0.00431405
0.00431405
0.00431405
0.00431405
0.00431405
0.00431402
0.00431105
0.00417306
0.00426367
0.00431402
0.00431405
0.00431405
0.00431405
0.00431405
0.00431405
0.00431405
0.00431405
0.00431405
0.00431405
0.00431405
0.00431405
0.00431405
0.00431405
0.00431405
0.00431405
0.00431405
0.00431405
0.00431405
0.00431405
0.004314
0.00431053
0.00417345
0.00426389
0.00431401
0.00431405
0.00431405
0.00431405
0.00431405
0.00431405
0.00431405
0.00431405
0.00431405
0.00431405
0.00431405
0.00431405
0.00431405
0.00431405
0.00431405
0.00431405
0.00431405
0.00431405
0.00431405
0.00431405
0.00431399
0.00431003
0.00417381
0.00426409
0.004314
0.00431405
0.00431405
0.00431405
0.00431405
0.00431405
0.00431405
0.00431405
0.00431405
0.00431405
0.00431405
0.00431405
0.00431405
0.00431405
0.00431405
0.00431405
0.00431405
0.00431405
0.00431405
0.00431405
0.00431397
0.00430949
0.00417419
0.00426429
0.004314
0.00431405
0.00431405
0.00431405
0.00431405
0.00431405
0.00431405
0.00431405
0.00431405
0.00431405
0.00431405
0.00431405
0.00431405
0.00431405
0.00431405
0.00431405
0.00431405
0.00431405
0.00431405
0.00431405
0.00431395
0.00430892
0.0041746
0.00426451
0.00431399
0.00431405
0.00431405
0.00431405
0.00431405
0.00431405
0.00431405
0.00431405
0.00431405
0.00431405
0.00431405
0.00431405
0.00431405
0.00431405
0.00431405
0.00431405
0.00431405
0.00431405
0.00431405
0.00431405
0.00431393
0.00430837
0.00417499
0.00426472
0.00431399
0.00431405
0.00431405
0.00431405
0.00431405
0.00431405
0.00431405
0.00431405
0.00431405
0.00431405
0.00431405
0.00431405
0.00431405
0.00431405
0.00431405
0.00431405
0.00431405
0.00431405
0.00431405
0.00431405
0.00431391
0.00430783
0.00417536
0.00426491
0.00431398
0.00431405
0.00431405
0.00431405
0.00431405
0.00431405
0.00431405
0.00431405
0.00431405
0.00431405
0.00431405
0.00431405
0.00431405
0.00431405
0.00431405
0.00431405
0.00431405
0.00431405
0.00431405
0.00431405
0.00431388
0.0043073
0.00417573
0.0042651
0.00431397
0.00431405
0.00431405
0.00431405
0.00431405
0.00431405
0.00431405
0.00431405
0.00431405
0.00431405
0.00431405
0.00431405
0.00431405
0.00431405
0.00431405
0.00431405
0.00431405
0.00431405
0.00431405
0.00431405
0.00431385
0.00430678
0.00417609
0.00426529
0.00431397
0.00431405
0.00431405
0.00431405
0.00431405
0.00431405
0.00431405
0.00431405
0.00431405
0.00431405
0.00431405
0.00431405
0.00431405
0.00431405
0.00431405
0.00431405
0.00431405
0.00431405
0.00431405
0.00431404
0.00431382
0.00430626
0.00417645
0.00426547
0.00431396
0.00431405
0.00431405
0.00431405
0.00431405
0.00431405
0.00431405
0.00431405
0.00431405
0.00431405
0.00431405
0.00431405
0.00431405
0.00431405
0.00431405
0.00431405
0.00431405
0.00431405
0.00431405
0.00431404
0.00431379
0.00430574
0.0041768
0.00426565
0.00431396
0.00431405
0.00431405
0.00431405
0.00431405
0.00431405
0.00431405
0.00431405
0.00431405
0.00431405
0.00431405
0.00431405
0.00431405
0.00431405
0.00431405
0.00431405
0.00431405
0.00431405
0.00431405
0.00431404
0.00431376
0.00430522
0.00417715
0.00426584
0.00431395
0.00431405
0.00431405
0.00431405
0.00431405
0.00431405
0.00431405
0.00431405
0.00431405
0.00431405
0.00431405
0.00431405
0.00431405
0.00431405
0.00431405
0.00431405
0.00431405
0.00431405
0.00431405
0.00431404
0.00431372
0.00430469
0.00417751
0.00426602
0.00431394
0.00431405
0.00431405
0.00431405
0.00431405
0.00431405
0.00431405
0.00431405
0.00431405
0.00431405
0.00431405
0.00431405
0.00431405
0.00431405
0.00431405
0.00431405
0.00431405
0.00431405
0.00431405
0.00431404
0.00431368
0.00430414
0.00417787
0.00426621
0.00431394
0.00431405
0.00431405
0.00431405
0.00431405
0.00431405
0.00431405
0.00431405
0.00431405
0.00431405
0.00431405
0.00431405
0.00431405
0.00431405
0.00431405
0.00431405
0.00431405
0.00431405
0.00431405
0.00431405
0.00431405
0.00431405
0.00431405
0.00431405
0.00431405
0.00431405
0.00431405
0.00327703
0.00336747
0.00431405
0.00431405
0.00431405
0.00431405
0.00431405
0.00431405
0.00431405
0.00431405
0.00431405
0.00431404
0.00431405
0.00431405
0.00431405
0.00431405
0.00431405
0.00431405
0.00431405
0.00431405
0.00431236
0.00431373
0.00431143
0.00431369
0.00431405
0.00431405
0.00431405
0.00431405
0.00431405
0.00431405
0.00431405
0.00430639
0.00430766
0.00428547
0.0042984
0.00431405
0.00431405
0.00431405
0.00431405
0.00431405
0.00431405
0.00431405
0.00430892
0.00430754
0.00430658
0.00429404
0.00431405
0.00431405
0.00431405
0.00431269
0.00431231
0.00431405
0.00431405
0.00431405
0.00431371
0.00431346
0.00431404
0.00352514
0.00328257
0.00386932
0.00431405
0.00431405
0.00431383
0.00431405
0.00431405
0.00431403
0.00431314
0.00431405
0.00431404
0.00431376
0.00431404
0.00431405
0.00431405
0.00431394
0.0043081
0.00431194
0.00431405
0.00430704
0.00429074
0.00431272
0.00430782
0.00429917
0.00431133
0.00431405
0.00431269
0.00430975
0.00431391
0.00431275
0.00431405
0.00430735
0.00430645
0.00431405
0.00428524
0.00429281
0.00428996
0.00428494
0.00429351
0.00428466
0.00431405
0.00430899
0.00431032
0.00430971
0.00430903
0.00431405
0.00428985
0.00429765
0.00429342
0.0042886
0.00431216
0.00430728
0.00431405
0.0043124
0.00431347
0.0043104
0.00431228
0.00431405
0.0043046
0.00430771
0.00429861
0.00430402
0.00431341
0.00431281
0.00431352
0.00431376
0.00431405
0.00431014
0.00430798
0.00430808
0.00430995
0.00431382
0.00431374
0.00431405
0.00431405
0.00431405
0.00431394
0.00431405
0.00431405
0.00431405
0.00431405
0.00431405
0.00431177
0.00431071
0.004276
0.00425505
0.00431405
0.00431405
0.00431405
0.00431405
0.00431394
0.00431405
0.00431405
0.00431405
0.00431052
0.00430913
0.00431405
0.00309809
0.00326027
0.00386929
0.00397639
0.00327086
0.00349894
0.00425096
0.00421193
0.00431405
0.00431378
0.0043139
0.00398995
0.00406082
0.00431391
0.00431396
0.00431405
0.00431405
0.00431405
0.00431405
0.00431405
0.00431405
0.00431405
0.00431389
0.00431405
0.00431397
0.00431405
0.004314
0.00431405
0.00431224
0.00431284
0.00429237
0.0042931
0.00430226
0.00430085
0.00431222
0.00421416
0.00431302
0.00429164
0.00427832
0.00428095
0.00429294
0.00431359
0.00429162
0.00431394
0.00424875
0.00430632
0.00423656
0.00431383
0.00430799
0.00431393
0.00431405
0.00431358
0.0042977
0.00431398
0.004314
0.00429809
0.00429706
0.00431144
0.00431109
0.00430404
0.00430472
0.00430992
0.00431402
0.00431403
0.00431401
0.00431401
0.00430991
0.00431349
0.00431404
0.00431405
0.00431403
0.00431404
0.0043133
0.00428876
0.00428919
0.00428577
0.00428535
0.00427596
0.00427703
0.00430866
0.00431401
0.004314
0.00431401
0.00431401
0.00430866
0.00430943
0.004314
0.004314
0.004314
0.004314
0.00430939
0.00311167
0.00429344
0.00328306
0.00310691
0.00351389
0.00329483
0.00429454
0.00428338
0.00312352
0.00428465
0.00431067
0.00431033
0.0043113
0.00431402
0.00431401
0.00431402
0.00431402
0.00431149
0.00372446
0.00384772
0.00430122
0.00373376
0.0035315
0.00390245
0.00375741
0.004302
0.00352378
0.00370552
0.0043132
0.00425715
0.00427862
0.00421905
0.00425279
0.00431312
0.00420222
0.00406591
0.00409066
0.00339185
0.00406899
0.00405619
0.00357671
0.00429137
0.00429288
0.00431403
0.00431405
0.00431405
0.00431405
0.00431405
0.00431329
0.00431316
0.00380705
0.00431255
0.00431349
0.00431404
0.00431255
0.00431189
0.00431405
0.00325754
0.00328738
0.00320439
0.0040679
0.00406781
0.00332442
0.00339499
0.00428345
0.00429091
0.00295591
0.00431405
0.00431405
0.00431405
0.00431405
0.00431405
0.00431405
0.00431315
0.00431403
0.00431402
0.00431148
0.00431051
0.00431332
0.00430653
0.00431393
0.00431393
0.00431394
0.00431393
0.0043067
0.00428853
0.0042962
0.00430477
0.00429535
0.00410892
0.00407034
0.00431363
0.00429421
0.00430245
0.00430092
0.00430128
0.00348471
0.00431405
0.00431401
0.00431405
0.00431386
0.00431198
0.00431095
0.00431404
0.00431405
0.00431405
0.00431405
0.00431405
0.00431403
0.00430966
0.00431398
0.00431395
0.00431401
0.00431399
0.0043102
0.00430315
0.0041418
0.0042404
0.00406384
0.00408306
0.00429328
0.00425049
0.00426142
0.00430945
0.00430127
0.00430692
0.00431108
0.00431381
0.00431383
0.00431364
0.00431367
0.00430983
0.00431393
0.00431393
0.00430675
0.00428699
0.00400537
0.00394697
0.00428789
0.00403569
0.00405817
0.00393681
0.00395175
0.00428443
0.0042867
0.00428023
0.00430882
0.00431367
0.00431364
0.00431362
0.00431375
0.00430968
0.0043096
0.00431362
0.00431364
0.00431364
0.00431362
0.00430919
0.00431162
0.0042791
0.00428663
0.00426873
0.00426383
0.00430878
0.00431325
0.00431403
0.00431403
0.00431403
0.00431403
0.00431331
0.00430612
0.00400981
0.00391794
0.00411311
0.00408134
0.00430655
0.00360227
0.00363965
0.00430902
0.0041499
0.00412323
0.00355677
0.00359116
0.00415563
0.00411889
0.00431403
0.00431404
0.00431404
0.00407281
0.00426833
0.00409961
0.0041174
0.00411282
0.00426564
0.00431405
0.00431398
0.00431405
0.00431381
0.00431404
0.00311603
0.00316885
0.0032799
0.00326361
0.00391936
0.00338155
0.00335798
0.00344818
0.00338929
0.00393333
0.00333022
0.00337331
0.00423658
0.00423001
0.00402486
0.00354674
0.00348028
0.00340481
0.00344447
0.00431376
0.00431403
0.00431404
0.00431394
0.00431402
0.00431366
0.00431152
0.00431325
0.00428931
0.00429543
0.00430431
0.00429615
0.00422287
0.00429034
0.00428487
0.00429608
0.00429206
0.00422121
0.00427228
0.00426698
0.00428314
0.00427523
0.00428696
0.00417355
0.00419558
0.00413313
0.00416253
0.004285
0.00404914
0.00406339
0.00427681
0.00431199
0.00431004
0.00431369
0.00431254
0.00428417
0.00429739
0.00429319
0.00430849
0.00429923
0.00431291
0.00431401
0.00431382
0.00431217
0.00431072
0.00431333
0.00431224
0.00431389
0.00431245
0.00431361
0.0043139
0.0043127
0.00431349
0.00431403
0.00431378
0.00431341
0.00410873
0.00412697
0.00430166
0.003972
0.00390026
0.00415726
0.00398804
0.00379738
0.00373428
0.00387824
0.00382421
0.00429421
0.00408975
0.0041039
0.00424067
0.00422273
0.00429099
0.00425589
0.00420026
0.00417852
0.00421944
0.0042058
0.0043099
0.00426389
0.00427056
0.00430199
0.00430655
0.00431373
0.00431379
0.00431041
0.00430985
0.00431368
0.00431372
0.00401758
0.00401534
0.00428751
0.00364443
0.00364051
0.00341225
0.0036161
0.0036118
0.00368543
0.00363452
0.00361623
0.00400277
0.00402817
0.00428728
0.00363557
0.00357429
0.00371861
0.00365484
0.00346336
0.00340327
0.00355123
0.00348988
0.00428459
0.00396367
0.0039929
0.00428205
0.00427935
0.0043137
0.00431367
0.00430877
0.00430929
0.00431374
0.00431371
0.00431361
0.00431362
0.00430956
0.00430924
0.00431362
0.00431362
0.00312859
0.00318287
0.0040278
0.00406899
0.00397498
0.00401335
0.00312194
0.00342441
0.00412508
0.0040628
0.00408041
0.00411438
0.00337871
0.0038089
0.00382907
0.00373022
0.00380142
0.00317205
0.00392443
0.00396445
0.00384083
0.00390344
0.00317014
0.00427238
0.00427723
0.00431142
0.00425187
0.00426153
0.0042645
0.00425146
0.00426159
0.00430916
0.00426105
0.00426836
0.00377339
0.00325324
0.00327007
0.0033401
0.0032557
0.00379116
0.00328143
0.00359398
0.00327311
0.00362377
0.00423675
0.00430061
0.00429731
0.00430451
0.00430171
0.00423968
0.00418724
0.00419335
0.00365606
0.00369655
0.00346965
0.00354254
0.00418029
0.00416402
0.00431405
0.00431405
0.00431405
0.00431405
0.004314
0.00431401
0.00431405
0.00431405
0.00431405
0.00431404
0.00431405
0.00431405
0.00431405
0.00431405
0.00431405
0.00431405
0.00431404
0.00431333
0.00431145
0.00430701
0.00430641
0.00428634
0.00429764
0.00431394
0.00431395
0.0043081
0.00427816
0.00427604
0.00429443
0.00428831
0.0042922
0.00431266
0.004314
0.00431405
0.00431405
0.0043048
0.00430753
0.00431343
0.00431398
0.00431385
0.00431403
0.00431253
0.0042911
0.00430356
0.00429986
0.00430579
0.00430513
0.00431095
0.00431209
0.0043121
0.00430978
0.00431387
0.00431389
0.00431285
0.00430687
0.00431393
0.00431394
0.00403794
0.00401226
0.00429105
0.00429259
0.00428116
0.00428012
0.00428385
0.00430894
0.00431212
0.0043121
0.00430968
0.00431208
0.00431208
0.00431209
0.00431208
0.00430908
0.00428101
0.00407828
0.00405124
0.0043106
0.00431366
0.00431364
0.00431364
0.00431404
0.00431404
0.0033401
0.00334294
0.00417835
0.00415785
0.00430928
0.00333683
0.00333807
0.00430323
0.00430502
0.0043138
0.00431397
0.0043139
0.00308796
0.00311649
0.00312485
0.00324592
0.00328268
0.0031009
0.003108
0.00328424
0.00325314
0.00346615
0.00417904
0.00417201
0.00421803
0.00360526
0.00356001
0.00403464
0.00431405
0.00431405
0.00431405
0.00431373
0.00431388
0.00431398
0.00431402
0.0043135
0.0043136
0.00431405
0.00431405
0.00431404
0.00430987
0.00430958
0.00431182
0.00431308
0.00431208
0.00431155
0.00429097
0.00429384
0.00428479
0.0042866
0.0043032
0.00429909
0.00427717
0.00428119
0.00423044
0.00423126
0.00425411
0.00425098
0.00421406
0.00423323
0.00423558
0.00431276
0.00429373
0.00429791
0.00428603
0.00426208
0.00429545
0.00429154
0.00431107
0.0043095
0.00430269
0.00419673
0.00418266
0.00428162
0.00425372
0.00421433
0.00431404
0.00431403
0.00431342
0.00431319
0.00431157
0.00431239
0.00430245
0.00431291
0.00431334
0.0042727
0.00428398
0.00431232
0.00416458
0.00414806
0.00430338
0.00430538
0.00431398
0.004314
0.00431371
0.0043129
0.00431392
0.00431395
0.00429057
0.00400978
0.00401443
0.00427607
0.00427778
0.00431205
0.00431205
0.00430947
0.00430934
0.00431205
0.00431205
0.00312461
0.00326829
0.00355277
0.00357248
0.00335134
0.00336582
0.00309074
0.00409733
0.00408325
0.00428218
0.00316959
0.00314823
0.00328017
0.00328301
0.00314084
0.00333851
0.00334433
0.00313017
0.00313332
0.0043137
0.00431368
0.00431072
0.00431186
0.00431374
0.00431372
0.00363463
0.00410847
0.00412297
0.00407804
0.0040932
0.00360044
0.00426712
0.00430273
0.00430527
0.00430475
0.00430379
0.00427042
0.00422634
0.00426231
0.00425811
0.00419165
0.00418173
0.00420437
0.00340764
0.00342171
0.00343264
0.00333559
0.00409075
0.00368776
0.00362639
0.00374361
0.00370322
0.00404584
0.00401353
0.00401769
0.00420143
0.0042197
0.00429594
0.00431403
0.00431403
0.00431397
0.00325407
0.00326119
0.00366209
0.00366205
0.00316963
0.00336103
0.00331015
0.0033031
0.00331021
0.00331122
0.00338201
0.00296534
0.00416634
0.004179
0.00431405
0.00431405
0.00431405
0.00430814
0.00430758
0.00431146
0.0043094
0.00431124
0.00431247
0.00431066
0.004311
0.00428765
0.00429691
0.00426691
0.00426967
0.0042702
0.00426699
0.00429483
0.0042746
0.0042736
0.00410041
0.0040337
0.00403298
0.0040464
0.00404339
0.00408952
0.00431167
0.00431301
0.00431306
0.00431284
0.00431297
0.00431133
0.00430056
0.00430986
0.00430439
0.00430251
0.00430981
0.00431211
0.00431212
0.0042812
0.00428179
0.00429071
0.00428159
0.00431214
0.00431213
0.00430888
0.00431207
0.00431207
0.00430964
0.00430914
0.00431207
0.00431206
0.00426876
0.00427848
0.00427455
0.00428182
0.00428056
0.00426769
0.003347
0.00335448
0.00333853
0.00333675
0.00356875
0.00342951
0.00342076
0.00404086
0.00404216
0.00414447
0.00406574
0.00408148
0.00403755
0.00404923
0.00413142
0.004314
0.00431398
0.00431401
0.00431396
0.00431403
0.00431404
0.00431405
0.00431401
0.00431402
0.004314
0.00409395
0.00418997
0.00418447
0.00420519
0.00419731
0.00409997
0.00413681
0.00416388
0.00415256
0.00418002
0.00417424
0.00412689
0.00431401
0.00431404
0.00431402
0.00431337
0.00431281
0.00431393
0.00431383
0.00308841
0.00321967
0.00312977
0.0031242
0.00327542
0.00326979
0.00351105
0.00352615
0.00336807
0.00310932
0.00309835
0.00330052
0.00319293
0.00319807
0.00318113
0.00342238
0.00320065
0.0031489
0.00418402
0.00419422
0.00424231
0.00415548
0.00415858
0.00414752
0.00414965
0.00422359
0.00416901
0.00417325
0.00341439
0.00330747
0.00330876
0.00331426
0.0033086
0.00342649
0.00431393
0.00431395
0.00431383
0.00431337
0.00431367
0.00431388
0.00430734
0.00431161
0.00430917
0.00430867
0.0043098
0.00431025
0.00430876
0.00430932
0.00429012
0.00429462
0.00427345
0.00427426
0.00427091
0.00427222
0.00430383
0.00428758
0.00428828
0.00427318
0.0042743
0.0042974
0.00427392
0.00423906
0.00423269
0.0042174
0.00424834
0.00424494
0.00427011
0.00423924
0.00423836
0.0042494
0.00424356
0.00426854
0.0042811
0.00425402
0.00425728
0.00424208
0.00424833
0.00427838
0.00423621
0.00414288
0.0042176
0.00421212
0.00404252
0.00404947
0.00427309
0.00429878
0.00429714
0.00426947
0.00429042
0.00430523
0.00430137
0.00422023
0.00420775
0.00426751
0.00427033
0.00429469
0.00424699
0.00423376
0.00430718
0.00430928
0.00431272
0.00431056
0.00430453
0.00429593
0.004304
0.00431314
0.0043136
0.0043137
0.00431316
0.00431335
0.00431241
0.00431132
0.00431214
0.00431369
0.00431329
0.00431313
0.00431372
0.00431339
0.00431378
0.0043129
0.00431292
0.00431234
0.00431303
0.00395255
0.00392498
0.00410939
0.00390242
0.00392665
0.00385123
0.00400211
0.0037736
0.00375261
0.00385881
0.00384197
0.00423157
0.00414806
0.00416707
0.00410968
0.0041283
0.0042264
0.00428686
0.00425355
0.00426286
0.00417824
0.00423166
0.00427702
0.00413274
0.00410294
0.00419453
0.00398716
0.00400665
0.0039531
0.00396993
0.00418809
0.00421601
0.00407771
0.00409283
0.00402823
0.00405196
0.00421116
0.00430272
0.00430602
0.00365085
0.00343216
0.00346132
0.00337357
0.0034015
0.00364624
0.00346476
0.00347735
0.00347587
0.00354503
0.00362134
0.00322521
0.00325241
0.00327071
0.0032265
0.00364563
0.00362859
0.00332483
0.00334808
0.00328028
0.00330384
0.0036227
0.00361918
0.00360062
0.00370247
0.00367709
0.00343969
0.00341822
0.00353122
0.00351414
0.00427805
0.00427853
0.00430951
0.00431206
0.00431206
0.00431206
0.00431205
0.00430929
0.00313303
0.00348358
0.00352455
0.00324005
0.00308968
0.00339325
0.0034356
0.0032151
0.00319166
0.0038148
0.00344309
0.003447
0.00376683
0.00341083
0.00334384
0.00344823
0.00343964
0.0037892
0.00326775
0.0032403
0.00329727
0.00332585
0.00315903
0.00316874
0.00323556
0.00427454
0.00429309
0.0042916
0.00429529
0.00429423
0.00427589
0.00425521
0.00425992
0.0042599
0.004251
0.00425105
0.00425488
0.0042609
0.00428477
0.00428306
0.00428952
0.00428707
0.00426399
0.00325876
0.00336926
0.00338101
0.00335285
0.00336096
0.00326503
0.00330712
0.00346111
0.00349002
0.0034003
0.00342866
0.00327403
0.00327472
0.00320957
0.00322445
0.00320103
0.00320404
0.00327622
0.00332253
0.00334175
0.00325227
0.00328729
0.00327197
0.00426865
0.00426592
0.00423297
0.00418601
0.00420022
0.00337034
0.0033958
0.00349797
0.00336232
0.00333256
0.00340982
0.0033925
0.00352348
0.00334131
0.00334082
0.00402197
0.00402769
0.00431405
0.00431405
0.00431405
0.00431405
0.00431405
0.00431405
0.00431405
0.00431405
0.00431405
0.00431405
0.00431405
0.00431405
0.00431405
0.00431405
0.00431405
0.00431405
0.00431405
0.00431405
0.00431405
0.00431405
0.00431405
0.00431405
0.00431405
0.00431405
0.00431405
0.00431405
0.00431405
0.00431405
0.00431405
0.00431405
0.00431405
0.00431405
0.00431405
0.00431405
0.00431405
0.00431405
0.00431405
0.00431405
0.00431405
0.00431405
0.00431405
0.00431405
0.00431405
0.00431405
0.00431405
0.00431405
0.00431405
0.00431405
0.00431405
0.00431405
0.00431405
0.00431405
0.00431405
0.00431405
0.00431405
0.00431405
0.00431405
0.00431405
0.00431405
0.00431405
0.00431405
0.00431405
0.00431405
0.00431405
0.00431405
0.00431405
0.00431405
0.00431405
0.00431405
0.00431405
0.00431405
0.00431405
0.00431405
0.00431405
0.00431405
0.00431405
0.00431405
0.00431405
0.00431405
0.00431405
0.00431405
0.00431405
0.00431405
0.00431405
0.00431405
0.00431403
0.00431403
0.00431405
0.00431405
0.00431405
0.00431405
0.00431405
0.00431405
0.00431405
0.00431405
0.00431405
0.00431405
0.00431405
0.00431405
0.00431405
0.00431403
0.00431403
0.00431405
0.00431405
0.00431405
0.00431405
0.00431405
0.00431405
0.00431405
0.00431405
0.00431405
0.00431405
0.00431404
0.00431404
0.00431405
0.00431405
0.00431405
0.00431405
0.00431405
0.00431405
0.00431405
0.00431405
0.00431405
0.00431405
0.00431405
0.00431405
0.00431405
0.00431405
0.00431405
0.00431405
0.00431405
0.00431405
0.00431405
0.00431405
0.00431405
0.00431405
0.00431296
0.00431294
0.00351173
0.00426819
0.00427268
0.00431405
0.00431405
0.00431405
0.00431405
0.00431405
0.00431405
0.00431405
0.00431405
0.00431405
0.00431405
0.00431405
0.00431405
0.00431403
0.00377356
0.00375834
0.00408079
0.00431405
0.00431405
0.00431405
0.00431405
0.00431405
0.00431405
0.00431405
0.00431405
0.00431405
0.00431404
0.00431405
0.00431148
0.00402252
0.00377804
0.0042031
0.00431399
0.00431405
0.00431405
0.00431405
0.00431405
0.00431405
0.00431405
0.00431405
0.00431405
0.00431405
0.00431405
0.00431405
0.00431405
0.00431405
0.00431404
0.00431404
0.00431405
0.00431405
0.00431404
0.00431404
0.00431405
0.00431405
0.00431405
0.00431403
0.00431403
0.00431405
0.00431405
0.00431404
0.00431404
0.00431404
0.00431403
0.00431405
0.00431404
0.00431404
0.00431405
0.00431405
0.00431404
0.00431405
0.00431404
0.00431404
0.00431405
0.00431405
0.00431405
0.00431405
0.00431405
0.00431405
0.00431405
0.00431293
0.00431332
0.00431405
0.00316558
0.00360172
0.00360719
0.00397744
0.00397863
0.00297256
0.00431405
0.00431405
0.00431405
0.00431405
0.00431405
0.00431405
0.00431405
0.00431405
0.00431404
0.00431405
0.00431405
0.00431405
0.00431405
0.00431405
0.00431405
0.00431405
0.00431405
0.00431405
0.00431405
0.00431405
0.00431405
0.00431405
0.00431405
0.00431405
0.00431405
0.00431405
0.00431405
0.00431405
0.00431405
0.00431405
0.00431403
0.004314
0.00431405
0.00431405
0.00431405
0.00431405
0.00431405
0.00431405
0.00431405
0.00431405
0.00431405
0.00431405
0.00431405
0.00431405
0.00431405
0.00431405
0.00431405
0.00431405
0.00431405
0.00431405
0.00431405
0.00431405
0.00431405
0.00431404
0.00431405
0.00431405
0.00431267
0.00431367
0.00431358
0.00431397
0.00431394
0.00431362
0.00431329
0.00431287
0.00431356
0.00431405
0.00431405
0.00431405
0.00431405
0.00431405
0.00431405
0.00431405
0.00431405
0.00431405
0.00431405
0.00431405
0.00431405
0.00431405
0.00431405
0.00431405
0.00431405
0.00431405
0.00431405
0.00431403
0.00431403
0.00431405
0.00430637
0.00431212
0.00431212
0.00431241
0.00431231
0.00430727
0.00431405
0.00431405
0.00431405
0.00431405
0.00431405
0.00431405
0.00431405
0.00431405
0.00431405
0.00431405
0.00431405
0.00431405
0.00431405
0.00431405
0.00431405
0.00431405
0.00431405
0.00431405
0.00431403
0.00431403
0.00431405
0.0043083
0.00431395
0.00431396
0.00431239
0.00431244
0.00430772
0.00430588
0.00429129
0.00429326
0.00431405
0.00431405
0.00431405
0.00431405
0.00431405
0.00431405
0.00431405
0.00431405
0.00431405
0.00431254
0.00430297
0.00430524
0.00430878
0.00430918
0.00431244
0.00431405
0.00431405
0.00431405
0.00431405
0.00431405
0.00431405
0.00431405
0.00431405
0.00431405
0.00431369
0.00431264
0.00431275
0.0043117
0.00431191
0.00431351
0.00431343
0.00431296
0.00431404
0.00349451
0.00430129
0.0043009
0.00407052
0.00407551
0.00330675
0.00431271
0.00431258
0.00382367
0.00431405
0.00431395
0.004314
0.00431401
0.00431395
0.00431405
0.00431391
0.00431402
0.004314
0.00431405
0.00431405
0.00431402
0.00431405
0.00431405
0.00431405
0.00431402
0.00431359
0.00431396
0.00431405
0.00431405
0.00431405
0.00431401
0.00431404
0.00431405
0.0043138
0.00431352
0.00431345
0.00431404
0.00431403
0.00431404
0.00431405
0.00431405
0.00431405
0.00431404
0.00431405
0.00431405
0.00431403
0.00431403
0.00431399
0.00430859
0.00431265
0.00431252
0.00431348
0.00431335
0.00431137
0.00431405
0.00431404
0.00431404
0.00430601
0.00429498
0.00429796
0.00425997
0.00426146
0.00429153
0.00429989
0.00430124
0.00430844
0.00431404
0.00431404
0.00431405
0.00431253
0.0043133
0.00431338
0.00431375
0.00431401
0.00431402
0.00431342
0.00431346
0.00431279
0.00431405
0.00431405
0.00431404
0.00430717
0.0043123
0.00431235
0.00431214
0.00431215
0.00430654
0.00431405
0.00431403
0.00431403
0.00428585
0.00424775
0.00424631
0.00426261
0.00426116
0.00429218
0.00428924
0.00425714
0.00425854
0.00424534
0.00424478
0.00428457
0.00431404
0.00431404
0.00431405
0.00431276
0.0043127
0.00431021
0.00431405
0.00431403
0.00431403
0.00429109
0.00417796
0.00416038
0.00424785
0.00424381
0.00429665
0.00429401
0.00426553
0.0042641
0.00415486
0.00413577
0.00428732
0.004312
0.00430781
0.00430832
0.00429536
0.00429711
0.00430789
0.00431404
0.00431404
0.00431405
0.00431269
0.00431382
0.0043138
0.0043139
0.00431389
0.00431342
0.00431046
0.00431284
0.0043128
0.00431378
0.00431376
0.00431195
0.00431405
0.00431404
0.00431404
0.00430515
0.00427873
0.00427653
0.00428914
0.00428767
0.00430735
0.00429952
0.00425547
0.00425171
0.00427415
0.00427157
0.00430339
0.00431335
0.00431122
0.00431148
0.00430591
0.00430761
0.00431293
0.00431356
0.00431392
0.00431391
0.00431404
0.00431404
0.00431367
0.00431405
0.00431405
0.00431405
0.00431057
0.00419853
0.0041842
0.00417932
0.00419391
0.00431046
0.00430842
0.00429178
0.0042905
0.00431381
0.00430531
0.00430568
0.00431405
0.00431405
0.00431405
0.00431405
0.00431405
0.00431405
0.00431405
0.00431405
0.00431405
0.00431405
0.00431405
0.00431405
0.00431405
0.00431405
0.00431405
0.00431405
0.00431405
0.00431405
0.00431404
0.00431404
0.00431405
0.00431136
0.00431392
0.00431392
0.0043139
0.00431391
0.00431121
0.0042735
0.00424395
0.00424838
0.00421391
0.00422107
0.00425904
0.00431405
0.00431405
0.00431405
0.00431405
0.00431405
0.00431405
0.00431369
0.00431389
0.004314
0.00431405
0.00431405
0.00431405
0.00431405
0.00431405
0.00431405
0.00431405
0.00431405
0.00431405
0.00430995
0.00431398
0.00431389
0.00431397
0.00431398
0.00430975
0.00431405
0.00431404
0.00431403
0.00388783
0.00370249
0.00368494
0.00380248
0.00378257
0.00396186
0.00424686
0.00420079
0.00420687
0.00431405
0.00431405
0.00431405
0.00431384
0.00431404
0.00431404
0.00431404
0.00431404
0.00431386
0.0040028
0.00384174
0.00382254
0.00392799
0.00391484
0.00405243
0.00431394
0.00431404
0.00431404
0.00431404
0.00431404
0.00431395
0.00431405
0.00431405
0.00431405
0.00431405
0.00431405
0.00431405
0.00431405
0.00431405
0.00431405
0.00431405
0.00431405
0.00431405
0.00431405
0.00431405
0.00431405
0.00431405
0.00431405
0.00431405
0.00431405
0.00431405
0.00431405
0.00431405
0.00431404
0.00431405
0.00431405
0.00431405
0.00431405
0.00431403
0.00431404
0.00431402
0.00431405
0.00431405
0.00431405
0.00429898
0.00430204
0.00431239
0.00431294
0.00431081
0.00431106
0.00429027
0.00427105
0.00427339
0.00425245
0.00425598
0.00428041
0.00428697
0.00430637
0.0043056
0.00430766
0.00430705
0.0042886
0.00431355
0.00431209
0.00431225
0.0043125
0.00431338
0.00431399
0.00431366
0.00430854
0.00431192
0.0043094
0.00431251
0.00431186
0.00431402
0.00431398
0.00431379
0.00431405
0.00431404
0.00431405
0.00431389
0.00431384
0.00431396
0.00431401
0.00431395
0.00431392
0.00427357
0.0042757
0.00429915
0.0042961
0.00426986
0.00427165
0.00430768
0.00430855
0.00431176
0.00431072
0.00430598
0.00430683
0.00431223
0.00431228
0.00430996
0.00431402
0.00431396
0.00431395
0.00431398
0.00431397
0.00431403
0.00431401
0.00431392
0.00431392
0.00431394
0.00431393
0.00431401
0.00430989
0.00431217
0.00431219
0.0043138
0.00431385
0.0043136
0.00431404
0.00431403
0.00431403
0.00431404
0.00431404
0.00431405
0.00431404
0.004314
0.00431399
0.00431402
0.00431401
0.00431404
0.00431311
0.00431367
0.00431374
0.00425454
0.00425381
0.00428836
0.00428963
0.00425605
0.00425528
0.0042496
0.00425076
0.00428622
0.00428503
0.00424749
0.0042485
0.00431222
0.0043122
0.00430868
0.00431401
0.00431392
0.00431392
0.00431391
0.00431391
0.004314
0.00431401
0.00431393
0.00431394
0.00431392
0.00431393
0.00431401
0.00430873
0.0043123
0.00431225
0.004314
0.0043139
0.0043139
0.00431391
0.00431391
0.004314
0.004314
0.00431391
0.00431391
0.0043139
0.0043139
0.004314
0.00423042
0.00418399
0.00429231
0.00349292
0.00375377
0.00377877
0.00358952
0.00360848
0.00331097
0.00429561
0.0042394
0.0042349
0.00428598
0.00412757
0.00410325
0.00430406
0.00430483
0.00431095
0.00430995
0.00430205
0.00430311
0.00431314
0.00431308
0.00431108
0.00431402
0.00431395
0.00431396
0.00431394
0.00431395
0.00431402
0.00431402
0.00431397
0.00431397
0.00431396
0.00431397
0.00431402
0.00431164
0.00431324
0.0043132
0.00374109
0.00353747
0.0035228
0.00366415
0.00363985
0.00382946
0.00426258
0.00425912
0.00430039
0.00370528
0.00393792
0.00395724
0.00379983
0.00382147
0.00354999
0.0038428
0.00415898
0.00416918
0.00413591
0.00414779
0.00382077
0.00430272
0.00426877
0.00426579
0.00354555
0.00332184
0.00330463
0.0035049
0.00347993
0.00368244
0.00431063
0.00431094
0.00431328
0.00426061
0.0042832
0.00428107
0.00429503
0.00429359
0.00427617
0.00427861
0.00427596
0.00424785
0.00431303
0.00430989
0.00431028
0.00407513
0.00379547
0.0037563
0.00384334
0.00380973
0.00408388
0.00407669
0.00395387
0.00394108
0.0042902
0.00422453
0.00423498
0.00427557
0.00427764
0.00429401
0.00431405
0.00431405
0.00431405
0.00431405
0.00431405
0.00431405
0.00431325
0.00431396
0.00431397
0.00431395
0.00431396
0.00431321
0.00423322
0.00423052
0.00378771
0.00431256
0.00430278
0.00430299
0.00430314
0.00430286
0.00431268
0.0043123
0.00431394
0.00431395
0.00431393
0.00431394
0.00431221
0.00431405
0.00431404
0.00431404
0.00339729
0.00336816
0.00317849
0.00406541
0.00386047
0.00380417
0.00386987
0.0038644
0.00406549
0.00428897
0.00419659
0.00418457
0.00423232
0.00424949
0.00429109
0.00295777
0.00360312
0.00375076
0.00431405
0.00431405
0.00431405
0.00431405
0.00431405
0.00431405
0.00431405
0.00431405
0.00431405
0.00431405
0.00431405
0.00431405
0.00431405
0.00431405
0.00431405
0.00431405
0.00431405
0.00431405
0.0043138
0.00431374
0.00431293
0.00431403
0.00431397
0.00431399
0.00431393
0.00431395
0.00431402
0.00431342
0.00431257
0.00431241
0.00431213
0.00431212
0.00430642
0.00431393
0.00431356
0.00431356
0.00431356
0.00431356
0.00431392
0.00431394
0.00431361
0.00431363
0.00431357
0.00431358
0.00431393
0.00430695
0.00431223
0.00431217
0.00428896
0.00428987
0.00430527
0.0043124
0.00431253
0.00431366
0.00430063
0.00430867
0.0043082
0.00430948
0.0043091
0.00430158
0.00430111
0.00422112
0.00418139
0.00422227
0.00422189
0.00430122
0.00347445
0.00397852
0.00397515
0.00431405
0.00431405
0.00431405
0.00431405
0.00431405
0.00431405
0.00431405
0.00431405
0.00431405
0.0043136
0.00431356
0.00431383
0.00431405
0.00431405
0.00431404
0.00431405
0.00431405
0.00431405
0.00431405
0.00431405
0.00431405
0.00431405
0.00431404
0.00431404
0.00431405
0.00431405
0.00431405
0.00431401
0.00431404
0.00431404
0.00431293
0.00431279
0.00430912
0.00431397
0.00431373
0.00431376
0.00431366
0.00431369
0.00431396
0.004314
0.00431387
0.0043139
0.0043138
0.00431384
0.004314
0.00431077
0.00431321
0.00431307
0.00428559
0.00429053
0.00430467
0.00417158
0.00425515
0.00424075
0.00427875
0.00427004
0.00421678
0.00406984
0.00419792
0.00419528
0.00420364
0.00420072
0.00407629
0.0042924
0.00426306
0.00426472
0.0042555
0.00428587
0.00428322
0.00428941
0.00428778
0.00425875
0.00430897
0.00430233
0.0043033
0.00431285
0.00431315
0.0043121
0.00431382
0.00431376
0.00431366
0.00431365
0.00431322
0.00431321
0.00431325
0.00431323
0.00431366
0.00431393
0.00431356
0.00431356
0.00431357
0.00431357
0.00431393
0.00430664
0.00431218
0.0043122
0.00425088
0.00424937
0.0042864
0.0039875
0.00416907
0.0041741
0.00415831
0.00416331
0.0039656
0.00425439
0.00425573
0.00428853
0.00404376
0.00418715
0.00418423
0.00419273
0.00419008
0.00405193
0.00393408
0.00415374
0.00415512
0.00415649
0.00415389
0.00394116
0.00428457
0.00424463
0.00424489
0.00431366
0.00431321
0.00431322
0.00431319
0.0043132
0.00431365
0.0043134
0.00431342
0.00431377
0.00431
0.00431262
0.00431254
0.00431363
0.00431317
0.00431317
0.00431319
0.00431318
0.00431363
0.00431363
0.00431318
0.00431319
0.00431317
0.00431317
0.00431363
0.00430665
0.00430724
0.00431182
0.00428163
0.00429777
0.00429646
0.00430028
0.00429909
0.00428433
0.00430839
0.00429834
0.00429925
0.00431385
0.00431383
0.00431319
0.00431403
0.00431399
0.00431399
0.00431398
0.00431398
0.00431403
0.00431403
0.004314
0.004314
0.00431399
0.004314
0.00431403
0.00431337
0.00431387
0.00431386
0.00428269
0.00428077
0.00430565
0.00397153
0.0041947
0.004202
0.00417841
0.00418686
0.00395848
0.0041027
0.00422056
0.00422601
0.00420862
0.00421479
0.0040922
0.00430696
0.00428612
0.00428446
0.00361366
0.00346454
0.00345542
0.00348763
0.00347473
0.0036258
0.00429408
0.00429297
0.00430873
0.00414153
0.00424024
0.00424431
0.00423113
0.00423585
0.00413267
0.00344667
0.00343805
0.00358004
0.00431405
0.00431404
0.00431403
0.00423562
0.00423961
0.00427092
0.00426261
0.00422717
0.00423174
0.00431404
0.00431404
0.00431405
0.00431405
0.00431405
0.00431404
0.00431402
0.00431397
0.00431401
0.00373294
0.003718
0.00390406
0.00337511
0.00353838
0.00354993
0.00342017
0.00359723
0.00362115
0.00356244
0.0035777
0.00340098
0.00394799
0.00376451
0.00374801
0.00387434
0.00385899
0.00401445
0.00353082
0.00369152
0.00370867
0.00364683
0.00367103
0.00350926
0.00431403
0.00431401
0.00431399
0.00431403
0.00431402
0.00431404
0.00431397
0.00431385
0.0043138
0.00431397
0.00431391
0.00431399
0.00431232
0.00431225
0.00431319
0.00428847
0.0042663
0.00427012
0.00425978
0.00426267
0.0042866
0.00429483
0.00427795
0.00428006
0.00427339
0.00427587
0.00429352
0.00426559
0.00426848
0.00428872
0.0041829
0.00423764
0.00423294
0.00424515
0.00424162
0.0041898
0.00422777
0.00422261
0.00415189
0.00428278
0.00425925
0.00426249
0.00431146
0.00430722
0.00430821
0.00430447
0.0043062
0.00431088
0.00431347
0.00431236
0.00431297
0.00430948
0.00431105
0.00431308
0.00429599
0.00427243
0.00427463
0.00430531
0.00429015
0.00430035
0.00427761
0.00428259
0.00430188
0.00431367
0.00431316
0.00431102
0.00431398
0.0043138
0.00431393
0.00431332
0.00431358
0.00431391
0.00431393
0.00431376
0.00431367
0.004314
0.00431398
0.00431402
0.00431362
0.00431387
0.00431393
0.00431375
0.00431381
0.00431349
0.00411386
0.00422085
0.0042175
0.004231
0.00422503
0.00411957
0.00430034
0.00427821
0.0042814
0.00426644
0.00426814
0.00429513
0.00409482
0.00420926
0.00420657
0.00421456
0.00421186
0.0040993
0.00430422
0.00430511
0.00431032
0.00426625
0.00429242
0.00429094
0.0042953
0.00429387
0.00426849
0.00431375
0.00431341
0.00431337
0.00431356
0.00431347
0.00431377
0.00431009
0.00431238
0.00431257
0.00431214
0.00431216
0.00430987
0.00431369
0.00431329
0.00431327
0.00431334
0.00431332
0.00431371
0.00402022
0.00418101
0.00418205
0.0041776
0.00417968
0.00401946
0.00428793
0.00425303
0.00425211
0.0040129
0.00417579
0.00417256
0.00418144
0.00417871
0.00402103
0.00428674
0.00425194
0.00425313
0.00424565
0.00424655
0.00428473
0.00397473
0.00416322
0.00415985
0.00416936
0.00416629
0.00398371
0.00431369
0.00431326
0.00431328
0.00431324
0.00431325
0.00431368
0.00430872
0.00431218
0.00431216
0.00431245
0.00431237
0.00430893
0.00431373
0.00431334
0.00431337
0.00431329
0.00431331
0.00431372
0.00431362
0.00431316
0.00431316
0.00431316
0.00431316
0.00431362
0.00431362
0.00431316
0.00431316
0.00431316
0.00431316
0.00431362
0.00404145
0.0038075
0.00378141
0.00384662
0.00382891
0.00405605
0.00398631
0.00370411
0.00368811
0.00375267
0.00372566
0.00399914
0.00369288
0.00372173
0.00346402
0.00413501
0.00395619
0.00393687
0.00409194
0.00387923
0.00386268
0.00391696
0.00389721
0.00410292
0.00333819
0.00363243
0.00366174
0.00344239
0.00344016
0.00382099
0.00394088
0.0036453
0.00361845
0.00367524
0.00366232
0.00395359
0.00385798
0.00348412
0.00345595
0.0035773
0.00352801
0.00387995
0.00431119
0.00430547
0.00430607
0.00430007
0.00430101
0.00430957
0.00356827
0.00355181
0.00375697
0.00381025
0.0036136
0.00358883
0.00336843
0.00334131
0.00356799
0.00365447
0.00344511
0.00340501
0.00429962
0.00428664
0.00428839
0.00428233
0.00428459
0.00429851
0.00430365
0.00429306
0.00429459
0.00428997
0.00429152
0.00430273
0.00424323
0.00427336
0.00427097
0.00367483
0.00352867
0.00350553
0.00355825
0.00355215
0.0036929
0.00417731
0.00410633
0.0041053
0.00409098
0.00409896
0.00417103
0.00431405
0.00431405
0.00431405
0.00431405
0.00431405
0.00431405
0.004314
0.00431404
0.00431404
0.00431404
0.00431404
0.004314
0.00431405
0.00431405
0.00431405
0.00431405
0.00431405
0.00431405
0.00431404
0.00431405
0.00431405
0.00431405
0.00431405
0.00431404
0.00431405
0.00431405
0.00431405
0.00431405
0.00431405
0.00431405
0.00431405
0.00431405
0.00431405
0.00431405
0.00431405
0.00431405
0.00431349
0.0043139
0.00431386
0.00430791
0.00431248
0.00431253
0.00428961
0.00430211
0.00430127
0.00430366
0.00430288
0.00429084
0.00431255
0.00430954
0.00430989
0.00431404
0.00431403
0.00431396
0.00430576
0.00431069
0.00431016
0.00431164
0.00431117
0.00430663
0.00431394
0.00431401
0.00431402
0.00431396
0.00431399
0.0043139
0.00431404
0.00431403
0.00431401
0.00431133
0.00431211
0.00431266
0.00429794
0.00430728
0.00430516
0.00430951
0.00430863
0.00430162
0.00431282
0.00431349
0.00431352
0.00431223
0.00431227
0.00430701
0.00431393
0.00431359
0.00431358
0.00431361
0.0043136
0.00431394
0.00402586
0.00419355
0.00419728
0.00418825
0.00419051
0.00401722
0.00429162
0.00425986
0.00425873
0.00407194
0.00420905
0.00421233
0.00420126
0.00420501
0.00406301
0.00431293
0.00431288
0.00431052
0.00431394
0.00431393
0.0043136
0.00431401
0.00431401
0.00431404
0.00417203
0.00425477
0.00425772
0.00424808
0.00425156
0.00416522
0.00430953
0.00429606
0.00429511
0.00430392
0.00431011
0.00430982
0.00431059
0.00431037
0.00430452
0.0035875
0.00375375
0.00377005
0.00372393
0.00373861
0.00357296
0.0040437
0.00390177
0.0038884
0.00431405
0.00431405
0.00431405
0.00431405
0.00431405
0.00431405
0.00431405
0.00431405
0.00431405
0.00431405
0.00431404
0.00431404
0.00431405
0.00431405
0.00431405
0.00431403
0.00431404
0.00431405
0.00431022
0.00431053
0.00431286
0.00429528
0.00430519
0.00430443
0.00430651
0.00430589
0.0042967
0.00431399
0.00431402
0.00431403
0.00431363
0.00431392
0.00431384
0.00427523
0.00429839
0.00429677
0.00430263
0.0043003
0.00427871
0.00431206
0.00430946
0.00431041
0.00431366
0.00431388
0.0043139
0.00431356
0.0043136
0.00431298
0.00425776
0.00425687
0.00429008
0.00401005
0.00418523
0.00418657
0.00418304
0.00418408
0.0040118
0.00409222
0.00422047
0.00422339
0.0042152
0.00421793
0.00408773
0.00431088
0.00431303
0.00431297
0.00431332
0.00431328
0.00431176
0.0038905
0.00391559
0.00367142
0.00357176
0.00384171
0.0038666
0.00428797
0.00428563
0.00426379
0.004296
0.00429727
0.00430594
0.00427349
0.00429194
0.00429006
0.00397781
0.00396623
0.00408411
0.00366984
0.00382191
0.00383725
0.00378748
0.00380506
0.00364879
0.00373056
0.00388637
0.00390004
0.00385577
0.00387176
0.00371724
0.00420773
0.00425192
0.00424854
0.00425826
0.00425522
0.004214
0.00429503
0.00427958
0.00428137
0.00364785
0.00351129
0.00352795
0.00352126
0.00351482
0.00365316
0.00317301
0.00336288
0.00336366
0.00352729
0.00355375
0.00296117
0.00418245
0.00401012
0.00392716
0.0040887
0.00406205
0.00417972
0.00431405
0.00431405
0.00431405
0.00431405
0.00431405
0.00431405
0.00431405
0.00431405
0.00431405
0.00431405
0.00431405
0.00431405
0.00431405
0.00431405
0.00431405
0.00431405
0.00431405
0.00431405
0.00431405
0.00431405
0.00431405
0.00431405
0.00431405
0.00431405
0.00431405
0.00431405
0.00431405
0.00431405
0.00431405
0.00431405
0.00431405
0.00431405
0.00431405
0.00431405
0.00431405
0.00431405
0.00431405
0.00431405
0.00431405
0.00431405
0.00431405
0.00431405
0.00431405
0.00431405
0.00431405
0.00431405
0.00431405
0.00431405
0.00431405
0.00431405
0.00431405
0.00431405
0.00431405
0.00431405
0.00431405
0.00431405
0.00431405
0.00431405
0.00431405
0.00431405
0.00431405
0.00431405
0.00431405
0.00431405
0.00431405
0.00431405
0.00431405
0.00431405
0.00431405
0.00431405
0.00431405
0.00431405
0.00431405
0.00431405
0.00431405
0.00431405
0.00431405
0.00431405
0.00431405
0.00431405
0.00431405
0.00431405
0.00431405
0.00431405
0.00431405
0.00431405
0.00431405
0.00431405
0.00431405
0.00431405
0.00431405
0.00431405
0.00431405
0.00431405
0.00431405
0.00431405
0.00431405
0.00431405
0.00431405
0.00431405
0.00431405
0.00431405
0.00431405
0.00431405
0.00431405
0.00431405
0.00431404
0.00431404
0.00431405
0.00431405
0.00431405
0.00431405
0.00431405
0.00431405
0.00431405
0.00431405
0.00431405
0.00343982
0.00398027
0.00397628
0.00431405
0.00431405
0.00431405
0.00431405
0.00431405
0.00431405
0.00431405
0.00431405
0.00431405
0.00431404
0.00431308
0.00431332
0.00407166
0.00430846
0.00430845
0.00431405
0.00431405
0.00431405
0.00431405
0.00431405
0.00431405
0.00431405
0.00431405
0.00431405
0.00431405
0.00431405
0.00431405
0.00431405
0.004314
0.00431402
0.00430869
0.00402607
0.00402431
0.00420593
0.00431394
0.00431396
0.00431405
0.00431405
0.00431405
0.00431404
0.00431404
0.00431405
0.00431405
0.00431405
0.00431405
0.00431405
0.00431405
0.00431405
0.00431405
0.00431405
0.00431405
0.00431405
0.00431405
0.00431405
0.00431405
0.00431405
0.00431405
0.00431405
0.00431405
0.00431405
0.00431405
0.00431405
0.00431405
0.00431405
0.00431405
0.00431405
0.00431405
0.00431405
0.00431405
0.00431405
0.00431405
0.00431405
0.00431405
0.00431405
0.00431405
0.00431405
0.00431405
0.00431405
0.00430871
0.00431269
0.00431274
0.00431405
0.00431405
0.00431405
0.0036098
0.00360995
0.00328915
0.00431405
0.00431405
0.00431405
0.00431405
0.00431405
0.00431404
0.00431398
0.00431399
0.00431397
0.00431386
0.00431396
0.00431397
0.00431251
0.00431351
0.00431348
0.00431345
0.00431341
0.00431216
0.00431397
0.00431396
0.00431373
0.00431031
0.00429917
0.00429849
0.00429775
0.00429694
0.00430975
0.00431284
0.00431292
0.00431376
0.00431405
0.00431405
0.00431405
0.00431405
0.00431405
0.00431405
0.00431405
0.00431405
0.00431405
0.00431164
0.00431344
0.00431348
0.0043132
0.00431325
0.00431088
0.00431405
0.00431405
0.00431405
0.00431405
0.00431405
0.00431405
0.00431405
0.00431405
0.00431405
0.00431405
0.00431405
0.00431405
0.00431034
0.0043131
0.00431315
0.00431279
0.00431284
0.00430934
0.0043138
0.00431398
0.00431397
0.00431401
0.004314
0.00431389
0.00431392
0.00431401
0.00431401
0.00431405
0.00431405
0.00431405
0.00431405
0.00431405
0.00431405
0.00431405
0.00431405
0.00431405
0.00431405
0.00431405
0.00431405
0.00428315
0.00429754
0.00429636
0.00430268
0.004302
0.00429157
0.00388473
0.00405468
0.00406521
0.00397387
0.00398896
0.00377872
0.00431405
0.00431405
0.00431405
0.00431404
0.00431404
0.00431405
0.00431405
0.00431405
0.00431405
0.00429536
0.00430387
0.00430331
0.00431403
0.00431404
0.00431404
0.00431405
0.00431405
0.00431405
0.00399741
0.00412261
0.0041293
0.00407497
0.00408376
0.0039321
0.00431405
0.00431405
0.00431405
0.00431405
0.00431405
0.00431405
0.00431405
0.00431405
0.00431405
0.00431405
0.00431405
0.00431405
0.00431404
0.00431402
0.00431403
0.004314
0.00431401
0.00431404
0.00431394
0.00431363
0.00431362
0.00431366
0.00431364
0.00431395
0.00431405
0.00431404
0.00431405
0.00431404
0.00431404
0.00431405
0.00431404
0.00431401
0.00431402
0.00431378
0.00431299
0.00431305
0.00431405
0.00431405
0.00431405
0.00431405
0.00431405
0.00431405
0.00431405
0.00431405
0.00431405
0.00431405
0.00431405
0.00431405
0.00431405
0.00431405
0.00431405
0.00431405
0.00431405
0.00431405
0.00431405
0.00431405
0.00431405
0.00431405
0.00431405
0.00431405
0.00431405
0.00431405
0.00431405
0.00431405
0.00431405
0.00431405
0.00431405
0.00431405
0.00431405
0.00431405
0.00431405
0.00431405
0.00431405
0.00431405
0.00431405
0.00431405
0.00431405
0.00431405
0.00431405
0.00431405
0.00431405
0.00431405
0.00431405
0.00431405
0.00431405
0.00431405
0.00431405
0.00431405
0.00431405
0.00431405
0.00431405
0.00431405
0.00431405
0.00431405
0.00431405
0.00431405
0.00431405
0.00431405
0.00431405
0.00431405
0.00431405
0.00431405
0.00431405
0.00431405
0.00431405
0.00431296
0.00431392
0.00431392
0.00431391
0.00431391
0.00431295
0.00399819
0.00398937
0.00347457
0.0042669
0.00418129
0.00418556
0.00418095
0.00418058
0.00426708
0.00431405
0.00431405
0.00431405
0.00431405
0.00431405
0.00431405
0.00431405
0.00431405
0.00431405
0.00431405
0.00431405
0.00431405
0.0043124
0.00431276
0.00431404
0.00376889
0.0042494
0.00424679
0.00425619
0.00425271
0.00376387
0.00430843
0.00430845
0.00407642
0.00431405
0.00431399
0.00431399
0.00431399
0.00431399
0.00431405
0.00431405
0.00431405
0.00431405
0.00431404
0.00431405
0.00431405
0.00431404
0.00431405
0.00431404
0.00431405
0.00431405
0.00431405
0.00431405
0.00431405
0.00431405
0.00431404
0.00431405
0.00431405
0.00431405
0.00431405
0.00431404
0.00431403
0.00431404
0.00431404
0.00431404
0.00431404
0.00431403
0.00431404
0.00431405
0.00431405
0.00431405
0.00431405
0.00431404
0.00431305
0.00431393
0.00431391
0.00431397
0.00431397
0.00431334
0.00431405
0.00431404
0.00431404
0.0033643
0.00336497
0.0031674
0.00303832
0.00354399
0.0035253
0.00431405
0.00431405
0.00431405
0.00431405
0.00431405
0.00431405
0.00431405
0.00431405
0.00431405
0.00431405
0.00431405
0.00431405
0.00431405
0.00431405
0.00431405
0.00431405
0.00431405
0.00431405
0.00431405
0.00431405
0.00431405
0.00431405
0.00431405
0.00431405
0.00431405
0.00431405
0.00431405
0.00431405
0.00431405
0.00431405
0.00431405
0.00431405
0.00431405
0.00431403
0.00431404
0.00431404
0.00431403
0.00431404
0.00431402
0.00431405
0.00431405
0.00431405
0.00431405
0.00431405
0.00431405
0.00431405
0.00431405
0.00431405
0.00431405
0.00431405
0.00431405
0.00431405
0.00431405
0.00431405
0.00431405
0.00431405
0.00431405
0.00431405
0.00431405
0.00431405
0.00431405
0.00431405
0.00431405
0.00431405
0.00431405
0.00431405
0.00431258
0.00431263
0.0043085
0.00431396
0.00431368
0.00431367
0.00431371
0.00431369
0.00431396
0.00431405
0.00431405
0.00431405
0.00430379
0.00430966
0.00430927
0.00431034
0.00431002
0.00430454
0.00397122
0.00396778
0.00350384
0.00430127
0.00422072
0.00422181
0.00407257
0.00387707
0.00387409
0.00387983
0.00387919
0.00407419
0.00329642
0.00360893
0.00360883
0.00430332
0.00430361
0.00431263
0.00383865
0.00423762
0.0042356
0.00431399
0.00431404
0.00431404
0.00431404
0.00431404
0.00431395
0.00431405
0.00431405
0.00431405
0.00431404
0.00431405
0.00431404
0.00431376
0.00431395
0.0043139
0.004314
0.00431399
0.00431389
0.00431404
0.00431405
0.00431405
0.00431405
0.00431405
0.00431404
0.00431392
0.00431394
0.0043138
0.00431405
0.00431405
0.00431405
0.00431405
0.00431405
0.00431404
0.00431404
0.00431404
0.00431404
0.00431404
0.00431404
0.00431404
0.00431403
0.00431404
0.00431404
0.00431404
0.00431404
0.00431403
0.00417187
0.00425496
0.00425735
0.00425013
0.00425259
0.00416602
0.00414915
0.00424519
0.00424773
0.00423951
0.00424248
0.00414291
0.00431404
0.00431405
0.00431405
0.00431356
0.00431354
0.00431261
0.00431205
0.00431338
0.00431335
0.00431404
0.00431405
0.00431405
0.00431405
0.00431405
0.00431404
0.00430653
0.00431089
0.00431063
0.00431134
0.00431113
0.0043071
0.00431404
0.00431402
0.00431402
0.00431402
0.00431402
0.00431404
0.0043137
0.00431396
0.00431395
0.00430026
0.00429977
0.00431045
0.00419457
0.00426509
0.00426685
0.00426042
0.00426288
0.00418962
0.00417767
0.00425285
0.00425372
0.00426619
0.00425621
0.00418113
0.0043131
0.00431311
0.00431382
0.00430531
0.00431074
0.00431074
0.00431091
0.00431079
0.00430546
0.00431405
0.00431405
0.00431405
0.00431405
0.00431405
0.00431405
0.00431337
0.00431341
0.00431151
0.00431105
0.00431329
0.00431333
0.00431405
0.00431405
0.00431405
0.00431405
0.00431405
0.00431405
0.00431405
0.00431405
0.00431405
0.00431405
0.00431405
0.00431405
0.00431299
0.00431304
0.00431014
0.00430954
0.00431289
0.00431295
0.00431399
0.00431399
0.00431382
0.00431387
0.004314
0.00431399
0.00431405
0.00431405
0.00431405
0.00431405
0.00431405
0.00431405
0.00431405
0.00431405
0.00431405
0.00431405
0.00431405
0.00431405
0.00431405
0.00431405
0.00431405
0.00431405
0.00431405
0.00431405
0.00431405
0.00431405
0.00431405
0.00431405
0.00431405
0.00431405
0.00431405
0.00431405
0.00431405
0.00431405
0.00431405
0.00431405
0.00431405
0.00431405
0.00431405
0.00431405
0.00431405
0.00431405
0.00431405
0.00431405
0.00431405
0.00431405
0.00431405
0.00431405
0.00431405
0.00431405
0.00431404
0.00431405
0.00431405
0.00431405
0.00430002
0.00430777
0.00430716
0.00430882
0.00430831
0.00430104
0.00429958
0.00429863
0.00428517
0.00429012
0.00430125
0.00430046
0.00431287
0.00431364
0.00431349
0.00431383
0.00431375
0.00431314
0.00430972
0.00431256
0.0043121
0.00431328
0.00431297
0.00431094
0.00425968
0.00426186
0.00418975
0.00411887
0.00423279
0.00423628
0.00422613
0.00422954
0.00411057
0.00402999
0.00404279
0.00386454
0.00379929
0.00400283
0.00401673
0.00378186
0.00393561
0.0039472
0.00391237
0.00392467
0.0037691
0.00383881
0.00397768
0.00398129
0.00395768
0.00396857
0.00382481
0.00422885
0.00426472
0.00426167
0.00426871
0.00426721
0.00423269
0.00429912
0.00431056
0.00431101
0.00394225
0.00392611
0.00378836
0.00423239
0.00426624
0.0042663
0.00431405
0.00431405
0.00431405
0.00431405
0.00431405
0.00431405
0.00431405
0.00431405
0.00431405
0.00431405
0.00431405
0.00431405
0.00431405
0.00431405
0.00431405
0.00431405
0.00431405
0.00431405
0.00431405
0.00431405
0.00431405
0.00425492
0.00425597
0.00418319
0.00431405
0.00431405
0.00431404
0.00431405
0.00431405
0.00431405
0.00410784
0.00411535
0.00398468
0.0039454
0.00409214
0.00410012
0.00431405
0.00431405
0.00431405
0.00431405
0.00431405
0.00431405
0.00431405
0.00431405
0.00431405
0.00431405
0.00431405
0.00431405
0.00431405
0.00431405
0.00431405
0.00431405
0.00431405
0.00431405
0.00431405
0.00431405
0.00431405
0.00431405
0.00431405
0.00431405
0.00431405
0.00431405
0.00431405
0.00431405
0.00431405
0.00431405
0.00431405
0.00431405
0.00431405
0.00431405
0.00431405
0.00431405
0.00431405
0.00431405
0.00431405
0.00431405
0.00431405
0.00431405
0.00431405
0.00431405
0.00431405
0.00431405
0.00431405
0.00431405
0.00431405
0.00431405
0.00431405
0.00431405
0.00431404
0.00431404
0.00431405
0.00431405
0.00431405
0.00431405
0.00431405
0.00431405
0.00431405
0.00431405
0.00431405
0.00431405
0.00431405
0.00431405
0.00431405
0.00431405
0.00431405
0.00431405
0.00431392
0.00431397
0.00430761
0.00403016
0.00402771
0.00420888
0.00431388
0.00431391
0.00431405
0.00431405
0.00431405
0.00431404
0.00431404
0.00431405
0.00431405
0.00431405
0.00431405
0.00431405
0.00431405
0.00431405
0.00431405
0.00431405
0.00431405
0.00351278
0.00396557
0.0039653
0.00424073
0.00423934
0.00385278
0.00429321
0.0042929
0.0043079
0.00431382
0.00431312
0.00431315
0.00431405
0.00431405
0.00431405
0.00431405
0.00431405
0.00431405
0.00431403
0.00431402
0.00431396
0.00431247
0.00431365
0.00431367
0.00431351
0.00431353
0.004312
0.00431405
0.00431405
0.00431405
0.00431405
0.00431405
0.00431405
0.00431405
0.00431405
0.00431405
0.00431405
0.00431405
0.00431405
0.00431405
0.00431405
0.00431405
0.00431405
0.00431405
0.00431405
0.00431405
0.00431405
0.00431405
0.00431405
0.00431405
0.00431405
0.00431405
0.00431405
0.00431405
0.00431405
0.00431405
0.00431405
0.00431405
0.00431405
0.00431405
0.00431405
0.00431405
0.00431405
0.00431405
0.00431405
0.00431405
0.00431405
0.00431405
0.00431405
0.00431405
0.00431405
0.00431405
0.00431405
0.00431405
0.00431405
0.00431405
0.00431405
0.00431405
0.00431405
0.00431405
0.00431405
0.00431405
0.00431405
0.00431405
0.00431405
0.00431405
0.00431405
0.00431405
0.00431405
0.00431405
0.00431405
0.00431405
0.00431405
0.00431405
0.00431405
0.00431405
0.00431405
0.00431405
0.00431405
0.00431405
0.00431405
0.00431405
0.00431405
0.00431405
0.00431405
0.00431405
0.00431405
0.00431405
0.00431405
0.00431405
0.00431405
0.00431405
0.00431405
0.00431405
0.00431405
0.00431405
0.00431405
0.00431405
0.00431405
0.00431405
0.00431405
0.00431405
0.00431405
0.00431405
0.00431405
0.00431405
0.00431405
0.00431405
0.00431405
0.00431405
0.00431405
0.00431405
0.00431405
0.00431405
0.00431405
0.00431405
0.00431405
0.00431405
0.00431404
0.00431404
0.00431405
0.00431405
0.00431405
0.00431405
0.00431405
0.00431405
0.00431405
0.00431405
0.00431405
0.00431405
0.00431404
0.00431405
0.00431405
0.00431405
0.00431405
0.00431405
0.00431405
0.00431405
0.00431405
0.00431405
0.00431405
0.00431405
0.00431405
0.00431405
0.00431405
0.00431405
0.00431405
0.00431405
0.00431405
0.00431405
0.00431405
0.00431405
0.00431405
0.00431405
0.00431405
0.00431405
0.00431405
0.00431405
0.00431405
0.00431405
0.00431405
0.00431405
0.00431405
0.00431392
0.00431392
0.00431295
0.00421686
0.00421922
0.00430115
0.00431267
0.00430386
0.00430407
0.00431395
0.00431404
0.00431404
0.00431405
0.00431405
0.00431405
0.00431405
0.00431405
0.00431405
0.00431405
0.00431405
0.00431404
0.00430858
0.00429472
0.00429998
0.00431405
0.00431405
0.00431405
0.00431405
0.00431405
0.00431405
0.00431405
0.00431405
0.00431405
0.00431405
0.00431405
0.00431405
0.00431405
0.00431405
0.00431405
0.00431405
0.00431405
0.00431405
0.00431398
0.00431378
0.00431377
0.00431397
0.00431373
0.00431372
0.00431376
0.00431375
0.00431397
0.00431404
0.00431403
0.00431403
0.00431403
0.00431403
0.00431404
0.00431403
0.00431403
0.00431404
0.00431402
0.00431402
0.00431393
0.00431395
0.00431402
0.00431402
0.00431405
0.00431405
0.00431405
0.00431405
0.00431405
0.00431405
0.00431361
0.00431363
0.00431239
0.00431211
0.00431356
0.00431359
0.00431405
0.00431405
0.00431405
0.00431405
0.00431405
0.00431405
0.00431405
0.00431405
0.00431405
0.00431405
0.00431405
0.00431405
0.00431405
0.00431405
0.00431405
0.00431405
0.00431405
0.00431405
0.00431405
0.00431405
0.00431405
0.00431405
0.00431405
0.00431405
0.00431405
0.00431405
0.00431405
0.00431405
0.00431405
0.00431405
0.00431405
0.00431405
0.00431405
0.00431405
0.00431405
0.00431405
0.00431405
0.00431405
0.00431405
0.00431405
0.00431405
0.00431405
0.00431405
0.00431405
0.00431405
0.00431405
0.00431405
0.00431405
0.00431405
0.00431405
0.00431405
0.00431405
0.00431405
0.00431405
0.00431405
0.00431405
0.00431405
0.00431405
0.00431405
0.00431405
0.00431405
0.00431405
0.00431405
0.00431405
0.00431405
0.00431405
0.00431405
0.00431405
0.00431405
0.00431405
0.00431405
0.00431405
0.00431405
0.00431405
0.00431405
0.00431405
0.00431405
0.00431405
0.00431405
0.00431405
0.00431405
0.00431405
0.00431405
0.00431405
0.00431405
0.00431405
0.00431405
0.00431405
0.00431405
0.00431405
0.00431402
0.00431146
0.004312
0.00409075
0.00430833
0.0043084
0.00431405
0.00431405
0.00431405
0.00431405
0.00431405
0.00431405
0.00431405
0.00431405
0.00431405
0.00431405
0.00431405
0.00431405
0.00431405
0.00431405
0.00431405
0.00431405
0.00431405
0.00431405
0.00431405
0.00431405
0.00431405
0.00431405
0.00431405
0.00431405
0.00431405
0.00431405
0.00431405
0.00431405
0.00431405
0.00431405
0.00431405
0.00431405
0.00431405
0.00431405
0.00431405
0.00431405
0.00431405
0.00431405
0.00431405
0.00431405
0.00431405
0.00431405
0.00431405
0.00431405
0.00431405
0.00431405
0.00431405
0.00431405
0.00431405
0.00431405
0.00431405
0.00431405
0.00431405
0.00431405
0.00431405
0.00431405
0.00431405
0.00431405
0.00431405
0.00431405
0.00424538
0.00424506
0.00378633
0.00431399
0.00431398
0.00431405
0.00431405
0.00431405
0.00431405
0.00431405
0.00431405
0.00431405
0.00431405
0.00431405
0.00431405
0.00413606
0.00354378
0.00254023
0.00413164
0.00353356
0.00252875
0.00407956
0.00344733
0.0024694
0.00407624
0.00344302
0.00246863
0.00229975
0.00191622
0.00169264
0.00430639
0.00416151
0.00308826
0.00409532
0.00339337
0.00219911
0.00406584
0.00333578
0.00216387
0.0022949
0.00191594
0.00169258
0.00302134
0.00259964
0.00203086
0.00430463
0.00413885
0.00303266
0.00415503
0.00356839
0.00253862
0.004158
0.00357298
0.00253922
0.00411038
0.00350175
0.00251354
0.00410887
0.00350269
0.00251938
0.00404113
0.00338668
0.00242743
0.00404604
0.00339698
0.00243689
0.00249552
0.00199235
0.00171419
0.0025652
0.00202756
0.00172117
0.00292296
0.0025813
0.00202257
0.00431297
0.00427375
0.00361888
0.00423827
0.00376203
0.00256869
0.00424783
0.00379753
0.00259004
0.00423503
0.00375025
0.00256147
0.00414295
0.00354935
0.00253202
0.00412371
0.00352415
0.00252943
0.00409317
0.00347555
0.00249599
0.00406128
0.00341935
0.00244515
0.00391466
0.00319935
0.00230231
0.00430153
0.0040671
0.00290513
0.00226096
0.00191062
0.00169209
0.00260271
0.00204246
0.00172405
0.0025764
0.00203097
0.0017216
0.00340508
0.00263967
0.00192989
0.00280113
0.00210935
0.00173096
0.00285579
0.00213798
0.00173779
0.00292756
0.00217746
0.00174559
0.00287964
0.00215152
0.00173989
0.00303683
0.00224222
0.00176055
0.00294831
0.00218944
0.0017486
0.0030184
0.00223113
0.0017576
0.00278834
0.00210322
0.00172964
0.00273686
0.00207777
0.00172488
0.0026752
0.00205031
0.00171936
0.00272147
0.00207068
0.00172311
0.00254918
0.00200134
0.00170856
0.00259427
0.00201691
0.00171211
0.00265745
0.00204229
0.00171733
0.0026138
0.00202564
0.001714
0.00252966
0.00199289
0.00170714
0.00228085
0.00189874
0.00168765
0.00226878
0.00190333
0.00168947
0.00260807
0.00204577
0.00172518
0.00425078
0.00380905
0.0025978
0.00426131
0.00385516
0.00262115
0.00426419
0.00386903
0.002633
0.00414661
0.00355643
0.0025374
0.00416778
0.00359223
0.00255344
0.00412058
0.00351904
0.00252598
0.00409559
0.0034775
0.00249379
0.00402907
0.00336723
0.00241016
0.00405673
0.00341135
0.00243986
0.0038579
0.00312001
0.00222921
0.00388748
0.00315898
0.00228106
0.00386433
0.00313012
0.0022396
0.00390729
0.00318897
0.00228855
0.00389145
0.00316426
0.00228639
0.00375056
0.00296979
0.00213356
0.00367251
0.00288358
0.00205707
0.00366007
0.00287222
0.00204451
0.00338597
0.00262337
0.00192037
0.00333233
0.00258942
0.00193227
0.00418452
0.00362332
0.00254891
0.00418691
0.00362573
0.00254258
0.00413775
0.00354342
0.0025344
0.00418142
0.00361731
0.00254775
0.00417733
0.00360666
0.00253795
0.00412818
0.00352741
0.00252437
0.00408381
0.00345487
0.00247505
0.00401354
0.00334349
0.00241259
0.0040162
0.00334551
0.00241109
0.0040737
0.00344119
0.00247105
0.00400814
0.00333301
0.00240109
0.00400257
0.00332249
0.00238997
0.00232535
0.00194834
0.00170124
0.00231445
0.00194017
0.00169919
0.00229993
0.00191467
0.00169234
0.00233488
0.00195866
0.0017038
0.00234384
0.00197131
0.00170692
0.00430748
0.00417535
0.00313822
0.00361965
0.00282852
0.00203293
0.00360593
0.00281637
0.00201975
0.00412358
0.00345091
0.00223526
0.00423905
0.00376384
0.00250435
0.00404213
0.00328898
0.00213342
0.00228734
0.00191431
0.00169218
0.00302409
0.00258588
0.00199352
0.00430241
0.00411641
0.00299388
0.00420397
0.00366582
0.00256206
0.00415268
0.00356646
0.00254226
0.00416154
0.00357999
0.00254367
0.00411283
0.003504
0.00251212
0.0041033
0.00349129
0.00250456
0.00403674
0.00338031
0.00242364
0.00404999
0.003403
0.00244027
0.00398167
0.00329281
0.00236664
0.00362922
0.00283804
0.0020434
0.00364004
0.00285251
0.00203401
0.00431282
0.00426679
0.00347242
0.00431226
0.00424624
0.00335471
0.00253163
0.00201393
0.00171805
0.00255081
0.00202264
0.0017202
0.00424219
0.00377845
0.00258691
0.00424511
0.00378852
0.00259035
0.00423033
0.00373735
0.00257893
0.00419336
0.00363881
0.00254337
0.00418987
0.00363092
0.00254061
0.00413998
0.00354495
0.00253097
0.0041693
0.00359305
0.00255276
0.00417411
0.00359985
0.00253478
0.00412552
0.00352426
0.00252465
0.00408852
0.00346596
0.00248645
0.00402336
0.00335592
0.00241875
0.00401959
0.00334966
0.00241261
0.00406609
0.00342999
0.00245454
0.00399282
0.00330714
0.00237838
0.00399751
0.00331375
0.00238264
0.003927
0.00321305
0.00232274
0.00392351
0.00320962
0.00231997
0.00228643
0.00192055
0.00169432
0.00230092
0.00193282
0.00169736
0.00228627
0.00191081
0.0016917
0.00232101
0.00200268
0.00171704
0.0023437
0.00198555
0.00171071
0.0022755
0.00203741
0.00173389
0.00259518
0.00203819
0.00172277
0.00258623
0.00203431
0.00172201
0.00430911
0.00419759
0.00320265
0.00356964
0.00278226
0.00201195
0.00358282
0.00279677
0.0020044
0.00359335
0.00280607
0.00200798
0.00417692
0.00358281
0.00234368
0.00414118
0.00349288
0.00227097
0.00419815
0.00364032
0.00239163
0.00421633
0.00369563
0.002447
0.0040053
0.00322001
0.00208772
0.00348326
0.00258179
0.00184011
0.00281665
0.00211708
0.00173279
0.00283478
0.00212642
0.00173511
0.0029096
0.00216727
0.00174313
0.00289457
0.00215895
0.00174126
0.00297214
0.00220373
0.00175199
0.00299919
0.00222024
0.001755
0.0027761
0.00209809
0.00172876
0.00275513
0.00208699
0.00172707
0.00269572
0.0020604
0.00172109
0.00270914
0.00206567
0.00172195
0.00256236
0.0020051
0.00170924
0.0025773
0.00201032
0.00171043
0.00264251
0.00203626
0.00171583
0.00263113
0.00203295
0.00171512
0.00251012
0.00198468
0.00170525
0.00227788
0.00191099
0.00169139
0.00261609
0.00204856
0.00172652
0.00425889
0.00384496
0.00261827
0.00425367
0.00382181
0.00261282
0.00426727
0.0038855
0.00265517
0.00419734
0.00364944
0.00255143
0.00420129
0.00366066
0.0025618
0.00415103
0.00356712
0.00254937
0.00416572
0.0035903
0.00255464
0.00411621
0.00350961
0.00251591
0.00409896
0.00348265
0.00249641
0.00403347
0.00337644
0.00242146
0.00405296
0.00340593
0.0024384
0.00398894
0.00330307
0.00237713
0.00398633
0.00330166
0.00237776
0.00397578
0.00327973
0.00237213
0.00385287
0.00311205
0.00222421
0.00388228
0.00315095
0.00227235
0.00387243
0.0031406
0.00225366
0.00389727
0.00317233
0.00227322
0.00390185
0.00317899
0.0022783
0.00368557
0.00289593
0.00207091
0.00364902
0.00286185
0.00203581
0.00336625
0.00260838
0.00191263
0.00334805
0.00259799
0.00190863
0.00431351
0.00428797
0.00368755
0.00431382
0.00430024
0.00386655
0.00431382
0.00430022
0.00388036
0.00282792
0.00230466
0.00181863
0.0028662
0.00237222
0.00186114
0.00382139
0.00295142
0.00196651
0.0036069
0.00270408
0.00187665
0.00385232
0.00299212
0.00198244
0.0035719
0.00267008
0.00186806
0.00234948
0.001924
0.00169269
0.00231297
0.00191224
0.00169046
0.00228718
0.00190734
0.00168993
0.00230578
0.00190979
0.00168995
0.00228839
0.00190717
0.00168988
0.00322363
0.00253813
0.00201925
0.00428949
0.00400862
0.00279102
0.00428609
0.00398799
0.00275452
0.00371982
0.00293056
0.00210093
0.00378379
0.00301155
0.00216478
0.00377802
0.00300257
0.00215889
0.00371416
0.00292275
0.00209762
0.00369838
0.00290826
0.00208606
0.00430854
0.00414719
0.00306278
0.00431034
0.00419032
0.00315543
0.0027119
0.00231782
0.00199629
0.00348195
0.00270138
0.00196953
0.00276535
0.00213771
0.00174713
0.00275041
0.00212257
0.00174356
0.00269165
0.00208421
0.00173462
0.00270963
0.00211416
0.00174701
0.00295106
0.0024884
0.00190566
0.00422481
0.0037211
0.00256851
0.00393062
0.0032176
0.00232751
0.00393645
0.0032252
0.00231449
0.00395455
0.00325182
0.0023483
0.00329499
0.00255337
0.00191288
0.00427437
0.0039054
0.002673
0.00269577
0.00242699
0.00184157
0.00431118
0.00423376
0.00334904
0.00430998
0.00421328
0.0032694
0.00353869
0.00275324
0.00199812
0.00346306
0.00268598
0.0019561
0.00352947
0.00274463
0.00199806
0.0035177
0.00273115
0.00200293
0.00425175
0.00381107
0.00256019
0.00368869
0.00279193
0.0019069
0.00372155
0.00282849
0.0019191
0.00397294
0.00316918
0.00206631
0.00394223
0.00312152
0.002043
0.0023385
0.00192017
0.00169215
0.0023313
0.0019171
0.00169143
0.0022818
0.00190303
0.00168881
0.00225215
0.00189564
0.00168781
0.00281723
0.00231449
0.00178574
0.00276979
0.00251846
0.00187943
0.00283097
0.00241785
0.00183186
0.00266569
0.00207232
0.00173201
0.00269051
0.00211137
0.00174551
0.00297395
0.00251694
0.00192518
0.00429654
0.00406223
0.00287157
0.00429816
0.00407608
0.00289975
0.0042118
0.00368442
0.00255494
0.00422083
0.00370735
0.00255556
0.00420674
0.00367305
0.00256969
0.00397125
0.0032719
0.00236315
0.00395876
0.00325678
0.00235267
0.00374261
0.00296036
0.00212199
0.00328142
0.00253854
0.00189393
0.00256449
0.0020147
0.00173438
0.00278401
0.00221611
0.00177904
0.00289877
0.00242166
0.0018817
0.00331194
0.00258037
0.00197196
0.00331566
0.00257415
0.00196251
0.00330739
0.0025822
0.00196696
0.00330218
0.00257764
0.0019527
0.00378194
0.00289724
0.00194095
0.0026898
0.00218357
0.00176168
0.00269709
0.00222205
0.00177351
0.00363566
0.00273306
0.00188552
0.00389036
0.00304216
0.00200052
0.00354125
0.00264026
0.00185975
0.00336134
0.00247945
0.00181784
0.00339044
0.00250376
0.00182436
0.00314835
0.00231866
0.00177735
0.00316869
0.0023322
0.00178096
0.00333565
0.00245757
0.00181186
0.00331411
0.00244096
0.00180685
0.0031175
0.00229733
0.0017737
0.00309258
0.0022807
0.00176998
0.00235035
0.0019245
0.00169292
0.00236588
0.00192941
0.00169381
0.00243695
0.00195589
0.00169911
0.00242731
0.00195269
0.00169849
0.00244778
0.00195961
0.0016999
0.00246001
0.00196452
0.00170106
0.0023474
0.00192428
0.00169294
0.00231878
0.00191387
0.0016908
0.00228592
0.00190674
0.00168976
0.00229581
0.001906
0.00168908
0.00228424
0.00190343
0.00168907
0.00266978
0.00212477
0.0017482
0.00267725
0.00215348
0.00175474
0.00429134
0.00402101
0.00280727
0.00429324
0.00403522
0.00283465
0.00428243
0.00396503
0.0027424
0.00384224
0.00309441
0.00222949
0.003847
0.00310134
0.00223578
0.00372658
0.00294019
0.0021061
0.00383688
0.00308685
0.00222278
0.00382544
0.00307519
0.00220417
0.00378944
0.00302144
0.00217117
0.00377044
0.00299301
0.0021471
0.00327048
0.00254226
0.00195292
0.00251956
0.00198236
0.00171599
0.00265923
0.00222496
0.00178738
0.00261673
0.00213595
0.00176184
0.00431347
0.00428752
0.0037334
0.00431261
0.00426401
0.00352997
0.00431177
0.00424583
0.00342718
0.0035007
0.00271679
0.0019851
0.00278559
0.00216746
0.00175367
0.00280091
0.00220975
0.00176299
0.00273369
0.00210898
0.00174052
0.00271438
0.00209642
0.00173751
0.0027362
0.00212514
0.00175388
0.00292648
0.0024582
0.0018925
0.00422824
0.00373271
0.00258003
0.00394077
0.00323163
0.00232033
0.00394627
0.00324155
0.00233173
0.00332968
0.00258895
0.00200538
0.00332457
0.00258228
0.001987
0.00329897
0.00256288
0.00192782
0.00428464
0.0039595
0.00274602
0.0042959
0.00402151
0.00282616
0.00258976
0.00227993
0.00180905
0.00245871
0.00211779
0.00176419
0.00268651
0.00225711
0.00179852
0.00269808
0.00225153
0.00179057
0.00354904
0.00276283
0.00200076
0.00355966
0.00277278
0.00200459
0.0034286
0.00265912
0.00193458
0.00344482
0.00267097
0.00194446
0.00365994
0.00275974
0.00189554
0.00375783
0.0028686
0.00193079
0.00391516
0.0030789
0.00202053
0.00351588
0.00261557
0.00185281
0.0034576
0.0025598
0.00183661
0.0034228
0.0025309
0.00183101
0.00321686
0.00236775
0.00179054
0.00319104
0.00234876
0.00178541
0.00324591
0.00238935
0.00179615
0.00327842
0.00241387
0.00180187
0.00305773
0.00225561
0.00176259
0.00239636
0.00194071
0.00169622
0.0023815
0.00193487
0.00169494
0.00240975
0.00194667
0.00169747
0.00241942
0.0019504
0.00169811
0.00249119
0.00197689
0.00170327
0.00249926
0.00197954
0.00170365
0.00248466
0.00197585
0.00170323
0.00247354
0.00197102
0.00170247
0.00234584
0.00192451
0.00169303
0.0023248
0.00191541
0.0016911
0.00228402
0.00190553
0.00168942
0.00227731
0.00189574
0.0016872
0.00227124
0.00189755
0.00168789
0.002816
0.00253937
0.00189593
0.00283464
0.00249852
0.00187718
0.00263649
0.00206003
0.00172943
0.00267164
0.00211102
0.00174506
0.00299084
0.00253745
0.00193797
0.00429997
0.0040931
0.00294501
0.00427721
0.00393528
0.00269725
0.00428051
0.00395425
0.00273013
0.00427463
0.00392006
0.00267801
0.00427087
0.0039022
0.0026841
0.00421421
0.00368897
0.00254993
0.00421728
0.00369673
0.00255
0.00396652
0.00326518
0.00235721
0.00396231
0.00326009
0.0023539
0.00373436
0.00295028
0.00211292
0.00380742
0.00305442
0.00217602
0.00381565
0.00306466
0.00218785
0.00379489
0.00303079
0.00217896
0.00380138
0.00304518
0.00217012
0.00376123
0.0029841
0.00213386
0.00327586
0.00252964
0.00190086
0.00431374
0.00429699
0.00383355
)
;

boundaryField
{
    topAndBottom
    {
        type            calculated;
        value           nonuniform List<scalar> 
72
(
0.00431405
0.00431405
0.00431405
0.00431405
0.00431405
0.00431405
0.00431405
0.00431405
0.00431405
0.00431405
0.00431405
0.00431405
0.00431405
0.00431405
0.00431405
0.00431405
0.00431405
0.00431405
0.00431405
0.00431405
0.00431405
0.00431405
0.00431405
0.00431405
0.00431405
0.00431405
0.00431405
0.00431405
0.00431405
0.00431405
0.00431405
0.00431405
0.00431405
0.00431405
0.00431405
0.00431405
0.00431405
0.00431405
0.00431405
0.00431405
0.00431405
0.00431405
0.00431405
0.00431405
0.00431405
0.00431405
0.00431405
0.00431405
0.00431405
0.00431405
0.00431405
0.00431405
0.00431405
0.00431405
0.00431405
0.00431405
0.00431405
0.00431405
0.00431405
0.00431405
0.00431405
0.00431405
0.00431405
0.00431405
0.00431405
0.00431405
0.00431405
0.00431405
0.00431405
0.00431405
0.00431405
0.00431405
)
;
    }
    inlet
    {
        type            calculated;
        value           uniform 0.00431405;
    }
    outlet
    {
        type            calculated;
        value           nonuniform List<scalar> 
24
(
0.00431405
0.00431405
0.00431405
0.00431405
0.00431405
0.00431405
0.00431405
0.00431405
0.00431404
0.00431368
0.00430414
0.00417787
0.00426621
0.00431394
0.00431405
0.00431405
0.00431405
0.00431405
0.00431405
0.00431405
0.00431405
0.00431405
0.00431405
0.00431405
)
;
    }
    wing
    {
        type            calculated;
        value           uniform 0.00160882;
    }
    front
    {
        type            empty;
    }
    back
    {
        type            empty;
    }
}


// ************************************************************************* //
