/*--------------------------------*- C++ -*----------------------------------*\
| =========                 |                                                 |
| \\      /  F ield         | OpenFOAM: The Open Source CFD Toolbox           |
|  \\    /   O peration     | Version:  5.x                                   |
|   \\  /    A nd           | Web:      www.OpenFOAM.org                      |
|    \\/     M anipulation  |                                                 |
\*---------------------------------------------------------------------------*/
FoamFile
{
    version     2.0;
    format      ascii;
    class       volScalarField;
    location    "200";
    object      p;
}
// * * * * * * * * * * * * * * * * * * * * * * * * * * * * * * * * * * * * * //

dimensions      [0 2 -2 0 0 0 0];

internalField   nonuniform List<scalar> 
6584
(
20.9991
19.1747
17.3498
15.5252
13.7007
11.8763
10.0519
8.22808
6.40449
4.58085
2.75664
0.931247
-0.895713
-2.72413
-4.55341
-6.3829
-8.21209
-10.0408
-11.8693
-13.6973
-15.5251
-17.3522
-19.1784
-21.0036
21.0007
19.179
17.3554
15.5312
13.7069
11.8815
10.0548
8.22941
6.40563
4.58228
2.75835
0.933149
-0.893862
-2.72257
-4.55225
-6.38255
-8.2131
-10.0434
-11.8737
-13.703
-15.5311
-17.3583
-19.1832
-21.0049
21.001
19.1822
17.362
15.5393
13.7154
11.89
10.0612
8.23234
6.40727
5.0396
3.21705
1.39297
-0.433572
-2.26272
-4.09349
-6.38622
-8.22131
-10.0537
-11.8839
-13.7125
-15.5394
-17.3646
-19.1861
-21.0059
21.001
19.1828
17.3643
15.5444
13.7221
11.8979
10.0694
8.23909
6.41136
5.04186
3.22105
1.39877
-0.42751
-2.25918
-4.09853
-5.9372
-8.23724
-10.0677
-11.8955
-13.7219
-15.5464
-17.3681
-19.1875
-21.0067
21.0006
19.1826
17.3644
15.5461
13.7263
11.9038
10.0785
8.25386
6.8764
5.04662
3.22662
1.40705
-0.41841
-2.26282
-4.11757
-5.96099
-7.79397
-10.0805
-11.9057
-13.7295
-15.5507
-17.3701
-19.1888
-21.0075
21.0001
19.1822
17.3641
15.5461
13.7277
11.9078
10.0869
8.72094
6.89779
5.07414
3.47186
1.64964
-0.171329
-2.04642
-4.14132
-5.97975
-7.80795
-10.0912
-11.9141
-13.7346
-15.5534
-17.3718
-19.1899
-21.0082
20.9996
19.1817
17.3636
15.5455
13.7272
11.9085
10.089
8.72309
6.9041
5.08869
3.50549
1.80371
-0.010829
-2.06866
-3.93467
-5.99898
-7.82235
-10.1009
-11.9204
-13.7381
-15.5557
-17.3733
-19.191
-21.0089
20.9992
19.1812
17.363
15.5447
13.7262
11.9073
10.0884
8.72325
6.90117
5.08034
3.49296
1.80899
-2.02172
-3.97133
-6.01876
-7.83525
-10.1073
-11.9246
-13.7409
-15.5577
-17.3746
-19.1919
-21.0094
20.9988
19.1807
17.3624
15.5439
13.7251
11.9056
10.0856
8.72048
6.89459
5.06438
3.45917
1.71976
-2.13698
-4.01104
-6.03433
-7.84236
-10.1094
-11.9262
-13.7428
-15.5591
-17.3755
-19.1925
-21.0096
20.9985
19.1803
17.3619
15.5432
13.7242
11.9044
10.0838
8.71711
6.88782
5.05296
3.43883
1.68422
-2.18728
-4.03231
-6.04093
-7.84441
-10.1076
-11.9241
-13.742
-15.5594
-17.3759
-19.1927
-21.0096
20.9983
19.1799
17.3614
15.5427
13.7236
11.9038
10.083
8.7154
6.88558
5.05181
3.44041
1.70068
-2.16304
-4.02286
-6.03384
-7.83877
-10.1017
-11.9184
-13.7375
-15.5576
-17.3757
-19.1925
-21.0094
20.9982
19.1797
17.3613
15.5426
13.7236
11.9041
10.0834
8.71552
6.88764
5.05878
3.45664
1.74018
-2.09528
-3.9901
-6.01533
-7.82606
-10.0917
-11.9099
-13.7301
-15.5523
-17.3736
-19.1919
-21.0088
20.9982
19.1798
17.3614
15.5427
13.724
11.9051
10.0848
8.71733
6.89209
5.06858
3.47586
1.78078
-2.02206
-3.94861
-5.99095
-7.80872
-10.0784
-11.8988
-13.7207
-15.5447
-17.3695
-19.1908
-21.008
20.9984
19.1799
17.3616
15.5431
13.7246
11.9061
10.0862
8.26398
6.89596
5.0735
3.4811
1.77538
0.0584804
-2.06869
-3.91018
-5.96357
-7.78891
-10.0623
-11.8856
-13.7095
-15.5366
-17.3639
-19.1878
-21.0069
20.9985
19.18
17.3618
15.5434
13.725
11.9065
10.0856
8.25942
6.89154
5.05716
3.45889
1.64558
-0.176763
-2.03425
-4.10694
-5.94067
-8.22511
-10.0511
-11.8769
-13.7015
-15.5293
-17.3563
-19.1813
-21.0043
20.9986
19.1801
17.3618
15.5433
13.7249
11.9059
10.0828
8.25113
6.87551
5.04887
3.22826
1.63463
-0.195178
-2.26036
-4.09861
-5.93254
-8.21857
-10.0455
-11.8713
-13.6992
-15.525
-17.3508
-19.1759
-21.0015
20.9986
19.1801
17.3616
15.5431
13.7244
11.9043
10.0784
8.2459
6.41503
5.04712
3.224
1.39895
-0.428961
-2.2626
-4.09689
-5.92778
-8.2124
-10.039
-11.866
-13.6938
-15.5209
-17.3472
-19.1745
-21.0001
20.9986
19.1799
17.3613
15.5425
13.7232
11.9011
10.073
8.24133
6.41363
4.58898
3.22116
1.39648
-0.43583
-2.26435
-4.55199
-6.38055
-8.20863
-10.0355
-11.8626
-13.6899
-15.5166
-17.3434
-19.1707
-20.998
20.9986
19.1797
17.3608
15.5418
13.7221
11.8977
10.0678
8.23811
6.4119
4.58773
2.75872
0.937166
-0.891283
-2.72469
-4.5498
-6.37884
-8.20632
-10.0332
-11.8601
-13.6871
-15.5138
-17.3408
-19.1677
-20.9961
20.9984
19.1794
17.3603
15.541
13.7209
11.8951
10.0644
8.23645
6.41051
4.58639
2.75825
0.934841
-0.892624
-2.72344
-4.54889
-6.37769
-8.20452
-10.0314
-11.8581
-13.6849
-15.5118
-17.3387
-19.1653
-20.9946
20.9983
19.179
17.3596
15.5401
13.7196
11.8931
10.0622
8.23526
6.40954
4.58521
2.75768
0.932885
-0.89412
-2.72291
-4.54852
-6.37678
-8.20319
-10.0301
-11.8565
-13.6831
-15.51
-17.3368
-19.1634
-20.9933
20.9981
19.1786
17.3589
15.5391
13.7183
11.8917
10.0607
8.23432
6.40853
4.58426
2.75705
0.931809
-0.894909
-2.7228
-4.54836
-6.37613
-8.20223
-10.0291
-11.8553
-13.6818
-15.5087
-17.3353
-19.1617
-20.9922
20.9979
19.1782
17.3582
15.5382
13.7171
11.8905
10.0596
8.23319
6.40766
4.58352
2.75664
0.931138
-0.895388
-2.7227
-4.54825
-6.37563
-8.20153
-10.0283
-11.8543
-13.6808
-15.5075
-17.334
-19.1603
-20.9913
20.9976
19.1777
17.3575
15.5372
13.7159
11.8892
10.0585
8.23213
6.40688
4.58272
2.75631
0.930672
-0.895728
-2.72264
-4.54819
-6.37523
-8.20101
-10.0276
-11.8535
-13.6799
-15.5065
-17.3329
-19.1591
-20.9905
20.9974
19.1772
17.3568
15.5362
13.7147
11.8881
10.0576
8.23115
6.40599
4.58193
2.75603
0.930322
-0.895968
-2.72259
-4.54814
-6.37493
-8.2006
-10.0271
-11.8528
-13.6793
-15.5057
-17.332
-19.1581
-20.9898
20.9971
19.1768
17.3561
15.5353
13.7136
11.887
10.0567
8.23022
6.40509
4.58118
2.75526
0.929657
-0.896512
-2.72281
-4.54832
-6.37488
-8.20051
-10.0269
-11.8527
-13.679
-15.5052
-17.3313
-19.1573
-20.9892
20.9968
19.1763
17.3554
15.5345
13.7125
11.886
10.0558
8.2294
6.40422
4.57977
2.75387
0.928312
-0.897696
-2.72382
-4.54934
-6.3757
-8.2013
-10.0276
-11.8534
-13.6795
-15.5055
-17.3314
-19.1573
-20.989
20.9966
19.1758
17.3548
15.5336
13.7115
11.885
10.055
8.2286
6.40298
4.578
2.75219
0.926591
-0.899389
-2.72542
-4.55091
-6.37713
-8.20268
-10.0289
-11.8546
-13.6807
-15.5065
-17.3324
-19.1582
-20.9894
20.9963
19.1754
17.3541
15.5328
13.7106
11.8841
10.0542
8.22741
6.40134
4.57631
2.75051
0.924908
-0.901049
-2.727
-4.55247
-6.37857
-8.20408
-10.0302
-11.8558
-13.6818
-15.5076
-17.3335
-19.1592
-20.9897
20.9961
19.175
17.3536
15.5321
13.7097
11.8832
10.0531
8.22574
6.39972
4.57462
2.74887
0.923256
-0.902678
-2.72855
-4.55403
-6.37999
-8.20548
-10.0315
-11.8571
-13.683
-15.5087
-17.3345
-19.1603
-20.9901
20.9958
19.1746
17.353
15.5314
13.7087
11.8818
10.0512
8.22406
6.3981
4.57294
2.74724
0.921627
-0.904284
-2.73009
-4.55555
-6.38144
-8.2069
-10.0328
-11.8584
-13.6842
-15.5098
-17.3356
-19.1613
-20.9905
20.9956
19.1742
17.3524
15.5307
13.7072
11.8793
10.0492
8.22238
6.39648
4.5713
2.74562
0.920014
-0.905873
-2.73162
-4.55707
-6.38285
-8.20831
-10.0342
-11.8597
-13.6854
-15.511
-17.3368
-19.1624
-20.991
20.9954
19.1739
17.3519
15.5296
13.7047
11.8765
10.0472
8.2207
6.39488
4.56964
2.74402
0.918418
-0.907447
-2.73315
-4.55856
-6.3843
-8.20971
-10.0355
-11.861
-13.6867
-15.5122
-17.3379
-19.1635
-20.9914
20.9952
19.1735
17.3515
15.5281
13.7017
11.8736
10.0452
8.21902
6.39328
4.56801
2.74241
0.916834
-0.909012
-2.73465
-4.56006
-6.38572
-8.21112
-10.0368
-11.8623
-13.688
-15.5135
-17.3391
-19.1646
-20.9919
20.995
19.1732
17.351
15.5265
13.699
11.8709
10.0432
8.21733
6.39163
4.56635
2.74078
0.915261
-0.910564
-2.73613
-4.56154
-6.38711
-8.21254
-10.0382
-11.8636
-13.6892
-15.5147
-17.3403
-19.1658
-20.9923
20.9949
19.1729
17.3507
15.5255
13.6971
11.8686
10.0413
8.21568
6.39009
4.56475
2.73915
0.913695
-0.912117
-2.73769
-4.563
-6.38853
-8.21394
-10.0395
-11.8649
-13.6905
-15.516
-17.3415
-19.167
-20.9928
1.72827
-1.90836
-1.78984
1.68554
-1.97302
-1.92153
1.69669
-1.9521
-1.97506
1.73481
-1.88415
-1.94522
1.77642
-1.80437
-1.87419
1.78846
0.185548
0.0657286
-1.73539
-1.79482
1.81849
0.219128
-1.7729
-1.70613
3.46725
1.96267
2.03177
-1.02991
-0.886652
-2.12534
-3.55539
-3.51661
3.44175
1.92191
1.95487
1.69979
0.923304
0.948507
-1.19787
-1.15703
-2.18496
-3.58915
-3.56665
3.43818
1.92973
1.9206
1.68531
0.910999
0.90547
-1.23366
-1.24071
-2.16975
-3.58597
-3.59196
3.45186
1.96362
1.93328
1.71428
0.963689
0.9399
-1.12319
-1.1717
-2.10445
-3.55225
-3.57965
-1.0039
-1.07616
-2.03098
-3.50602
-3.54117
-0.904796
-0.947114
1.64923
0.168071
0.175353
-0.0622495
-1.56736
-1.72732
0.953204
1.0038
1.75987
0.884928
0.831896
0.993845
0.894906
-1.15365
-1.07068
-1.86235
-1.15096
-1.20693
0.906096
0.920151
1.695
0.831218
0.814273
0.827539
0.832369
-1.23643
-1.20319
-1.95869
-1.2592
-1.275
-1.20977
-1.25541
-1.95144
0.936609
0.914182
1.68738
0.821661
0.84899
0.814732
0.819278
-1.17714
-1.22957
-1.9686
-1.26733
-1.23582
-1.27794
-1.27104
-1.97226
0.851404
0.878194
0.851482
0.847869
-1.07914
-1.12196
-1.91185
-1.17714
-1.16312
-1.23147
-1.17864
-1.92084
0.914443
0.938462
0.882048
0.910501
-0.953452
-0.99785
-1.15749
-1.11559
-1.84388
0.964236
0.939781
0.940977
0.961861
-0.851121
-0.900257
1.77202
1.0141
1.10138
-0.536861
-0.384801
3.47132
2.0014
1.96849
1.75647
1.02306
0.996086
-0.495967
-0.521423
-1.96585
-3.46169
-3.49421
0.616284
0.491742
-1.00896
-1.13684
-1.84448
0.9924
0.967213
1.71924
0.431371
0.450746
0.510013
0.520681
0.44877
0.467543
-0.52512
-0.54695
-1.83398
-1.10946
-1.06667
0.522452
0.532023
-1.06059
-1.02133
-1.76705
0.224951
0.955249
1.0062
-0.868259
-0.742866
0.0978033
-0.564383
-0.97295
-0.614435
-0.455156
-0.595777
-0.952016
-1.17828
-1.18026
-1.24872
-1.24851
-1.15012
-1.14715
-1.02176
-0.630493
-1.05194
-0.470178
-0.493235
-0.579405
-0.555011
-0.927995
0.424394
0.857181
0.460117
0.481022
0.461838
0.849513
0.484255
0.544196
0.93462
0.477242
0.423489
-1.11979
-1.11541
0.817642
0.81776
0.842617
0.841832
-1.21062
-1.20769
-1.24866
-1.60071
-1.59083
-1.61146
-1.60358
-1.25166
-1.22987
-1.56727
-1.54817
-1.58688
-1.57256
-1.23053
0.835912
0.837787
0.81394
0.814842
-1.19146
-1.19622
-1.23613
-1.59835
-1.60892
-1.57994
-1.59407
-1.23192
-1.28571
-1.6163
-1.61331
-1.61166
-1.61602
-1.28568
0.435554
0.862047
0.487739
0.467357
0.506713
0.486226
0.866046
0.832324
0.471239
0.83588
-1.09996
-1.1019
-1.2042
-1.55886
-1.57432
-1.53783
-1.55375
-1.20309
0.490011
0.507381
0.894308
0.523949
0.506608
0.544837
0.526084
0.89833
0.46876
0.487821
-0.972428
-0.603695
-0.582809
-0.623462
-0.603331
-0.978997
-0.541286
0.525026
0.536967
0.201478
0.533761
0.52039
-0.00937598
-0.416407
-0.467448
-0.0459357
3.4851
2.12903
2.00543
1.79239
1.12587
1.11013
-0.0333989
-0.742488
-0.788395
0.427852
1.04915
1.02677
1.76176
0.288721
0.281623
0.177725
0.525907
0.502297
0.289789
0.30354
-0.367298
-0.401358
0.040914
0.312592
0.62299
0.629007
-0.363237
-0.270216
0.17868
0.931821
1.29234
1.28204
-1.18132
-1.0213
-1.16534
0.906142
1.2687
1.27105
1.26834
1.26716
0.905399
-1.24279
-1.24519
-1.13574
-1.15143
-0.228957
-0.234731
-0.921832
-0.55203
-0.559027
0.880567
0.8702
0.197287
0.949564
0.556462
0.66709
-1.13716
-0.981021
-1.01462
-1.19014
-1.50568
-1.47207
-1.54079
-1.51464
-1.20058
0.909383
1.27239
1.26789
1.28049
1.27295
0.910956
0.822993
0.629167
0.656051
0.62445
0.623748
0.816
0.658629
0.657668
0.83684
-1.2276
-1.19739
-1.25451
-1.41229
-1.3852
-1.43397
-1.42805
-1.26649
1.27352
1.27849
0.924504
0.828614
0.651269
0.626713
0.813573
0.624057
0.62467
0.622975
0.621253
0.816732
-1.17492
-1.21705
-1.2552
-1.42252
-1.42854
-1.36141
-1.39757
-1.23425
-1.28294
-1.43837
-1.43426
-1.43142
-1.43525
-1.27982
-1.08766
-0.91298
-0.91301
-0.977596
-0.958421
-1.11529
-1.18751
-1.51636
-1.53245
-1.49473
-1.51079
-1.182
0.925762
0.562387
0.547162
0.604155
0.595188
0.929145
0.329044
0.332119
0.94979
0.615554
0.607379
0.321025
0.327599
-0.222382
-0.222763
-0.482009
-0.153222
-0.45811
-0.276199
-0.507803
-0.336383
-0.313403
-0.348431
-0.512551
0.556053
0.380587
0.482613
0.358074
0.536319
0.42402
0.436104
0.299311
0.292431
0.515403
0.344719
0.347139
0.344259
0.342445
0.516181
0.446515
0.45186
-0.532786
-0.533272
0.527166
0.358873
0.350799
0.300598
0.29506
-0.659804
-0.812841
-0.773032
-0.855195
-0.824497
-0.680279
-1.17676
-1.1701
-1.24498
-1.24781
-1.14125
-1.14595
-0.664001
-0.815619
-0.825341
-0.803592
-0.813919
-0.658901
-0.832395
-0.854027
-0.829759
-0.829533
-0.480032
-0.299321
-0.290495
-0.31855
-0.300791
-0.482854
-0.238766
-0.270573
0.451648
0.648509
0.638716
0.671974
0.653196
0.45261
0.6162
0.617856
0.634016
0.617746
0.510298
0.69802
0.677557
0.451699
0.446597
-0.96278
-0.974229
-1.13363
-0.921778
-0.885427
-0.864802
-0.911047
-0.892093
-1.09745
-0.943389
-0.955741
0.621343
0.623716
0.821592
0.563651
0.561945
0.600669
0.566221
0.564611
0.565825
0.562862
0.565525
0.815734
0.623876
0.62203
0.593509
0.588227
0.617969
0.601753
0.597377
0.602059
0.59003
0.595418
0.837341
0.656767
0.654265
-1.22494
-1.2012
-1.4186
-1.41271
-1.24962
-1.26353
-1.42718
-1.41975
0.66034
0.656221
0.831384
0.600593
0.601964
0.559276
0.594728
0.595856
0.605618
0.601017
0.597307
0.623077
0.624035
0.81424
0.565185
0.563539
0.566224
0.56513
0.560803
0.559479
0.563278
0.562035
0.815557
0.621878
0.622765
-1.1776
-1.21088
-1.41165
-1.4192
-1.24993
-1.2289
-1.40043
-1.40825
-1.43978
-1.43794
-1.28463
-1.28195
-1.43746
-1.43848
0.436205
0.472831
0.654134
0.661325
0.644615
0.650781
0.459827
0.499037
0.672652
0.649222
0.663147
0.669753
0.491757
0.624799
0.623142
0.614064
0.624524
0.479936
0.637705
0.6437
0.623483
0.633791
0.474734
-0.936578
-0.919112
-1.0914
-0.870995
-0.897579
-0.857668
-0.861491
-0.90232
-1.11096
-0.948874
-0.930745
0.494491
0.317845
0.326171
0.343173
0.316637
0.496915
0.299471
0.471642
0.328347
0.475423
-0.6218
-0.793243
-0.800457
-0.779184
-0.789898
-0.614015
-0.561774
-0.572725
0.334568
0.346867
0.298959
0.318105
-0.197508
-0.220239
-2.00764
-3.50403
-3.47381
-1.75871
-1.06941
-1.03707
0.363151
0.49392
0.480371
-0.0170963
0.0248584
0.294961
-1.73803
-0.997397
-0.992567
1.30859
1.29494
0.935148
-1.192
-1.15184
-1.15867
-1.23822
-1.24213
1.2914
1.29901
0.949704
-1.13314
-1.12514
-1.16514
-0.910827
-0.894726
-1.0661
0.970703
1.33022
1.31255
0.67828
0.681209
0.836628
-0.914961
-0.937178
-1.092
0.850703
0.664411
0.677218
-1.2329
-1.16594
-1.17194
-1.20665
-1.33363
-1.33122
-1.27198
-1.38073
-1.3746
-1.24098
0.927457
1.28148
1.28815
0.666283
0.659249
0.843511
-1.18086
-1.14535
-1.13947
-1.22581
-1.26368
-1.32504
-1.328
-1.27978
-1.33755
-1.3358
-1.33095
-1.33364
-1.27477
0.826036
0.681385
0.671482
-1.21552
-1.35403
-1.35957
-1.13979
-1.4725
-1.48915
0.221996
0.22131
0.63091
0.618894
0.952378
0.219179
0.221196
-0.553028
-0.53422
-0.883794
-0.523893
-0.474634
0.427298
0.399128
0.402705
0.451383
0.446524
0.390784
0.39506
0.412296
0.409482
0.464908
-0.501053
-0.49173
-0.542928
0.355988
0.357681
0.528126
-0.826366
-0.415595
-0.435503
-0.583714
-0.626801
-0.679825
-0.665101
-0.75825
-0.741929
-0.760176
-0.720878
-0.53832
-1.1218
-1.12657
-1.17566
-1.17901
-1.12418
-1.12636
-1.24999
-1.24869
-1.09439
-1.09255
-1.14975
-1.14331
-1.09128
-1.08907
-0.705974
-0.714933
-0.684795
-0.690972
-0.639867
-0.724377
-0.732981
-1.06284
-0.891239
-0.885655
0.425959
0.458156
0.515613
0.515677
0.545315
0.538761
0.476618
0.496241
0.499593
0.512456
0.495435
0.455971
0.69828
0.703903
0.517832
0.465205
0.400148
0.403317
0.425947
-0.787534
-0.776081
0.653617
0.658944
0.849082
0.50225
0.504915
-1.21478
-1.20501
-1.35908
-1.35344
-1.22139
-1.23661
-1.36858
-1.36366
0.84164
0.65939
0.660275
-1.18564
-1.20062
-1.34237
-1.34232
-1.28571
-1.28567
-1.34194
-1.34217
0.439172
0.488128
0.543768
0.545016
0.523618
0.522409
0.462892
0.684256
0.682607
0.829064
0.506776
0.503255
0.513774
0.520188
0.475067
0.527247
0.525636
0.499564
0.497336
-1.3423
-1.34759
-1.21063
-1.19347
-1.33176
-1.33758
0.511942
0.661063
0.666333
0.652097
0.655839
0.508177
-0.593548
-0.739454
-0.776208
-0.727267
-0.733555
-0.591321
-0.621918
-0.682277
-0.681802
-0.543465
-0.505989
-0.588283
0.1924
0.22758
0.240906
0.207534
0.541712
0.372481
0.358874
0.38292
0.375556
0.516174
-0.0600991
-0.0864895
-0.285852
-0.281233
-0.456929
0.398562
0.427447
0.36476
0.284768
0.281806
0.333169
0.324204
0.171298
0.303102
0.258549
0.255172
0.251929
0.256191
0.305147
0.106227
-0.1554
-0.186833
-0.326201
-0.0663672
-0.107923
-1.14046
-1.14573
-1.18643
-1.02542
-1.05245
-1.05541
-1.06477
-1.05835
-1.24144
-1.24327
-1.02107
-1.02885
-1.00678
-1.01287
-1.15807
-1.11655
-1.10849
-0.236562
-0.182452
-0.171453
-0.196501
-0.191946
-0.241135
-0.991195
-1.03442
-1.02743
-1.0516
-1.04343
-1.00313
-1.22977
-1.20532
-1.17355
-1.17385
-1.26909
-1.32888
-1.32641
-1.15798
-1.15118
-1.18035
-1.2228
-1.31827
-1.32187
-1.26003
-1.34019
-1.33885
-1.28125
-1.27775
-1.33596
-1.3377
-0.972995
-1.01061
-1.00431
-1.00268
-1.00842
-0.965946
0.21949
0.217325
0.213846
0.215276
0.323349
0.267093
0.265373
-0.118504
-0.120505
-0.221346
-0.158166
-0.165993
-0.162503
-0.156818
-0.220281
-0.429313
-0.446738
-0.504535
-0.372834
-0.190523
-0.269806
-0.229891
-0.335856
-0.311253
-0.24255
-0.324997
-0.382324
-0.390395
-0.376346
-0.377542
-0.316234
-0.363947
-0.400083
-0.402521
-0.399224
-0.405024
-0.359049
0.394268
0.462053
0.431984
0.377921
0.372588
0.394688
0.387344
0.423721
0.449153
0.404548
0.399893
0.297676
0.295417
0.400398
0.402107
0.347649
0.38353
0.386495
0.445158
0.364557
0.36293
0.359776
0.459487
0.394739
0.384035
-0.471438
-0.47673
-0.53251
-0.430548
-0.435705
-0.410637
-0.420752
-0.537019
-0.481835
-0.473802
0.297457
0.242167
0.247103
0.23415
0.237582
0.29511
-0.709151
-0.693758
-0.63842
-0.698133
-0.732319
-0.723731
-1.09706
-1.174
-1.12906
-1.13483
-1.07905
-1.07217
-1.09216
-1.08628
-1.24781
-1.24923
-1.05225
-1.05925
-1.03691
-1.04492
-1.1462
-1.08705
-1.08027
-1.10124
-1.09502
-1.14285
-1.06525
-0.696707
-0.699064
-0.64982
-0.697954
-0.702099
-0.838886
-0.789254
-0.779328
-0.809043
-0.799895
-0.846941
-0.831791
-0.775345
-0.771761
-0.772067
-0.76955
-0.830602
-0.737964
-0.313116
-0.371946
-0.375593
-0.248169
-0.259671
0.420151
0.514947
0.514307
0.454208
0.460252
0.528996
0.52005
0.48848
0.492179
0.556065
0.553607
0.61712
0.488777
0.48657
0.396591
0.395735
0.456015
0.364305
0.430645
0.390814
0.396992
-0.968665
-1.02162
-1.01675
-1.02492
-1.02397
-0.968105
-0.941377
-0.932018
-0.878245
-0.828068
-0.842243
-0.815261
-0.819517
-0.872333
-0.901236
-0.853758
-0.861399
-0.893114
0.562315
0.56125
0.595399
0.545703
0.547148
0.534845
0.570887
0.56502
0.565498
0.563692
0.564622
0.588279
0.52655
0.529222
0.529604
0.527207
0.587129
0.616307
0.558426
0.557966
0.535663
0.554762
0.611431
0.505584
0.498046
0.599225
0.543987
0.541641
0.548185
0.546113
0.600862
0.592155
0.535516
0.532211
0.539
0.53656
0.593618
-1.21937
-1.20154
0.602522
0.55079
0.552049
0.547373
0.548898
0.602615
0.562897
0.550234
0.542324
0.57782
0.595806
0.534274
0.537287
0.535233
0.532806
0.598842
0.599918
0.544086
0.545781
0.540351
0.542567
0.598752
0.56534
0.565192
0.566695
0.565199
0.560331
0.559633
0.563067
0.563375
-1.18038
-1.20551
-1.28565
-1.34215
-1.34131
-1.33943
-1.34088
-1.28411
0.44101
0.537031
0.541449
0.485809
0.459327
0.523905
0.529532
0.513314
0.510103
0.624287
0.565081
0.567122
0.619641
0.564305
0.549358
0.568326
0.568068
0.622927
0.519927
0.516504
0.52478
0.527384
0.478424
0.497734
0.511585
-0.933495
-0.989882
-0.991567
-0.979672
-0.985298
-0.926807
-0.881239
-0.889954
-0.852023
-0.822218
-0.817333
-0.854627
-0.939762
-0.989992
-0.995636
-0.989836
-0.987936
-0.933292
0.320095
0.374689
0.374204
0.377511
0.376046
0.322825
0.327954
0.389256
0.396393
0.375899
0.381183
0.318166
0.292914
0.351882
0.349308
0.359439
0.355717
0.329651
0.374676
0.377744
0.349996
0.359544
0.324601
-0.679303
-0.682399
-0.626749
-0.551389
-0.582721
0.216558
0.21848
0.306206
0.242771
0.234014
0.26343
0.258738
0.313412
0.213693
0.214067
-0.0993638
-0.110755
3.23281
2.09737
2.31669
1.64446
0.280433
0.495647
-0.176836
-1.56874
-1.33633
-2.04001
-3.20282
-3.19185
5.08669
3.95529
4.16344
3.50126
2.13678
2.10302
1.68222
0.209755
0.286271
-0.0193364
-1.58394
-1.57614
-2.05792
-3.46698
-3.44333
-3.92829
-5.07357
-5.06224
5.08582
3.95106
3.95728
3.49923
2.03983
2.14817
1.82879
1.16437
1.12984
0.0193194
-0.741011
-0.747837
-1.969
-2.55434
-2.5415
-3.96168
-5.09784
-5.08468
5.07279
3.92568
3.94616
3.48507
3.02973
3.04017
1.79776
1.57365
1.5874
-2.06792
-2.74346
-2.71537
-4.00204
-5.12228
-5.11003
5.05751
3.90404
3.91907
3.45204
2.98868
2.99717
1.71213
1.47581
1.48397
-2.16433
-2.81093
-2.7888
-4.02997
-5.14041
-5.13283
5.05107
3.89982
3.90143
3.43726
2.97268
2.97394
1.68367
1.44597
1.44637
-2.18699
-2.82947
-2.82778
-4.02808
-5.1418
-5.14359
5.05462
3.91019
3.90143
3.44355
2.98271
2.97843
1.70491
1.47235
1.46742
-2.13969
-2.79691
-2.81218
-3.99976
-5.12499
-5.13536
5.06364
3.92606
3.91405
1.74562
1.51773
1.51152
-2.06736
-2.73994
-2.76234
-3.95912
-5.09728
-5.1119
5.07275
3.93843
3.92987
-1.996
-2.57114
-2.58586
-3.91926
-5.06649
-5.08193
5.06759
4.15069
4.16095
3.46014
2.10147
2.11648
1.76725
1.09437
1.1021
0.0304926
-0.314273
-0.353426
-2.03475
-3.42427
-3.45174
-4.118
-5.03424
-5.05096
5.05086
4.13978
4.14297
3.2299
2.09205
2.09889
1.63686
0.266996
0.283411
-0.191759
-1.56993
-1.56859
-2.03075
-3.1806
-3.41882
-4.10089
-5.02033
-5.02454
3.22593
2.31384
2.31672
1.40073
0.48951
0.26351
-0.426523
-1.34425
-1.57029
-2.2613
-3.1792
-3.17815
1.49333
1.50404
1.73791
-1.89336
-1.62309
-1.64672
-1.5549
-1.57543
-1.80769
1.44775
1.45014
1.68786
-1.96954
-1.70695
-1.71305
-1.65355
-1.67214
-1.93295
1.46272
1.45833
1.69314
-1.95832
-1.69512
-1.68461
-1.71398
-1.7152
-1.97561
1.50557
1.50003
1.72952
-1.89311
-1.62056
-1.66154
-1.68034
-1.6664
-1.93768
-1.8141
-1.58869
-1.57849
-1.65223
-1.64147
-1.864
1.10629
1.13083
1.79503
0.163689
0.294741
0.286752
-0.067807
-0.0918847
0.103746
-1.56809
-1.55753
-1.78521
1.11202
1.1741
1.8295
0.422577
0.453792
0.478755
0.901745
0.941932
0.265819
0.262564
0.355549
-1.75899
-1.51933
-1.53503
-0.990576
-0.990306
-1.72959
3.00715
3.01827
3.47612
1.99116
2.5613
2.54727
2.58941
2.57593
2.00152
-1.0129
-0.876641
-0.906087
-0.7613
-0.785828
-0.907245
-2.7815
-2.75283
-2.08335
-3.54291
-3.09267
-3.1086
-3.0598
-3.07592
-3.52977
2.97699
2.98193
3.44624
1.93139
2.51648
2.51086
2.53481
2.52448
1.93585
1.46273
1.46878
1.70557
0.926111
1.046
1.04307
1.06887
1.06414
0.944356
-1.10842
-1.10834
-1.15945
-2.82746
-2.81483
-2.17111
-3.58376
-3.14444
-3.15108
-3.12294
-3.13506
-3.5763
2.97516
2.97315
3.43711
1.92219
2.50774
2.51075
2.50759
2.50661
1.92054
1.44831
1.44663
1.68413
0.908801
1.03087
1.03261
1.02766
1.02732
0.905114
-2.81785
-2.82631
-2.18432
-3.59027
-3.15284
-3.14769
-3.15469
-3.15526
-3.59241
2.99342
2.98782
3.44748
1.9497
2.52752
2.53462
2.51526
2.52095
1.94519
1.48303
1.4776
1.70952
0.953163
1.30236
1.31073
1.05725
1.06019
0.942767
-1.12597
-1.06236
-1.06109
-2.77005
-2.78986
-2.13118
-3.56255
-3.11955
-3.10726
-3.14014
-3.13069
-3.57182
-1.00983
-0.870601
-0.861692
-1.02056
-1.01735
-1.073
-2.60158
-2.61609
-2.0583
-3.51783
-3.06709
-3.05353
-3.09416
-3.08063
-3.52965
-0.91018
-0.795304
-0.789691
-0.83398
-0.827365
-0.94071
1.19723
1.09108
1.6521
0.18844
0.866261
0.858849
0.498706
0.489134
0.145762
-0.747413
-0.741418
-0.041792
-1.57211
-0.978846
-1.09945
-1.02512
-0.98684
-1.70128
0.958326
1.07919
1.07377
1.35791
1.33588
0.977904
1.74835
1.51601
1.52943
0.874369
0.71693
0.733018
0.979831
0.870307
0.887804
0.774425
0.787091
0.906605
-1.14875
-1.09892
-1.10529
-1.01875
-1.02726
-1.07929
-1.64139
-1.6604
-1.87891
-1.16563
-1.27146
-1.25787
-1.33134
-1.32355
-1.21907
0.906977
1.02907
1.02818
1.04031
1.03747
0.916432
1.69093
1.45341
1.45764
0.828276
0.768127
0.771488
0.751454
0.751722
0.815253
0.773594
0.775068
0.834448
-1.69459
-1.70455
-1.96474
-1.26145
-1.30768
-1.30453
-1.2181
-1.34689
-1.33978
-1.30235
-1.29815
-1.25059
-1.94289
-1.67719
-1.691
0.933367
1.051
1.05403
1.03487
1.03734
0.918009
1.68995
1.45435
1.45097
0.823467
0.761359
0.757925
0.788885
0.786697
0.847087
0.813835
0.751171
0.751416
0.755317
0.753794
0.818457
-1.70744
-1.69874
-1.9639
-1.28517
-1.28881
-1.23892
-1.97464
-1.71433
-1.71004
0.855065
0.710062
0.70447
0.762844
0.759305
0.874437
0.854412
0.792384
0.79124
0.703012
0.697162
0.844224
-1.0817
-1.02495
-1.02302
-1.06396
-1.06672
-1.12094
-1.64155
-1.62601
-1.90262
-1.17326
-1.30902
-1.31391
-1.27393
-1.27971
-1.16903
-1.22642
-1.27644
-1.28084
-1.31902
-1.32513
-1.18885
-1.92951
-1.66145
-1.64671
0.918345
0.806141
0.801991
0.827124
0.82416
0.935493
0.886086
0.771242
0.766867
0.797807
0.793495
0.906472
-0.959807
-0.847141
-0.840563
-0.858661
-0.851781
-0.991798
-1.15147
-1.26222
-1.26816
-1.45022
-1.4668
-1.1341
-1.85389
-1.63076
-1.62021
0.97193
0.645721
0.63517
0.610241
0.64181
0.96848
0.944124
0.832829
0.829948
-0.878923
-0.524455
-0.497503
1.54393
1.55893
1.78487
1.0502
1.38976
1.36537
1.3683
1.35147
1.06342
-0.308599
-0.339284
-0.40894
1.98794
2.55703
2.56407
2.54205
2.54958
1.98317
1.52982
1.52383
1.75107
1.01156
1.29704
1.3037
1.2832
1.29018
1.0077
-0.499087
-0.439217
-0.436489
-0.46198
-0.46098
-0.518789
-2.54414
-2.55742
-1.98807
0.596479
0.546084
0.569858
0.421946
0.433534
0.504732
-1.06567
-1.40991
-1.37539
-1.46059
-1.4228
-1.0852
-1.82606
-1.59762
-1.61988
0.981557
1.32644
1.2774
1.31413
1.32302
0.977987
1.72429
1.49423
1.48859
0.512592
0.456802
0.454503
0.462905
0.460692
0.518716
-0.529526
-0.472201
-0.465962
-1.60966
-1.59915
-1.82403
-1.09103
-1.42764
-1.44465
-1.35167
-1.42213
-1.08497
0.524417
0.468037
0.465538
0.474651
0.473252
0.530404
-1.04208
-1.32981
-1.34124
-1.30898
-1.31899
-1.03629
-1.77594
-1.54742
-1.53782
0.572813
0.610161
0.287128
1.02404
0.712338
0.678193
0.706466
0.720761
1.02393
-0.852517
-0.720402
-0.739303
-0.423345
-0.411097
-0.816983
0.155814
-0.270897
-0.295075
-0.829461
-0.865878
-0.993477
-0.517516
-0.659858
-0.631525
-0.648978
-0.632424
-0.577802
-0.930039
-0.811984
-0.835802
-0.882013
-0.872698
-1.01573
-1.05671
-1.00221
-1.00102
-0.473888
-0.414871
-0.4114
-0.43424
-0.431049
-0.490147
-0.570002
-0.713912
-0.720581
-0.700173
-0.707041
-0.566092
-0.934322
-0.820702
-0.814066
0.701249
0.712554
0.865226
0.842375
0.683466
0.696974
0.490794
0.557009
0.550621
0.609979
0.599078
0.533479
0.920041
0.802153
0.816869
-1.06798
-1.07268
-1.12545
-1.109
-1.05721
-1.0628
0.753362
0.75407
0.819052
0.816604
0.752793
0.753117
0.780918
0.782372
0.844965
0.839809
0.779022
0.779993
-1.31056
-1.30772
-1.24637
-1.59757
-1.49273
-1.49571
-1.48623
-1.48878
-1.59426
-1.60908
-1.50307
-1.50491
-1.49834
-1.50085
-1.60653
-1.25542
-1.31703
-1.31364
-1.28318
-1.28012
-1.2279
-1.56138
-1.45761
-1.46337
-1.44435
-1.45129
-1.55512
-1.58236
-1.47798
-1.48237
-1.4685
-1.47333
-1.57767
-1.23143
-1.28572
-1.28358
0.777378
0.776128
0.834876
0.838781
0.779694
0.778646
0.750857
0.75094
0.814411
0.814595
0.75117
0.751059
-1.30256
-1.30645
-1.24046
-1.60221
-1.49009
-1.48592
-1.49777
-1.49412
-1.60585
-1.58481
-1.47616
-1.47579
-1.48193
-1.47875
-1.58968
-1.22822
-1.29471
-1.29857
-1.61578
-1.5078
-1.50772
-1.50635
-1.50736
-1.61487
-1.61368
-1.5036
-1.50101
-1.50697
-1.50566
-1.61526
0.747033
0.712317
0.858771
0.505724
0.561549
0.56329
0.545412
0.545906
0.485149
0.870251
0.754807
0.750506
0.840067
0.694067
0.685477
-1.04549
-1.04294
-1.09798
-1.10383
-1.0487
-1.04706
-1.25778
-1.25836
-1.20495
-1.5639
-1.45599
-1.45047
-1.46937
-1.46233
-1.56906
-1.54319
-1.43489
-1.4294
-1.44542
-1.4403
-1.54858
-1.20116
-1.25555
-1.25649
0.491514
0.434078
0.433699
0.451056
0.446331
0.503972
0.78041
0.775878
0.890227
0.520926
0.579331
0.58206
0.564327
0.565242
0.506199
0.534854
0.680222
0.685158
0.670779
0.675229
0.531638
0.902381
0.789071
0.784744
0.469185
0.410236
0.411817
0.432248
0.429029
0.48463
-0.860015
-0.853842
-0.966105
-0.601258
-0.65884
-0.661291
-0.640358
-0.643838
-0.586458
-0.662939
-0.665021
-0.60332
-0.985655
-0.872519
-0.866202
0.529425
0.39034
0.384838
0.40176
0.392889
0.533802
0.5361
0.479021
0.476595
-0.424545
-0.279135
-0.26296
-0.40821
-0.40518
-0.46379
2.13219
2.5809
2.5814
2.57055
2.5763
2.01622
1.1205
1.34262
1.34724
1.33278
1.33774
1.11496
-0.267749
-0.262841
-0.0264512
-0.752993
-0.502496
-0.502364
-0.489642
-0.517701
-0.772046
1.04074
1.32238
1.32783
1.31023
1.31649
1.0375
1.7669
1.54138
1.53568
0.225814
0.236293
0.210641
0.515584
0.403006
0.388639
0.395303
0.399708
0.507318
-0.377087
-0.24385
-0.224221
-0.252355
-0.259583
-0.386875
0.124463
-0.0178712
-0.0469263
0.42437
0.486638
0.335998
0.632423
0.538836
0.523893
0.510792
0.533461
0.631473
-0.344766
-0.263142
-0.283106
-0.122003
-0.0666468
-0.275594
0.26856
0.0191917
0.0304202
1.05224
1.04896
0.928851
1.28799
1.16887
1.17235
1.16292
1.16596
1.28594
-1.16182
-1.10782
-1.10885
1.02844
1.02943
0.907223
1.26857
1.14891
1.14812
1.15179
1.15033
1.2706
1.26696
1.14715
1.14769
1.14735
1.14726
1.26793
0.905101
1.02739
1.0277
-1.07333
-1.06708
-1.13046
-0.807489
-0.801208
-0.915836
-0.571382
-0.686925
-0.693504
-0.674432
-0.680516
-0.565255
0.877986
0.657433
0.607382
0.647479
0.652851
0.874249
0.205744
0.425928
0.420445
0.83361
0.851823
0.964864
0.599154
0.740334
0.717725
0.783897
0.763361
0.616042
-1.08464
-1.09148
-1.14345
-1.29487
-1.28363
-1.17855
-1.49428
-1.38862
-1.3997
-1.3646
-1.37715
-1.48425
-1.53288
-1.42841
-1.43661
-1.40988
-1.41959
-1.52441
-1.21
-1.3146
-1.30511
1.03148
1.0301
0.908058
1.26991
1.15031
1.15193
1.14818
1.14929
1.26985
1.27702
1.1577
1.16041
1.15345
1.15561
1.27593
0.913189
1.03506
1.03302
0.7599
0.76391
0.826215
0.638079
0.700978
0.695112
0.712599
0.708032
0.650033
0.624215
0.688503
0.688476
0.688611
0.688485
0.623922
0.814908
0.751823
0.752191
0.658933
0.71612
0.71508
0.716613
0.716457
0.658454
0.835016
0.775913
0.776809
-1.30676
-1.30837
-1.25991
-1.41031
-1.36254
-1.36168
-1.43139
-1.37612
-1.37794
-1.3727
-1.3746
-1.43083
1.27445
1.15587
1.15386
1.16057
1.1583
1.2772
0.921468
1.03996
1.04254
0.769147
0.765537
0.826657
0.643861
0.70313
0.70869
0.692266
0.696956
0.634183
0.750847
0.751086
0.814359
0.624241
0.688205
0.687996
0.688512
0.688449
0.624781
0.621372
0.688095
0.689479
0.687324
0.687471
0.621036
0.816928
0.752725
0.752207
-1.42419
-1.36567
-1.36275
-1.37103
-1.36858
-1.42728
-1.34137
-1.34142
-1.3939
-1.23817
-1.28895
-1.2895
-1.43644
-1.38152
-1.38262
-1.37927
-1.38069
-1.43653
-1.43232
-1.37578
-1.37365
-1.37946
-1.37797
-1.43487
-1.03036
-1.02721
-1.08462
-0.910447
-0.971123
-0.974551
-0.967536
-0.969225
-0.911766
-1.11874
-1.06588
-1.06208
-1.29733
-1.30377
-1.19332
-1.52182
-1.41276
-1.40699
-1.42396
-1.41838
-1.52718
-1.49975
-1.38988
-1.38428
-1.40132
-1.39561
-1.5052
-1.1757
-1.28565
-1.29145
0.814212
0.810205
0.922099
0.555418
0.698262
0.702457
0.689655
0.69396
0.553116
0.601121
0.712762
0.715842
0.706045
0.709502
0.59823
0.932407
0.821044
0.817758
0.330074
0.272949
0.272616
0.272837
0.272724
0.330875
0.838474
0.835521
0.946551
0.612781
0.724291
0.727243
0.718778
0.721566
0.610239
0.271418
0.269467
0.325619
-0.433739
-0.369948
-0.400113
-0.449644
-0.443603
-0.50303
-0.516279
-0.459999
-0.455842
0.495248
0.520502
0.576041
0.522881
0.493333
0.443457
0.519162
0.449392
0.46977
0.458496
0.457902
0.513941
0.346606
0.402306
0.401719
0.340639
0.401211
0.403903
0.400849
0.400406
0.340576
0.517534
0.45945
0.458798
0.471007
0.469831
0.525837
0.358824
0.413691
0.414608
0.407842
0.411462
0.356403
-0.800448
-0.746973
-0.760509
-0.719303
-0.733601
-0.787602
-0.845022
-0.793946
-0.804426
-0.773342
-0.784699
-0.83522
-1.11334
-1.11899
-1.17514
-0.817521
-0.756653
-0.75728
-0.765219
-0.759413
-0.820773
-0.807419
-0.75067
-0.745947
-0.757904
-0.755378
-0.811177
-0.42039
-0.417674
-0.476538
-0.298984
-0.35806
-0.360125
-0.351208
-0.355138
-0.295704
-0.362769
-0.366936
-0.305765
-0.486933
-0.427153
-0.423287
0.644997
0.580549
0.58277
0.577138
0.579385
0.642156
0.6654
0.601469
0.608207
0.587329
0.59403
0.659066
0.616266
0.550981
0.549156
0.62758
0.562923
0.572176
0.54975
0.554796
0.62179
0.573194
0.564617
0.49975
0.690669
0.628167
0.635728
0.614403
0.621107
0.684647
-1.12869
-1.07628
-1.08
-1.04611
-1.05191
-1.10418
-0.947525
-0.999327
-0.994017
-1.01047
-1.0045
-0.950979
0.620984
0.688467
0.688211
0.691357
0.689353
0.621611
0.819424
0.7551
0.757084
0.752377
0.752692
0.816844
0.623375
0.688667
0.688736
0.688325
0.688468
0.622716
0.777444
0.778326
0.839227
0.655951
0.716785
0.716641
0.717143
0.716913
0.65519
-1.4157
-1.36144
-1.36295
-1.36078
-1.36085
-1.41497
-1.2458
-1.30587
-1.30569
-1.3237
-1.32036
-1.25942
-1.42407
-1.36868
-1.37097
-1.36455
-1.36672
-1.42291
0.660062
0.717415
0.71838
0.712999
0.715764
0.658956
0.832754
0.774378
0.772233
0.623799
0.687864
0.68758
0.687968
0.687912
0.624004
0.813622
0.750811
0.750905
0.751743
0.751546
0.815644
0.622488
0.687536
0.687407
0.687484
0.687452
0.622572
-1.41385
-1.35305
-1.35003
-1.35942
-1.35631
-1.41723
-1.24505
-1.31038
-1.31429
-1.29001
-1.2916
-1.22681
-1.40275
-1.3427
-1.34181
-1.34704
-1.34454
-1.40586
-1.43867
-1.38386
-1.38401
-1.38319
-1.38388
-1.43953
-1.43741
-1.38221
-1.38114
-1.38358
-1.38332
-1.43916
0.656917
0.597742
0.594175
0.602584
0.600533
0.659434
0.645807
0.584561
0.584397
0.589647
0.586154
0.647833
0.55558
0.559013
0.503505
0.676486
0.615496
0.613748
0.664882
0.605548
0.604071
0.610589
0.607693
0.667147
0.486429
0.547626
0.551135
0.560842
0.562795
0.623604
0.640535
0.583224
0.580693
0.58468
0.584535
0.642517
0.625346
0.562309
0.560161
0.575982
0.568136
0.629016
-1.09472
-1.03897
-1.03453
-1.05682
-1.05193
-1.10696
0.434977
0.434228
0.492819
0.500242
0.441166
0.437134
0.410027
0.408965
0.469746
0.48026
0.422724
0.415038
-0.795854
-0.738911
-0.735959
-0.742629
-0.740739
-0.798079
-0.782608
-0.72409
-0.72158
-0.731805
-0.727488
-0.78598
-0.607017
-0.668732
-0.674017
0.338904
0.280298
0.274871
0.293907
0.288009
0.344017
-0.208439
-0.146114
-0.12928
-0.162713
-0.155212
-0.215093
-2.58157
-2.56618
-1.97601
-3.49273
-3.03092
-3.04424
-1.06035
-1.29061
-1.29964
-1.27175
-1.28153
-1.04979
0.418273
0.442952
0.39271
0.499094
0.468246
0.455594
0.44622
0.474574
0.495892
0.0157476
0.129534
0.121701
0.119322
0.131955
0.025716
0.324884
0.237617
0.214956
-1.00956
-1.26105
-1.24893
-1.2927
-1.27692
-0.955942
0.939229
1.05969
1.0557
0.94625
1.06327
1.06639
-0.905905
-0.960602
-0.964708
-0.951779
-0.955986
-0.900003
-1.06948
-1.0137
-1.01014
1.09148
1.08499
0.964104
0.679124
0.741749
0.739384
0.745449
0.742668
0.679775
-0.922987
-0.973906
-0.965376
-0.987988
-0.981161
-0.930002
-1.08487
-1.03355
-1.0401
0.788822
0.791862
0.854135
0.670572
0.731645
0.727498
0.73823
0.734852
0.674716
-1.24585
-1.29548
-1.2915
1.04529
1.04805
0.930348
1.28311
1.16572
1.16323
1.1712
1.16855
1.28626
0.662178
0.72519
0.728458
0.721547
0.722873
0.659919
0.844854
0.784713
0.783249
0.679253
0.738402
0.740014
0.732216
0.735413
0.675836
-1.26725
-1.27145
-1.22086
-1.25018
-1.25619
-1.14551
-1.37863
-1.37302
-1.4838
0.626652
0.7376
0.741316
0.730459
0.734024
0.622721
0.955779
0.844729
0.841452
-0.547266
-0.662964
-0.668687
-0.651592
-0.657516
-0.54131
0.355325
0.414905
0.416148
0.414699
0.414607
0.356204
0.529293
0.472395
0.471724
-0.693481
-0.705712
-0.839031
-0.42455
-0.568847
-0.557397
-0.606551
-0.584704
-0.440503
-0.747329
-0.689435
-0.704394
-0.655085
-0.674275
-0.735197
-0.558608
-0.614737
-0.594619
-1.00703
-1.00448
-1.05972
-0.889461
-0.946451
-0.948597
-0.942556
-0.944636
-0.888034
0.642641
0.651876
0.712756
0.524823
0.590551
0.581362
0.65367
0.718614
0.717571
0.723648
0.720534
0.65522
0.846246
0.784096
0.786485
-1.22507
-1.27814
-1.27376
-1.28938
-1.28631
-1.233
0.781935
0.780874
0.840586
0.659727
0.720222
0.720766
0.719106
0.719663
0.660021
0.68366
0.74388
0.744864
0.741659
0.742554
0.683166
-1.20705
-1.26051
-1.26309
-1.25006
-1.25267
-1.19763
0.572083
0.575894
0.516771
0.506359
0.566461
0.56882
-0.651888
-0.655564
-0.597168
-0.719548
-0.717972
-0.771288
-0.589291
-0.646563
-0.649305
0.483768
0.481554
0.538323
0.368443
0.42541
0.42864
0.418572
0.421887
0.363511
0.380612
0.436368
0.439124
0.431305
0.434183
0.378248
-0.283111
-0.34466
-0.347517
-0.340882
-0.342729
-0.282105
-0.461324
-0.40281
-0.400662
0.325779
0.279395
0.280174
0.272591
0.277637
0.323647
0.186321
0.228232
0.221074
0.0137868
-0.00197887
0.111252
-0.167057
-0.0900523
-0.0851753
-0.118249
-0.101318
-0.174086
-0.239428
-0.248458
-0.331599
-0.0719028
-0.164327
-0.155079
-0.199428
-0.178763
-0.0858657
3.22334
2.31318
2.31012
1.40259
0.490553
0.48629
-0.423371
-1.33937
-1.34243
-2.25946
-3.18299
-3.17775
5.05664
4.14574
4.13647
-4.12858
-5.05137
-5.04052
6.90301
5.99386
5.98435
1.65848
1.20295
1.19555
-0.16441
-0.63015
-0.632912
-5.98909
-6.90239
-6.89438
6.90317
5.99371
5.99551
3.5063
3.0557
3.05356
-0.00194269
-0.245816
-0.24848
-6.00935
-6.91928
-6.91085
6.89834
5.98533
5.99016
-2.03687
-2.26567
-2.25166
-6.02722
-6.93221
-6.92646
6.89071
5.9746
5.97963
-2.14733
-2.36223
-2.35268
-6.0392
-6.9401
-6.93696
6.88607
5.96933
5.97109
-2.18846
-2.39989
-2.39895
-6.03906
-6.9392
-6.94092
6.88616
5.97091
5.9694
-2.15572
-2.37106
-2.37717
-6.02568
-6.92848
-6.93499
6.88974
5.97673
5.97349
3.46157
3.00549
2.99938
-2.08602
-2.30884
-2.31742
-6.00364
-6.91034
-6.92009
6.89438
5.98314
5.98011
3.47995
3.02758
3.02275
1.78494
1.56123
1.55672
-5.97749
-6.88803
-6.89953
6.89576
5.98171
5.98459
3.47254
3.01463
3.02622
0.0490223
-0.0685485
-0.0661132
-2.05396
-2.51807
-2.53053
-5.94921
-6.86323
-6.87592
6.8834
5.96562
5.97422
1.64226
1.18815
1.19208
-0.18209
-0.64391
-0.640599
-2.03218
-2.49409
-2.49717
-5.93651
-6.85194
-6.85591
5.04803
4.13673
4.13813
-4.09805
-5.01469
-5.01658
3.22252
2.30996
2.31181
1.39752
0.482483
0.486196
-0.432756
-1.34633
-1.34519
-2.26356
-3.17934
-3.17961
1.55198
1.5468
1.77177
-1.74323
-1.5129
-1.50459
1.59884
1.60642
1.82536
0.446214
0.458509
0.230623
1.97158
2.20407
2.19537
-2.34228
-2.33088
-2.11219
1.92443
2.16062
2.15707
2.18906
2.18149
1.94759
-2.39702
-2.39379
-2.18144
1.92684
2.16095
2.16256
2.15679
2.15472
1.91969
-2.38288
-2.38784
-2.17559
2.16629
2.16871
1.93688
0.960233
1.07625
1.07954
-2.32584
-2.33397
-2.11342
0.280829
0.275531
0.164848
-1.49521
-1.48555
-1.71723
1.12297
1.1141
0.994187
-1.25798
-1.25271
-1.20238
-1.21252
-1.26457
-1.26046
-1.17609
-1.23156
-1.23392
-1.23673
-1.23931
-1.18106
-1.22695
-1.23278
-1.12167
0.967601
0.857773
0.85453
0.85135
0.847904
0.95834
-0.784334
-0.77877
-0.894187
1.02509
1.14263
1.13245
1.2085
1.19937
1.08942
3.01734
3.01155
3.46652
1.01926
1.13231
1.13595
1.11045
1.11403
0.999909
-3.47196
-3.01494
-3.00351
-3.03994
-3.02696
-3.48272
-1.02736
-1.14676
-1.12949
-1.24358
-1.2287
-1.12097
0.988908
1.10367
1.10685
1.08289
1.08621
0.970797
-1.1032
-1.21522
-1.22111
-1.17967
-1.18599
-1.07295
-1.05434
-1.16769
-1.1741
0.350567
0.366702
0.243887
0.903229
0.913789
1.01511
0.116436
-0.0138659
-0.0290947
-0.475271
-0.541434
-0.527333
-0.576361
-0.633737
-0.637181
-0.612252
-0.616165
-0.558371
0.541957
0.59899
0.601584
0.584272
0.586261
0.52768
3.03303
3.03149
3.48327
1.56952
1.56552
1.78877
0.589003
0.605104
0.638269
-0.549368
-0.603967
-0.609052
0.569474
0.632965
0.620902
0.70948
0.697721
0.649376
0.560693
0.617969
0.621888
0.603833
0.606112
0.549187
-3.01029
-3.01979
-3.48242
-1.52899
-1.52074
-1.75076
-1.49547
-1.50602
-1.74724
-1.11601
-1.10615
-0.979026
1.30313
1.18404
1.18873
1.17579
1.17991
1.29985
1.29345
1.17679
1.17412
1.18269
1.17978
1.29673
1.32343
1.20455
1.21092
1.19348
1.19895
1.31866
-1.47796
-1.36727
-1.36162
-0.889923
-0.77376
-0.768217
-0.510493
-0.498958
-0.418075
2.12445
2.5794
2.59205
1.22584
1.21327
1.67004
0.302486
0.757145
0.891672
0.74172
0.748725
0.293754
-0.745143
-0.627713
-0.155935
-1.58258
-1.10827
-1.11075
-1.10304
-1.10614
-1.58084
-2.53156
-2.52364
-2.05307
3.04842
3.0537
3.50391
2.05038
2.60547
2.60008
2.6023
2.60604
2.04973
1.1522
1.3774
1.3868
-0.236723
-0.241501
0.00919763
-0.743362
-0.496173
-0.491696
-0.498258
-0.498345
-0.746107
-2.29275
-2.27922
-2.05232
-2.37797
-2.37055
-2.15641
-2.39815
-2.39952
-2.18835
-2.35731
-2.36435
-2.14788
-2.29128
-2.30009
-2.07668
2.10399
2.55492
2.55313
2.57322
2.56058
2.10733
1.09737
1.32026
1.31845
1.32437
1.32197
1.09994
-0.0733071
-0.0726305
0.0409775
-0.31968
-0.194663
-0.19805
-0.209222
-0.1976
-0.334341
-2.49997
-2.50809
-2.03993
-3.43419
-2.97289
-2.96413
-2.99234
-2.98206
-3.44254
2.55161
2.54998
2.09644
1.18087
1.18436
1.6393
0.27143
0.728202
0.724801
0.736958
0.732494
0.277181
-0.649927
-0.647374
-0.187486
-1.56981
-1.10848
-1.11062
-1.10333
-1.10612
-1.56947
-1.753
-1.74518
-1.63942
-1.70952
-1.81481
-1.81097
-1.81868
-1.81539
-1.71122
-1.66033
-1.76608
-1.75859
-1.77761
-1.77079
-1.66623
-1.69181
-1.80164
-1.8042
-1.79344
-1.79668
-1.68802
-1.71501
-1.82126
-1.8186
-1.82232
-1.82044
-1.71507
-1.67594
-1.78429
-1.78811
-1.77496
-1.7789
-1.67106
1.12357
1.34529
1.33198
1.35132
1.35377
1.13472
1.7982
1.57512
1.57291
0.216647
0.220839
0.154734
0.0962064
0.0487874
0.0333901
1.12782
1.38911
1.38219
1.39161
1.39267
1.17868
1.82896
1.61022
1.61033
0.913613
0.685491
0.672451
0.719671
0.702324
0.92756
0.246943
0.476413
0.497218
-0.987607
-1.22718
-1.22712
-1.23909
-1.2316
-0.98735
-1.7206
-1.47659
-1.4859
2.22119
2.21179
1.98091
2.01221
2.23917
2.22989
-0.886956
-0.939003
-0.928928
-0.957379
-0.94756
-0.896497
-2.09811
-2.31883
-2.30605
2.16729
2.16232
1.9273
1.94151
2.17678
2.17048
-2.17685
-2.38963
-2.38423
2.15729
2.15786
1.92408
1.91993
2.15576
2.1551
-2.18051
-2.39219
-2.39557
2.18049
2.18408
1.95419
1.94104
2.17293
2.17601
1.06964
1.07291
0.956696
1.3048
1.18887
1.18585
1.19513
1.19208
1.30818
-2.12242
-2.34203
-2.34981
-0.868078
-0.924534
-0.927433
-0.91814
-0.921421
-0.864978
0.414445
0.409384
0.181335
0.862767
0.636641
0.641946
0.495344
0.386362
0.391033
0.377249
0.38169
0.491423
0.156702
0.271203
0.271937
-0.506965
-0.512221
-0.744313
-0.0488422
-0.279274
-0.273946
-1.01411
-1.25167
-1.26149
-1.22796
-1.24163
-1.00099
1.21751
1.22479
1.34329
0.985668
1.106
1.09844
0.721982
0.784554
0.779266
0.794836
0.788471
0.726807
-1.69826
-1.80359
-1.79868
-1.80979
-1.8054
-1.70131
-1.27118
-1.26688
-1.215
-1.68229
-1.78762
-1.7815
-1.79624
-1.79073
-1.68659
-1.70499
-1.81458
-1.81558
-1.80874
-1.81056
-1.70175
-1.71351
-1.82158
-1.82067
-1.81895
-1.81902
-1.71174
0.707904
0.767165
0.769333
0.763302
0.764966
0.705988
0.701491
0.759836
0.761386
0.755849
0.7577
0.69952
-1.63652
-1.74575
-1.75027
-1.22378
-1.22852
-1.17448
-1.18467
-1.24298
-1.24609
-1.65669
-1.76548
-1.76961
-1.75571
-1.76005
-1.65162
-0.855962
-0.911681
-0.914984
-0.903508
-0.908542
-0.853451
-1.45575
-1.34455
-1.33881
-1.35596
-1.35029
-1.46134
-1.12781
-1.23861
-1.24442
0.862549
0.86044
0.969494
0.642881
0.751642
0.754031
0.744958
0.748506
0.639193
0.61581
0.724026
0.71926
0.751433
0.737273
0.628472
-0.76214
-0.753003
-0.87022
-0.51306
-0.634065
-0.644305
-0.617093
-0.623019
-0.503358
1.16653
1.15373
1.03707
1.07659
1.18825
1.17737
1.1251
1.12875
1.01543
1.00383
1.11783
1.12143
-1.18015
-1.16352
-1.04657
-1.44792
-1.33799
-1.35166
-1.30929
-1.32392
-1.43547
-1.10376
-1.21317
-1.19691
1.09648
1.10011
0.985256
0.974507
1.08961
1.09298
-1.20341
-1.20936
-1.09713
-1.07894
-1.19152
-1.19746
0.585689
0.479274
0.465305
0.507015
0.491358
0.596872
0.262416
0.381797
0.402386
0.701218
0.809524
0.816203
0.720191
0.814817
0.802187
0.820183
0.820238
0.724483
1.02083
0.919512
0.921494
-0.414597
-0.541951
-0.54818
-0.549279
-0.544294
-0.411022
-0.814413
-0.678844
-0.683988
0.0149058
-0.00041343
0.133935
-0.276018
-0.139399
-0.129493
-0.162074
-0.149598
-0.283739
-0.843666
-0.899767
-0.88773
-0.919321
-0.909036
-0.854719
-0.576958
-0.560237
-0.496482
-0.878167
-0.936186
-0.939582
-0.930157
-0.933042
-0.875049
-0.62701
-0.630704
-0.573498
-0.561997
-0.619527
-0.623544
0.705167
0.767589
0.762983
0.775491
0.770723
0.708595
0.687269
0.751464
0.747355
0.759631
0.754702
0.691836
0.7718
0.775191
0.713336
0.690637
0.75088
0.753182
0.746553
0.748284
0.687545
0.593269
0.596213
0.53852
0.529301
0.588206
0.590589
0.388289
0.445164
0.447742
0.441037
0.44353
0.386677
0.400048
0.455346
0.457023
0.44974
0.45308
0.396508
-0.275106
-0.334905
-0.338959
-0.324625
-0.331706
-0.270494
-0.478195
-0.604385
-0.613401
0.444927
0.434652
0.377138
-0.239679
-0.300686
-0.314498
0.442217
0.425166
0.467389
0.307905
0.376269
0.398143
0.527583
0.563387
0.546023
0.568775
0.571345
0.534969
-0.149726
-0.154819
-0.0748953
0.194944
0.172215
0.240515
0.00713803
0.0915
0.107627
0.717065
0.717249
0.603977
0.658685
0.645719
0.583654
0.632707
0.68517
0.672977
0.612716
0.615536
0.558088
0.551051
0.608132
0.61051
3.21914
2.30764
2.30512
1.39586
0.483128
0.480079
-0.430596
-1.34503
-1.34767
-2.26061
-3.17654
-3.17772
5.04347
4.13316
4.13139
-4.10749
-5.02953
-5.0179
6.88825
5.96962
5.95894
-5.9706
-6.88653
-6.8783
-2.05014
-2.51673
-2.51179
-3.9428
-4.40187
-4.39474
-3.98165
-4.43471
-4.42587
-4.01916
-4.46516
-4.45759
-4.03303
-4.47649
-4.47477
-4.01648
-4.46225
-4.46684
-3.98007
-4.43075
-4.43907
-2.01313
-2.24039
-2.24901
-3.93836
-4.39407
-4.40315
1.76958
1.54498
1.54901
3.45849
3.00412
3.00517
6.87189
5.95949
5.96092
-5.93024
-6.84529
-6.84805
5.04642
4.1345
4.13552
-4.09555
-5.01085
-5.01261
3.21992
2.30653
2.30817
1.40014
0.472464
0.479261
-0.442721
-1.34209
-1.3467
-2.26498
-3.17839
-3.17913
1.56016
1.57096
1.79676
2.25529
2.24785
2.02254
1.95893
2.18867
2.19261
-2.25723
-2.26607
-2.04008
0.175596
0.405399
0.404342
-0.284565
-0.283413
-0.0546097
0.825759
0.831779
0.942066
-0.861616
-0.742829
-0.737892
1.99708
2.22283
2.22695
2.19722
2.20145
1.97337
-1.13125
-1.13896
-1.02536
1.04677
1.15902
1.16319
1.13937
1.143
1.03047
-2.24017
-2.22947
-1.99503
1.19061
1.1857
1.63984
0.274233
0.730946
0.736468
-0.635687
-0.64032
-0.182911
-1.56461
-1.10076
-1.09987
3.04611
3.03579
3.49437
2.55858
2.56818
2.1127
0.199527
0.428473
0.43748
-0.252245
-0.258926
-0.0292705
-3.45983
-2.9942
-3.00257
3.95501
4.40709
4.40397
2.046
2.26736
2.26244
1.60821
1.6019
1.82532
1.35676
1.36602
1.14014
-4.41815
-4.41024
-3.9522
3.93298
4.39026
4.38391
4.40019
4.3955
3.94005
-4.45126
-4.44248
-3.99196
3.9081
4.36977
4.36547
4.37898
4.37327
3.91298
-2.80339
-2.58687
-2.59386
-2.57059
-2.57942
-2.79774
-4.47402
-4.46899
-4.02522
3.89936
4.36133
4.36066
4.36374
4.36127
3.8997
-2.82887
-2.61462
-2.61392
-2.61348
-2.6148
-2.83032
-4.47219
-4.47392
-4.03131
3.90678
4.366
4.36824
4.36223
4.36328
3.9037
-2.80185
-2.58407
-2.57764
-2.59584
-2.59039
-2.80827
-4.44783
-4.45477
-4.00855
4.37154
4.37453
3.91802
-4.41237
-4.42142
-3.96962
-2.22445
-2.23284
-2.00455
3.0061
3.00789
3.46375
1.54193
1.54348
1.76761
2.09414
2.54804
2.54661
-2.48982
-2.49178
-2.03101
-1.63254
-1.73956
-1.7301
-1.61508
-1.72455
-1.72997
1.1197
1.22335
1.21811
-2.77165
-2.55101
-2.56134
-2.52914
-2.54042
-2.76308
-2.82307
-2.60843
-2.61171
-2.59948
-2.60469
-2.82092
-2.82056
-2.60533
-2.60113
-2.61177
-2.6092
-2.82513
-2.77654
-2.55564
-2.54801
-2.57052
-2.5633
-2.78399
-2.04914
-2.27433
-2.28279
1.31614
1.31581
1.08659
0.626212
0.631904
0.85933
-0.747689
-0.516868
-0.5227
-0.981296
-1.21031
-1.21601
-1.70996
-1.47741
-1.46863
1.34986
1.23237
1.24071
-1.73554
-1.74028
-1.63124
0.955527
0.845477
0.859933
1.38039
1.26727
1.27894
1.24937
1.25828
1.37331
2.21458
2.2189
1.99263
1.97829
2.20594
2.21031
-1.39845
-1.28019
-1.29451
-1.25037
-1.26613
-1.38701
1.32952
1.21529
1.21157
1.31681
1.20152
1.19838
1.20812
1.20485
1.3202
-1.43354
-1.32159
-1.31582
-1.33306
-1.3273
-1.43905
-1.31022
-1.30495
-1.41505
-1.15569
-1.16208
-1.04824
-1.03052
-1.14399
-1.15042
0.920346
0.915665
1.01881
0.788912
0.801725
0.690311
1.1527
1.15618
1.04391
1.03399
1.14621
1.14972
-1.98407
-2.21902
-2.21271
-0.966957
-1.09575
-1.08892
0.663073
0.654014
0.87972
-0.745923
-0.498437
-0.496798
2.27154
2.2716
2.04968
1.22927
1.2282
1.12488
5.04117
4.12999
4.12832
-4.0937
-5.01019
-5.00917
-5.94996
-6.86828
-6.85628
-7.80112
-8.71468
-8.70862
8.72233
7.81273
7.81074
3.48405
3.02492
3.01456
-7.81507
-8.72698
-8.72072
8.7233
7.81299
7.8133
1.81602
1.59107
1.5804
-7.82958
-8.73948
-8.73308
8.72198
7.81047
7.81206
-7.83926
-8.74661
-8.74364
8.71838
7.80535
7.80817
-7.84434
-8.7494
-8.74798
8.7157
7.80142
7.80305
-7.84263
-8.74713
-8.74848
8.71501
7.80081
7.80074
-7.83318
-8.73885
-8.74326
8.71615
7.80301
7.80165
-7.81791
-8.72583
-8.73251
8.71864
7.80653
7.80467
-7.79897
-8.70941
-8.71777
-3.90169
-4.36043
-4.36904
-7.7793
-8.69199
-8.70053
1.63499
1.17378
1.17777
-0.200619
-0.650671
-0.65162
-5.92553
-6.84028
-6.84274
-1.46529
-1.46884
-1.71136
-2.19468
-2.20274
-1.9731
2.23042
2.2343
2.00934
2.0932
2.54773
2.55234
-2.50693
-2.50255
-2.03387
3.95109
4.4059
4.40895
-2.97748
-2.98492
-3.45128
-4.38836
-4.38349
-3.92248
4.40964
4.40939
3.95731
-2.20597
-2.20152
-1.96223
-2.73366
-2.50631
-2.51774
-2.48296
-2.49541
-2.72515
3.92208
4.37791
4.38122
-2.74754
-2.52372
-2.51507
-2.54
-2.53198
-2.75533
3.93631
4.38998
4.39269
4.38439
4.38751
3.93339
-4.37711
-4.38568
-3.9287
-2.95829
-2.95517
-3.41483
0.722308
0.722188
0.258521
-1.11256
-1.11598
-1.56763
-1.98033
-2.20943
-2.2174
2.0128
2.23722
2.24092
2.04743
2.26993
2.27172
-1.18662
-1.16489
-1.13134
-1.19312
-1.1748
-1.14561
-1.18326
-1.16137
-1.12864
-1.17887
-1.15673
-1.12364
0.386574
0.353422
0.327702
-0.507542
-0.484318
-0.47083
0.36392
0.329477
0.297966
0.370693
0.33644
0.306378
0.390945
0.357787
0.332061
0.155471
0.116054
0.0884704
-0.538613
-0.520231
-0.511927
-1.15762
-1.13611
-1.10232
-1.1545
-1.1341
-1.10128
-1.19921
-1.17744
-1.14415
-1.19984
-1.17791
-1.14435
-1.13935
-1.11861
-1.08776
-1.14428
-1.12258
-1.09076
0.230988
0.197877
0.172185
0.245799
0.212884
0.187041
0.13625
0.102226
0.0837636
-0.0246199
-0.00814999
-0.0204376
-0.970473
-0.952191
-0.925258
-0.925571
-0.904843
-0.873304
-0.978913
-0.957871
-0.928052
-1.17764
-1.15684
-1.12455
-1.19574
-1.17386
-1.14026
-1.19331
-1.17126
-1.13796
-1.16618
-1.14457
-1.11258
-0.90793
-0.885003
-0.855166
0.300504
0.26373
0.215579
0.373666
0.34046
0.31478
0.256029
0.222765
0.197181
0.24975
0.216893
0.191009
-0.247572
-0.215585
-0.189904
0.518081
0.484841
0.458306
0.51596
0.482787
0.456297
0.514226
0.481117
0.454443
0.517272
0.483789
0.457067
0.507828
0.474388
0.447527
0.512747
0.479648
0.452979
0.510271
0.476686
0.449853
0.518452
0.485101
0.458572
0.517154
0.483915
0.457478
0.514914
0.481749
0.455487
0.517294
0.483966
0.457518
0.511403
0.477682
0.451408
0.512042
0.478799
0.452617
0.514992
0.481696
0.455351
0.513217
0.479832
0.45359
0.509344
0.476054
0.45002
0.442764
0.409371
0.383587
0.404606
0.371285
0.34557
0.258
0.224646
0.199162
-0.913295
-0.896076
-0.864866
-0.875233
-0.853606
-0.823618
-0.861
-0.841804
-0.81329
-1.17639
-1.15842
-1.12932
-1.12974
-1.11402
-1.07752
-1.19993
-1.18005
-1.14901
-1.19545
-1.17357
-1.14056
-1.11814
-1.10091
-1.07107
-1.15863
-1.13593
-1.10294
-0.807801
-0.782007
-0.751905
-0.850302
-0.825022
-0.792622
-0.819569
-0.793978
-0.76393
-0.896716
-0.872435
-0.841838
-0.868071
-0.84019
-0.81105
-0.63239
-0.602796
-0.575331
-0.525808
-0.496723
-0.468965
-0.51348
-0.484116
-0.456614
-0.229419
-0.197963
-0.17198
-0.185962
-0.154523
-0.129475
-1.10906
-1.08706
-1.05391
-1.10125
-1.07925
-1.0462
-1.18245
-1.16064
-1.12701
-1.11843
-1.09819
-1.06717
-1.12636
-1.10693
-1.07711
-1.19296
-1.1719
-1.13948
-1.18942
-1.16929
-1.13844
-1.08549
-1.06385
-1.03049
-1.09047
-1.06996
-1.03635
-1.17528
-1.15303
-1.11982
-1.08111
-1.06093
-1.03001
-1.07267
-1.0512
-1.01956
0.354928
0.321759
0.296085
0.359309
0.32612
0.300446
0.382364
0.349127
0.323421
0.350541
0.317377
0.291703
0.346159
0.312984
0.287314
-0.465653
-0.443355
-0.430814
-0.457912
-0.427994
-0.400211
-0.4452
-0.415486
-0.388355
0.358145
0.326
0.294797
0.320958
0.290637
0.25423
0.377977
0.344928
0.315895
0.395285
0.362103
0.33637
0.160792
0.125989
0.0996723
-0.567352
-0.542379
-0.521376
-1.06082
-1.04561
-1.01256
-1.16271
-1.14124
-1.10748
-1.15149
-1.1343
-1.10448
-1.1996
-1.17816
-1.14542
-1.20366
-1.18595
-1.15775
-1.13135
-1.10973
-1.07741
-1.14814
-1.12529
-1.09215
-1.03273
-1.01325
-0.98349
-0.475698
-0.444704
-0.418075
-0.488694
-0.45929
-0.43237
0.389364
0.351549
0.283334
0.338
0.300539
0.213738
0.235845
0.202754
0.177035
0.240976
0.20796
0.182185
-0.955711
-0.935325
-0.905411
-0.940647
-0.919067
-0.88768
-0.993474
-0.968046
-0.93829
-1.08945
-1.06935
-1.03812
-1.09457
-1.07285
-1.0401
-1.17896
-1.15701
-1.12348
-1.13875
-1.11318
-1.08181
-1.12963
-1.10837
-1.07641
-1.19343
-1.17153
-1.1381
-1.19342
-1.17385
-1.14369
-1.11806
-1.09334
-1.06283
-1.09832
-1.07835
-1.0429
-1.17413
-1.15536
-1.12626
-1.05462
-1.03133
-0.998756
-1.06317
-1.04032
-1.00785
-0.924468
-0.900445
-0.867137
-0.914751
-0.890409
-0.858531
0.368757
0.335482
0.309831
0.363468
0.330285
0.304612
0.377746
0.344613
0.318934
0.33752
0.304293
0.278634
0.341774
0.308583
0.282917
0.333496
0.300285
0.27463
0.254552
0.221428
0.195653
0.252636
0.219704
0.19382
-0.423152
-0.401517
-0.401234
-0.406092
-0.374772
-0.348495
-0.419941
-0.389991
-0.363432
-0.432575
-0.40267
-0.375752
0.34525
0.311674
0.279558
0.352048
0.316719
0.286334
0.338612
0.306048
0.274223
0.328128
0.293959
0.257819
0.384725
0.350615
0.322069
0.466532
0.433505
0.406595
0.517668
0.484437
0.457877
0.516922
0.483739
0.457191
0.515334
0.48221
0.455562
0.516382
0.483126
0.456479
0.511025
0.477829
0.451208
0.511449
0.477945
0.451118
0.518818
0.485241
0.458638
0.516813
0.483651
0.45729
0.516992
0.483398
0.456923
0.517392
0.483895
0.457427
0.511348
0.477894
0.451686
0.511867
0.478464
0.452227
0.514771
0.481376
0.45504
0.515095
0.481365
0.454938
0.508815
0.475381
0.449303
0.399333
0.366176
0.340448
0.261825
0.228806
0.203201
-0.889158
-0.867408
-0.837051
-0.913103
-0.891594
-0.866366
-0.846232
-0.831321
-0.804913
-1.08272
-1.06438
-1.03443
-1.0706
-1.05138
-1.01836
-1.16813
-1.14645
-1.11251
-1.14054
-1.1228
-1.08939
-1.20164
-1.18231
-1.15204
-1.19947
-1.17879
-1.14713
-1.1238
-1.103
-1.07026
-1.15299
-1.13021
-1.09711
-1.0467
-1.02358
-0.991111
-1.03889
-1.01621
-0.983586
-1.02924
-1.00401
-0.974568
-0.796999
-0.771606
-0.741968
-0.840194
-0.815164
-0.784457
-0.83141
-0.806992
-0.777382
-0.874825
-0.850679
-0.820251
-0.885158
-0.860511
-0.82962
-0.539256
-0.510834
-0.482483
-0.50101
-0.471591
-0.44432
-0.21462
-0.183077
-0.157362
-0.200222
-0.168685
-0.143125
0.473065
0.470645
0.46025
0.450805
0.4817
0.512378
0.39888
0.441302
0.47743
0.179117
0.147052
0.121535
0.180752
0.14925
0.123771
0.416257
0.382581
0.35444
0.450187
0.41632
0.388576
0.409926
0.374483
0.345581
0.453187
0.419238
0.391701
0.481483
0.447865
0.421948
0.457695
0.4245
0.39863
0.426058
0.392932
0.367133
0.454144
0.42092
0.395076
0.422052
0.388845
0.363056
0.00126315
0.0199283
0.0403884
-0.71492
-0.692593
-0.664365
-0.739434
-0.7229
-0.703511
-0.579342
-0.550655
-0.52258
-0.675462
-0.647717
-0.618499
-0.664874
-0.636916
-0.60792
-0.568029
-0.539573
-0.511621
-0.557853
-0.528468
-0.501571
0.299321
0.269529
0.20487
0.30835
0.269137
0.20746
0.0620029
0.0373044
0.00739949
-0.303813
-0.272839
-0.246558
0.284371
0.251605
0.225878
0.280351
0.247537
0.221856
0.273132
0.240098
0.214295
0.166853
0.132621
0.107606
0.173208
0.140592
0.114906
-1.00988
-0.993122
-0.963949
-0.942135
-0.914936
-0.885256
-0.947439
-0.924505
-0.893482
-0.976659
-0.952853
-0.92128
-0.0786374
-0.046282
-0.0205715
0.310499
0.278378
0.240032
0.319696
0.286499
0.260838
-0.310045
-0.289033
-0.30049
-0.367181
-0.345748
-0.33944
-0.362057
-0.331234
-0.304803
-0.29
-0.258743
-0.232586
-0.349381
-0.318561
-0.292323
-0.334745
-0.302883
-0.276773
0.318529
0.281795
0.246013
0.43654
0.403077
0.375434
0.430979
0.396511
0.368312
0.387768
0.352284
0.321589
0.395193
0.361698
0.332952
0.471187
0.438252
0.412409
0.467959
0.434856
0.408976
0.437837
0.404693
0.378896
0.409279
0.376036
0.350302
0.298783
0.265621
0.239954
0.31538
0.282223
0.256557
0.302756
0.269559
0.243893
0.270515
0.237546
0.211688
0.167126
0.133042
0.108161
0.16976
0.136616
0.110812
-0.644772
-0.621679
-0.596311
-0.624058
-0.602113
-0.580061
-1.04804
-1.02625
-0.994099
-1.022
-1.00324
-0.974002
-1.06537
-1.04209
-1.01353
-1.00942
-0.987056
-0.95285
-0.984405
-0.960352
-0.928223
-0.614166
-0.585951
-0.556606
-0.0689113
-0.0378423
-0.0125487
0.218596
0.185501
0.159815
0.174623
0.141095
0.115625
0.17967
0.147984
0.122438
-0.123583
-0.0900797
-0.0643512
-0.137169
-0.103968
-0.0780681
-0.112501
-0.078702
-0.0526638
-0.102771
-0.0692374
-0.0432664
0.422915
0.389678
0.362393
0.187086
0.15391
0.128249
0.192293
0.159092
0.133408
0.446676
0.413377
0.385759
0.407506
0.37369
0.345095
0.457992
0.424708
0.397352
0.479824
0.446828
0.419699
0.476108
0.442926
0.415781
0.501541
0.46801
0.44095
0.498805
0.465614
0.438712
0.482958
0.449899
0.422843
0.486971
0.453611
0.426296
0.501199
0.467705
0.440934
0.503954
0.470581
0.443665
0.483908
0.450356
0.424432
0.485761
0.452423
0.42652
0.499478
0.466112
0.440054
0.497744
0.464391
0.438347
0.501019
0.467704
0.441651
0.502366
0.469226
0.443213
0.477863
0.444598
0.418697
0.461191
0.428003
0.402118
0.430146
0.397018
0.371206
0.450665
0.417347
0.391542
0.417692
0.384522
0.35877
0.17618
0.143194
0.117553
0.182211
0.149088
0.12343
-0.695748
-0.674858
-0.648395
-0.678355
-0.657892
-0.638228
-0.762536
-0.738572
-0.713153
-0.770873
-0.744506
-0.713151
-0.788791
-0.760145
-0.731574
-0.590735
-0.561957
-0.533783
-0.759856
-0.733405
-0.703235
-0.7508
-0.725294
-0.696268
-0.687113
-0.659545
-0.629276
-0.654253
-0.626885
-0.598168
-0.0396575
-0.0131922
0.00982432
0.225134
0.191886
0.166202
0.208088
0.174952
0.149256
0.213449
0.180318
0.154623
0.156899
0.181767
0.188577
-0.147479
-0.131917
-0.162206
-0.238126
-0.218981
-0.222204
-0.317859
-0.287135
-0.260345
0.288913
0.255793
0.230115
0.294022
0.260811
0.235169
0.277173
0.244153
0.218564
0.275065
0.241967
0.216308
0.168626
0.134674
0.109445
0.176913
0.144839
0.119237
-0.993916
-0.976149
-0.941433
-0.957874
-0.934623
-0.903476
-0.969037
-0.946731
-0.916716
-0.166953
-0.13325
-0.107971
-0.149657
-0.115596
-0.0892845
-0.0914487
-0.0582561
-0.0325315
0.301876
0.268668
0.223447
0.296452
0.267991
0.219061
0.323756
0.290541
0.264889
0.328836
0.295524
0.269904
0.202756
0.169614
0.14392
0.197466
0.164309
0.138622
-0.374811
-0.344077
-0.31752
-0.388185
-0.357558
-0.330463
-0.262843
-0.231635
-0.205736
-0.276306
-0.244987
-0.218871
0.441732
0.408538
0.381018
0.427734
0.393901
0.365205
0.401661
0.368276
0.340071
0.462346
0.429309
0.401926
0.469565
0.43574
0.407967
0.472209
0.438399
0.411047
0.493736
0.460659
0.433685
0.496402
0.46334
0.4364
0.490492
0.457291
0.430304
0.487156
0.453529
0.426496
0.505306
0.472449
0.445992
0.490658
0.457472
0.431547
0.488111
0.454876
0.428952
0.493725
0.460328
0.434317
0.496147
0.462662
0.436598
0.506859
0.473557
0.447477
0.508854
0.475027
0.448925
0.506528
0.472967
0.446792
0.504355
0.471111
0.445054
0.475348
0.441988
0.416043
0.464627
0.431448
0.405555
0.4342
0.401019
0.375195
0.446838
0.413638
0.387896
0.413116
0.380023
0.354311
0.311184
0.277998
0.25233
0.306935
0.273749
0.248082
0.266924
0.234107
0.208291
0.169859
0.136704
0.111395
0.165266
0.131057
0.105122
-0.601866
-0.582423
-0.566376
-0.797777
-0.781649
-0.75872
-0.775394
-0.755117
-0.724101
-0.813586
-0.793838
-0.767523
-0.833168
-0.808095
-0.780002
-1.0385
-1.01636
-0.984059
-1.02957
-1.00814
-0.976501
-0.999441
-0.976437
-0.943758
-0.992127
-0.968485
-0.9362
-0.601981
-0.573442
-0.544997
-0.726399
-0.699545
-0.670297
-0.7386
-0.712045
-0.682747
-0.705333
-0.675926
-0.64795
-0.715041
-0.688397
-0.659584
-0.643397
-0.616624
-0.588517
-0.0553603
-0.0255018
-0.000884807
0.308472
0.353016
0.386723
)
;

boundaryField
{
    topAndBottom
    {
        type            calculated;
        value           nonuniform List<scalar> 
72
(
21.9112
-21.9148
21.9111
-21.915
21.9107
-21.9154
21.9103
-21.916
21.9098
-21.9166
21.9092
-21.9173
21.9087
-21.9179
21.9082
-21.9183
21.9077
-21.9186
21.9074
-21.9186
21.9073
-21.9183
21.9072
-21.9178
21.9073
-21.917
21.9074
-21.9161
21.9076
-21.9152
21.9078
-21.9142
21.9079
-21.9133
21.908
-21.9124
21.908
-21.9116
21.908
-21.9108
21.9079
-21.9102
21.9078
-21.9096
21.9077
-21.9091
21.9076
-21.9087
21.9074
-21.9083
21.9073
-21.908
21.9071
-21.9077
21.907
-21.9075
21.9068
-21.9072
21.9066
-21.907
21.9065
-21.9068
21.9063
-21.9066
21.9062
-21.9064
21.906
-21.9063
21.9059
-21.9061
21.9058
-21.9059
)
;
    }
    inlet
    {
        type            calculated;
        value           nonuniform List<scalar> 
24
(
20.9985
19.1734
17.3485
15.5238
13.6993
11.8751
10.0512
8.2275
6.4039
4.58025
2.75601
0.930634
-0.896287
-2.72466
-4.5539
-6.38333
-8.2124
-10.041
-11.8689
-13.6963
-15.5232
-17.3498
-19.176
-21.0021
)
;
    }
    outlet
    {
        type            calculated;
        value           nonuniform List<scalar> 
24
(
20.9947
19.1726
17.3504
15.525
13.6963
11.8673
10.0401
8.21465
6.38917
4.5637
2.73826
0.912961
-0.912863
-2.73822
-4.5637
-6.38917
-8.21465
-10.0401
-11.8656
-13.6911
-15.5166
-17.342
-19.1675
-20.993
)
;
    }
    wing
    {
        type            calculated;
        value           nonuniform List<scalar> 
375
(
-1.12517
-1.13939
-1.12219
-1.11718
0.316789
-0.463569
0.288518
0.296869
0.321152
0.0775778
-0.504631
-1.09604
-1.09498
-1.13791
-1.13814
-1.08102
-1.08407
0.161158
0.176052
0.0753854
-0.0139287
-0.918342
-0.866339
-0.921153
-1.11831
-1.13407
-1.13164
-1.10599
-0.847225
0.206948
0.30386
0.186202
0.18004
-0.179365
0.44767
0.445692
0.443879
0.446471
0.437024
0.442427
0.439337
0.447927
0.44681
0.444785
0.44684
0.440651
0.441881
0.444642
0.442859
0.43926
0.372712
0.334668
0.188175
-0.857878
-0.816543
-0.806194
-1.12308
-1.07124
-1.14282
-1.13424
-1.06421
-1.09631
-0.743416
-0.784431
-0.75551
-0.833819
-0.80292
-0.56604
-0.459215
-0.446802
-0.161404
-0.118824
-1.04748
-1.03972
-1.12081
-1.06076
-1.07068
-1.13326
-1.13202
-1.02355
-1.02942
-1.11336
-1.023
-1.01248
0.285157
0.289522
0.312504
0.280772
0.276379
-0.42354
-0.390238
-0.378331
0.285415
0.245211
0.306334
0.325464
0.0885816
-0.514117
-1.00602
-1.10123
-1.09818
-1.13917
-1.15147
-1.07063
-1.08549
-0.976183
-0.40816
-0.422472
0.276035
0.205736
0.166018
0.171178
-0.898521
-0.880763
-0.931511
-1.03158
-1.03358
-1.11725
-1.07549
-1.06999
-1.13189
-1.13733
-1.05599
-1.036
-1.11971
-0.991572
-1.00071
-0.859329
-0.850681
0.298909
0.293689
0.308015
0.267691
0.271979
0.263685
0.184686
0.182862
-0.393954
-0.338361
-0.353322
-0.365678
0.270337
0.277
0.265064
0.248728
0.312408
0.396335
0.447252
0.446576
0.444988
0.445893
0.440668
0.440589
0.447985
0.446629
0.446227
0.44674
0.440935
0.441484
0.444322
0.444213
0.438542
0.329544
0.192205
-0.830017
-0.85937
-0.797833
-1.0279
-1.01184
-1.10632
-1.08312
-1.14581
-1.14082
-1.06345
-1.09046
-0.983893
-0.976344
-0.967262
-0.733429
-0.776205
-0.769039
-0.812112
-0.821532
-0.472798
-0.434456
-0.146757
-0.132489
0.454844
0.509813
0.477998
0.110497
0.112717
0.344516
0.378419
0.335692
0.381519
0.411113
0.387768
0.356243
0.384208
0.352163
0.0499512
-0.657189
-0.696301
-0.513055
-0.609418
-0.598788
-0.50206
-0.491955
0.196391
0.199131
0.0105206
-0.236172
0.214896
0.210877
0.203352
0.0965301
0.103813
-0.957205
-0.877506
-0.885717
-0.913723
-0.00967041
0.231185
0.249888
-0.293257
-0.332175
-0.294552
-0.222158
-0.282049
-0.266481
0.237044
0.36536
0.358266
0.311887
0.323205
0.401569
0.398133
0.368018
0.339403
0.228984
0.245603
0.232926
0.200733
0.0970735
0.09971
-0.589067
-0.572797
-0.987451
-0.967244
-1.00698
-0.945474
-0.920712
-0.547242
-0.00163039
0.148771
0.104594
0.11137
-0.053585
-0.0673303
-0.0418584
-0.0324291
0.352405
0.117171
0.122334
0.375629
0.335253
0.387149
0.409377
0.405474
0.430501
0.428278
0.412503
0.415938
0.430471
0.433193
0.413607
0.415701
0.42926
0.427547
0.430862
0.43243
0.407859
0.391263
0.36032
0.380671
0.347875
0.106465
0.11235
-0.641196
-0.630999
-0.706
-0.704548
-0.723035
-0.524305
-0.694577
-0.687518
-0.620249
-0.588973
0.0206955
0.155165
0.1382
0.143573
0.193876
-0.155221
-0.215051
-0.250001
0.219139
0.224196
0.207599
0.205357
0.0983932
0.108155
-0.934703
-0.895763
-0.909072
-0.097336
-0.0785923
-0.0216579
0.21467
0.210363
0.253941
0.258957
0.132858
0.127553
-0.3073
-0.320278
-0.195231
-0.208401
0.370917
0.355192
0.330279
0.391706
0.397694
0.400757
0.423279
0.42598
0.419913
0.41612
0.435492
0.420741
0.418141
0.423512
0.425795
0.436701
0.43815
0.436012
0.434273
0.405204
0.394705
0.364313
0.377023
0.343414
0.241373
0.237119
0.197313
0.100302
0.0940145
-0.559124
-0.751571
-0.716994
-0.760377
-0.772946
-0.977359
-0.969762
-0.936329
-0.928726
-0.535574
-0.6614
-0.67392
-0.63899
-0.650637
-0.57926
0.0100325
0.389989
)
;
    }
    front
    {
        type            empty;
    }
    back
    {
        type            empty;
    }
}


// ************************************************************************* //
