/*--------------------------------*- C++ -*----------------------------------*\
| =========                 |                                                 |
| \\      /  F ield         | OpenFOAM: The Open Source CFD Toolbox           |
|  \\    /   O peration     | Version:  5.x                                   |
|   \\  /    A nd           | Web:      www.OpenFOAM.org                      |
|    \\/     M anipulation  |                                                 |
\*---------------------------------------------------------------------------*/
FoamFile
{
    version     2.0;
    format      ascii;
    class       volScalarField;
    location    "600";
    object      p;
}
// * * * * * * * * * * * * * * * * * * * * * * * * * * * * * * * * * * * * * //

dimensions      [0 2 -2 0 0 0 0];

internalField   nonuniform List<scalar> 
6584
(
20.9995
19.175
17.3501
15.5254
13.7008
11.8762
10.0517
8.22758
6.4037
4.57969
2.75505
0.929188
-0.898241
-2.72708
-4.55671
-6.38646
-8.21581
-10.0447
-11.8731
-13.7012
-15.529
-17.356
-19.1822
-21.0073
21.0011
19.1794
17.3557
15.5314
13.707
11.8814
10.0546
8.22896
6.40488
4.58114
2.75677
0.93109
-0.896411
-2.72556
-4.55559
-6.38616
-8.21686
-10.0472
-11.8775
-13.7069
-15.5349
-17.3621
-19.187
-21.0086
21.0015
19.1826
17.3623
15.5396
13.7156
11.89
10.061
8.23199
6.40665
5.03869
3.21566
1.39105
-0.436063
-2.26573
-4.0969
-6.38999
-8.22521
-10.0576
-11.8879
-13.7164
-15.5433
-17.3684
-19.1899
-21.0096
21.0015
19.1833
17.3647
15.5448
13.7224
11.8981
10.0694
8.2389
6.4109
5.04111
3.2198
1.39689
-0.430097
-2.26241
-4.10221
-5.94113
-8.24133
-10.0718
-11.8996
-13.7259
-15.5503
-17.3719
-19.1913
-21.0104
21.0011
19.1831
17.3649
15.5465
13.7267
11.9041
10.0786
8.25388
6.87623
5.0461
3.22565
1.40529
-0.421137
-2.26641
-4.12169
-5.96531
-7.7983
-10.0848
-11.9098
-13.7335
-15.5546
-17.3739
-19.1925
-21.0111
21.0007
19.1828
17.3646
15.5466
13.7282
11.9082
10.0873
8.72124
6.89794
5.0741
3.47146
1.64839
-0.174103
-2.05057
-4.14614
-5.98461
-7.81265
-10.0957
-11.9184
-13.7386
-15.5573
-17.3755
-19.1936
-21.0118
21.0003
19.1824
17.3643
15.5461
13.7278
11.9091
10.0896
8.72366
6.90466
5.08927
3.506
1.80368
-0.0136772
-2.07433
-3.94056
-6.00454
-7.82743
-10.1056
-11.9247
-13.7422
-15.5596
-17.377
-19.1946
-21.0124
20.9999
19.1819
17.3637
15.5454
13.727
11.9081
10.0892
8.72407
6.90211
5.08152
3.49457
1.81186
-2.03054
-3.97867
-6.025
-7.84069
-10.1121
-11.9289
-13.745
-15.5615
-17.3783
-19.1954
-21.0128
20.9996
19.1815
17.3632
15.5447
13.726
11.9065
10.0866
8.72152
6.89581
5.06589
3.46119
1.72322
-2.14869
-4.01963
-6.04103
-7.84798
-10.1141
-11.9305
-13.7467
-15.5628
-17.379
-19.1959
-21.0129
20.9993
19.1811
17.3628
15.5441
13.7252
11.9055
10.085
8.71832
6.88921
5.05453
3.44056
1.68566
-2.2003
-4.04132
-6.0476
-7.84992
-10.1121
-11.9283
-13.7458
-15.563
-17.3792
-19.196
-21.0127
20.9992
19.1808
17.3624
15.5437
13.7247
11.905
10.0843
8.71676
6.88712
5.0535
3.44212
1.7014
-2.17503
-4.03101
-6.03987
-7.84382
-10.1059
-11.9222
-13.7411
-15.561
-17.3788
-19.1956
-21.0123
20.9992
19.1807
17.3623
15.5436
13.7247
11.9054
10.0848
8.71702
6.88937
5.06075
3.45896
1.74301
-2.10322
-3.99621
-6.02022
-7.83037
-10.0954
-11.9133
-13.7333
-15.5554
-17.3765
-19.1948
-21.0115
20.9992
19.1808
17.3624
15.5439
13.7252
11.9064
10.0863
8.71894
6.89397
5.07083
3.47866
1.78476
-2.02577
-3.95248
-5.99452
-7.81215
-10.0814
-11.9018
-13.7236
-15.5474
-17.3722
-19.1934
-21.0105
20.9993
19.1809
17.3626
15.5442
13.7259
11.9075
10.0877
8.26573
6.89791
5.07593
3.48404
1.7792
0.0661812
-2.06963
-3.9122
-5.96594
-7.79149
-10.0648
-11.8881
-13.712
-15.5391
-17.3663
-19.1902
-21.0092
20.9995
19.181
17.3628
15.5445
13.7263
11.9079
10.0871
8.26115
6.89349
5.05955
3.46182
1.64998
-0.169841
-2.03346
-4.10763
-5.9421
-8.22688
-10.0531
-11.8789
-13.7037
-15.5315
-17.3584
-19.1834
-21.0064
20.9995
19.1811
17.3628
15.5445
13.7261
11.9072
10.0843
8.25278
6.87738
5.051
3.23053
1.63737
-0.192048
-2.25821
-4.09849
-5.93332
-8.21986
-10.047
-11.873
-13.701
-15.5269
-17.3527
-19.1778
-21.0034
20.9995
19.181
17.3626
15.5441
13.7255
11.9055
10.0798
8.24741
6.41683
5.04891
3.22572
1.40072
-0.424728
-2.26027
-4.09629
-5.92816
-8.21328
-10.0402
-11.8674
-13.6954
-15.5225
-17.3489
-19.1762
-21.0018
20.9995
19.1809
17.3623
15.5435
13.7243
11.9023
10.0743
8.24269
6.41505
4.59111
3.22241
1.39809
-0.432198
-2.26245
-4.55116
-6.38107
-8.20924
-10.0365
-11.8637
-13.6912
-15.5181
-17.3449
-19.1722
-20.9996
20.9994
19.1806
17.3617
15.5428
13.7231
11.8988
10.0689
8.2393
6.41308
4.58879
2.76088
0.937042
-0.890069
-2.72247
-4.54983
-6.37922
-8.20679
-10.034
-11.861
-13.6882
-15.5151
-17.3421
-19.169
-20.9975
20.9992
19.1802
17.3611
15.5419
13.7218
11.896
10.0654
8.23746
6.41162
4.58714
2.75984
0.935001
-0.892254
-2.72234
-4.54907
-6.37785
-8.20493
-10.0321
-11.8589
-13.6859
-15.5128
-17.3398
-19.1665
-20.9958
20.999
19.1798
17.3604
15.5409
13.7204
11.894
10.0631
8.23612
6.41055
4.58584
2.75887
0.933216
-0.893857
-2.72235
-4.54869
-6.37688
-8.20357
-10.0307
-11.8572
-13.684
-15.511
-17.3379
-19.1644
-20.9944
20.9987
19.1793
17.3596
15.5398
13.719
11.8925
10.0615
8.23505
6.40942
4.5848
2.75799
0.932128
-0.894676
-2.72242
-4.54851
-6.37622
-8.20259
-10.0296
-11.8559
-13.6826
-15.5095
-17.3362
-19.1627
-20.9932
20.9984
19.1788
17.3588
15.5388
13.7177
11.8911
10.0603
8.2338
6.40843
4.58397
2.75739
0.931415
-0.895221
-2.72247
-4.5484
-6.37574
-8.20187
-10.0287
-11.8549
-13.6815
-15.5082
-17.3348
-19.1612
-20.9922
20.9981
19.1783
17.3581
15.5378
13.7165
11.8898
10.0592
8.23266
6.40755
4.58311
2.75691
0.930907
-0.895613
-2.72251
-4.54833
-6.37534
-8.20133
-10.028
-11.854
-13.6805
-15.5072
-17.3337
-19.1599
-20.9913
20.9978
19.1777
17.3573
15.5367
13.7152
11.8886
10.0581
8.2316
6.40656
4.58227
2.75652
0.930513
-0.895888
-2.72253
-4.54827
-6.37506
-8.20089
-10.0274
-11.8533
-13.6798
-15.5063
-17.3327
-19.1589
-20.9906
20.9975
19.1772
17.3565
15.5357
13.714
11.8875
10.0571
8.23061
6.40557
4.58147
2.75568
0.929811
-0.896453
-2.7228
-4.54845
-6.37502
-8.20078
-10.0272
-11.8531
-13.6795
-15.5057
-17.3319
-19.1579
-20.9899
20.9971
19.1767
17.3558
15.5348
13.7129
11.8864
10.0562
8.22974
6.40463
4.58003
2.75422
0.928435
-0.897665
-2.72385
-4.54945
-6.37585
-8.20154
-10.0279
-11.8537
-13.68
-15.5059
-17.332
-19.1579
-20.9897
20.9968
19.1762
17.3551
15.534
13.7118
11.8854
10.0554
8.22889
6.40333
4.57823
2.75248
0.926685
-0.899383
-2.72547
-4.55102
-6.37728
-8.2029
-10.0291
-11.8549
-13.6811
-15.5069
-17.333
-19.1588
-20.99
20.9965
19.1757
17.3544
15.5331
13.7108
11.8844
10.0545
8.22766
6.40164
4.57651
2.75076
0.924978
-0.901059
-2.72707
-4.55257
-6.37871
-8.20427
-10.0304
-11.8561
-13.6822
-15.508
-17.3339
-19.1597
-20.9903
20.9962
19.1752
17.3538
15.5323
13.7099
11.8834
10.0533
8.22595
6.39997
4.57479
2.74909
0.923307
-0.902699
-2.72862
-4.55411
-6.38014
-8.20565
-10.0317
-11.8574
-13.6833
-15.509
-17.3349
-19.1607
-20.9906
20.9959
19.1748
17.3531
15.5316
13.7089
11.882
10.0514
8.22423
6.3983
4.57309
2.74743
0.921664
-0.904312
-2.73016
-4.55562
-6.38157
-8.20704
-10.033
-11.8586
-13.6845
-15.5101
-17.336
-19.1617
-20.991
20.9957
19.1743
17.3526
15.5309
13.7073
11.8795
10.0493
8.22252
6.39665
4.57143
2.74579
0.920041
-0.905902
-2.73169
-4.55713
-6.38297
-8.20842
-10.0343
-11.8598
-13.6857
-15.5113
-17.3371
-19.1627
-20.9914
20.9954
19.1739
17.352
15.5298
13.7048
11.8766
10.0473
8.22081
6.39501
4.56975
2.74417
0.918441
-0.907474
-2.73321
-4.5586
-6.3844
-8.2098
-10.0356
-11.8611
-13.6869
-15.5124
-17.3382
-19.1638
-20.9918
20.9952
19.1736
17.3515
15.5282
13.7018
11.8737
10.0453
8.2191
6.39337
4.5681
2.74253
0.916859
-0.909032
-2.73469
-4.56008
-6.3858
-8.21118
-10.0369
-11.8624
-13.6881
-15.5136
-17.3393
-19.1648
-20.9921
20.995
19.1732
17.351
15.5266
13.699
11.871
10.0432
8.21738
6.39169
4.56641
2.74088
0.915296
-0.910575
-2.73615
-4.56155
-6.38717
-8.21257
-10.0383
-11.8636
-13.6893
-15.5148
-17.3404
-19.1659
-20.9925
20.9949
19.1729
17.3507
15.5255
13.6971
11.8686
10.0413
8.21567
6.3901
4.56475
2.73924
0.913773
-0.912097
-2.73759
-4.563
-6.38857
-8.21396
-10.0396
-11.865
-13.6906
-15.516
-17.3416
-19.1671
-20.993
1.73198
-1.92033
-1.79892
1.68713
-1.98672
-1.93379
1.69731
-1.96623
-1.98896
1.73728
-1.89273
-1.95884
1.78053
-1.80843
-1.88214
1.79221
0.192091
0.0699923
-1.7368
-1.79848
1.82099
0.216863
-1.78142
-1.71155
3.46927
1.96603
2.03436
-1.04274
-0.896838
-2.13679
-3.56429
-3.5243
3.44356
1.92366
1.95806
1.70223
0.924522
0.953882
-1.21416
-1.17142
-2.19789
-3.59888
-3.57584
3.43984
1.93077
1.92224
1.6862
0.911625
0.907242
-1.25113
-1.25632
-2.18203
-3.59526
-3.60172
3.454
1.96607
1.93438
1.71555
0.964489
0.940003
-1.13782
-1.19103
-2.11301
-3.55947
-3.58857
-1.00959
-1.08612
-2.03505
-3.51047
-3.54769
-0.906828
-0.950003
1.65405
0.16593
0.182633
-0.0607497
-1.56612
-1.72844
0.958943
1.00971
1.76372
0.891248
0.838288
0.998172
0.901118
-1.16801
-1.08362
-1.87328
-1.16361
-1.22113
0.907739
0.921072
1.69714
0.831872
0.815433
0.833571
0.833157
-1.25189
-1.21953
-1.97185
-1.27395
-1.29225
-1.22393
-1.27011
-1.9644
0.936467
0.914555
1.6881
0.82183
0.848814
0.815925
0.819421
-1.19651
-1.24706
-1.9833
-1.28657
-1.25273
-1.2953
-1.2902
-1.98684
0.852425
0.880743
0.85131
0.848621
-1.0895
-1.1364
-1.92288
-1.19147
-1.17327
-1.24826
-1.19349
-1.9326
0.922589
0.943811
0.884717
0.91829
-0.956508
-1.00301
-1.16691
-1.12144
-1.84993
0.967282
0.943232
0.94579
0.96491
-0.853451
-0.902314
1.77574
1.0199
1.1054
-0.550476
-0.396267
3.47406
2.0052
1.97124
1.7604
1.02991
0.998671
-0.497102
-0.522969
-1.96722
-3.46393
-3.49804
0.622129
0.499463
-1.0189
-1.1493
-1.85502
0.994772
0.968232
1.72076
0.433138
0.45134
0.519895
0.526156
0.448837
0.468742
-0.52695
-0.551128
-1.83946
-1.11494
-1.06989
0.527548
0.535961
-1.0637
-1.02195
-1.76973
0.22299
0.95586
1.01004
-0.877856
-0.748892
0.0949894
-0.578113
-0.98495
-0.628531
-0.466337
-0.609635
-0.963687
-1.19305
-1.19482
-1.26517
-1.26497
-1.16658
-1.16434
-1.02883
-0.636821
-1.06154
-0.471152
-0.494441
-0.5813
-0.556329
-0.930512
0.432239
0.86384
0.468572
0.48888
0.470465
0.856211
0.492055
0.551623
0.940299
0.485045
0.431279
-1.1334
-1.12897
0.818112
0.818325
0.846032
0.844829
-1.22554
-1.22244
-1.26538
-1.61508
-1.60488
-1.62603
-1.61803
-1.26848
-1.24456
-1.58075
-1.56127
-1.60082
-1.58614
-1.24516
0.835154
0.837122
0.814818
0.815635
-1.20907
-1.21375
-1.25576
-1.61323
-1.62383
-1.59471
-1.60892
-1.2515
-1.30375
-1.63101
-1.62791
-1.62654
-1.63077
-1.30377
0.437064
0.863883
0.489076
0.468226
0.506779
0.487365
0.867909
0.832649
0.4719
0.836439
-1.11247
-1.11489
-1.2207
-1.57308
-1.58909
-1.55066
-1.56763
-1.21946
0.505922
0.518951
0.898548
0.525867
0.506513
0.558905
0.529574
0.903471
0.472019
0.503498
-0.976243
-0.607449
-0.584898
-0.629523
-0.607194
-0.983027
-0.544989
0.527501
0.542263
0.199743
0.537742
0.522961
-0.0123801
-0.417151
-0.468469
-0.0592059
3.48801
2.13247
2.00913
1.79594
1.12904
1.1149
-0.025503
-0.740361
-0.788237
0.436109
1.05548
1.03393
1.76591
0.291526
0.283591
0.178966
0.527026
0.510616
0.292992
0.30726
-0.364721
-0.401752
0.0319834
0.311267
0.624534
0.634393
-0.37397
-0.276814
0.175458
0.934699
1.29541
1.2842
-1.19737
-1.03547
-1.17973
0.907618
1.26958
1.27148
1.26967
1.26816
0.907079
-1.2598
-1.26112
-1.15067
-1.17051
-0.229561
-0.23384
-0.924274
-0.553263
-0.560254
0.886206
0.876507
0.204872
0.954991
0.563817
0.672628
-1.15116
-0.994816
-1.0286
-1.20338
-1.51805
-1.48378
-1.55375
-1.52715
-1.214
0.910432
1.2739
1.26927
1.28243
1.2745
0.911817
0.823278
0.628121
0.655359
0.625733
0.624597
0.816933
0.658079
0.657898
0.838377
-1.24289
-1.21329
-1.26992
-1.42743
-1.39976
-1.44904
-1.44302
-1.28359
1.27386
1.27853
0.924151
0.828129
0.65143
0.627904
0.814761
0.625486
0.626082
0.623239
0.621675
0.817056
-1.19472
-1.23475
-1.27482
-1.4387
-1.44454
-1.37862
-1.41426
-1.25196
-1.30055
-1.45363
-1.44935
-1.44744
-1.45104
-1.2985
-1.09882
-0.926002
-0.924196
-0.990916
-0.972175
-1.12856
-1.19977
-1.52736
-1.54486
-1.50399
-1.52135
-1.1936
0.933385
0.572163
0.561439
0.609831
0.604917
0.93618
0.3292
0.333611
0.953486
0.619201
0.61233
0.32288
0.327838
-0.223393
-0.22313
-0.495558
-0.166292
-0.471257
-0.277142
-0.50923
-0.337473
-0.313475
-0.349137
-0.514078
0.563183
0.389325
0.490014
0.366953
0.5437
0.425522
0.436831
0.309696
0.296353
0.522401
0.349833
0.357843
0.348337
0.346356
0.522501
0.444998
0.45052
-0.535156
-0.536056
0.530921
0.362278
0.355453
0.304409
0.299262
-0.673349
-0.826087
-0.78585
-0.868771
-0.83785
-0.693888
-1.19263
-1.1845
-1.26197
-1.26384
-1.15645
-1.16474
-0.670915
-0.82297
-0.833281
-0.809779
-0.821058
-0.665973
-0.843107
-0.865836
-0.83809
-0.839701
-0.481045
-0.299
-0.291116
-0.320368
-0.300975
-0.483808
-0.240039
-0.271981
0.459686
0.655959
0.646455
0.679116
0.660559
0.460546
0.624408
0.625814
0.641852
0.625904
0.517876
0.704842
0.684649
0.459585
0.454469
-0.977364
-0.987865
-1.14755
-0.935418
-0.899597
-0.878447
-0.924595
-0.906394
-1.11073
-0.957162
-0.970157
0.621265
0.622966
0.821901
0.562077
0.561069
0.600068
0.564285
0.56489
0.566722
0.562261
0.565724
0.816589
0.624623
0.62217
0.599184
0.591659
0.625666
0.608092
0.597536
0.60156
0.59269
0.596078
0.83917
0.657459
0.656782
-1.24006
-1.21512
-1.43358
-1.42766
-1.26522
-1.28053
-1.44216
-1.43469
0.658819
0.654435
0.830712
0.600341
0.60137
0.556637
0.59518
0.594072
0.605904
0.600314
0.595998
0.624292
0.625475
0.815386
0.566344
0.564454
0.567313
0.566231
0.560924
0.558129
0.564121
0.562404
0.815939
0.622568
0.623874
-1.19578
-1.22863
-1.42784
-1.43528
-1.26964
-1.24741
-1.41711
-1.4243
-1.45525
-1.45323
-1.30233
-1.30053
-1.45321
-1.454
0.436979
0.473374
0.655745
0.661966
0.64478
0.652479
0.460556
0.500556
0.675159
0.650828
0.664053
0.672061
0.49306
0.623412
0.622579
0.61504
0.622876
0.480473
0.637714
0.643374
0.62341
0.634813
0.47506
-0.950824
-0.932514
-1.10281
-0.883301
-0.910134
-0.869919
-0.873713
-0.914395
-1.12399
-0.962635
-0.945205
0.510178
0.337296
0.34822
0.355973
0.333937
0.512099
0.31179
0.483412
0.349816
0.489425
-0.627831
-0.797746
-0.806325
-0.783234
-0.794132
-0.619613
-0.567078
-0.578128
0.337026
0.350489
0.303764
0.320768
-0.197659
-0.221721
-2.01598
-3.51126
-3.47974
-1.76106
-1.0715
-1.0376
0.362081
0.49638
0.486844
-0.0289229
0.017822
0.292006
-1.74498
-1.00384
-1.00199
1.31289
1.29836
0.938733
-1.20825
-1.16646
-1.17328
-1.25554
-1.25792
1.29166
1.29952
0.949928
-1.15006
-1.1422
-1.18447
-0.92144
-0.904343
-1.07529
0.976858
1.33507
1.31712
0.68573
0.688915
0.843235
-0.928469
-0.95088
-1.10523
0.855707
0.670325
0.68442
-1.24835
-1.18057
-1.18665
-1.22308
-1.34882
-1.34636
-1.28919
-1.39517
-1.38891
-1.2556
0.926994
1.28154
1.2883
0.667054
0.658082
0.843187
-1.20039
-1.16233
-1.15625
-1.24321
-1.28297
-1.34173
-1.34466
-1.29726
-1.35291
-1.35106
-1.34757
-1.35018
-1.2938
0.826406
0.680059
0.672007
-1.23202
-1.3698
-1.37582
-1.14727
-1.48005
-1.49798
0.219166
0.218895
0.633345
0.622308
0.955869
0.217574
0.218608
-0.554253
-0.535287
-0.885821
-0.537914
-0.488533
0.429247
0.399506
0.40326
0.45236
0.445968
0.390582
0.395154
0.412313
0.407935
0.465188
-0.504355
-0.495092
-0.546845
0.360348
0.361241
0.531835
-0.83412
-0.422637
-0.446088
-0.597299
-0.640806
-0.693471
-0.67859
-0.771724
-0.755374
-0.772843
-0.732858
-0.551351
-1.13703
-1.14037
-1.19068
-1.19347
-1.13983
-1.14205
-1.26665
-1.26507
-1.11276
-1.11052
-1.16568
-1.16125
-1.10842
-1.10749
-0.713874
-0.722941
-0.691575
-0.698279
-0.646481
-0.732721
-0.741563
-1.07177
-0.900592
-0.893749
0.433849
0.466424
0.523859
0.524055
0.552879
0.546396
0.484519
0.505722
0.508952
0.520971
0.504308
0.464856
0.704957
0.7107
0.52538
0.473049
0.40813
0.411432
0.433694
-0.80094
-0.78964
0.656838
0.664244
0.853703
0.51135
0.513551
-1.22976
-1.21955
-1.37318
-1.36742
-1.23587
-1.25123
-1.38279
-1.37779
0.84117
0.657952
0.658806
-1.20335
-1.21821
-1.35827
-1.35812
-1.30367
-1.30394
-1.35803
-1.35815
0.440441
0.489597
0.544256
0.54538
0.523849
0.522543
0.463984
0.6842
0.681618
0.829237
0.506651
0.503246
0.513553
0.520239
0.475585
0.527707
0.52605
0.499468
0.49687
-1.35782
-1.36323
-1.227
-1.20916
-1.3464
-1.35267
0.512708
0.66368
0.669668
0.653512
0.657688
0.508433
-0.596346
-0.742339
-0.780116
-0.729603
-0.736327
-0.593924
-0.627573
-0.688054
-0.688046
-0.548172
-0.509412
-0.593516
0.193943
0.229421
0.241455
0.212876
0.547548
0.374774
0.363579
0.384072
0.377337
0.519109
-0.0583355
-0.0887797
-0.286251
-0.282153
-0.457863
0.407382
0.436116
0.373948
0.28688
0.28358
0.332402
0.334026
0.169729
0.306818
0.262012
0.25783
0.255864
0.259858
0.308767
0.104796
-0.149458
-0.186449
-0.334908
-0.0738985
-0.11932
-1.15488
-1.16031
-1.20262
-1.03919
-1.06738
-1.07069
-1.07863
-1.07202
-1.25856
-1.25917
-1.03636
-1.04401
-1.02215
-1.02822
-1.17731
-1.13363
-1.12548
-0.237325
-0.182598
-0.17178
-0.195529
-0.191265
-0.241458
-1.00503
-1.04938
-1.0422
-1.06678
-1.05849
-1.017
-1.24518
-1.22183
-1.18843
-1.188
-1.28626
-1.34398
-1.34146
-1.17311
-1.16793
-1.2003
-1.24038
-1.33503
-1.33859
-1.27949
-1.3557
-1.35428
-1.29881
-1.29658
-1.35242
-1.35408
-0.986982
-1.02654
-1.02055
-1.01787
-1.02386
-0.979687
0.217764
0.216339
0.216518
0.215866
0.324545
0.268083
0.267667
-0.119707
-0.121185
-0.221599
-0.158267
-0.167316
-0.163055
-0.157506
-0.220433
-0.443416
-0.460586
-0.518392
-0.386862
-0.204206
-0.283143
-0.242254
-0.349746
-0.325195
-0.256577
-0.326419
-0.383279
-0.391725
-0.376896
-0.378129
-0.317926
-0.364201
-0.400056
-0.403785
-0.400757
-0.406316
-0.359513
0.402976
0.47007
0.440349
0.386316
0.380936
0.403196
0.395716
0.425704
0.45041
0.405196
0.400477
0.305685
0.301128
0.410743
0.410735
0.356361
0.382433
0.386005
0.443965
0.361147
0.361174
0.354832
0.458745
0.390471
0.381652
-0.473141
-0.479249
-0.534965
-0.432298
-0.4376
-0.412113
-0.422411
-0.540391
-0.485051
-0.476748
0.301296
0.24667
0.25134
0.238831
0.242205
0.299001
-0.723183
-0.707568
-0.65192
-0.711604
-0.746327
-0.737866
-1.11083
-1.18956
-1.14311
-1.14906
-1.09326
-1.08621
-1.1065
-1.10056
-1.26468
-1.26545
-1.06827
-1.0753
-1.05229
-1.06057
-1.16173
-1.10471
-1.09764
-1.11811
-1.11185
-1.16124
-1.08023
-0.704515
-0.707045
-0.65672
-0.705719
-0.710167
-0.850054
-0.799511
-0.789465
-0.819449
-0.810259
-0.858447
-0.840695
-0.785216
-0.781196
-0.782025
-0.779448
-0.840069
-0.746407
-0.315129
-0.373397
-0.376934
-0.249953
-0.261566
0.428165
0.522983
0.522454
0.462367
0.468288
0.536771
0.527947
0.497808
0.501648
0.56483
0.562522
0.625241
0.497586
0.495667
0.404511
0.403703
0.463905
0.372626
0.438534
0.398758
0.404887
-0.983354
-1.0356
-1.03064
-1.03931
-1.03813
-0.982619
-0.954896
-0.94578
-0.892157
-0.841453
-0.855698
-0.829436
-0.833558
-0.886096
-0.914657
-0.867342
-0.874777
-0.907257
0.561023
0.56017
0.594718
0.543606
0.545198
0.532138
0.569161
0.565421
0.566124
0.563422
0.564634
0.59329
0.531616
0.535057
0.53255
0.531212
0.591366
0.623643
0.566502
0.566462
0.542173
0.562366
0.618354
0.513755
0.505155
0.59904
0.542548
0.540571
0.546413
0.544463
0.600466
0.594102
0.536629
0.53419
0.538542
0.536872
0.594893
-1.23435
-1.21582
0.602173
0.550559
0.552577
0.546586
0.548237
0.602198
0.560268
0.551444
0.543407
0.577355
0.593945
0.532594
0.535832
0.53317
0.530693
0.597764
0.599103
0.543091
0.544913
0.538988
0.541411
0.597779
0.566528
0.566285
0.567847
0.566299
0.560296
0.559259
0.563864
0.564047
-1.19826
-1.22321
-1.3035
-1.35785
-1.3569
-1.35573
-1.35708
-1.30256
0.442107
0.538891
0.542857
0.487384
0.460398
0.524372
0.53085
0.512989
0.509875
0.623148
0.564873
0.567044
0.619554
0.564495
0.548729
0.568169
0.567867
0.621437
0.519671
0.516117
0.525577
0.527874
0.478874
0.497035
0.511624
-0.947375
-1.00235
-1.00456
-0.991554
-0.997418
-0.940467
-0.893608
-0.90234
-0.864411
-0.832649
-0.828071
-0.866718
-0.953566
-1.00475
-1.01065
-1.00351
-1.00229
-0.947093
0.341464
0.394163
0.392264
0.397718
0.39632
0.345192
0.342851
0.404087
0.409074
0.392581
0.396971
0.333595
0.307412
0.363885
0.364331
0.361772
0.363222
0.350083
0.393731
0.397401
0.366831
0.378118
0.343099
-0.684498
-0.687988
-0.632987
-0.55646
-0.588152
0.216365
0.219524
0.31119
0.248093
0.238715
0.266917
0.26332
0.317409
0.218665
0.218324
-0.101972
-0.113195
3.23206
2.09623
2.31535
1.64307
0.278108
0.493435
-0.17956
-1.57245
-1.33952
-2.04395
-3.20705
-3.19576
5.08694
3.95558
4.16325
3.5015
2.13659
2.10204
1.68171
0.207452
0.283956
-0.0221449
-1.5888
-1.58004
-2.06309
-3.47254
-3.44802
-3.93387
-5.07887
-5.06713
5.08672
3.95229
3.9578
3.5006
2.04211
2.14838
1.8297
1.16474
1.1291
0.0162387
-0.746437
-0.752099
-1.97557
-2.56078
-2.54737
-3.96866
-5.1041
-5.09044
5.07418
3.92748
3.94759
3.48689
3.03185
3.04204
1.80097
1.57727
1.59062
-2.07804
-2.75264
-2.72359
-4.0104
-5.12943
-5.11677
5.05906
3.90576
3.92089
3.45401
2.99081
2.99942
1.71528
1.47924
1.48785
-2.17668
-2.8219
-2.79915
-4.03899
-5.14801
-5.14028
5.05267
3.90146
3.9031
3.43893
2.97424
2.97561
1.68494
1.44748
1.44798
-2.20001
-2.84096
-2.83915
-4.0366
-5.14908
-5.15114
5.05643
3.91222
3.90312
3.44537
2.98439
2.97996
1.70577
1.47306
1.46802
-2.15052
-2.80666
-2.82286
-4.00646
-5.13106
-5.14213
5.06576
3.9286
3.91622
1.74884
1.52122
1.5145
-2.07343
-2.74579
-2.76969
-3.96352
-5.10167
-5.11714
5.07508
3.94115
3.93248
-1.99877
-2.5741
-2.58946
-3.92168
-5.06931
-5.0855
5.07002
4.15336
4.16358
3.46315
2.10511
2.12007
1.77135
1.09935
1.1069
0.0343796
-0.306826
-0.350022
-2.03441
-3.42498
-3.45355
-4.1192
-5.03584
-5.05312
5.05315
4.14247
4.14562
3.23243
2.09517
2.1025
1.64
0.269134
0.288076
-0.188227
-1.56934
-1.5674
-2.02906
-3.18047
-3.41929
-4.10112
-5.02111
-5.02568
3.22792
2.3175
2.32
1.40152
0.491978
0.263988
-0.420941
-1.3436
-1.57028
-2.25879
-3.17924
-3.17819
1.49753
1.50843
1.74176
-1.90496
-1.63542
-1.65944
-1.56423
-1.58539
-1.81731
1.44942
1.45186
1.68961
-1.98306
-1.72113
-1.72761
-1.66639
-1.68536
-1.94546
1.46325
1.45889
1.69372
-1.97282
-1.71068
-1.69941
-1.72865
-1.73031
-1.98975
1.5081
1.50211
1.73165
-1.90257
-1.63083
-1.67098
-1.69483
-1.68027
-1.95073
-1.81862
-1.5928
-1.5821
-1.6608
-1.64909
-1.87131
1.11102
1.13394
1.79854
0.165028
0.300973
0.294838
-0.061445
-0.0926251
0.103006
-1.5715
-1.56072
-1.78853
1.11562
1.17507
1.83078
0.421972
0.457667
0.484549
0.900699
0.941951
0.263884
0.257703
0.352342
-1.76696
-1.52739
-1.54374
-0.99516
-0.996108
-1.73609
3.00947
3.02054
3.47807
1.99458
2.56399
2.54999
2.59157
2.57842
2.00483
-1.02552
-0.889739
-0.919495
-0.771808
-0.796963
-0.917983
-2.79172
-2.76223
-2.09385
-3.55146
-3.10178
-3.11816
-3.06783
-3.08452
-3.53792
2.97881
2.9839
3.44812
1.93362
2.51863
2.51279
2.53742
2.52688
1.93832
1.46518
1.47171
1.70836
0.927763
1.04801
1.04472
1.0738
1.06866
0.949211
-1.12276
-1.1229
-1.17384
-2.83887
-2.82585
-2.18364
-3.59338
-3.15491
-3.1617
-3.13287
-3.1453
-3.58575
2.97663
2.97463
3.43875
1.92337
2.50921
2.51218
2.50934
2.50821
1.92182
1.44943
1.44798
1.68521
0.909723
1.03118
1.03277
1.0288
1.0284
0.906938
-2.82888
-2.83764
-2.19722
-3.59982
-3.16324
-3.15773
-3.16536
-3.16587
-3.60212
2.99556
2.9897
3.44944
1.95137
2.52941
2.53682
2.51674
2.5226
1.94666
1.48412
1.47848
1.71057
0.953568
1.30303
1.31178
1.05729
1.06035
0.942911
-1.14066
-1.07885
-1.07708
-2.77792
-2.79911
-2.1415
-3.57042
-3.1278
-3.11474
-3.14968
-3.13963
-3.58027
-1.01616
-0.877667
-0.86767
-1.03084
-1.02723
-1.08267
-2.60595
-2.62119
-2.06383
-3.52295
-3.07235
-3.05805
-3.10086
-3.08656
-3.53546
-0.912437
-0.797372
-0.791591
-0.836566
-0.829819
-0.943429
1.20134
1.09624
1.65654
0.194665
0.872344
0.864009
0.507388
0.503539
0.152684
-0.747197
-0.739368
-0.0351554
-1.57113
-0.976827
-1.0973
-1.02533
-0.984817
-1.7017
0.964302
1.08464
1.07902
1.36268
1.34083
0.984054
1.75225
1.52046
1.53382
0.880844
0.724057
0.739984
0.984588
0.875501
0.892485
0.781103
0.793623
0.912673
-1.16299
-1.11305
-1.1195
-1.03194
-1.04054
-1.09237
-1.65284
-1.67222
-1.8902
-1.17852
-1.28403
-1.27021
-1.3449
-1.33698
-1.23283
0.908443
1.03021
1.02933
1.04168
1.03864
0.917183
1.69284
1.45526
1.45972
0.828747
0.76817
0.771673
0.752762
0.752929
0.816336
0.773939
0.775622
0.835472
-1.70839
-1.71864
-1.97808
-1.27631
-1.3231
-1.31995
-1.23246
-1.36073
-1.3535
-1.31778
-1.31343
-1.26525
-1.95564
-1.69051
-1.70469
0.933023
1.05088
1.05402
1.03491
1.03724
0.918145
1.69056
1.45504
1.45186
0.823492
0.762026
0.758548
0.789186
0.786698
0.846969
0.815062
0.752605
0.752801
0.755841
0.754268
0.818662
-1.72315
-1.71444
-1.97858
-1.30254
-1.3056
-1.25574
-1.98901
-1.72959
-1.72569
0.85644
0.711702
0.704919
0.764405
0.761055
0.876889
0.853329
0.79379
0.791773
0.703076
0.697403
0.844919
-1.09237
-1.0362
-1.03382
-1.07911
-1.08102
-1.13506
-1.65361
-1.63678
-1.91287
-1.18398
-1.32152
-1.32731
-1.28373
-1.28997
-1.17968
-1.24315
-1.29391
-1.29808
-1.33305
-1.3395
-1.20432
-1.94194
-1.67499
-1.6592
0.926576
0.81591
0.81166
0.832925
0.830591
0.941309
0.889095
0.773497
0.768596
0.807031
0.801822
0.913588
-0.963085
-0.850074
-0.843306
-0.864292
-0.854665
-0.996387
-1.16026
-1.271
-1.27742
-1.45613
-1.47394
-1.14093
-1.86056
-1.63753
-1.62622
0.975181
0.650514
0.637849
0.617458
0.646122
0.972083
0.948465
0.837413
0.835113
-0.880861
-0.525066
-0.496101
1.54814
1.56285
1.78836
1.05547
1.394
1.3701
1.37187
1.35553
1.06845
-0.320427
-0.351918
-0.421063
1.99172
2.56016
2.5673
2.54461
2.55247
1.98678
1.53431
1.52785
1.75467
1.01635
1.30136
1.30874
1.28611
1.29373
1.01177
-0.50027
-0.440262
-0.43751
-0.463236
-0.461989
-0.520175
-2.54597
-2.5598
-1.99055
0.602867
0.552975
0.576153
0.430175
0.44176
0.512377
-1.07696
-1.42037
-1.38485
-1.47212
-1.43351
-1.09685
-1.83616
-1.60814
-1.63089
0.983408
1.32837
1.27988
1.31536
1.32475
0.979666
1.7261
1.49592
1.48996
0.521371
0.465606
0.464676
0.468383
0.466156
0.524386
-0.531752
-0.474551
-0.467745
-1.61499
-1.60384
-1.82899
-1.09535
-1.43227
-1.45022
-1.35512
-1.42657
-1.0889
0.528954
0.472565
0.470713
0.47871
0.477171
0.534234
-1.04481
-1.33273
-1.34446
-1.3113
-1.32162
-1.03889
-1.77893
-1.5504
-1.54065
0.572246
0.610958
0.285611
1.02592
0.713464
0.677895
0.7111
0.722609
1.0262
-0.8615
-0.729427
-0.749096
-0.428257
-0.417432
-0.824316
0.152765
-0.276796
-0.299669
-0.842084
-0.878873
-1.00582
-0.530177
-0.671405
-0.642332
-0.662301
-0.645556
-0.591458
-0.941283
-0.823628
-0.847917
-0.889887
-0.880105
-1.0227
-1.06525
-1.00981
-1.00666
-0.474946
-0.415807
-0.412288
-0.435506
-0.432327
-0.491256
-0.571663
-0.715813
-0.722644
-0.701903
-0.708844
-0.567683
-0.936951
-0.82308
-0.816368
0.708663
0.71974
0.871809
0.849065
0.691159
0.704451
0.498514
0.564461
0.558127
0.617045
0.606284
0.540965
0.925926
0.808469
0.823021
-1.08182
-1.08661
-1.13918
-1.12244
-1.07083
-1.07654
0.753657
0.754227
0.819456
0.817264
0.753388
0.75356
0.784268
0.786233
0.848796
0.842387
0.781379
0.782839
-1.32558
-1.32278
-1.26291
-1.61185
-1.50733
-1.51046
-1.50077
-1.50338
-1.60845
-1.62361
-1.51847
-1.52053
-1.5133
-1.51604
-1.62102
-1.27229
-1.33201
-1.32864
-1.29754
-1.29442
-1.24258
-1.57474
-1.4713
-1.47717
-1.45779
-1.46485
-1.56835
-1.59618
-1.49222
-1.49679
-1.4824
-1.48739
-1.59137
-1.24601
-1.30022
-1.29796
0.776481
0.775243
0.834106
0.838144
0.778833
0.777765
0.75208
0.752266
0.815418
0.815226
0.752182
0.752181
-1.31926
-1.32316
-1.26014
-1.61711
-1.50755
-1.50329
-1.51516
-1.51157
-1.62077
-1.59969
-1.49224
-1.49047
-1.4991
-1.49553
-1.60453
-1.24762
-1.31154
-1.3153
-1.63046
-1.52406
-1.5242
-1.52218
-1.52341
-1.62951
-1.62852
-1.52073
-1.51829
-1.52368
-1.52259
-1.63006
0.748727
0.714104
0.860437
0.506
0.561666
0.563431
0.546002
0.546866
0.486047
0.872354
0.756554
0.752058
0.840787
0.694842
0.685784
-1.05835
-1.05548
-1.11007
-1.11697
-1.06188
-1.06016
-1.27432
-1.27508
-1.22139
-1.57836
-1.47114
-1.46543
-1.48425
-1.47746
-1.58373
-1.55638
-1.44852
-1.44264
-1.45996
-1.45436
-1.56211
-1.21729
-1.27112
-1.2725
0.507627
0.451999
0.451516
0.463145
0.460443
0.517268
0.784308
0.778873
0.893769
0.522183
0.581543
0.584934
0.564474
0.565587
0.506028
0.547138
0.689813
0.695868
0.675745
0.682681
0.542124
0.908564
0.795965
0.78998
0.475281
0.416258
0.414405
0.44972
0.446255
0.500267
-0.863442
-0.856813
-0.969584
-0.604626
-0.662008
-0.664927
-0.642449
-0.646216
-0.588826
-0.666787
-0.669198
-0.607723
-0.989773
-0.876645
-0.87022
0.532438
0.392843
0.386004
0.406663
0.39619
0.537525
0.540183
0.482574
0.480608
-0.425506
-0.280359
-0.263495
-0.409056
-0.405991
-0.46472
2.13553
2.58411
2.58472
2.57377
2.57949
2.01958
1.12402
1.34632
1.35071
1.33743
1.34182
1.11903
-0.262899
-0.25868
-0.0190289
-0.75055
-0.49905
-0.498521
-0.487466
-0.514442
-0.769736
1.04741
1.3277
1.33281
1.3157
1.32203
1.0445
1.77115
1.54619
1.54045
0.227306
0.235826
0.199802
0.520124
0.410604
0.387672
0.402727
0.406275
0.514535
-0.37592
-0.243139
-0.221647
-0.252835
-0.256709
-0.385575
0.116824
-0.0176587
-0.0462044
0.424181
0.488359
0.334735
0.634976
0.540688
0.524776
0.516954
0.536128
0.635185
-0.354708
-0.273116
-0.294026
-0.127717
-0.0733709
-0.283111
0.265676
0.012904
0.0259781
1.0552
1.0514
0.931068
1.29072
1.17147
1.17537
1.16483
1.16819
1.28837
-1.17618
-1.12255
-1.12402
1.02911
1.02991
0.908445
1.26928
1.15
1.14936
1.15256
1.15127
1.27119
1.26819
1.14863
1.14918
1.14871
1.1487
1.26908
0.906898
1.02837
1.02853
-1.09042
-1.08393
-1.14524
-0.809745
-0.803364
-0.918167
-0.572628
-0.688549
-0.695164
-0.676153
-0.682233
-0.566539
0.884558
0.663367
0.614577
0.653235
0.658085
0.8807
0.213373
0.434266
0.429045
0.839523
0.857421
0.969983
0.606077
0.746447
0.724172
0.788966
0.769019
0.622734
-1.09872
-1.10559
-1.15763
-1.3078
-1.29638
-1.19162
-1.5064
-1.40104
-1.41232
-1.37661
-1.38938
-1.49623
-1.54569
-1.44153
-1.44991
-1.42267
-1.43255
-1.53708
-1.22358
-1.32787
-1.31822
1.03255
1.03121
0.909319
1.27137
1.15171
1.15329
1.14965
1.15073
1.27128
1.27878
1.15919
1.16207
1.1548
1.15699
1.27757
0.91393
1.03614
1.03407
0.759768
0.763828
0.826602
0.636999
0.700493
0.694524
0.712574
0.707814
0.649241
0.625332
0.689272
0.689362
0.689157
0.689138
0.624887
0.81593
0.752925
0.753182
0.658556
0.716485
0.715242
0.71755
0.717073
0.65833
0.836243
0.776713
0.777926
-1.32194
-1.32354
-1.27495
-1.42537
-1.37742
-1.37674
-1.44641
-1.3923
-1.39421
-1.3887
-1.3907
-1.44584
1.27464
1.15631
1.15447
1.16076
1.15861
1.27734
0.921331
1.03971
1.04221
0.769103
0.766014
0.826529
0.64614
0.703011
0.707809
0.692292
0.697117
0.636519
0.752284
0.752529
0.81557
0.625685
0.689207
0.688974
0.689486
0.689467
0.626261
0.621414
0.687772
0.689302
0.687208
0.687179
0.621263
0.817118
0.753218
0.752797
-1.44025
-1.38371
-1.38089
-1.38894
-1.38657
-1.44339
-1.3584
-1.35711
-1.4119
-1.25528
-1.30617
-1.30681
-1.45162
-1.39808
-1.39927
-1.39563
-1.39716
-1.45168
-1.44823
-1.39352
-1.3915
-1.39699
-1.3956
-1.45076
-1.0422
-1.03883
-1.09562
-0.922986
-0.982661
-0.986248
-0.978523
-0.980522
-0.923595
-1.13246
-1.07953
-1.07526
-1.30901
-1.31551
-1.20553
-1.53326
-1.42461
-1.41841
-1.43675
-1.43077
-1.53912
-1.50931
-1.39985
-1.39387
-1.41224
-1.40599
-1.51525
-1.18668
-1.29634
-1.30269
0.823223
0.819725
0.930145
0.569282
0.708947
0.712092
0.700819
0.705151
0.567446
0.60761
0.718974
0.721385
0.714382
0.716652
0.606156
0.938813
0.828279
0.825914
0.330437
0.271917
0.271392
0.272941
0.272153
0.331673
0.842292
0.83967
0.950558
0.616573
0.728293
0.73106
0.723705
0.725923
0.614413
0.270439
0.269237
0.326232
-0.446408
-0.383222
-0.413901
-0.450958
-0.444742
-0.504312
-0.517784
-0.461416
-0.457313
0.502963
0.52786
0.582845
0.529659
0.500806
0.451702
0.526703
0.45752
0.477779
0.4652
0.465561
0.521742
0.35338
0.409485
0.407674
0.343967
0.405805
0.408795
0.405904
0.404994
0.343833
0.523482
0.465031
0.464763
0.474625
0.473733
0.529912
0.362294
0.417185
0.417935
0.412681
0.415633
0.360579
-0.813565
-0.760376
-0.773996
-0.732469
-0.746904
-0.80059
-0.858528
-0.807772
-0.818478
-0.786901
-0.79838
-0.848659
-1.12875
-1.13455
-1.18955
-0.825067
-0.764841
-0.764974
-0.774208
-0.767994
-0.828479
-0.813922
-0.757182
-0.752089
-0.765264
-0.762311
-0.818007
-0.421166
-0.41852
-0.477508
-0.299396
-0.358752
-0.360559
-0.351981
-0.356001
-0.29648
-0.36339
-0.367985
-0.306969
-0.487998
-0.428251
-0.424155
0.652542
0.588329
0.590467
0.585126
0.587253
0.649791
0.672605
0.608919
0.615584
0.594945
0.601567
0.666345
0.624472
0.559939
0.55806
0.635545
0.571296
0.580307
0.558518
0.56335
0.62985
0.580538
0.572024
0.507416
0.697614
0.635346
0.642843
0.621707
0.628337
0.691616
-1.14247
-1.09027
-1.09402
-1.05957
-1.06545
-1.11757
-0.961428
-1.01303
-1.00766
-1.0243
-1.01826
-0.965075
0.62071
0.688166
0.688041
0.690832
0.688936
0.621128
0.81975
0.755129
0.75701
0.753253
0.753434
0.817601
0.623958
0.688969
0.689176
0.688306
0.688613
0.623089
0.778924
0.780229
0.841436
0.657194
0.718567
0.717968
0.719962
0.719195
0.657045
-1.43064
-1.37668
-1.37836
-1.37578
-1.37594
-1.42993
-1.262
-1.32094
-1.32076
-1.3387
-1.33533
-1.27633
-1.43902
-1.38446
-1.38686
-1.3801
-1.38239
-1.43789
0.658335
0.716258
0.717356
0.711583
0.714403
0.656959
0.831934
0.773555
0.771675
0.625185
0.688688
0.688261
0.688922
0.688823
0.625451
0.814702
0.752199
0.752327
0.752484
0.752439
0.816198
0.62343
0.687835
0.687504
0.688037
0.687885
0.623601
-1.4299
-1.37119
-1.36816
-1.37758
-1.3745
-1.43343
-1.26476
-1.32713
-1.33105
-1.30719
-1.30858
-1.24579
-1.41898
-1.36045
-1.35932
-1.36507
-1.36251
-1.42216
-1.45408
-1.4008
-1.40104
-1.39993
-1.40072
-1.4549
-1.45305
-1.39952
-1.39857
-1.40069
-1.40053
-1.45476
0.658133
0.598903
0.596079
0.602984
0.600972
0.660147
0.646513
0.585069
0.584388
0.591615
0.587412
0.649114
0.557404
0.559893
0.504537
0.680921
0.614947
0.615017
0.666216
0.606669
0.604773
0.612274
0.609198
0.668896
0.487323
0.549119
0.553134
0.560069
0.562336
0.622715
0.639743
0.582636
0.581287
0.584305
0.583862
0.641772
0.625983
0.561945
0.559285
0.577424
0.568887
0.63024
-1.10635
-1.05122
-1.04659
-1.0699
-1.06511
-1.12022
0.451838
0.451784
0.508837
0.514718
0.456512
0.453252
0.422371
0.418386
0.478767
0.495594
0.439245
0.429752
-0.800966
-0.744192
-0.740848
-0.748458
-0.74626
-0.803573
-0.786773
-0.728329
-0.725425
-0.736478
-0.731991
-0.790202
-0.61205
-0.673227
-0.678844
0.34246
0.282723
0.275989
0.295643
0.291272
0.348196
-0.209319
-0.147634
-0.130338
-0.164691
-0.157094
-0.216409
-2.58927
-2.57324
-1.98297
-3.49951
-3.03788
-3.05173
-1.06229
-1.29255
-1.30162
-1.27313
-1.28328
-1.05118
0.418654
0.444442
0.391765
0.502701
0.470968
0.457089
0.452971
0.478988
0.500878
0.00638855
0.120553
0.110802
0.113486
0.125179
0.0177475
0.321805
0.23323
0.210703
-1.01671
-1.26843
-1.25565
-1.30154
-1.28505
-0.96372
0.943499
1.06372
1.0592
0.946354
1.06355
1.06682
-0.916112
-0.970886
-0.975313
-0.961504
-0.96599
-0.909894
-1.07887
-1.02324
-1.01939
1.09714
1.09059
0.970209
0.68672
0.748797
0.746346
0.752657
0.749898
0.687469
-0.936572
-0.987276
-0.978647
-1.00154
-0.994613
-0.943639
-1.09798
-1.04686
-1.05349
0.794142
0.79764
0.859457
0.677038
0.73771
0.733066
0.744903
0.741295
0.681598
-1.2605
-1.3107
-1.30648
1.04498
1.04781
0.92989
1.28315
1.16584
1.16337
1.1714
1.1687
1.28638
0.662351
0.725112
0.728639
0.720896
0.722455
0.659301
0.844604
0.784407
0.782705
0.677963
0.737655
0.739078
0.732314
0.735181
0.675392
-1.28458
-1.28866
-1.23744
-1.25811
-1.26452
-1.1537
-1.38773
-1.38163
-1.49221
0.629065
0.740926
0.744452
0.734133
0.737623
0.625628
0.959073
0.848
0.844986
-0.548517
-0.664723
-0.670438
-0.653118
-0.659231
-0.542594
0.359306
0.418795
0.420336
0.418141
0.418245
0.359944
0.533035
0.476152
0.475353
-0.70109
-0.714003
-0.847402
-0.432523
-0.577064
-0.564852
-0.616521
-0.593792
-0.449461
-0.759766
-0.702235
-0.717385
-0.66739
-0.68689
-0.747483
-0.571967
-0.627625
-0.607181
-1.0159
-1.01281
-1.06851
-0.898461
-0.955368
-0.957983
-0.950175
-0.953016
-0.896643
0.649732
0.658911
0.719409
0.532347
0.597807
0.588664
0.657617
0.722567
0.720951
0.728697
0.72505
0.659873
0.850504
0.788462
0.791331
-1.23968
-1.29242
-1.28796
-1.30426
-1.30093
-1.2476
0.781219
0.780069
0.840063
0.658227
0.719374
0.719986
0.718157
0.718763
0.658544
0.683295
0.743522
0.744733
0.740887
0.741922
0.682502
-1.22345
-1.27756
-1.28009
-1.26487
-1.26775
-1.21351
0.573597
0.57776
0.517794
0.506204
0.56696
0.569869
-0.654698
-0.658517
-0.600212
-0.722912
-0.720015
-0.775818
-0.591817
-0.649082
-0.652051
0.48446
0.484328
0.542373
0.371907
0.428761
0.431031
0.422936
0.42595
0.367963
0.381909
0.438129
0.440846
0.433234
0.436
0.379776
-0.283416
-0.345245
-0.34816
-0.34173
-0.343404
-0.282581
-0.462339
-0.403672
-0.401574
0.329013
0.280137
0.279619
0.273861
0.279871
0.331097
0.181092
0.229521
0.22342
0.0159337
-0.00107585
0.107774
-0.163578
-0.0890815
-0.0884602
-0.119544
-0.101401
-0.172103
-0.247717
-0.257586
-0.340938
-0.0804455
-0.173344
-0.163225
-0.210599
-0.18879
-0.0956722
3.22221
2.31173
2.30858
1.40076
0.488338
0.484078
-0.426021
-1.34241
-1.34535
-2.26285
-3.18665
-3.18124
5.05634
4.14527
4.13576
-4.13303
-5.05591
-5.04477
6.90337
5.99419
5.98444
1.65741
1.20153
1.19398
-0.167242
-0.633473
-0.636094
-5.99429
-6.90743
-6.89917
6.90393
5.99455
5.99611
3.5071
3.05653
3.05402
-0.00482782
-0.249339
-0.251836
-6.01527
-6.92485
-6.91616
6.89944
5.98656
5.99122
-2.04617
-2.27468
-2.26024
-6.03374
-6.93819
-6.93225
6.89202
5.97603
5.98098
-2.15928
-2.37368
-2.3639
-6.04596
-6.94621
-6.94305
6.88753
5.97089
5.97258
-2.20152
-2.41251
-2.41147
-6.0455
-6.94502
-6.94694
6.88779
5.97268
5.97105
-2.16739
-2.38266
-2.38914
-6.03119
-6.93355
-6.94048
6.89156
5.97873
5.97538
3.46407
3.00814
3.00178
-2.09333
-2.31593
-2.32509
-6.00787
-6.91437
-6.92465
6.89631
5.98529
5.98221
3.48278
3.03062
3.02577
1.78875
1.56508
1.56083
-5.98043
-6.89099
-6.90302
6.89775
5.9839
5.98678
3.47555
3.01783
3.02937
0.056327
-0.0614798
-0.0589057
-2.05433
-2.51895
-2.53186
-5.95107
-6.86528
-6.8784
6.88534
5.96776
5.97639
1.64611
1.19285
1.19712
-0.176264
-0.642376
-0.639245
-2.03105
-2.49359
-2.49687
-5.93758
-6.85329
-6.85761
5.05001
4.13926
4.14074
-4.09763
-5.01505
-5.01712
3.22407
2.31282
2.31514
1.3994
0.484984
0.489424
-0.429236
-1.3463
-1.34477
-2.26148
-3.17951
-3.17967
1.55632
1.55145
1.77599
-1.74497
-1.51467
-1.50585
1.60159
1.60865
1.82745
0.444319
0.456777
0.228412
1.97504
2.20717
2.19846
-2.35326
-2.34158
-2.12334
1.92631
2.16253
2.15883
2.19199
2.18429
1.95056
-2.40944
-2.40609
-2.19426
1.92789
2.16202
2.16361
2.15844
2.15622
1.92121
-2.39517
-2.40035
-2.18813
2.16742
2.1699
1.93806
0.960897
1.07711
1.08054
-2.33412
-2.34287
-2.12261
0.289758
0.284216
0.171998
-1.49598
-1.4858
-1.71802
1.12847
1.11969
1.00021
-1.27202
-1.26663
-1.2165
-1.22672
-1.27864
-1.27447
-1.18971
-1.24531
-1.24772
-1.25083
-1.25347
-1.19615
-1.23285
-1.23916
-1.12793
0.970663
0.860824
0.857439
0.854236
0.850924
0.961508
-0.78627
-0.780749
-0.896333
1.03074
1.14788
1.13784
1.21227
1.2035
1.09383
3.0203
3.01439
3.46916
1.02555
1.13791
1.142
1.11331
1.11721
1.00286
-3.47469
-3.01758
-3.00562
-3.04377
-3.03017
-3.48597
-1.03781
-1.15695
-1.13921
-1.25568
-1.24055
-1.1332
0.991138
1.10607
1.10946
1.08407
1.08761
0.972068
-1.10836
-1.22026
-1.22657
-1.18298
-1.18944
-1.07631
-1.05729
-1.17076
-1.17735
0.34893
0.365245
0.242009
0.907301
0.917219
1.01844
0.113587
-0.0175499
-0.0326693
-0.487008
-0.552856
-0.538295
-0.578101
-0.635542
-0.639193
-0.613783
-0.617766
-0.559794
0.55579
0.611419
0.614478
0.588349
0.592207
0.533445
3.03615
3.03456
3.48614
1.57301
1.56915
1.79243
0.594631
0.609913
0.643011
-0.550062
-0.605898
-0.610673
0.576714
0.639799
0.627918
0.714852
0.703518
0.65544
0.572671
0.629887
0.634498
0.616775
0.619411
0.563712
-3.01622
-3.02622
-3.48877
-1.5315
-1.5229
-1.7528
-1.50231
-1.51343
-1.75468
-1.12532
-1.11503
-0.987923
1.30721
1.18829
1.19331
1.17924
1.18377
1.30358
1.29376
1.17715
1.1744
1.18322
1.18022
1.29716
1.32828
1.20973
1.21616
1.19833
1.20399
1.32334
-1.48593
-1.37539
-1.36924
-0.892085
-0.77569
-0.769944
-0.521037
-0.508968
-0.427919
2.12393
2.5791
2.59206
1.22494
1.21207
1.66922
0.300234
0.755398
0.890438
0.739759
0.746857
0.291466
-0.749217
-0.631212
-0.158834
-1.58705
-1.11231
-1.11514
-1.1066
-1.10991
-1.58499
-2.53694
-2.52863
-2.05782
3.04998
3.0549
3.505
2.05162
2.60674
2.60181
2.60269
2.60686
2.05065
1.15213
1.37766
1.38746
-0.240741
-0.245264
0.00624779
-0.74832
-0.500554
-0.496426
-0.502122
-0.502439
-0.750681
-2.30251
-2.28862
-2.06205
-2.38981
-2.38221
-2.16856
-2.41088
-2.4122
-2.20142
-2.36795
-2.37549
-2.15917
-2.29726
-2.30663
-2.08335
2.10764
2.5585
2.55677
2.57663
2.5641
2.11105
1.10227
1.32478
1.32287
1.32845
1.32634
1.10492
-0.063216
-0.0651312
0.0475086
-0.314114
-0.188905
-0.193691
-0.205149
-0.192149
-0.330006
-2.49997
-2.5085
-2.03993
-3.43527
-2.97364
-2.96454
-2.99395
-2.98321
-3.44394
2.55521
2.55349
2.09995
1.18474
1.18854
1.6428
0.275253
0.732093
0.728944
0.739657
0.736309
0.28253
-0.648233
-0.645752
-0.18313
-1.56892
-1.10557
-1.10767
-1.10023
-1.10307
-1.56842
-1.76548
-1.75746
-1.65199
-1.72382
-1.82881
-1.82482
-1.83281
-1.82939
-1.72563
-1.6733
-1.77884
-1.77115
-1.79061
-1.78361
-1.67932
-1.70723
-1.81565
-1.81819
-1.80727
-1.8105
-1.70315
-1.72983
-1.83548
-1.83271
-1.83659
-1.83464
-1.73003
-1.69026
-1.79793
-1.80173
-1.78825
-1.79227
-1.68515
1.12816
1.34934
1.33608
1.35474
1.35714
1.13779
1.80172
1.5786
1.57635
0.219956
0.221679
0.160264
0.0950093
0.0594802
0.0384925
1.13001
1.39146
1.38515
1.39276
1.3944
1.18028
1.83064
1.61192
1.61154
0.912833
0.68434
0.671044
0.719135
0.701455
0.927105
0.244831
0.474943
0.496029
-0.992555
-1.23255
-1.23215
-1.24525
-1.23731
-0.992682
-1.72665
-1.48248
-1.49223
2.22425
2.21495
1.98439
2.01532
2.24196
2.23289
-0.900159
-0.952005
-0.941786
-0.970582
-0.960628
-0.909791
-2.10894
-2.32924
-2.31614
2.16952
2.16438
1.92934
1.94423
2.17937
2.1729
-2.18953
-2.40179
-2.39624
2.15846
2.15894
1.92517
1.92134
2.15715
2.15635
-2.19326
-2.40485
-2.40829
2.18215
2.18594
1.95609
1.94235
2.17426
2.17748
1.07023
1.07364
0.957264
1.30557
1.18963
1.1865
1.19615
1.19297
1.30911
-2.13218
-2.35154
-2.3599
-0.874749
-0.930946
-0.934151
-0.924034
-0.92756
-0.871286
0.422268
0.416691
0.185986
0.868578
0.64209
0.647651
0.504591
0.393925
0.399067
0.380085
0.388395
0.50132
0.163724
0.279202
0.278251
-0.502955
-0.50802
-0.74225
-0.0434201
-0.274526
-0.269165
-1.01336
-1.25204
-1.26246
-1.22748
-1.2415
-0.999472
1.22279
1.23005
1.34816
0.991771
1.11165
1.10412
0.729042
0.791338
0.786167
0.801481
0.795244
0.733835
-1.71217
-1.81725
-1.81216
-1.82363
-1.81908
-1.71529
-1.28535
-1.28096
-1.22924
-1.69574
-1.80085
-1.79455
-1.80969
-1.80401
-1.70016
-1.72074
-1.82882
-1.82978
-1.82289
-1.82468
-1.71748
-1.72893
-1.83587
-1.83488
-1.83324
-1.83325
-1.72727
0.709204
0.768286
0.7706
0.763895
0.765806
0.706858
0.701287
0.759994
0.761683
0.756172
0.757782
0.699313
-1.64818
-1.75714
-1.76194
-1.23861
-1.24199
-1.18721
-1.19998
-1.25737
-1.26058
-1.66992
-1.77822
-1.78254
-1.76782
-1.77239
-1.66446
-0.861122
-0.917225
-0.920678
-0.909787
-0.913921
-0.858011
-1.46208
-1.35084
-1.34469
-1.36308
-1.35697
-1.46805
-1.13445
-1.24548
-1.25177
0.86615
0.863716
0.972622
0.646699
0.755189
0.75797
0.748082
0.751794
0.642383
0.622234
0.729237
0.725224
0.755466
0.741954
0.633666
-0.763591
-0.75354
-0.871818
-0.512672
-0.634483
-0.645563
-0.616908
-0.623156
-0.502644
1.17143
1.15883
1.04254
1.08132
1.19263
1.18207
1.12967
1.13391
1.02102
1.00728
1.12141
1.12551
-1.1911
-1.1741
-1.05747
-1.45916
-1.34954
-1.36346
-1.32029
-1.33521
-1.4465
-1.11573
-1.22476
-1.20819
1.09846
1.10229
0.987301
0.975974
1.09121
1.09478
-1.20769
-1.21399
-1.10183
-1.08248
-1.19512
-1.20145
0.585527
0.478522
0.464237
0.507099
0.490964
0.597129
0.260658
0.380636
0.401575
0.701774
0.810529
0.817745
0.723913
0.818422
0.806569
0.822334
0.823076
0.727182
1.02363
0.922295
0.923669
-0.419929
-0.547882
-0.553782
-0.556094
-0.550569
-0.4168
-0.821288
-0.685335
-0.691028
0.0107884
-0.00427037
0.130993
-0.281415
-0.144034
-0.134567
-0.166197
-0.153933
-0.288731
-0.856456
-0.912307
-0.900063
-0.932097
-0.921652
-0.867597
-0.5892
-0.57206
-0.508707
-0.885971
-0.943479
-0.94685
-0.937166
-0.940241
-0.8827
-0.628677
-0.632524
-0.57523
-0.563476
-0.621078
-0.625235
0.712496
0.774624
0.770138
0.782403
0.777755
0.715862
0.694893
0.758676
0.754655
0.766771
0.761955
0.699405
0.773165
0.77626
0.715551
0.691602
0.751479
0.75368
0.746741
0.748715
0.688263
0.604193
0.608311
0.551946
0.537436
0.595882
0.600274
0.390116
0.447615
0.450832
0.442833
0.445606
0.388089
0.404683
0.4605
0.463611
0.453448
0.457651
0.400695
-0.27623
-0.335755
-0.33998
-0.324746
-0.33239
-0.271395
-0.474699
-0.60358
-0.613031
0.446957
0.44153
0.375935
-0.239495
-0.298965
-0.314476
0.442938
0.425269
0.468481
0.306495
0.375528
0.397836
0.532567
0.568432
0.551957
0.572331
0.575699
0.538797
-0.157271
-0.161828
-0.080926
0.190953
0.168447
0.237586
0.00153747
0.0869193
0.10251
0.723306
0.72424
0.610621
0.66518
0.652454
0.590763
0.639103
0.691184
0.679293
0.625486
0.628121
0.571237
0.565553
0.621285
0.62371
3.21782
2.30605
2.30348
1.39395
0.480924
0.477886
-0.433135
-1.34786
-1.35042
-2.26373
-3.17989
-3.18094
5.0428
4.13228
4.1304
-4.11137
-5.03355
-5.02172
6.88825
5.9695
5.95861
-5.97517
-6.89108
-6.88264
-2.05456
-2.52139
-2.51617
-3.94903
-4.40802
-4.40058
-3.98938
-4.4421
-4.43289
-4.02797
-4.47345
-4.46562
-4.04198
-4.48483
-4.48311
-4.02422
-4.46958
-4.47445
-3.98561
-4.43617
-4.44498
-2.0165
-2.24385
-2.25286
-3.94171
-4.39747
-4.40703
1.77351
1.54922
1.55313
3.46132
3.00705
3.00826
6.87369
5.96146
5.96298
-5.93078
-6.84617
-6.84917
5.04814
4.13673
4.13793
-4.095
-5.01082
-5.0128
3.22144
2.30859
2.31058
1.40135
0.474353
0.481237
-0.436555
-1.34541
-1.34717
-2.26313
-3.17878
-3.17962
1.56419
1.57477
1.8004
2.25765
2.25049
2.02543
1.96109
2.19076
2.19495
-2.26144
-2.27073
-2.04461
0.17861
0.412597
0.415497
-0.27666
-0.278381
-0.0501596
0.832524
0.837264
0.946468
-0.862975
-0.742823
-0.736333
2.00095
2.22636
2.23048
2.19979
2.20428
1.97643
-1.13521
-1.14188
-1.02736
1.0528
1.16405
1.1672
1.14561
1.1494
1.03777
-2.24837
-2.23723
-2.00288
1.18894
1.18394
1.63832
0.271908
0.72888
0.734447
-0.638763
-0.643295
-0.185578
-1.56812
-1.10403
-1.10328
3.04624
3.03565
3.49435
2.55782
2.56763
2.11192
0.197195
0.426404
0.435484
-0.255506
-0.262111
-0.0320379
-3.46503
-2.99933
-3.00807
3.95601
4.40802
4.4051
2.04793
2.26919
2.26457
1.60898
1.60228
1.82586
1.35637
1.36595
1.13972
-4.42492
-4.41665
-3.9588
3.93471
4.39181
4.38555
4.40148
4.39695
3.94166
-4.45917
-4.45007
-4
3.90986
4.37145
4.36714
4.38065
4.37497
3.91479
-2.81411
-2.59805
-2.60522
-2.58138
-2.59043
-2.80838
-4.48246
-4.47729
-4.03415
3.90099
4.36298
4.36235
4.3654
4.36292
3.90134
-2.84027
-2.62651
-2.62579
-2.62536
-2.62672
-2.84182
-4.48017
-4.48203
-4.04007
3.90867
4.36788
4.37024
4.36396
4.36508
3.90548
-2.81191
-2.59429
-2.58749
-2.60674
-2.601
-2.81876
-4.45428
-4.46163
-4.01578
4.37363
4.37674
3.92034
-4.41675
-4.42632
-3.97458
-2.22725
-2.236
-2.00762
3.00927
3.01109
3.46675
1.54634
1.54782
1.77163
2.09751
2.55147
2.55013
-2.48886
-2.49114
-2.02965
-1.64502
-1.75175
-1.74205
-1.62458
-1.73488
-1.74025
1.12286
1.22643
1.22157
-2.78156
-2.56131
-2.5719
-2.53889
-2.55047
-2.77282
-2.8343
-2.62016
-2.62355
-2.61098
-2.61633
-2.83215
-2.83167
-2.61675
-2.61234
-2.62352
-2.62084
-2.83649
-2.78487
-2.5641
-2.55598
-2.57992
-2.57225
-2.79284
-2.05413
-2.27941
-2.28836
1.32028
1.31852
1.09291
0.631221
0.636976
0.8649
-0.745923
-0.512618
-0.517178
-0.977295
-1.21149
-1.2159
-1.71046
-1.47717
-1.4674
1.35476
1.23759
1.24585
-1.74621
-1.75123
-1.64244
0.960198
0.85076
0.864018
1.38487
1.27209
1.28357
1.25442
1.26321
1.37787
2.21797
2.22241
1.9965
1.98164
2.20898
2.21357
-1.40858
-1.29055
-1.3052
-1.25997
-1.27617
-1.39688
1.33158
1.21755
1.21354
1.31819
1.20289
1.19957
1.20988
1.20641
1.32178
-1.43844
-1.32636
-1.32017
-1.33857
-1.33244
-1.44423
-1.31413
-1.30784
-1.41984
-1.15857
-1.16509
-1.0511
-1.03285
-1.14686
-1.15328
0.921997
0.916785
1.02024
0.78918
0.802371
0.690421
1.15855
1.16162
1.05023
1.04121
1.15251
1.15588
-1.99146
-2.22642
-2.21974
-0.975338
-1.10428
-1.09699
0.661487
0.652298
0.878349
-0.749845
-0.502002
-0.500493
2.27283
2.27317
2.05126
1.23164
1.23098
1.12759
5.04031
4.12892
4.12718
-4.09724
-5.01388
-5.01275
-5.95409
-6.87247
-6.86031
-7.80565
-8.71916
-8.71293
8.72279
7.81313
7.81096
3.48384
3.02455
3.01397
-7.81996
-8.73174
-8.72531
8.724
7.81372
7.81387
1.81628
1.59116
1.58019
-7.83486
-8.74452
-8.73794
8.72293
7.81148
7.81294
-7.84482
-8.75184
-8.74874
8.71952
7.80657
7.8093
-7.84996
-8.75463
-8.75319
8.717
7.80281
7.80436
-7.84796
-8.75209
-8.75356
8.71646
7.80236
7.80221
-7.83789
-8.74329
-8.74795
8.71773
7.80471
7.80328
-7.82178
-8.72957
-8.73659
8.72031
7.80831
7.80643
-7.80196
-8.71239
-8.72112
-3.90333
-4.36214
-4.37119
-7.78149
-8.69422
-8.70315
1.63592
1.17879
1.18146
-0.198615
-0.647202
-0.649659
-5.92582
-6.84088
-6.8435
-1.47052
-1.47439
-1.71711
-2.19623
-2.20462
-1.97492
2.23391
2.23776
2.01293
2.09192
2.54671
2.55144
-2.51112
-2.50656
-2.0376
3.95114
4.40609
4.40934
-2.98202
-2.98975
-3.45624
-4.39398
-4.3888
-3.92772
4.4102
4.41015
3.95806
-2.21271
-2.20789
-1.96836
-2.74251
-2.51544
-2.5272
-2.4914
-2.50425
-2.73377
3.92451
4.38021
4.3836
-2.7539
-2.53015
-2.52098
-2.54746
-2.53892
-2.76219
3.939
4.3925
4.39525
4.38683
4.39001
3.93605
-4.37962
-4.38865
-3.93157
-2.95842
-2.9551
-3.41505
0.727161
0.732787
0.253147
-1.10948
-1.11119
-1.56977
-1.98248
-2.21158
-2.21991
2.01628
2.24063
2.24434
2.04799
2.27069
2.27278
-1.20434
-1.18051
-1.149
-1.2111
-1.19083
-1.16276
-1.20336
-1.17979
-1.1493
-1.19898
-1.17504
-1.14428
0.388664
0.355499
0.329915
-0.5234
-0.499225
-0.487254
0.37224
0.337531
0.306299
0.378976
0.344481
0.31469
0.392969
0.359785
0.334208
0.157188
0.121254
0.0950086
-0.554014
-0.534872
-0.52745
-1.17525
-1.15179
-1.12032
-1.1721
-1.14978
-1.11905
-1.21803
-1.19452
-1.16348
-1.21844
-1.19458
-1.16308
-1.15996
-1.1372
-1.10781
-1.16465
-1.14081
-1.1107
0.232624
0.199473
0.173835
0.246953
0.213782
0.188155
0.136781
0.108116
0.0904042
-0.0395047
-0.0239881
-0.0393659
-0.986007
-0.96639
-0.940373
-0.941802
-0.919547
-0.889855
-0.994551
-0.972146
-0.943872
-1.19537
-1.17282
-1.1425
-1.21395
-1.19011
-1.15868
-1.21266
-1.18871
-1.15757
-1.18673
-1.16338
-1.13332
-0.924548
-0.899495
-0.870523
0.310397
0.273724
0.226266
0.37515
0.342037
0.316448
0.267085
0.233819
0.208241
0.252034
0.218872
0.193251
-0.249405
-0.217132
-0.191647
0.519453
0.485856
0.459798
0.51667
0.483063
0.457168
0.514039
0.480381
0.454277
0.517977
0.484166
0.458036
0.506803
0.472349
0.446301
0.51227
0.478582
0.452537
0.509326
0.474975
0.448794
0.520077
0.486442
0.460396
0.518749
0.485059
0.45909
0.516618
0.483064
0.457207
0.519017
0.485316
0.459281
0.512246
0.478582
0.452621
0.513298
0.479809
0.453901
0.516623
0.482966
0.456984
0.514646
0.481087
0.455178
0.510262
0.476713
0.450961
0.443451
0.410173
0.384516
0.405921
0.372663
0.347103
0.271673
0.238355
0.212776
-0.929891
-0.911084
-0.881891
-0.890447
-0.867613
-0.839112
-0.876563
-0.856042
-0.828728
-1.19393
-1.17393
-1.14591
-1.14891
-1.13001
-1.09647
-1.21822
-1.19634
-1.1668
-1.2149
-1.19135
-1.1606
-1.13928
-1.11936
-1.09062
-1.17929
-1.15482
-1.12419
-0.822453
-0.795027
-0.766455
-0.865417
-0.838139
-0.807648
-0.834323
-0.807171
-0.778455
-0.913303
-0.887221
-0.858098
-0.882153
-0.853251
-0.82523
-0.640732
-0.610444
-0.583592
-0.532606
-0.502706
-0.475728
-0.520027
-0.489897
-0.463143
-0.231873
-0.200031
-0.174411
-0.18709
-0.154862
-0.129847
-1.12576
-1.10181
-1.07072
-1.11812
-1.09431
-1.06343
-1.20031
-1.17656
-1.1452
-1.13502
-1.11281
-1.08328
-1.14299
-1.12183
-1.09336
-1.21113
-1.18838
-1.15798
-1.20933
-1.18754
-1.15825
-1.10582
-1.08156
-1.05042
-1.11159
-1.08838
-1.05727
-1.19512
-1.1709
-1.13981
-1.10145
-1.07873
-1.04908
-1.09313
-1.06942
-1.03953
0.355627
0.322519
0.296941
0.360364
0.327218
0.301651
0.384372
0.351162
0.325569
0.350764
0.317675
0.292093
0.345827
0.312732
0.287147
-0.480837
-0.458139
-0.446396
-0.462302
-0.43158
-0.40443
-0.449474
-0.418963
-0.392309
0.366583
0.334185
0.303421
0.329836
0.299267
0.263417
0.386242
0.352959
0.324249
0.397186
0.363964
0.338397
0.163733
0.129213
0.103305
-0.581878
-0.556414
-0.536126
-1.07874
-1.06105
-1.03024
-1.18027
-1.15676
-1.12529
-1.1691
-1.14966
-1.12115
-1.21836
-1.1953
-1.16469
-1.22269
-1.2031
-1.17565
-1.15213
-1.12853
-1.09826
-1.16855
-1.14366
-1.1128
-1.05264
-1.0304
-1.00155
-0.480211
-0.448689
-0.422428
-0.494436
-0.464228
-0.437894
0.399346
0.362938
0.297526
0.348633
0.311781
0.22776
0.237132
0.203901
0.178272
0.241917
0.208735
0.183103
-0.971238
-0.949334
-0.92074
-0.9564
-0.93329
-0.903616
-1.00856
-0.98215
-0.953737
-1.10626
-1.08446
-1.05498
-1.11148
-1.08806
-1.05743
-1.19681
-1.17306
-1.14181
-1.15472
-1.12795
-1.09821
-1.14638
-1.12341
-1.09337
-1.21171
-1.18804
-1.15687
-1.21296
-1.19155
-1.16261
-1.13648
-1.11054
-1.08157
-1.11936
-1.09674
-1.06427
-1.1944
-1.17364
-1.14539
-1.07485
-1.04955
-1.01919
-1.08359
-1.05866
-1.02838
-0.941468
-0.91532
-0.884203
-0.931348
-0.904927
-0.874772
0.369972
0.336814
0.311264
0.364778
0.331606
0.306052
0.379772
0.346578
0.32097
0.335874
0.302667
0.276887
0.340793
0.307693
0.282065
0.330032
0.297263
0.271257
0.262199
0.22902
0.203413
0.257132
0.223982
0.198366
-0.439255
-0.416836
-0.418015
-0.408845
-0.377022
-0.351028
-0.423589
-0.39297
-0.366872
-0.436577
-0.405956
-0.379584
0.353564
0.319718
0.287958
0.360308
0.324803
0.294638
0.347036
0.314229
0.282793
0.336755
0.302332
0.266557
0.393007
0.358733
0.330387
0.474155
0.441102
0.41462
0.518679
0.484989
0.458914
0.517676
0.48398
0.457974
0.515547
0.481977
0.455885
0.516916
0.483288
0.457195
0.510428
0.476735
0.450794
0.510687
0.476658
0.450489
0.520503
0.486682
0.460609
0.518445
0.484869
0.459019
0.518779
0.484973
0.458955
0.519239
0.485499
0.459451
0.512476
0.478979
0.452983
0.51302
0.479471
0.453463
0.516463
0.482827
0.456797
0.516675
0.482893
0.456825
0.5096
0.475907
0.450124
0.401139
0.367896
0.342337
0.27726
0.244083
0.218489
-0.904247
-0.88111
-0.852133
-0.927698
-0.905343
-0.880714
-0.862164
-0.845704
-0.820617
-1.0995
-1.07921
-1.05063
-1.08787
-1.06646
-1.03546
-1.18549
-1.16161
-1.12978
-1.15877
-1.13828
-1.10692
-1.22022
-1.19914
-1.17031
-1.21879
-1.19647
-1.16669
-1.1446
-1.12151
-1.09081
-1.1736
-1.14895
-1.11823
-1.06676
-1.04152
-1.01117
-1.0586
-1.03353
-1.00288
-1.04688
-1.02034
-0.992016
-0.811334
-0.784191
-0.756017
-0.855103
-0.828145
-0.79879
-0.846292
-0.82004
-0.791315
-0.891091
-0.865014
-0.836267
-0.901709
-0.875242
-0.846103
-0.546248
-0.516754
-0.48925
-0.507205
-0.476995
-0.450455
-0.217248
-0.185696
-0.160486
-0.202225
-0.17045
-0.145417
0.479869
0.47869
0.470043
0.450316
0.481507
0.512748
0.395584
0.438143
0.474746
0.174468
0.14163
0.116129
0.175901
0.143392
0.117834
0.425268
0.391444
0.363536
0.460445
0.426761
0.399364
0.418789
0.383136
0.354394
0.463201
0.429401
0.402254
0.481301
0.447819
0.42207
0.458144
0.424949
0.399226
0.427283
0.394089
0.368462
0.454623
0.421398
0.395693
0.42335
0.390128
0.364511
-0.00547669
0.0155477
0.0369735
-0.730014
-0.706495
-0.679724
-0.754219
-0.736642
-0.717819
-0.58699
-0.557157
-0.529881
-0.685736
-0.656616
-0.628574
-0.674546
-0.64534
-0.617322
-0.575174
-0.545722
-0.51843
-0.564324
-0.534104
-0.507437
0.309929
0.280022
0.216729
0.318824
0.280003
0.219626
0.0490749
0.0371675
0.0216095
-0.304813
-0.273235
-0.24729
0.307372
0.274336
0.248916
0.305139
0.271911
0.246528
0.293647
0.26062
0.235052
0.170014
0.137127
0.111638
0.171798
0.138917
0.113293
-1.02655
-1.00777
-0.97984
-0.957764
-0.929501
-0.901106
-0.965476
-0.940444
-0.91126
-0.994542
-0.968638
-0.938582
-0.0804373
-0.0480481
-0.0225287
0.319581
0.287204
0.249361
0.314133
0.282209
0.256861
-0.326345
-0.304678
-0.318134
-0.382629
-0.360869
-0.355643
-0.363739
-0.332306
-0.306178
-0.291154
-0.259353
-0.2335
-0.350843
-0.319481
-0.293469
-0.335692
-0.303491
-0.277618
0.32734
0.290506
0.255036
0.446605
0.413191
0.385795
0.44083
0.406294
0.378287
0.396386
0.360625
0.330168
0.403762
0.370064
0.341592
0.471602
0.438566
0.412842
0.468344
0.435231
0.40946
0.438887
0.405657
0.38002
0.410619
0.377461
0.35184
0.316273
0.283397
0.257767
0.315176
0.282491
0.257542
0.319866
0.286997
0.26125
0.288266
0.255145
0.229601
0.172784
0.140244
0.114438
0.169492
0.13624
0.110554
-0.659531
-0.635533
-0.611077
-0.639209
-0.616413
-0.595314
-1.06409
-1.04047
-1.01019
-1.03827
-1.01791
-0.990032
-1.08059
-1.05606
-1.0285
-1.02902
-1.00433
-0.972678
-1.00269
-0.976543
-0.946322
-0.622971
-0.593591
-0.56548
-0.0718956
-0.0400069
-0.0146278
0.221788
0.188614
0.162966
0.171501
0.138096
0.113042
0.175746
0.143302
0.117752
-0.123742
-0.091206
-0.0657184
-0.137173
-0.104179
-0.0784239
-0.112761
-0.0796071
-0.0538994
-0.103402
-0.0700553
-0.0442807
0.432116
0.398806
0.371709
0.192435
0.159246
0.133612
0.197284
0.164113
0.138471
0.457013
0.423905
0.39661
0.416198
0.38223
0.353884
0.467498
0.434321
0.407394
0.483288
0.449677
0.42317
0.480784
0.447099
0.420562
0.500088
0.465885
0.43949
0.497409
0.463442
0.437186
0.485377
0.451625
0.425213
0.488496
0.454415
0.427758
0.499601
0.465506
0.439479
0.50215
0.46797
0.441756
0.483339
0.450007
0.424198
0.485269
0.451997
0.426163
0.49947
0.466246
0.440317
0.497544
0.464323
0.438433
0.5012
0.46799
0.442055
0.502791
0.46969
0.44383
0.478134
0.44481
0.419102
0.461604
0.428437
0.402693
0.43125
0.398045
0.372418
0.45124
0.41792
0.392241
0.419186
0.385988
0.36036
0.182231
0.149211
0.12352
0.187837
0.154719
0.129064
-0.71128
-0.689341
-0.664512
-0.692675
-0.671745
-0.652618
-0.776838
-0.752291
-0.727609
-0.783873
-0.755811
-0.72612
-0.801071
-0.771508
-0.743904
-0.598776
-0.568915
-0.541622
-0.772405
-0.744352
-0.715518
-0.763335
-0.736104
-0.707753
-0.697754
-0.66872
-0.639897
-0.663723
-0.635042
-0.607062
-0.0448758
-0.0162087
0.00761446
0.227477
0.19424
0.168592
0.212088
0.178957
0.15331
0.217047
0.183902
0.158256
0.14499
0.168654
0.172467
-0.163319
-0.147746
-0.181421
-0.253633
-0.234382
-0.239155
-0.318962
-0.287394
-0.260996
0.309835
0.276682
0.251306
0.311971
0.278883
0.253487
0.302595
0.26941
0.243919
0.298721
0.265635
0.240073
0.168914
0.13565
0.110685
0.174231
0.14165
0.116089
-1.01117
-0.991039
-0.958779
-0.976124
-0.950893
-0.921451
-0.987228
-0.962813
-0.933757
-0.166594
-0.133313
-0.108163
-0.149236
-0.115551
-0.0896079
-0.0924913
-0.0593412
-0.0337272
0.311356
0.277943
0.233327
0.306402
0.277705
0.229621
0.317039
0.285371
0.2594
0.323247
0.290816
0.264784
0.207126
0.173994
0.148344
0.202178
0.169034
0.143386
-0.37684
-0.345526
-0.319381
-0.390626
-0.359322
-0.332785
-0.264513
-0.232937
-0.207296
-0.277661
-0.245846
-0.220032
0.452
0.418946
0.391719
0.437367
0.403427
0.374988
0.410281
0.376724
0.348786
0.471286
0.438303
0.411394
0.476557
0.44234
0.415274
0.478248
0.444082
0.417386
0.492828
0.458825
0.432513
0.495161
0.461239
0.434951
0.490282
0.456237
0.429953
0.487865
0.453572
0.427315
0.503107
0.469709
0.443757
0.489988
0.456853
0.431041
0.487453
0.454289
0.428441
0.493035
0.459765
0.433953
0.495652
0.462329
0.436472
0.508424
0.475034
0.449185
0.509988
0.476078
0.450173
0.507645
0.474221
0.448335
0.505059
0.471907
0.446089
0.475468
0.442142
0.416443
0.465021
0.431874
0.406106
0.435184
0.401954
0.376329
0.447477
0.414337
0.388639
0.414849
0.381661
0.356022
0.318397
0.285498
0.260308
0.320538
0.287641
0.262075
0.283213
0.250092
0.224537
0.176446
0.143922
0.118088
0.166363
0.132416
0.106626
-0.617455
-0.597079
-0.582251
-0.813
-0.795637
-0.773545
-0.790976
-0.769297
-0.740239
-0.828475
-0.807635
-0.78224
-0.8475
-0.821638
-0.794593
-1.05471
-1.03098
-1.00072
-1.04585
-1.02292
-0.993192
-1.01895
-0.993699
-0.963227
-1.01096
-0.985204
-0.954969
-0.610489
-0.58087
-0.553454
-0.738597
-0.710402
-0.682401
-0.750939
-0.723
-0.694726
-0.715482
-0.68526
-0.658108
-0.726961
-0.698863
-0.671268
-0.652905
-0.624778
-0.59728
-0.0591814
-0.0286406
-0.0037589
0.303235
0.347754
0.380265
)
;

boundaryField
{
    topAndBottom
    {
        type            calculated;
        value           nonuniform List<scalar> 
72
(
21.9116
-21.9185
21.9115
-21.9187
21.9112
-21.9191
21.9108
-21.9197
21.9104
-21.9203
21.9099
-21.9209
21.9094
-21.9214
21.9089
-21.9217
21.9086
-21.9218
21.9083
-21.9217
21.9082
-21.9212
21.9082
-21.9205
21.9083
-21.9195
21.9084
-21.9184
21.9086
-21.9173
21.9087
-21.9161
21.9088
-21.915
21.9088
-21.9139
21.9088
-21.913
21.9087
-21.9121
21.9086
-21.9113
21.9085
-21.9107
21.9083
-21.9101
21.9081
-21.9096
21.9079
-21.9091
21.9077
-21.9087
21.9074
-21.9084
21.9072
-21.9081
21.907
-21.9078
21.9068
-21.9075
21.9066
-21.9073
21.9064
-21.907
21.9062
-21.9068
21.9061
-21.9065
21.9059
-21.9062
21.9058
-21.906
)
;
    }
    inlet
    {
        type            calculated;
        value           nonuniform List<scalar> 
24
(
20.9989
19.1738
17.3488
15.524
13.6994
11.875
10.0509
8.22701
6.40311
4.57909
2.75442
0.928575
-0.898815
-2.72761
-4.55721
-6.38689
-8.21612
-10.0448
-11.8727
-13.7002
-15.5271
-17.3536
-19.1798
-21.0058
)
;
    }
    outlet
    {
        type            calculated;
        value           nonuniform List<scalar> 
24
(
20.9947
19.1726
17.3504
15.525
13.6963
11.8673
10.0401
8.21465
6.38917
4.5637
2.73828
0.913056
-0.912851
-2.73822
-4.5637
-6.38917
-8.21465
-10.0401
-11.8656
-13.6911
-15.5166
-17.342
-19.1675
-20.993
)
;
    }
    wing
    {
        type            calculated;
        value           nonuniform List<scalar> 
375
(
-1.14158
-1.15529
-1.14155
-1.13653
0.319036
-0.479443
0.296666
0.305005
0.323331
0.0841328
-0.519596
-1.11282
-1.11154
-1.15596
-1.15558
-1.09984
-1.10277
0.162808
0.177147
0.0820387
-0.0325612
-0.932473
-0.881947
-0.935979
-1.13501
-1.15123
-1.14996
-1.12544
-0.86173
0.217375
0.305561
0.197268
0.182251
-0.181017
0.449127
0.446513
0.443644
0.447386
0.435702
0.441908
0.438187
0.449721
0.448401
0.446499
0.448588
0.44188
0.443173
0.446272
0.444454
0.440216
0.373671
0.336232
0.201814
-0.87397
-0.831177
-0.820788
-1.13844
-1.08898
-1.15933
-1.15298
-1.08256
-1.11629
-0.757273
-0.798695
-0.769322
-0.849242
-0.816316
-0.573866
-0.465672
-0.453041
-0.163753
-0.119182
-1.06313
-1.0558
-1.13775
-1.0757
-1.08575
-1.15049
-1.15053
-1.04232
-1.04917
-1.13206
-1.04092
-1.03131
0.286048
0.290761
0.314686
0.281199
0.276251
-0.438599
-0.394238
-0.382073
0.293845
0.254153
0.31452
0.327524
0.092229
-0.528273
-1.02258
-1.11782
-1.11364
-1.15716
-1.16808
-1.09027
-1.1049
-0.993195
-0.412281
-0.427748
0.290034
0.219527
0.167251
0.172088
-0.912879
-0.895744
-0.94593
-1.0473
-1.04976
-1.13432
-1.09069
-1.08578
-1.14939
-1.15495
-1.07352
-1.05618
-1.13756
-1.0109
-1.02012
-0.875513
-0.866057
0.300377
0.295164
0.310083
0.265991
0.271169
0.260365
0.192429
0.187373
-0.410244
-0.340725
-0.35658
-0.369312
0.278518
0.285105
0.273408
0.257231
0.320573
0.404264
0.448248
0.447313
0.445247
0.446551
0.440172
0.439874
0.449929
0.448334
0.448252
0.448752
0.442247
0.442732
0.446081
0.446105
0.439376
0.331466
0.207542
-0.844221
-0.8728
-0.812707
-1.04296
-1.02782
-1.12235
-1.09945
-1.1628
-1.15909
-1.0828
-1.11032
-1.00287
-0.994581
-0.983659
-0.746804
-0.789792
-0.782244
-0.827331
-0.837197
-0.479242
-0.440323
-0.149811
-0.134752
0.464515
0.510149
0.475363
0.105061
0.106765
0.353494
0.389112
0.344382
0.391977
0.411264
0.388395
0.357603
0.384856
0.353649
0.0465341
-0.671835
-0.709894
-0.519998
-0.619005
-0.607719
-0.508523
-0.497481
0.207987
0.211052
0.0247273
-0.23678
0.238073
0.235683
0.22416
0.100543
0.1022
-0.972048
-0.892453
-0.902583
-0.930069
-0.0115943
0.240254
0.246041
-0.310474
-0.347914
-0.295785
-0.222955
-0.283056
-0.267187
0.245822
0.37562
0.368137
0.320317
0.331703
0.402026
0.398644
0.369172
0.34097
0.24691
0.246756
0.250472
0.218689
0.103342
0.0994574
-0.603192
-0.587429
-1.00246
-0.982215
-1.02084
-0.96427
-0.93784
-0.5557
-0.00368519
0.151929
0.101962
0.106674
-0.0549026
-0.0676351
-0.0430477
-0.0333988
0.361612
0.122547
0.12741
0.386385
0.343913
0.397096
0.412734
0.410145
0.428927
0.426634
0.414756
0.417281
0.428905
0.431175
0.413397
0.415367
0.429544
0.427655
0.431287
0.433066
0.40829
0.391867
0.361564
0.381399
0.349496
0.112446
0.117997
-0.656617
-0.644713
-0.719704
-0.71688
-0.734706
-0.53177
-0.706242
-0.698407
-0.630362
-0.597409
0.0184911
0.15756
0.142265
0.147216
0.177979
-0.17409
-0.231612
-0.250521
0.240467
0.242635
0.233068
0.229206
0.0995986
0.105003
-0.951012
-0.912808
-0.925167
-0.0974994
-0.0788732
-0.0228121
0.224285
0.220656
0.248548
0.253904
0.137294
0.13233
-0.309014
-0.322444
-0.19669
-0.209453
0.38152
0.364868
0.338859
0.401078
0.404901
0.406991
0.421985
0.42441
0.419439
0.416817
0.433161
0.420253
0.417651
0.423167
0.425689
0.438429
0.439421
0.437576
0.435327
0.405629
0.395285
0.365478
0.377795
0.345154
0.249547
0.251339
0.213609
0.107004
0.0955272
-0.574391
-0.765625
-0.732361
-0.774306
-0.78671
-0.992947
-0.985386
-0.954786
-0.946504
-0.543635
-0.672937
-0.685315
-0.648617
-0.661773
-0.587577
0.00717218
0.383659
)
;
    }
    front
    {
        type            empty;
    }
    back
    {
        type            empty;
    }
}


// ************************************************************************* //
