/*--------------------------------*- C++ -*----------------------------------*\
| =========                 |                                                 |
| \\      /  F ield         | OpenFOAM: The Open Source CFD Toolbox           |
|  \\    /   O peration     | Version:  5.x                                   |
|   \\  /    A nd           | Web:      www.OpenFOAM.org                      |
|    \\/     M anipulation  |                                                 |
\*---------------------------------------------------------------------------*/
FoamFile
{
    version     2.0;
    format      ascii;
    class       volScalarField;
    location    "600";
    object      p_rgh;
}
// * * * * * * * * * * * * * * * * * * * * * * * * * * * * * * * * * * * * * //

dimensions      [0 2 -2 0 0 0 0];

internalField   nonuniform List<scalar> 
6584
(
0.00589519
0.00628671
0.00675418
0.00744971
0.00833164
0.00945658
0.010799
0.012359
0.0139391
0.0153935
0.0162069
0.0158384
0.0139219
0.0106033
0.0064896
0.0022843
-0.00147142
-0.00463763
-0.00714675
-0.00907794
-0.0105095
-0.011568
-0.0122547
-0.0127987
0.00575767
0.00618709
0.00662793
0.00731946
0.00818451
0.00931566
0.0106843
0.0123411
0.0140662
0.0157438
0.0167884
0.0165675
0.0145825
0.0109968
0.00658385
0.00206327
-0.00182463
-0.00503341
-0.00751261
-0.00939257
-0.0107626
-0.0117837
-0.0124154
-0.0129952
0.00546235
0.00590187
0.00629316
0.00695358
0.00777536
0.00890852
0.0103456
0.0122781
0.0143501
0.0162312
0.0185167
0.0192943
0.0176526
0.0135398
0.0081416
0.00130354
-0.00290284
-0.00617768
-0.00855245
-0.0102647
-0.0114634
-0.0123549
-0.0128675
-0.0134161
0.0050737
0.00548489
0.00580273
0.00639048
0.00712309
0.00820156
0.00968914
0.011914
0.014845
0.0176398
0.0215786
0.0239816
0.0224507
0.0164568
0.00881523
0.00202012
-0.00472509
-0.00806112
-0.010188
-0.0115846
-0.0125028
-0.0131708
-0.0135104
-0.0139518
0.00462093
0.00496511
0.00518033
0.00563522
0.00620344
0.00709721
0.00848802
0.0107937
0.0136195
0.0187997
0.0253461
0.0312339
0.030271
0.0202199
0.00825242
-0.000619468
-0.00616564
-0.0109451
-0.0125412
-0.0133323
-0.0138294
-0.0141631
-0.0142777
-0.0145414
0.00412976
0.00436794
0.00444881
0.00469604
0.00499353
0.00545016
0.006441
0.00794865
0.0117658
0.0177275
0.0274771
0.0435288
0.0483874
0.0283732
0.00475151
-0.00636637
-0.0114051
-0.0147339
-0.0154698
-0.0154187
-0.015362
-0.0152581
-0.0151037
-0.0151261
0.00363831
0.00373823
0.00366297
0.00364064
0.00358444
0.0034283
0.00372735
0.00463668
0.00656543
0.011481
0.0245959
0.0555791
0.0945571
0.0288526
-0.00405376
-0.0172506
-0.0189299
-0.0195534
-0.0188324
-0.0176951
-0.0169634
-0.0163441
-0.0158971
-0.0156317
0.00319036
0.0031356
0.00290338
0.00258519
0.00212748
0.00125508
0.000484686
0.000278675
-0.00112371
-0.00184964
0.00277212
0.0246136
-0.0171913
-0.0340861
-0.0338127
-0.0286426
-0.0247983
-0.0222242
-0.0198848
-0.0184295
-0.0172777
-0.0165491
-0.0159794
0.00282705
0.00262435
0.00226294
0.00168108
0.000858293
-0.00065602
-0.0025332
-0.00424087
-0.00944285
-0.0184314
-0.0317186
-0.0673279
-0.131437
-0.0747792
-0.0513871
-0.0380923
-0.0293061
-0.0249465
-0.0215833
-0.0195053
-0.0179002
-0.0169489
-0.0160989
0.00257895
0.0022607
0.00182764
0.00108103
4.20054e-05
-0.00180524
-0.00436838
-0.00721169
-0.0145606
-0.0281488
-0.0510484
-0.104626
-0.182941
-0.0987235
-0.0612555
-0.0436375
-0.0317049
-0.0262645
-0.0223862
-0.0199519
-0.0180731
-0.017004
-0.0159403
0.00245828
0.00207625
0.00164566
0.000873115
-0.000167494
-0.00192285
-0.0044771
-0.00758551
-0.0143603
-0.026367
-0.0463158
-0.0861684
-0.16123
-0.0938431
-0.059042
-0.0431251
-0.0311955
-0.0257862
-0.0220726
-0.0196401
-0.0177232
-0.0166667
-0.0154863
0.00245517
0.00206741
0.00170806
0.00104185
0.000197407
-0.00111012
-0.00303338
-0.00553294
-0.00966876
-0.0159591
-0.0255695
-0.040137
-0.0966835
-0.06769
-0.047138
-0.0372048
-0.0280216
-0.0236617
-0.0206946
-0.018603
-0.016871
-0.015949
-0.0147585
0.00254098
0.00219755
0.00195406
0.00148045
0.000948502
0.000250749
-0.000742621
-0.00214996
-0.00317728
-0.00328151
-0.00214031
0.0066529
-0.0310739
-0.0360894
-0.0316529
-0.028503
-0.0232521
-0.0204867
-0.0185478
-0.0170146
-0.0156269
-0.0149178
-0.0138111
0.00267713
0.00241096
0.00229661
0.00204166
0.00183699
0.00171746
0.00157181
0.00236562
0.00236457
0.00652171
0.0129939
0.0337544
0.0931004
0.0108395
-0.0118908
-0.0180934
-0.0198246
-0.0181359
-0.0169643
-0.0160299
-0.0151197
-0.0141343
-0.0136745
-0.012716
0.00282516
0.0026498
0.00265108
0.00259115
0.00265377
0.00294186
0.00340329
0.00463052
0.00591114
0.0107284
0.017772
0.0316699
0.0415836
0.0174203
-0.00102622
-0.00909498
-0.0122895
-0.0135175
-0.013632
-0.0134937
-0.013146
-0.0125411
-0.012325
-0.0115485
0.00295381
0.00286711
0.00295546
0.00304245
0.00328369
0.0038021
0.0045573
0.00608745
0.00755429
0.0113559
0.0169372
0.0220066
0.0214566
0.0126748
0.00300377
-0.00409096
-0.00840216
-0.0100042
-0.010821
-0.0111818
-0.0112625
-0.0109777
-0.0109637
-0.010378
0.00304228
0.00303245
0.00317524
0.00335799
0.00368996
0.0043076
0.005103
0.00666573
0.0084099
0.0102688
0.0131563
0.0148395
0.0169207
0.0103526
0.0036578
-0.00154618
-0.00537547
-0.00736492
-0.00853042
-0.00919177
-0.00956078
-0.00951369
-0.00965418
-0.00924638
0.00307984
0.00313102
0.00329847
0.00353337
0.00388404
0.00450326
0.00519251
0.00647573
0.00781976
0.00976257
0.0103517
0.0127325
0.0100214
0.00748916
0.0025503
-0.00096445
-0.00334588
-0.00548971
-0.00672303
-0.0075448
-0.0080788
-0.00819776
-0.00844089
-0.00818731
0.00306391
0.00316019
0.00332917
0.00358498
0.00390714
0.00447702
0.0050018
0.00602838
0.00666151
0.00836553
0.0066062
0.00900412
0.00909963
0.00334906
0.00246471
-0.000702764
-0.00239465
-0.00426121
-0.00536544
-0.00622746
-0.00682432
-0.00704935
-0.0073488
-0.00722249
0.0029975
0.00312534
0.0032806
0.00353939
0.00380932
0.00432056
0.00467288
0.00555271
0.00570928
0.00726459
0.00611869
0.00725186
0.00677786
0.0028824
0.00226891
-0.000512697
-0.00172999
-0.00338784
-0.00433479
-0.00518001
-0.00577555
-0.00606378
-0.00638463
-0.00635948
0.0028868
0.00303582
0.00316861
0.00342173
0.0036295
0.00408813
0.00428402
0.00505804
0.00494583
0.00618838
0.00523789
0.00535452
0.00483573
0.00227827
0.00188361
-0.000422001
-0.00126823
-0.00275148
-0.00353885
-0.00434405
-0.00490208
-0.00522586
-0.00554373
-0.00559698
0.00273931
0.0029021
0.00300819
0.00325242
0.00339625
0.00380959
0.00387398
0.00454783
0.00427239
0.00522297
0.00434991
0.00410787
0.0036831
0.00173659
0.00148729
-0.000405141
-0.000979572
-0.00229231
-0.00292367
-0.00367652
-0.00417622
-0.00451737
-0.00481619
-0.00492888
0.00256289
0.00273448
0.00281291
0.00304805
0.00313192
0.0035075
0.00346986
0.00405679
0.00369385
0.00443835
0.00366797
0.00324136
0.00287726
0.00132394
0.00115816
-0.000411013
-0.000795629
-0.00195254
-0.00244451
-0.00314089
-0.00357256
-0.00391933
-0.00418939
-0.0043462
0.00236507
0.00254239
0.0025944
0.0028218
0.0028531
0.00319824
0.00308628
0.00360138
0.00320016
0.00379208
0.00311415
0.00257056
0.00225679
0.000993058
0.000884435
-0.000424085
-0.000673503
-0.00169221
-0.00206572
-0.00270642
-0.00306836
-0.00341352
-0.0036498
-0.00383859
0.00215267
0.00233393
0.00236204
0.00258353
0.00257092
0.00289178
0.00272845
0.00318404
0.00277395
0.00324977
0.0026544
0.00204344
0.00177786
0.000725254
0.000657299
-0.000438576
-0.000590044
-0.0014867
-0.00176132
-0.00234921
-0.00264408
-0.00298311
-0.00318388
-0.00339518
0.00193169
0.00211587
0.00212317
0.00234049
0.00229267
0.00259425
0.00239773
0.00280436
0.00240372
0.00279179
0.00226689
0.00162332
0.0014054
0.000511433
0.00047248
-0.000450109
-0.000530166
-0.00131953
-0.00151248
-0.00205075
-0.00228347
-0.00261345
-0.00277917
-0.00300555
0.00170722
0.00189364
0.00188337
0.00209787
0.00202285
0.00230902
0.00209341
0.00246013
0.00208041
0.00240537
0.00193963
0.00129015
0.00111482
0.000340082
0.000323377
-0.000457116
-0.000484141
-0.0011788
-0.00130453
-0.00179692
-0.00197327
-0.00229238
-0.0024246
-0.00265983
0.0014835
0.00167157
0.00164679
0.00185925
0.00176398
0.00203759
0.00181358
0.00214825
0.0017952
0.00207596
0.00166372
0.00102188
0.000878013
0.000197865
0.000204625
-0.000456674
-0.000443069
-0.00105433
-0.00112504
-0.00157505
-0.00170148
-0.00200821
-0.00210949
-0.00234864
0.00126414
0.00145295
0.00141634
0.00162685
0.00151725
0.00178014
0.00155566
0.00186511
0.00154084
0.00179026
0.00142624
0.000797816
0.000684364
8.44665e-05
0.000111856
-0.00044913
-0.000403435
-0.000940829
-0.000965994
-0.0013765
-0.00145899
-0.00175201
-0.00182496
-0.0020639
0.00105208
0.00124033
0.00119418
0.00140204
0.00128278
0.00153583
0.00131635
0.00160559
0.00131174
0.00153941
0.00121944
0.000608928
0.000524977
-5.05387e-06
4.10426e-05
-0.000433961
-0.000362353
-0.00083371
-0.000821062
-0.00119413
-0.00123806
-0.00151581
-0.00156298
-0.00179788
0.000849887
0.00103545
0.000981593
0.00118517
0.00106009
0.00130368
0.00109212
0.00136377
0.00110135
0.0013147
0.00103609
0.000448101
0.000392915
-7.42059e-05
-1.06066e-05
-0.000410241
-0.000317579
-0.000728995
-0.000684977
-0.00102205
-0.00103238
-0.00129286
-0.00131676
-0.00154359
0.000659996
0.000839636
0.000779761
0.000975979
0.000848729
0.00108145
0.000880645
0.00113571
0.000904677
0.00110856
0.000869784
0.000310135
0.000282918
-0.000125063
-4.53076e-05
-0.000377219
-0.000267806
-0.000623711
-0.000554319
-0.000855623
-0.000837193
-0.00107769
-0.00108082
-0.00129507
0.000484216
0.000652719
0.000588873
0.000773021
0.000646926
0.000864006
0.000677954
0.000914421
0.000715323
0.000911834
0.000713144
0.000191546
0.000191593
-0.000156908
-6.37351e-05
-0.000332681
-0.000212106
-0.000514401
-0.000426232
-0.000689917
-0.000648141
-0.000864186
-0.000849348
-0.00104496
0.000326708
0.000477216
0.000412204
0.000577846
0.00045727
0.000652281
0.000485491
0.000698157
0.000532049
0.000719679
0.000560195
9.19625e-05
0.000116632
-0.000169089
-6.77451e-05
-0.000276402
-0.000152276
-0.000400796
-0.00030218
-0.000524835
-0.000466626
-0.000652595
-0.000623686
-0.000793558
0.000182554
0.000298407
0.000239878
0.000369543
0.000267973
0.000421366
0.000288135
0.000456538
0.000332667
0.000494804
0.000384959
1.47791e-05
5.70211e-05
-0.000147544
-5.33336e-05
-0.000195536
-8.59257e-05
-0.00026728
-0.000175138
-0.000340648
-0.000279215
-0.000418741
-0.000383386
-0.000510569
8.3609e-05
0.000165775
0.000118565
0.000212703
0.000134773
0.00024686
0.000148732
0.000272129
0.000184909
0.000316372
0.000217558
-2.40146e-05
1.63129e-05
-0.000114074
-3.57237e-05
-0.000122438
-3.58082e-05
-0.00015938
-8.33968e-05
-0.000197908
-0.00014345
-0.000240551
-0.000206967
-0.000294484
-0.0584841
-0.129901
-0.0129949
-0.103312
-0.19537
-0.143016
-0.0907388
-0.177534
-0.197702
-0.0464871
-0.110453
-0.17076
0.0018053
-0.0368562
-0.100944
0.0323274
0.102437
0.0961365
0.0137817
-0.0286762
0.0350148
0.0956241
0.00271913
0.0399986
-0.0236675
-0.051219
0.0200677
-0.104746
0.0353094
-0.119827
-0.0732958
-0.0344094
-0.0485454
-0.0933482
-0.059238
-0.0884765
-0.13043
-0.100184
-0.241637
-0.20336
-0.180388
-0.109081
-0.0848755
-0.0495311
-0.0836998
-0.0945978
-0.103379
-0.140485
-0.146316
-0.272422
-0.276941
-0.167578
-0.109831
-0.112655
-0.0315429
-0.0441204
-0.0796089
-0.070551
-0.0867917
-0.112674
-0.176893
-0.219263
-0.105334
-0.081736
-0.104733
-0.0748061
-0.120111
-0.0385586
-0.0441601
-0.0724635
0.0167346
-0.0206716
0.0346308
0.0318878
0.094381
0.0347056
0.0247507
0.0161692
-0.0948933
-0.0430042
-0.0261193
-0.0480464
-0.102043
0.0638522
-0.0378971
-0.199578
-0.116677
-0.0840624
-0.111443
-0.195668
-0.14574
-0.133481
-0.0935408
-0.138232
-0.151929
-0.107234
-0.137351
-0.274337
-0.24364
-0.180522
-0.243784
-0.261619
-0.198719
-0.241884
-0.173156
-0.116141
-0.137901
-0.101164
-0.143594
-0.118481
-0.151563
-0.145588
-0.221609
-0.270215
-0.193098
-0.256604
-0.223589
-0.263123
-0.258627
-0.196256
-0.0855331
-0.0555338
-0.116272
-0.089726
-0.123518
-0.172982
-0.137703
-0.169516
-0.12272
-0.220919
-0.172738
-0.146597
-0.0111458
0.0123365
-0.0511908
-0.0157225
-0.0264912
-0.0686953
-0.116586
-0.0743557
-0.0724068
0.0388158
0.0579795
0.014644
0.0361433
0.0446422
0.0204416
-0.0137048
-0.0325261
0.0570751
-0.0579864
0.102622
-0.00755259
-6.43378e-05
-0.0383391
-0.0208591
-0.0168196
-0.0501296
0.00771808
-0.0161353
0.00847793
-0.0133778
-0.0352838
0.117987
-0.00633935
0.0271371
-0.0975829
-0.066445
-0.05433
-0.0827951
-0.0647797
-0.0797899
-0.0645633
0.00924449
0.018562
-0.062337
-0.043129
-0.019884
-0.0441518
-0.0632543
-0.0683748
-0.0279333
0.0192874
0.0280153
-0.0225058
0.0131042
-0.00638972
0.158344
0.10753
0.0773846
0.0524467
0.0962403
0.157748
-0.0764152
-0.0486294
-0.0729616
0.0916497
-0.0550453
-0.0282719
-0.230898
-0.227883
-0.279131
-0.279153
-0.198374
-0.201241
-0.0930782
-0.0777303
-0.0969845
0.0338393
0.0107806
-0.0169557
0.00612334
-0.0035897
-0.0825974
-0.0759593
-0.10793
-0.0789135
-0.110136
-0.0833593
-0.0732546
-0.0126457
0.00255998
-0.020126
-0.0770262
-0.167242
-0.162673
-0.147324
-0.147379
-0.122354
-0.123852
-0.266431
-0.266469
-0.252607
-0.220016
-0.209533
-0.23019
-0.222812
-0.253309
-0.220824
-0.186022
-0.166867
-0.20559
-0.191422
-0.22418
-0.134178
-0.131855
-0.15235
-0.151293
-0.254021
-0.255477
-0.241586
-0.219086
-0.228602
-0.201036
-0.215069
-0.239794
-0.266072
-0.234882
-0.23192
-0.231025
-0.234712
-0.265994
-0.0817002
-0.0735116
-0.0823406
-0.0975516
-0.0641328
-0.0798789
-0.0691206
-0.105745
-0.099433
-0.101323
-0.145689
-0.149101
-0.199526
-0.180649
-0.195678
-0.159348
-0.175385
-0.195379
-0.00527486
0.00908011
-0.036549
-0.0420003
-0.0614544
-0.00899421
-0.037889
-0.0313851
-0.0385423
-0.00810017
-0.044351
-0.0452063
-0.0204397
-0.0742607
-0.0478022
-0.0505667
-0.0470475
0.0490676
0.0666039
0.0787101
0.0298202
0.0435739
0.0927837
0.0556729
0.0362729
0.198976
0.0105397
0.0246833
0.00443681
0.0196246
0.031019
0.0148868
0.0649088
0.0449453
0.0471223
0.171322
0.0113285
-0.0124983
-0.0147281
0.0160599
0.0169322
0.082453
0.0652425
0.0796247
0.019304
0.021509
0.0683334
0.0605007
0.0802891
0.239405
0.17396
0.131995
0.123184
0.170014
0.240568
-0.119513
-0.0987695
-0.110073
-0.237238
-0.22398
-0.215597
-0.145474
-0.124191
-0.121905
-0.12442
-0.125708
-0.146261
-0.276431
-0.277624
-0.186887
-0.210646
0.0438597
0.0363494
0.00179192
0.00917572
0.0288554
0.059265
0.0527695
0.0658595
0.017851
-0.00058488
0.110503
-0.186851
-0.210943
-0.222284
-0.150964
-0.124746
-0.0915203
-0.159562
-0.133641
-0.161812
-0.142361
-0.12031
-0.124865
-0.111843
-0.119717
-0.140756
-0.143569
-0.157998
-0.150058
-0.164562
-0.163657
-0.149916
-0.148316
-0.144204
-0.131722
-0.272164
-0.252906
-0.248935
-0.231582
-0.230463
-0.250542
-0.245948
-0.258696
-0.119392
-0.114263
-0.129766
-0.140403
-0.148817
-0.153588
-0.152847
-0.166002
-0.16479
-0.157248
-0.162673
-0.148535
-0.235501
-0.264993
-0.250911
-0.242304
-0.246494
-0.210449
-0.219482
-0.232178
-0.264861
-0.253846
-0.250447
-0.248936
-0.251458
-0.262989
-0.133179
-0.136019
-0.127107
-0.183683
-0.172205
-0.161948
-0.148767
-0.137493
-0.153878
-0.115875
-0.131895
-0.142064
0.000580242
0.0054969
-0.00633506
0.0167366
0.00993755
0.00369105
0.0511793
0.0608547
0.023447
0.0265356
0.0189281
0.0362532
0.0475429
0.0539683
0.0471375
0.00439381
0.145913
0.0296201
0.0106365
-0.00270515
-0.000968726
0.0127941
-0.00381855
-0.00615594
0.0588048
0.058906
0.161471
0.0321494
0.0401725
-0.0756842
-0.0702856
0.0141553
0.0156606
0.0132906
0.0145302
0.012251
0.0196467
0.0151866
0.0143218
-0.0546252
-0.0505113
-0.0297723
-0.0332217
0.0216196
0.021398
0.0212758
0.0224969
0.0265963
-0.112676
-0.0906576
-0.0514297
-0.131265
-0.101704
-0.12298
-0.235895
-0.219064
-0.277718
-0.279292
-0.189768
-0.208039
-0.0918917
-0.0878324
-0.0979057
-0.0744865
-0.0844895
-0.0868528
-0.113176
-0.122696
-0.101114
-0.109733
0.02393
0.0321827
0.0407764
0.0140055
0.0276526
0.0210472
0.0270508
0.0145147
-0.0974447
-0.0813096
-0.0931694
-0.0604477
-0.0767782
-0.0936136
-0.109158
-0.116179
-0.096731
-0.106651
-0.0506053
-0.0348674
-0.0549721
-0.0515548
-0.0593365
-0.185654
-0.207891
-0.183469
-0.197452
-0.163445
-0.140407
-0.193844
-0.169663
-0.143822
-0.164182
-0.181391
-0.160833
-0.158656
-0.143984
-0.159774
-0.164335
-0.153742
-0.159714
-0.168119
-0.168688
-0.16479
-0.166143
-0.150009
-0.162674
-0.161228
-0.131883
-0.139385
-0.118611
-0.128835
-0.149129
-0.152242
-0.141529
-0.147719
-0.1306
-0.142586
-0.13648
-0.271728
-0.262965
-0.239354
-0.232788
-0.250706
-0.257732
-0.245658
-0.239994
-0.143209
-0.149766
-0.138608
-0.152354
-0.145975
-0.165868
-0.153469
-0.137267
-0.12491
-0.143944
-0.138585
-0.165838
-0.165883
-0.152177
-0.170466
-0.171064
-0.168835
-0.170711
-0.167858
-0.164971
-0.170334
-0.168278
-0.150046
-0.163341
-0.165379
-0.244753
-0.26168
-0.233987
-0.239527
-0.248107
-0.234098
-0.223263
-0.230972
-0.255001
-0.253249
-0.26579
-0.26421
-0.25338
-0.253756
-0.08759
-0.0879212
-0.0820425
-0.0776859
-0.0930236
-0.0840414
-0.0944449
-0.0664106
-0.0634458
-0.0600802
-0.0750136
-0.0661089
-0.0694235
-0.119436
-0.111886
-0.121789
-0.122052
-0.103871
-0.101447
-0.095934
-0.109042
-0.101393
-0.106022
-0.148809
-0.139377
-0.136636
-0.145473
-0.153995
-0.126025
-0.141698
-0.159887
-0.158525
-0.169088
-0.153919
0.00318932
0.00759914
0.00171371
0.012061
0.00821777
0.0056051
0.0137243
-0.0211422
-0.00192742
-0.0160039
-0.0621078
-0.0617732
-0.071222
-0.0484906
-0.0587273
-0.0585887
-0.0611623
-0.0641562
0.0642561
0.0759252
0.0291755
0.0336555
0.0720989
0.0564208
-0.00400847
-0.0223567
0.00122524
-0.000226316
0.0180249
0.0350827
0.320057
0.248933
0.222182
0.220709
0.257661
0.325005
0.031367
0.0765305
0.0423295
-0.0810388
-0.0957612
-0.115232
-0.239804
-0.252049
-0.253754
-0.275013
-0.2771
-0.100172
-0.0915869
-0.101989
-0.231113
-0.228137
-0.216592
-0.124086
-0.11419
-0.110371
-0.0764822
-0.0585001
-0.0767369
-0.112927
-0.104978
-0.0962906
-0.133272
-0.157173
-0.138147
-0.112984
-0.124615
-0.115411
-0.273016
-0.256317
-0.258759
-0.245677
-0.262472
-0.261298
-0.260384
-0.226563
-0.22204
-0.235781
-0.126582
-0.11108
-0.103732
-0.123927
-0.132714
-0.12422
-0.224158
-0.235641
-0.232952
-0.268316
-0.254745
-0.257236
-0.258868
-0.263794
-0.264481
-0.263593
-0.260594
-0.262115
-0.260702
-0.113351
-0.119646
-0.122378
-0.212743
-0.204069
-0.208361
-0.0982451
-0.0939874
-0.110345
0.0536997
0.0570515
0.0417278
0.0298928
0.0261754
0.0447762
0.0494896
0.0343734
0.0492412
0.0333059
-0.0470142
-0.042285
-0.0780353
-0.0641109
-0.0660044
-0.0668729
-0.0602396
-0.0604311
-0.0622027
-0.0451254
-0.0487556
-0.0452017
-0.0450908
-0.0420921
-0.0409218
0.0273085
0.0226006
0.0228419
0.086627
0.144605
0.110123
-0.0899187
-0.0904929
-0.0792107
-0.063678
-0.147082
-0.138386
-0.0385268
0.00135969
0.00717659
-0.236106
-0.245881
-0.233591
-0.224945
-0.226241
-0.229195
-0.280865
-0.27955
-0.197702
-0.194075
-0.195537
-0.203458
-0.212575
-0.204881
-0.0973987
-0.10016
-0.0745862
-0.0777894
-0.0807639
-0.102882
-0.106252
-0.107054
-0.110515
-0.0998906
-0.0867922
-0.103647
-0.100097
-0.103542
-0.0714612
-0.077136
-0.0838521
-0.121064
-0.123596
-0.106268
-0.111442
-0.113653
-0.00471129
-0.0288605
-0.0422693
-0.0315227
-0.0344667
-0.0315189
-0.0699966
-0.164721
-0.156565
-0.134353
-0.127401
-0.114697
-0.126415
-0.128518
-0.267438
-0.266375
-0.205782
-0.199756
-0.211874
-0.233523
-0.217077
-0.211596
-0.126605
-0.134993
-0.141067
-0.251344
-0.256949
-0.266835
-0.266842
-0.266225
-0.266388
-0.266728
-0.26668
-0.0836
-0.0847321
-0.0838414
-0.0815605
-0.0970103
-0.0945387
-0.0964924
-0.109554
-0.117039
-0.110071
-0.117988
-0.116358
-0.127545
-0.125205
-0.101183
-0.101465
-0.0991199
-0.115479
-0.11474
-0.192722
-0.198633
-0.209674
-0.185135
-0.180106
-0.186413
-0.0488741
-0.044435
-0.0394288
-0.0559289
-0.0502664
-0.0522928
-0.0345086
-0.0364301
-0.0451775
-0.023762
-0.030433
-0.0308825
-0.0687525
-0.0686048
-0.0713335
-0.0536912
-0.0497327
-0.0725348
0.0705942
0.0709716
0.0779507
0.0289501
0.0393197
0.033453
0.0293858
0.0463841
0.035986
0.0389714
0.0890682
0.0691937
0.0441309
0.0519201
0.0464566
0.134264
0.224116
0.0904726
0.0162443
0.0163696
0.0723667
0.0996446
0.104196
0.0203732
0.0211468
0.0203918
0.0222525
0.0216125
0.0206452
0.10202
0.0931221
0.0751492
0.154996
0.229812
0.194656
-0.250751
-0.251064
-0.238411
-0.228733
-0.219537
-0.212638
-0.232983
-0.228972
-0.276402
-0.276985
-0.192058
-0.193942
-0.184073
-0.188495
-0.213531
-0.224566
-0.221353
0.0402675
0.0430565
0.0464331
0.0366779
0.0406434
0.0376303
-0.214251
-0.202218
-0.198978
-0.209495
-0.205814
-0.218133
-0.272132
-0.247296
-0.259221
-0.26352
-0.259374
-0.260292
-0.259214
-0.249787
-0.239937
-0.226973
-0.267853
-0.25365
-0.255567
-0.253284
-0.265689
-0.26502
-0.264181
-0.262135
-0.263385
-0.264256
-0.177359
-0.170721
-0.17643
-0.164657
-0.167385
-0.173796
0.0594522
0.0611913
0.0353058
0.0390295
0.0397255
0.038564
0.0350133
0.0565412
0.0544988
0.0523315
0.0548711
0.0557247
0.0489911
0.0512774
0.0500486
-0.00491941
-0.0194985
-0.0201242
0.00730671
0.116464
0.0980561
0.135724
0.036055
0.0546477
0.0764932
0.00218245
0.0033131
-0.000571846
0.010681
0.00730519
0.00567908
-0.0104564
-0.00875731
-0.0152988
-0.00419392
-0.00716151
-0.00690154
0.0752721
0.0815194
0.0535521
-0.00217286
-0.0173961
0.0245619
0.0162863
-0.0771697
-0.0682402
-0.0677303
-0.070048
0.0146126
0.0151619
0.0114803
0.0122552
0.0130552
-0.058039
-0.0590285
-0.0579241
-0.049237
-0.0455861
-0.0530951
-0.0470251
-0.0544435
-0.0571928
-0.0282356
-0.0257384
-0.0270866
-0.0260539
-0.0306684
-0.0191497
-0.0225681
-0.0372007
-0.0388858
-0.0349759
0.0235042
0.0236845
0.0229918
0.024574
0.0242468
0.0247424
-0.105676
-0.0930715
-0.100139
-0.135597
-0.129862
-0.116633
-0.246868
-0.234378
-0.247549
-0.249743
-0.236488
-0.235525
-0.240097
-0.237999
-0.279603
-0.280277
-0.201905
-0.20602
-0.196433
-0.199137
-0.192584
-0.190908
-0.187972
-0.218527
-0.215458
-0.205713
-0.214074
-0.0878335
-0.0942293
-0.0835314
-0.0810192
-0.0842071
-0.116565
-0.121732
-0.118029
-0.126801
-0.124847
-0.119766
-0.104148
-0.103005
-0.0997864
-0.113963
-0.107069
-0.106763
-0.111661
0.0174439
0.0162645
0.0128439
0.0220103
0.017873
-0.0923317
-0.0932636
-0.096894
-0.100635
-0.0903326
-0.0833951
-0.0886912
-0.117574
-0.119249
-0.120942
-0.118703
-0.11376
-0.112213
-0.115568
-0.0535666
-0.0455846
-0.0428259
-0.0300291
-0.0676694
-0.0690328
-0.0611851
-0.19042
-0.186662
-0.181268
-0.196394
-0.192171
-0.198858
-0.209723
-0.201146
-0.156633
-0.166642
-0.17497
-0.147071
-0.157746
-0.149254
-0.188701
-0.180017
-0.18572
-0.178733
-0.161323
-0.163632
-0.154643
-0.161494
-0.160315
-0.166662
-0.164539
-0.168432
-0.168517
-0.165282
-0.165706
-0.134855
-0.137193
-0.134021
-0.142359
-0.139978
-0.137252
-0.121277
-0.125235
-0.123153
-0.13443
-0.127355
-0.124166
-0.130546
-0.135365
-0.150385
-0.154739
-0.153364
-0.157127
-0.156099
-0.151484
-0.143489
-0.146562
-0.144828
-0.151995
-0.150187
-0.14592
-0.268832
-0.264348
-0.150182
-0.151159
-0.151394
-0.148292
-0.150238
-0.147997
-0.163935
-0.152531
-0.15465
-0.156019
-0.134748
-0.139232
-0.13993
-0.136144
-0.13849
-0.130226
-0.141983
-0.144402
-0.14629
-0.14087
-0.142335
-0.140086
-0.170098
-0.169999
-0.168929
-0.170718
-0.166447
-0.1655
-0.169466
-0.168092
-0.247988
-0.259094
-0.266399
-0.266829
-0.266292
-0.265296
-0.266146
-0.265553
-0.0852274
-0.0828057
-0.0835973
-0.0859382
-0.0959508
-0.0907998
-0.0859578
-0.12185
-0.119881
-0.116943
-0.118603
-0.120549
-0.123158
-0.12612
-0.128293
-0.122981
-0.12515
-0.123935
-0.124037
-0.123595
-0.104649
-0.103838
-0.102686
-0.113845
-0.106035
-0.145545
-0.146688
-0.149598
-0.140369
-0.14362
-0.1426
-0.148704
-0.150752
-0.130609
-0.135894
-0.130294
-0.137594
-0.165219
-0.15831
-0.161573
-0.152277
-0.155017
-0.161058
0.00637935
0.00366504
0.00557856
-0.00145936
0.00137223
0.0043583
0.0115149
0.012115
0.0119202
0.00767933
0.0102018
0.00892883
0.0126425
-0.0253615
-0.0204675
-0.0393907
-0.0318489
-0.0051129
-0.00749372
-0.00471109
-0.0164357
-0.0112773
-0.00954326
-0.0629187
-0.0660796
-0.0654558
-0.0577128
-0.0676474
0.0631367
0.0658853
0.0314626
0.0280836
0.0253793
0.0324199
0.030741
0.0325391
0.0313247
0.0331832
0.0622477
0.057587
0.0272018
0.0364673
0.0285764
0.039977
0.0441814
0.0320508
0.0429375
0.0322172
0.0261406
0.0267824
0.0141333
0.0141271
0.0152604
0.0220564
0.022558
0.0267389
0.0463257
0.039113
0.0562144
0.0863714
0.0497478
0.0853565
0.0435345
0.0348447
0.0306985
0.00567819
0.0115429
0.000140439
-0.00695602
-0.00175593
0.00573668
0.00752568
0.0199149
0.0103592
0.0288861
0.0468125
0.0565473
0.0891444
0.0760633
0.135995
0.0929494
0.0757592
0.0271111
0.0110049
0.0174527
-0.0246156
-0.0235715
-0.013936
-0.0103843
-0.0200311
0.00133735
-0.00585032
-0.00638763
0.00469439
0.0127026
0.0160491
0.0304732
-0.0625575
-0.056343
-0.0287778
-0.0653852
-0.0482203
-0.0354403
-0.0246406
-0.0407668
-0.0265284
-0.0387604
-0.04768
-0.039156
-0.0753519
-0.0847755
-0.0760597
-0.159097
-0.124785
-0.101981
-0.0955874
-0.0689927
-0.0599983
-0.0286578
-0.0423575
-0.0429175
-0.0520502
-0.0625837
-0.0618394
-0.105156
-0.11621
-0.115872
-0.183482
-0.145863
-0.142879
-0.097815
-0.0745291
-0.0739943
-0.0218639
-0.027959
-0.0397972
-0.0421413
-0.0488863
-0.0543007
-0.0813032
-0.0877581
-0.0932947
-0.138924
-0.117295
-0.131042
-0.0754625
-0.0635851
-0.0707858
-0.00950896
-0.00795489
-0.023018
-0.0336852
-0.0350614
-0.0423983
-0.0707402
-0.0660385
-0.0858987
-0.043727
-0.0435606
-0.0540935
0.00210703
0.00775069
-0.00335329
-0.0105003
-0.0206795
-0.0320053
-0.0166924
-0.0236715
-0.0331235
0.00918823
0.0127845
0.00990064
0.0178376
0.0293623
0.0283838
0.0359768
0.0476614
0.0520065
0.0641917
0.0687768
0.0673291
0.0178305
0.00182457
-0.00816764
-0.00493553
-0.00967095
-0.0158566
0.0113904
0.0147634
0.0143266
0.018033
0.0225091
0.0276636
0.0241265
0.024453
0.0407711
0.0252081
0.0173624
0.022825
0.014946
0.00699797
0.00313775
0.00190732
-0.00282829
-0.0056188
0.0149375
0.0178174
0.0197101
0.0153978
0.0193415
0.0196005
0.0209785
0.0121847
0.0154791
0.0115841
0.00668614
0.00740044
-0.0662545
-0.0551975
-0.0485864
-0.114827
-0.128567
-0.152001
-0.00577206
-0.0255148
-0.0302799
-0.11455
-0.11219
-0.100947
-0.191668
-0.212539
-0.218801
-0.158742
-0.177309
-0.154458
-0.0985181
-0.103295
-0.0947632
-0.183578
-0.203594
-0.192906
-0.219811
-0.221516
-0.198636
-0.0494225
-0.056025
-0.0527133
-0.119295
-0.128832
-0.113871
-0.188598
-0.174946
-0.163273
-0.0454322
-0.0443079
-0.035193
-0.104711
-0.0940738
-0.091237
0.0496968
0.0364653
0.0227952
0.101086
0.0958812
0.0912219
0.0916584
0.0802419
0.0977956
-0.0263437
-0.0175768
-0.0207371
0.0686507
0.0911998
0.0540903
0.375658
0.335691
0.345615
0.0832911
0.102986
0.137376
0.367366
0.386529
0.0149151
0.0261638
0.0124289
0.0665788
0.0762381
0.0363249
-0.0291165
-0.0179633
-0.0148383
-0.0221729
-0.0203183
-0.0345117
0.00880326
-0.00540716
-0.0115564
-0.0880027
-0.095536
-0.124405
0.0459912
0.0223674
0.0154503
-0.0946286
-0.0656023
-0.077831
-0.0605235
-0.064734
-0.0808968
-0.0323178
-0.0481328
-0.0474391
-0.0591256
-0.0543743
-0.0443663
-0.0837032
-0.0656813
-0.0712475
-0.0471016
-0.0575906
-0.0790568
-0.0989521
-0.0923861
-0.0823247
-0.127104
-0.119889
-0.123204
-0.0935586
-0.0987678
-0.104831
-0.210949
-0.214454
-0.207529
-0.142328
-0.128835
-0.166018
-0.103056
-0.118037
-0.125237
-0.0955535
-0.108091
-0.0950055
-0.0585811
-0.0614221
-0.0514544
-0.0923793
-0.0730439
-0.0692158
-0.0742633
-0.0748131
-0.0942739
-0.113752
-0.115481
-0.104652
-0.142607
-0.135507
-0.133787
-0.138628
-0.139007
-0.146648
-0.136299
-0.143079
-0.181133
-0.112943
-0.129418
-0.125278
-0.129517
-0.130914
-0.114027
-0.0356497
-0.0425775
-0.0371172
-0.0605834
-0.0489771
-0.0404393
-0.0636849
-0.0568288
-0.0658446
-0.075731
-0.0818659
-0.0760297
-0.0980124
-0.0878387
-0.0783597
-0.108475
-0.105245
-0.109709
-0.180595
-0.179993
-0.176807
-0.0928837
-0.110708
-0.130774
-0.0903758
-0.100572
-0.0897811
-0.118775
-0.110398
-0.0982011
-0.0809976
-0.0839638
-0.074515
-0.121313
-0.118175
-0.116943
-0.044788
-0.0566379
-0.0624961
-0.0533979
-0.055625
-0.0446691
-0.0784129
-0.0668137
-0.0629233
0.0119439
0.0154698
0.0205419
-0.0191146
-0.0130534
-0.0148691
0.038434
0.0454273
0.03597
0.0571531
0.0496581
0.044079
0.0775991
0.076262
0.067779
0.0367577
0.0424548
0.0568116
0.0247988
0.0373419
0.0316729
0.0384436
0.0384391
0.0229043
-0.0892215
-0.0824103
-0.0881975
-0.0301713
-0.0525961
-0.069275
-0.0378369
-0.0428647
-0.0291984
-0.0586046
-0.0720952
-0.0569961
0.049115
0.0538753
0.0722179
-0.0441979
-0.0314616
-0.0260004
-0.195635
-0.203298
-0.207405
-0.122042
-0.130627
-0.125333
-0.0903618
-0.109091
-0.100479
-0.126077
-0.118096
-0.10466
-0.177383
-0.170068
-0.180636
-0.144857
-0.137154
-0.13808
-0.12611
-0.128857
-0.1364
-0.0977862
-0.108845
-0.104412
-0.14053
-0.144291
-0.142421
-0.156002
-0.155567
-0.150884
-0.140858
-0.139164
-0.13507
-0.199889
-0.210107
-0.186695
-0.245972
-0.238021
-0.234594
-0.209065
-0.193266
-0.185904
-0.233435
-0.230683
-0.239737
-0.164479
-0.182395
-0.196279
-0.119712
-0.115194
-0.11188
-0.131683
-0.12952
-0.13521
-0.098334
-0.107526
-0.111033
-0.142774
-0.145121
-0.146951
-0.120397
-0.122424
-0.120161
-0.15251
-0.156557
-0.156192
-0.148935
-0.150531
-0.146333
-0.215079
-0.207108
-0.188822
-0.218207
-0.221607
-0.226539
-0.198128
-0.220875
-0.217412
-0.0812198
-0.0832784
-0.0908217
-0.059062
-0.0625552
-0.0596385
-0.114499
-0.117286
-0.118573
-0.0934197
-0.0987229
-0.0934295
-0.126648
-0.127585
-0.124471
-0.174134
-0.171501
-0.169134
-0.149947
-0.134332
-0.128601
-0.160269
-0.156227
-0.162059
-0.120574
-0.126464
-0.129003
-0.218404
-0.212078
-0.2147
-0.16798
-0.173982
-0.181926
-0.155154
-0.169932
-0.155164
-0.0068572
-0.00489646
-0.00945853
0.014064
0.0113954
0.00949709
-0.046452
-0.0487769
-0.0542678
-0.014309
-0.0196467
-0.0206782
-0.0324156
-0.0315573
-0.0252822
-0.0713275
-0.0617635
-0.0625839
-0.110482
-0.108687
-0.114643
-0.0723402
-0.0884185
-0.0924036
-0.081743
-0.0837013
-0.0736021
0.0484032
0.0615547
0.0467367
0.0727474
0.0638737
0.0502763
0.0176877
0.019172
0.0165422
0.0357832
0.0535759
0.0602647
-0.0144246
0.000888211
-0.000563756
0.00422135
0.00234634
-0.0225334
0.0388716
0.0213989
0.0177415
0.118423
0.0888797
0.0790951
-0.0153791
-0.0136617
-0.0054052
-0.0315045
-0.0224652
-0.0209363
-0.0207018
-0.0277895
-0.0272177
-0.0312956
-0.0282927
-0.0202647
-0.0447802
-0.0365474
-0.0361636
0.00434833
0.0052138
0.00879116
-0.0144524
-0.0110821
-0.0125162
-0.00316997
-0.011038
-0.00485895
0.0977672
0.106189
0.130189
-0.0184351
-0.00365827
0.00766805
-0.027815
-0.0304748
0.00270283
-0.080258
-0.0430596
-0.046877
-0.0483156
-0.0472397
-0.0691506
-0.066564
-0.06037
-0.051623
-0.0745289
-0.0642764
-0.0706063
-0.0588569
-0.0627945
-0.0693564
0.0107366
0.0111978
0.0101247
0.019187
0.0176921
0.0170907
-0.0236954
-0.0223326
-0.018406
-0.0636536
-0.0538779
-0.0542515
-0.0506584
-0.0510916
-0.0670746
-0.032639
-0.0460656
-0.0448596
0.0200319
0.0203736
0.0200239
0.027912
0.026073
0.0260542
-0.00614667
-0.0138291
-0.0236718
0.00356511
-0.00471118
-0.00111508
-0.0133031
-0.00936551
-0.00178678
0.140724
0.168614
0.216217
0.106039
0.14988
0.130079
0.122967
0.151591
0.102675
0.0665669
0.0835105
0.0665803
0.124059
0.143266
0.091331
0.21611
0.16436
0.136127
-0.0491487
-0.0850543
-0.0688561
0.0292696
0.0331636
0.0607391
-0.0472412
-0.0299553
-0.0363332
-0.00681942
-0.00326136
-0.0269062
-0.0965962
-0.0870346
-0.0873684
-0.100592
-0.101865
-0.0986674
0.0302393
0.0326266
0.0358587
0.0118762
0.0152698
0.0140225
-0.00719524
-0.0108688
-0.0171844
0.00153824
-0.00465228
-0.00395736
-0.00920358
-0.00706946
-0.00113745
-0.088443
-0.0764254
-0.0678108
-0.0901379
-0.102208
-0.0919998
-0.0662939
-0.0591528
-0.0655914
-0.00588219
-0.0169187
-0.0233504
-0.0123345
-0.0162552
-0.00102955
-0.173931
-0.179386
-0.173499
-0.156028
-0.162867
-0.168696
-0.151616
-0.150736
-0.145844
-0.148736
-0.152938
-0.152207
-0.126119
-0.123809
-0.119427
-0.126645
-0.130324
-0.128144
-0.251767
-0.249855
-0.251841
-0.216751
-0.226298
-0.229596
-0.218605
-0.221611
-0.213188
-0.227953
-0.236024
-0.23761
-0.232027
-0.234182
-0.225589
-0.254504
-0.254869
-0.253284
-0.216233
-0.21226
-0.217533
-0.18006
-0.190012
-0.195958
-0.176711
-0.183668
-0.173794
-0.201179
-0.210841
-0.214842
-0.201442
-0.206433
-0.19657
-0.22782
-0.221929
-0.218196
-0.136715
-0.138459
-0.135475
-0.13045
-0.132932
-0.134752
-0.156463
-0.15658
-0.151928
-0.151437
-0.155513
-0.155972
-0.244872
-0.247012
-0.243466
-0.222601
-0.226462
-0.222928
-0.232762
-0.229807
-0.225888
-0.205955
-0.211727
-0.209657
-0.21926
-0.215624
-0.2108
-0.237761
-0.239709
-0.242491
-0.234326
-0.240268
-0.240329
-0.238864
-0.239789
-0.233428
-0.232771
-0.237394
-0.235359
-0.239871
-0.238945
-0.234119
-0.0757013
-0.0813929
-0.0771385
-0.0664939
-0.065619
-0.0631455
-0.0785675
-0.0753854
-0.0772575
-0.0643589
-0.066933
-0.0718377
-0.0971011
-0.0997559
-0.10685
-0.147949
-0.144461
-0.142908
-0.152082
-0.155387
-0.15172
-0.194999
-0.197286
-0.203156
-0.185687
-0.191832
-0.186213
-0.203773
-0.197653
-0.190709
-0.164716
-0.169711
-0.164182
-0.180645
-0.175181
-0.170121
-0.191783
-0.189343
-0.191585
-0.0022496
-0.000304783
-0.00333143
0.010087
0.0102799
0.00882438
-0.0378449
-0.0432178
-0.0415172
-0.0445234
-0.0421823
-0.039512
-0.0603886
-0.057362
-0.0586924
-0.0176682
-0.0186563
-0.0128677
-0.0333633
-0.0258515
-0.0222602
-0.0259824
-0.0257277
-0.0320487
-0.0327906
-0.0336701
-0.0398827
-0.00635976
-0.00828879
-0.0101825
-0.0438754
-0.0377441
-0.0382978
-0.0419497
-0.0416852
-0.0451393
-0.021108
-0.0247735
-0.0241019
-0.0485046
-0.0522027
-0.0511264
-0.0566509
-0.0562502
-0.0503928
0.0547458
0.0597817
0.0497589
0.0742456
0.0631112
0.060096
0.0321513
0.0311097
0.0296424
0.0502161
0.0544432
0.0668386
0.0387553
0.0417396
0.0398526
0.0199664
0.0145906
0.0190207
0.00211707
0.00876732
0.0165895
0.0253876
0.0219322
0.0269691
0.0117191
0.0167784
0.0197351
0.0569367
0.0598784
0.0696237
0.0467283
0.0555347
0.0522322
0.0598671
0.0557376
0.0476839
0.00225538
0.000575339
0.00636111
-0.0126873
-0.00573324
-0.000966344
-0.00887938
-0.00757471
-0.0139304
0.0779062
0.103553
0.127243
0.0740063
0.0879568
0.0695012
0.0855144
0.0873947
0.0795113
0.0674776
0.0728597
0.0740675
0.0694049
0.0779741
0.0671163
0.124589
0.0925324
0.0847029
0.222175
0.246644
0.296551
0.176105
0.206028
0.197752
0.191764
0.223382
0.169425
0.140374
0.161707
0.142837
0.19721
0.22701
0.1707
0.299767
0.250322
0.224581
-0.112447
-0.11638
-0.12349
-0.103502
-0.109533
-0.105554
-0.116243
-0.112861
-0.105887
-0.21167
-0.217776
-0.219933
-0.137971
-0.136971
-0.144272
-0.124373
-0.130399
-0.131172
-0.127572
-0.128982
-0.122324
-0.125846
-0.132177
-0.131666
-0.13194
-0.132045
-0.124882
-0.146625
-0.138968
-0.1387
-0.185252
-0.182855
-0.183977
0.00465837
0.0102256
0.00705049
0.0171726
0.0134075
0.00755897
0.0245251
0.0190295
0.0229027
0.058659
0.0649809
0.0712646
0.0574909
0.0610396
0.0558638
0.0726502
0.0651212
0.0613954
0.0162193
0.0348763
0.0336094
0.0428867
0.0382732
0.0152531
0.0829488
0.0616164
0.0593471
-0.194386
-0.198994
-0.192052
-0.141444
-0.130158
-0.139109
-0.11339
-0.121374
-0.132407
-0.0977183
-0.110087
-0.103571
-0.151757
-0.160971
-0.169015
-0.142587
-0.152276
-0.14337
-0.171907
-0.161399
-0.151816
-0.134652
-0.136082
-0.143739
-0.122819
-0.129173
-0.12757
-0.131225
-0.130154
-0.122893
-0.115481
-0.121772
-0.11897
-0.126059
-0.123896
-0.116664
-0.138807
-0.131103
-0.133084
-0.1479
-0.146265
-0.141458
-0.156707
-0.151169
-0.152648
-0.146388
-0.148269
-0.151933
-0.164337
-0.15968
-0.160032
-0.158742
-0.159325
-0.164115
-0.151116
-0.155266
-0.154655
-0.147042
-0.143289
-0.144749
-0.140259
-0.141856
-0.145681
-0.134124
-0.13768
-0.135898
-0.242665
-0.240604
-0.247657
-0.228641
-0.237708
-0.238902
-0.248347
-0.250773
-0.251896
-0.248913
-0.250023
-0.248265
-0.118475
-0.123668
-0.125574
-0.11899
-0.121285
-0.115626
-0.132613
-0.127145
-0.124557
-0.142611
-0.143448
-0.140915
-0.146892
-0.147985
-0.147434
-0.151528
-0.14956
-0.1492
-0.156956
-0.156715
-0.152043
-0.165836
-0.16101
-0.161235
-0.160299
-0.160615
-0.16507
-0.159851
-0.155228
-0.153471
-0.15775
-0.156684
-0.161452
-0.148123
-0.152038
-0.153098
-0.243259
-0.243641
-0.24184
-0.247101
-0.245564
-0.245833
-0.221613
-0.218462
-0.216288
-0.229173
-0.224331
-0.228637
-0.252085
-0.253948
-0.254682
-0.252618
-0.253548
-0.252444
-0.249321
-0.250242
-0.24891
-0.252594
-0.251714
-0.251484
-0.13419
-0.13088
-0.130104
-0.13265
-0.133152
-0.136829
-0.125763
-0.12939
-0.129765
-0.165431
-0.168593
-0.165636
-0.144625
-0.150737
-0.154354
-0.142986
-0.147
-0.141188
-0.158519
-0.152763
-0.148459
-0.120751
-0.123788
-0.118219
-0.135339
-0.129491
-0.126236
-0.135449
-0.132412
-0.138438
0.00300499
-0.000759644
-0.00296366
0.0039396
0.00115149
0.00439898
-0.00779125
-0.0029955
0.00181053
0.0141671
0.0124314
0.0151756
0.00690879
0.00962496
0.0118109
0.00666002
0.00871172
0.00598504
0.0545808
0.0550306
0.0514692
0.0609252
0.0580577
0.057693
0.0248087
0.0218093
0.0201571
0.0234092
0.022817
0.0259752
0.0176529
0.0200868
0.0208631
0.0473903
0.0430129
0.0436435
0.054446
0.0589348
0.0291594
-0.00212264
0.00155644
0.000874423
-0.00941274
-0.00876733
-0.00566044
0.0578862
0.0813436
0.0777566
0.142229
0.112085
0.120434
0.0231929
0.0149
0.0348321
0.0136098
0.0123429
0.0117406
0.013854
0.0132681
0.0142615
0.0175287
0.0178575
0.0194282
0.0152357
0.0164077
0.0160498
0.0159623
0.0162322
0.014787
0.0215519
0.0206811
0.0205907
0.0206156
0.0202548
0.0211295
0.0202999
0.020244
0.0210567
-0.0788416
-0.0853445
-0.097505
-0.0574951
-0.0721856
-0.0661461
-0.121944
-0.12974
-0.138325
-0.108845
-0.120296
-0.112315
-0.222155
-0.224054
-0.222139
-0.0913011
-0.0905765
-0.0877206
-0.0966378
-0.0936416
-0.0946513
-0.0778114
-0.0789241
-0.0755897
-0.0851858
-0.0821675
-0.0811562
0.0264801
0.0297365
0.027659
0.0343964
0.0320633
0.0289314
0.0383912
0.0350682
0.0372503
0.0249022
0.020496
0.0223371
0.0169826
0.0189657
0.0229986
-0.0855202
-0.0905014
-0.0867188
-0.0976577
-0.094002
-0.0893647
-0.0664707
-0.0721132
-0.066282
-0.0824402
-0.0775827
-0.0718102
-0.111504
-0.116677
-0.114649
-0.100533
-0.105807
-0.10124
-0.112284
-0.109056
-0.103688
-0.044687
-0.0524365
-0.0594047
-0.0420763
-0.0469023
-0.039687
-0.0601802
-0.0535804
-0.0479988
-0.1777
-0.184722
-0.18995
-0.150389
-0.156908
-0.1509
-0.170902
-0.163409
-0.156682
-0.175786
-0.169812
-0.176882
-0.160276
-0.154826
-0.155583
-0.153309
-0.154014
-0.159325
-0.145649
-0.149936
-0.148889
-0.154148
-0.153453
-0.148715
-0.162118
-0.157384
-0.158025
-0.156182
-0.156812
-0.161658
-0.13424
-0.132222
-0.127983
-0.140682
-0.136656
-0.138591
-0.132487
-0.134628
-0.138536
-0.236608
-0.242402
-0.243651
-0.239901
-0.241329
-0.235703
-0.250848
-0.247631
-0.245212
-0.258004
-0.256357
-0.255917
-0.243118
-0.246718
-0.248052
-0.244522
-0.245758
-0.242621
-0.145532
-0.142136
-0.140022
-0.146353
-0.144382
-0.147956
-0.137696
-0.140269
-0.141562
-0.165603
-0.160947
-0.160899
-0.161192
-0.161112
-0.165703
-0.152775
-0.15685
-0.156848
-0.154083
-0.154732
-0.150141
-0.163767
-0.159167
-0.158545
-0.160497
-0.159932
-0.164674
-0.235437
-0.235421
-0.233465
-0.239604
-0.237619
-0.238299
-0.245643
-0.249212
-0.251383
-0.232752
-0.23639
-0.235878
-0.225751
-0.226859
-0.22447
-0.23129
-0.229213
-0.229083
-0.253868
-0.25543
-0.255591
-0.254975
-0.255513
-0.254775
-0.25303
-0.254409
-0.253774
-0.255229
-0.255181
-0.254591
-0.0809555
-0.0833677
-0.0835579
-0.0801773
-0.0825192
-0.0795969
-0.0900244
-0.0919396
-0.0949302
-0.0854019
-0.0885973
-0.0868991
-0.06673
-0.0665255
-0.0667316
-0.0580872
-0.0676484
-0.0665161
-0.0722222
-0.0740967
-0.077215
-0.0682047
-0.0709467
-0.0691784
-0.0738355
-0.0719683
-0.0687045
-0.115141
-0.11691
-0.114459
-0.100906
-0.102681
-0.102008
-0.0977523
-0.100544
-0.0987118
-0.105868
-0.108663
-0.112634
-0.100674
-0.103878
-0.103003
-0.13953
-0.140962
-0.137631
-0.162456
-0.15906
-0.155504
0.00472377
0.00233203
0.000551954
0.00764629
0.00917124
0.00706655
-0.0213664
-0.027492
-0.0269253
-0.0123284
-0.0106884
-0.0154541
-0.0649613
-0.0655252
-0.0621595
-0.0721845
-0.0687966
-0.0680416
-0.0521373
-0.0518501
-0.0484402
-0.058778
-0.0552714
-0.0553353
-0.0549267
-0.0558925
-0.0594931
0.0681103
0.0684083
0.0642667
0.0776529
0.0727953
0.0717609
0.0654047
0.0685485
0.0785666
0.0578854
0.0624524
0.0605397
-0.0104376
0.00193228
0.0220165
-0.0125611
-0.00682211
-0.0181334
0.0245467
0.0172965
0.0110567
0.0269256
0.0227456
0.0307532
0.30565
0.32491
0.345733
0.24978
0.283624
0.276446
0.252013
0.283406
0.241777
0.254992
0.298803
0.301892
0.287113
0.30251
0.261601
0.354671
0.341371
0.316184
0.0721388
0.0520336
0.0582427
0.0268811
0.0403513
0.0736492
-0.1104
-0.103738
-0.108327
-0.105982
-0.101793
-0.0982466
-0.120996
-0.118805
-0.122222
-0.112007
-0.115404
-0.117717
-0.113573
-0.114939
-0.111686
-0.0696968
-0.0763297
-0.0831309
-0.11024
-0.105776
-0.109112
-0.100275
-0.103725
-0.107754
-0.14196
-0.134853
-0.126014
-0.149822
-0.142521
-0.149708
-0.130867
-0.13703
-0.143873
-0.117151
-0.11437
-0.109499
-0.121103
-0.117249
-0.12025
-0.111135
-0.114641
-0.11825
-0.237923
-0.229825
-0.227266
-0.121582
-0.118498
-0.123231
-0.109286
-0.113539
-0.116205
-0.107583
-0.110477
-0.10586
-0.126779
-0.124672
-0.122161
-0.129702
-0.127331
-0.12997
-0.12257
-0.124724
-0.126849
-0.121642
-0.117625
-0.11635
-0.120221
-0.119067
-0.122357
-0.206159
-0.208644
-0.215525
-0.0967194
-0.102679
-0.104345
-0.112532
-0.106907
-0.105082
0.0370198
0.036735
0.0405789
0.0293734
0.0331393
0.0333141
0.0297139
0.0311714
0.0278445
0.0395455
0.0346481
0.0296466
0.0434005
0.0391144
0.0444293
0.0254353
0.0257859
0.027791
0.0224699
0.0240297
0.0239155
0.0244605
0.0243954
0.0228321
0.103237
0.0953968
0.0778146
0.141333
0.115306
0.121847
0.0837569
0.102953
0.130103
-0.0254927
-0.0267805
-0.0422223
0.00872488
-0.0109997
-0.0131419
-0.0149901
-0.0110374
0.0103034
-0.108384
-0.105113
-0.103839
-0.106813
-0.105374
-0.108636
-0.0991118
-0.102244
-0.103302
-0.0326505
-0.0229781
-0.019849
-0.0332467
-0.0262215
-0.0363048
-0.132186
-0.127988
-0.13032
-0.122941
-0.12557
-0.129907
-0.11772
-0.12162
-0.119216
-0.214831
-0.210183
-0.206039
-0.226312
-0.223349
-0.230645
-0.129002
-0.130919
-0.128113
-0.137041
-0.133887
-0.131865
-0.137934
-0.135932
-0.139053
-0.112039
-0.109561
-0.107494
-0.11402
-0.112142
-0.11457
-0.206649
-0.200574
-0.202843
-0.183703
-0.185971
-0.188228
-0.0474428
-0.0445571
-0.0463245
-0.0557924
-0.0543446
-0.0507248
-0.0346193
-0.0384699
-0.0383627
-0.0452564
-0.0421134
-0.0408807
-0.0274838
-0.0278798
-0.0314382
0.0321059
0.0323127
0.0341893
0.0321321
0.0329889
0.03443
0.0298416
0.0315556
0.0310237
0.0427885
0.0426601
0.0462066
0.0365529
0.0397769
0.0393412
0.0471305
0.0445041
0.0415436
0.0495486
0.047064
0.0496605
0.0421249
0.0442258
0.0464948
0.0865851
0.0933616
0.0757553
0.0955683
0.0998241
0.0953315
0.113266
0.104696
0.101092
0.0928047
0.0919594
0.110464
0.0855907
0.0903291
0.0777585
0.0788748
0.0871973
0.0816412
0.18189
0.174828
0.151711
0.227434
0.197386
0.20396
0.165077
0.184734
0.215793
0.0233465
0.0255737
0.0229896
0.0272752
0.0275386
0.0238592
0.0259633
0.022817
0.0200278
0.018231
0.0135268
0.0128189
0.0185993
0.0225707
0.0217265
0.00711206
0.00146726
0.00352076
0.00944546
0.0116558
0.0140251
0.0474417
0.0518011
0.0466264
0.0554749
0.0515056
0.0455293
-0.0111095
-0.0133127
-0.00923394
0.00300387
0.00368498
0.00826797
0.0212825
0.026926
0.0301824
0.105559
0.10069
0.0912076
-0.0249276
-0.0242718
-0.0183287
-0.00546447
-0.00798885
-0.00193676
-0.0319735
-0.0334907
-0.0197582
-0.0430458
-0.037458
-0.0307991
-0.0126221
-0.0179064
-0.013581
-0.14182
-0.1297
-0.120077
-0.0577278
-0.0480212
-0.0433923
-0.0151485
-0.0208678
-0.0203999
-0.184374
-0.169209
-0.167914
-0.0616647
-0.0512953
-0.0506989
-0.0124359
-0.0163771
-0.0194054
-0.154258
-0.143704
-0.149483
-0.0539473
-0.0463443
-0.0497153
-0.00645942
-0.00774276
-0.0122995
-0.0194521
-0.0208972
-0.0283358
-0.08798
-0.0850716
-0.0930012
-0.0394503
-0.0360227
-0.0415795
-0.000106044
0.000801546
-0.0032367
0.00275546
0.00543122
-0.00027618
0.0112565
0.0139558
0.00906504
-0.0243823
-0.0245238
-0.0301768
0.00459365
0.00646854
0.00407296
0.0156095
0.0194215
0.0171836
0.0840046
0.0821184
0.0875968
0.0145461
0.00716158
0.00315118
-0.0129471
-0.0150211
-0.0194268
0.00710658
0.00902477
0.0080347
0.0287798
0.0323994
0.0355511
0.0362829
0.0286386
0.030978
0.0168006
0.0120597
0.0119226
-0.00614745
-0.00862497
-0.0116566
0.0109628
0.0131741
0.014109
0.00345074
-3.50563e-06
-0.00109394
0.0117879
0.0137541
0.015827
0.013666
0.0125688
0.0168119
0.0127891
0.00971521
0.0110429
0.00890987
0.00524624
0.00591783
0.00387159
-0.00166768
-0.00338981
0.00985389
0.015787
0.0198286
0.0432255
0.0531031
0.0434446
0.0940216
0.103839
0.106678
-0.0421177
-0.0368763
-0.0456541
-0.109638
-0.0981468
-0.106624
-0.0908397
-0.0813189
-0.0848586
-0.0521358
-0.0598577
-0.0667889
-0.165681
-0.162186
-0.176671
-0.0870355
-0.0794771
-0.0774308
-0.0850786
-0.0870919
-0.0954355
-0.154816
-0.159347
-0.173069
-0.0731308
-0.0701432
-0.0754292
-0.0905075
-0.0873104
-0.0836831
-0.100846
-0.108508
-0.113897
0.0873286
0.0828939
0.0849197
0.0227752
0.0251528
0.0196127
-0.0376082
-0.0466403
-0.052753
-0.189544
-0.184395
-0.191516
-0.202344
-0.196619
-0.192101
-0.166502
-0.164954
-0.167917
-0.171553
-0.174326
-0.175812
-0.0735561
-0.0793245
-0.0803699
0.0425278
0.0452476
0.0415093
0.037994
0.0343961
0.0324627
0.0251527
0.0299044
0.0256133
-0.0213695
-0.0176435
-0.0279738
0.0501411
0.0406195
0.044625
-0.00666018
-0.0135937
-0.0133819
-0.0214852
-0.0219218
-0.0174976
-0.0483505
-0.0441695
-0.0456476
-0.0197176
-0.0160419
-0.00896702
-0.0340414
-0.0244353
-0.0270462
0.00947267
0.00399912
0.0205689
-0.0905623
-0.0759169
-0.0820142
-0.0582591
-0.0562082
-0.0524994
-0.0798954
-0.0760764
-0.0786784
-0.0623809
-0.0621273
-0.0678356
-0.0290488
-0.03472
-0.0336186
-0.0169126
-0.0184767
-0.0242264
0.158262
0.173771
0.177236
0.089188
0.102206
0.0883785
0.176786
0.172901
0.156548
0.0719674
0.0642986
0.0778727
-0.0135128
-0.0143598
-0.0179763
0.00539991
0.00166591
0.0027588
-0.0114518
-0.0125848
-0.00982468
-0.036003
-0.0315694
-0.0327842
0.0142646
0.0103185
0.00697683
0.0231466
0.0186469
0.0155331
0.15048
0.168289
0.142551
0.0122116
0.0127533
0.0082816
0.012774
0.0173639
0.00514065
0.0950216
0.0828052
0.0923084
0.00657262
0.00683755
0.0113133
-0.00746231
-0.00450312
-0.00342207
0.00801988
0.00177585
-0.00472131
0.00497428
0.0108098
0.00525911
0.0437795
0.0369178
0.0245491
0.0329724
0.041695
0.0546291
-0.0868054
-0.092437
-0.0873281
-0.101611
-0.0970156
-0.0904827
-0.0978309
-0.101429
-0.104392
-0.0948721
-0.0981134
-0.0941832
-0.0653991
-0.0706034
-0.0640668
-0.0822065
-0.0764555
-0.0704489
-0.0993138
-0.101157
-0.0955195
0.0286994
0.0338789
0.0379625
0.0934607
0.103572
0.126197
0.0443531
0.0384284
0.0388301
0.0645943
0.0581038
0.051746
0.0654288
0.0630463
0.0782654
0.0491469
0.0555776
0.0569707
0.0713861
0.0583975
0.0637908
0.040654
0.0498508
0.0548992
0.0403359
0.0446149
0.0376243
0.0208566
0.0225855
0.0306903
0.014292
0.0217848
0.0165716
0.0460097
0.0294559
0.0207179
0.0379307
0.0347493
0.0487615
0.0858964
0.0761272
0.0768223
0.125925
0.112595
0.11993
0.087496
0.100499
0.109815
0.0838599
0.0916195
0.0816765
-0.0600624
-0.04677
-0.0471651
-0.145799
-0.138173
-0.15101
-0.168299
-0.169222
-0.184543
-0.130599
-0.137303
-0.146758
-0.0691354
-0.0771241
-0.0793222
0.0305554
0.0249715
0.0247729
0.0221724
0.0242267
0.030219
0.0496757
0.0444216
0.0432574
0.0448886
0.0451662
0.0514336
0.0812116
0.0783541
0.0762271
0.0669798
0.0708525
0.0655861
0.0739225
0.0733564
0.0670645
0.0114065
0.00986513
0.0172744
-0.00122568
0.00394137
0.00613073
-0.00329946
0.000914529
-0.00398015
0.0240008
0.0229623
0.0259544
0.0258316
0.0289774
0.0262714
0.0300536
0.0296161
0.0270904
0.0350631
0.0329422
0.0364956
0.0228887
0.0254739
0.0300369
0.0189626
0.024015
0.0213203
0.0296204
0.0269451
0.0208166
-0.14481
-0.136973
-0.144773
-0.215149
-0.207032
-0.203067
-0.211008
-0.207591
-0.216884
-0.165491
-0.157815
-0.15029
-0.169347
-0.162456
-0.171377
-0.20034
-0.195835
-0.198135
-0.187957
-0.190928
-0.196443
-0.220977
-0.21372
-0.210929
-0.214948
-0.212929
-0.22119
-0.184344
-0.17921
-0.182706
-0.170126
-0.173858
-0.17954
0.0460411
0.0398914
0.0429533
0.0316818
0.0361899
0.0417293
0.0269051
0.0311954
0.0272067
0.0991989
0.102133
0.0976863
0.089919
0.113921
0.0996143
0.0913741
0.0652155
0.0545127
0.0760799
0.0727088
0.0892989
0.0499443
0.060131
0.0640636
0.089992
0.0975247
0.0891533
0.116777
0.10709
0.0967235
0.121209
0.116228
0.129502
0.071254
0.0613402
0.0590991
0.0610974
0.0617755
0.074208
0.0397983
0.0502504
0.0479872
-0.019482
-0.0289624
-0.0325613
-0.000622074
-0.00107487
-0.0105276
-0.105727
-0.0999871
-0.089991
-0.11806
-0.108384
-0.115113
-0.0925474
-0.086074
-0.0732469
-0.0745464
-0.0795836
-0.0879122
-0.0731488
-0.0647781
-0.0712291
-0.171902
-0.15781
-0.152228
-0.0838869
-0.0829975
-0.0901793
-0.0950556
-0.0858927
-0.086371
-0.177651
-0.163266
-0.16618
-0.0563568
-0.0520216
-0.0553045
-0.070658
-0.0653003
-0.0615577
-0.0945738
-0.0909516
-0.0941677
-0.085066
-0.0879948
-0.0913512
-0.0810121
-0.084438
-0.081286
-0.122435
-0.116122
-0.12345
-0.0808736
-0.0803262
-0.0835421
-0.0738782
-0.0771406
-0.077724
0.0560087
0.0516403
0.0497872
0.0468666
0.0486559
0.0531211
0.0756347
0.0786734
0.0828849
0.0666975
0.0740674
0.073213
0.0777656
0.0788927
0.0789425
0.0481208
0.0442259
0.0399747
0.0498894
0.0481033
0.0521412
0.0393599
0.0316358
0.0298196
0.0323191
0.0322528
0.0390803
-0.0573139
-0.0498532
-0.0450653
-0.0614076
-0.0549187
-0.06263
-0.0674284
-0.0626795
-0.0677828
-0.0525968
-0.0588418
-0.0629872
-0.203651
-0.195578
-0.190543
-0.201907
-0.197381
-0.206782
-0.203716
-0.199289
-0.205686
-0.187558
-0.179438
-0.173198
-0.188141
-0.18253
-0.191858
-0.212908
-0.208091
-0.208843
-0.202598
-0.204164
-0.209898
-0.22033
-0.214435
-0.213337
-0.212112
-0.211962
-0.218815
-0.0855928
-0.0841939
-0.0818829
-0.0891169
-0.0868619
-0.0882296
-0.0957444
-0.0936699
-0.0917278
-0.0970249
-0.0958453
-0.0976836
-0.144902
-0.141221
-0.145604
-0.15804
-0.161336
-0.163362
-0.179
-0.177849
-0.180303
-0.165167
-0.160745
-0.164714
-0.151094
-0.155287
-0.160057
-0.0681069
-0.0674047
-0.0707278
-0.0603819
-0.0642536
-0.064943
-0.0776875
-0.0787358
-0.073169
-0.0898863
-0.0843191
-0.0830984
-0.0864408
-0.085112
-0.0908821
0.0519987
0.0485831
0.0449021
0.0564772
0.0524958
0.0563176
0.0445688
0.0486609
0.0517403
0.0715452
0.0648515
0.0670968
0.0590199
0.0610589
0.0670366
0.0412854
0.0444094
0.0396583
0.0576005
0.0504654
0.0471478
0.0545421
0.052977
0.0594557
0.00670243
-0.00631841
-0.0091554
0.0313536
0.0291
0.0178625
-0.0307907
-0.0262379
-0.0263248
-0.0409376
-0.0396677
-0.0352565
-0.0283594
-0.0122138
-0.00920381
-0.0677396
-0.0715181
-0.0849899
-0.0433446
-0.0576527
-0.0555211
-0.0651086
-0.0606268
-0.0446999
-0.0644172
-0.060285
-0.0623622
-0.0745322
-0.0721992
-0.0683766
-0.050846
-0.0564888
-0.0564951
-0.0391051
-0.0396655
-0.0452871
0.152632
0.163463
0.1503
0.186473
0.174436
0.161107
0.194579
0.18763
0.204524
0.145558
0.132784
0.133826
0.140245
0.118822
0.10329
0.132767
0.128296
0.149297
0.0967128
0.111147
0.116581
0.13355
0.121791
0.11348
0.124068
0.123659
0.139125
0.0902814
0.108135
0.107525
0.205459
0.187488
0.194245
0.156492
0.172445
0.185317
0.147573
0.161154
0.147992
-0.0633294
-0.0614004
-0.0493956
-0.0805636
-0.0704476
-0.0741882
0.0287054
0.0456683
0.0507829
-0.0933663
-0.0930677
-0.0960794
-0.0867641
-0.0899691
-0.0901794
-0.00788177
-0.0114254
-0.010452
-0.000492379
-0.00126724
-0.00492947
-0.0845234
-0.0798142
-0.0843144
-0.0716016
-0.076457
-0.0806904
-0.0989847
-0.0941906
-0.0979886
-0.0873251
-0.0915186
-0.0957445
-0.0794697
-0.0765124
-0.0804715
-0.101497
-0.1003
-0.0987759
-0.104863
-0.102718
-0.104086
-0.018743
-0.015121
-0.0140446
-0.0275408
-0.0272339
-0.0225114
0.0563649
0.0553442
0.0589718
0.0490763
0.0526473
0.0531974
0.0700366
0.0681339
0.0734441
0.0616321
0.0655279
0.0668484
0.0582047
0.0556176
0.0515938
0.063342
0.0582903
0.0619708
0.0580366
0.0564199
0.0545118
0.0697528
0.0810751
0.0758397
0.0734996
0.0716478
0.065431
0.266499
0.251198
0.2317
0.269567
0.268627
0.289274
0.211517
0.186626
0.166826
0.197998
0.197917
0.222143
0.20627
0.198185
0.216874
0.295677
0.272145
0.271729
0.236494
0.256855
0.274521
0.0664898
0.0680927
0.0680396
0.0434423
0.0304386
0.0274076
0.0755844
0.0698529
0.0576573
0.00259706
0.00522895
0.00568823
-0.000765169
-0.00219285
0.00060249
0.0201324
0.0210124
0.0189979
0.0216171
0.0212876
0.0188252
0.0199951
0.0180236
0.0160316
0.0150333
0.0120857
0.0111285
0.0185756
0.0207052
0.0195392
0.00870697
0.00474718
0.00556456
0.0130828
0.0152891
0.0158496
-0.00302722
-0.0060396
-0.00342087
0.0296908
0.0230923
0.0230534
-0.00943439
-0.0130031
-0.00849281
-0.0444769
-0.0426002
-0.0336711
-0.0834213
-0.0748669
-0.0666641
-0.100424
-0.0895048
-0.0866862
-0.0888616
-0.0805142
-0.083573
-0.0597429
-0.0563988
-0.0626307
-0.0237178
-0.025877
-0.0329952
-0.0289017
-0.0299053
-0.0362004
0.0355831
0.0399241
0.0390089
0.018029
0.0201139
0.0207263
0.00787382
0.00945397
0.00941174
-0.00257661
-0.0048114
-0.00671058
0.00983719
0.0113824
0.0122535
0.00363468
0.00113341
0.000668183
0.00977348
0.0101919
0.0117774
0.0163549
0.00255347
0.00921861
0.00570287
0.0103446
0.00877691
0.00633176
0.00435541
0.00426337
0.036989
0.0342906
0.0292011
0.0161657
0.00804748
0.0101314
-0.0497059
-0.0466218
-0.0418335
-0.0397291
-0.0472559
-0.0464242
0.0435284
0.048612
0.0525002
0.0480543
0.0453506
0.0442709
0.0609385
0.0595399
0.0550075
0.0412815
0.0466834
0.0480527
-0.00494642
-0.00623103
-0.00150325
-0.0363868
-0.0312896
-0.0325281
0.0114285
0.00571716
0.00858291
0.00830244
0.00675958
0.0102734
-0.0135861
-0.00949982
-0.00835082
-0.0090708
-0.000234123
0.00682726
0.04231
0.0376264
0.0356954
0.0382758
0.0388919
0.0441684
0.0408924
0.0359227
0.0371634
0.0288525
0.0325831
0.0366631
0.0318955
0.0324801
0.0280731
0.0357008
0.0372456
0.0418108
0.0762566
0.0772578
0.0859968
0.0834142
0.0747573
0.0752978
0.00920978
0.014972
0.0121793
0.0127465
0.00998732
0.00573138
0.0361491
0.0297644
0.0240356
0.0658795
0.0664055
0.0578912
0.0711721
0.0745649
0.081752
-0.0260678
-0.0190776
-0.0163278
-0.0128212
-0.0105014
-0.0166888
0.000708585
-0.00503976
-0.00564649
-0.0598904
-0.0505411
-0.0548816
-0.0370671
-0.0301319
-0.0340204
-0.0214538
-0.0269225
-0.032449
-0.116905
-0.127471
-0.134696
-0.110907
-0.119856
-0.111135
-0.0851726
-0.0793136
-0.0901262
-0.0436672
-0.0363556
-0.0361619
-0.0352511
-0.0371182
-0.0440489
-0.144712
-0.157288
-0.15699
-0.155494
-0.157143
-0.145872
-0.0876729
-0.0880153
-0.0997963
-0.0324571
-0.0280866
-0.0248332
-0.0337003
-0.0317384
-0.0365587
-0.121657
-0.130166
-0.124223
-0.141087
-0.136086
-0.127707
-0.0695274
-0.0745822
-0.082456
-0.020571
-0.016587
-0.0179634
-0.0427432
-0.0493467
-0.0516462
-0.0136291
-0.0200498
-0.0169728
0.0209903
0.0205918
0.0166714
0.0388528
0.0396597
0.035419
0.024239
0.0215981
0.0208046
0.0120642
0.011561
0.0159271
-0.137982
-0.13143
-0.121868
-0.123051
-0.120794
-0.125675
0.0780611
0.0674038
0.0606021
-0.0845763
-0.0911181
-0.101571
-0.069142
-0.0804796
-0.0759739
-0.13756
-0.149866
-0.153433
-0.140491
-0.145916
-0.135248
-0.138366
-0.149664
-0.145947
-0.155238
-0.153115
-0.142525
-0.0986579
-0.103924
-0.096927
-0.117588
-0.111
-0.105539
-0.0543457
-0.0542788
-0.0616465
0.0414377
0.0404479
0.0429769
0.0397024
0.0445398
0.0440997
0.0372035
0.0406453
0.0370358
0.0353972
0.0322133
0.0316638
0.0206919
0.0262286
0.0265009
-0.0382609
-0.0420769
-0.0336048
-0.131161
-0.135736
-0.13957
0.0531554
0.0567836
0.0547419
-0.00716221
-0.00651692
0.00538388
-0.0248159
-0.015735
-0.0144596
-0.0157679
-0.0107377
-0.00999586
-0.0266858
-0.0259546
-0.0207696
-0.0193367
-0.0150117
-0.0289158
0.0137112
-0.00147148
-0.00844093
-0.0568796
-0.0579437
-0.0622446
-0.0714216
-0.0737357
-0.0773382
-0.066184
-0.0699317
-0.0675451
-0.0565636
-0.0566792
-0.0511685
-0.067655
-0.0621197
-0.0616937
-0.0458129
-0.0402659
-0.0400977
-0.00809355
-0.0137003
-0.0115886
0.00400706
0.00171909
-0.00371771
0.119226
0.11866
0.104332
0.122694
0.130733
0.139597
0.000628528
0.00401059
0.00539932
-0.00457395
-0.00605674
-0.00236899
0.0156135
0.0080963
0.0130209
0.0651899
0.0510625
0.0564446
0.0822308
0.0744812
0.0702325
0.0636035
0.0700706
0.0775212
0.0388221
0.035675
0.0420704
0.0786313
0.0750061
0.0858466
0.0173328
0.0185679
0.0173421
0.00866412
0.0058754
0.00525243
0.000965763
-0.001837
-0.00103722
-0.0086806
-0.0105996
-0.00858006
0.00634381
0.00758319
0.0096511
0.0286466
0.0323329
0.031237
-0.0148336
-0.015671
-0.0128728
0.00248059
0.00257659
0.00533713
0.0583177
0.0659586
0.0638427
-0.0236835
-0.0227128
-0.0188294
-0.00231667
-0.00378016
-0.000522138
-0.033727
-0.030344
-0.0261629
-0.00632764
-0.00909475
-0.00668266
-0.0416521
-0.0362917
-0.0331053
-0.00803317
-0.0111287
-0.0105537
-0.0442528
-0.0383857
-0.0372882
-0.00700588
-0.0093677
-0.0106414
-0.0407614
-0.0360234
-0.0372114
-0.00400277
-0.00507681
-0.00740251
-0.0330403
-0.0303365
-0.033142
-0.000347183
-0.000152744
-0.00262461
-0.0240115
-0.0233118
-0.0267188
-0.00774496
-0.0104656
-0.0148013
-0.0159295
-0.0166882
-0.0198851
0.0209727
0.0207241
0.0230387
0.01486
0.0234281
0.0212421
-0.000731915
-0.0026363
-0.00373585
0.0502747
0.0511427
0.0415201
0.00517716
0.000370506
0.0046953
0.00245777
0.00685394
0.00881173
0.0329711
0.0312347
0.0343026
0.0226819
0.0203969
0.0242515
0.0234613
0.0196939
0.0186014
0.0169834
0.0165119
0.0112782
-0.00444816
-0.00155406
0.0036935
0.0162281
0.0137743
0.0169
0.0185853
0.0212231
0.0306154
-0.0467996
-0.0466857
-0.0578398
-0.0238205
-0.0361168
-0.0385849
-0.0128829
-0.0122829
-0.00814345
-0.0727362
-0.0749235
-0.0671552
-0.0896139
-0.0823306
-0.0796648
0.00454536
0.00259905
0.00579692
-0.00428088
-0.000477912
0.000893914
-0.0189859
-0.0243928
-0.0224604
0.00736015
0.00797738
0.00505363
0.0257223
0.0316319
0.00892723
0.0189026
0.0166902
0.0152411
0.00039894
-0.00331129
-0.00884348
0.0127515
0.0102725
0.0144918
0.0500247
0.0433327
0.042494
-0.270303
-0.27783
-0.268478
-0.275152
-0.286235
-0.280296
-0.268052
-0.275693
-0.26736
-0.265587
-0.272855
-0.264278
-0.0813327
-0.0822656
-0.0829047
-0.0815287
-0.0881126
-0.0985704
-0.0897305
-0.0927322
-0.10078
-0.0925537
-0.0953632
-0.101972
-0.0835844
-0.0845428
-0.085185
0.069634
0.0654973
0.063725
-0.0956567
-0.107451
-0.122513
-0.260625
-0.26854
-0.259174
-0.260872
-0.26995
-0.26132
-0.275411
-0.283192
-0.274319
-0.275486
-0.282939
-0.27362
-0.249313
-0.257692
-0.250581
-0.250486
-0.257809
-0.249978
0.0175508
0.0171014
0.0167434
0.015769
0.0152315
0.0148325
0.074534
0.0681256
0.0675854
0.191969
0.182708
0.148627
-0.222112
-0.234131
-0.230125
-0.205302
-0.214681
-0.207035
-0.222647
-0.231861
-0.225584
-0.268542
-0.277349
-0.269141
-0.273737
-0.281231
-0.271969
-0.272473
-0.279788
-0.270828
-0.260661
-0.268485
-0.260597
-0.167483
-0.173522
-0.167393
0.00411917
-0.00168088
-0.0261973
-0.0755893
-0.0764163
-0.0770393
0.0134648
0.0127636
0.0123255
0.0152322
0.0146848
0.014273
0.0105813
0.0109329
0.011928
-0.173281
-0.175581
-0.177349
-0.173636
-0.175979
-0.17763
-0.169942
-0.172381
-0.174317
-0.171141
-0.173704
-0.175621
-0.166791
-0.170077
-0.172064
-0.169962
-0.172438
-0.174332
-0.166631
-0.169807
-0.171913
-0.173462
-0.17579
-0.177533
-0.175594
-0.177935
-0.179546
-0.176295
-0.178435
-0.179877
-0.175177
-0.177513
-0.179178
-0.166922
-0.169002
-0.170443
-0.172523
-0.174504
-0.175928
-0.175111
-0.177336
-0.178889
-0.173217
-0.175284
-0.176726
-0.166459
-0.168402
-0.169616
-0.110223
-0.111436
-0.112239
-0.0911206
-0.0921883
-0.0928264
0.0126608
0.0118728
0.0114107
-0.202049
-0.214901
-0.207781
-0.196141
-0.20497
-0.198589
-0.192592
-0.203753
-0.198601
-0.269516
-0.280896
-0.274996
-0.248648
-0.261161
-0.249726
-0.276849
-0.286294
-0.278919
-0.273861
-0.28158
-0.272977
-0.239707
-0.250897
-0.244462
-0.256162
-0.262852
-0.254412
-0.136624
-0.14033
-0.134787
-0.147883
-0.151734
-0.144261
-0.140458
-0.144427
-0.138717
-0.163824
-0.168828
-0.16254
-0.155659
-0.15787
-0.152837
-0.0894833
-0.0904855
-0.087161
-0.0606229
-0.0621379
-0.0588952
-0.0578752
-0.0591887
-0.0561973
0.015115
0.0150089
0.0161012
0.0288888
0.0290325
0.02933
-0.24981
-0.257315
-0.248273
-0.247648
-0.255293
-0.246443
-0.268666
-0.276273
-0.26704
-0.25379
-0.263032
-0.255566
-0.257031
-0.26731
-0.260885
-0.273765
-0.282349
-0.274077
-0.272091
-0.281539
-0.274389
-0.225095
-0.231941
-0.223256
-0.226424
-0.234312
-0.225622
-0.263655
-0.270649
-0.261774
-0.225528
-0.233895
-0.22669
-0.222434
-0.229793
-0.222342
-0.0657077
-0.0665066
-0.0671081
-0.067827
-0.0686737
-0.0692697
-0.0790863
-0.080058
-0.0806987
-0.0636866
-0.0644522
-0.0650523
-0.0617411
-0.0624942
-0.0630945
-0.062894
-0.0706755
-0.0812641
-0.042304
-0.0431249
-0.0399386
-0.039155
-0.0402051
-0.0375268
-0.0858021
-0.0864869
-0.0940739
-0.0612468
-0.0601301
-0.0727297
-0.0945442
-0.0961705
-0.101714
-0.0858958
-0.0869006
-0.0875385
0.0669701
0.0654611
0.0649521
-0.102175
-0.107805
-0.11003
-0.236289
-0.250115
-0.241357
-0.262235
-0.270103
-0.26074
-0.261277
-0.273245
-0.266835
-0.276067
-0.284298
-0.275837
-0.279963
-0.291671
-0.286373
-0.245214
-0.252747
-0.244772
-0.251285
-0.257563
-0.248966
-0.208014
-0.216845
-0.210543
-0.0483228
-0.0483209
-0.0459964
-0.0510025
-0.052289
-0.0498099
0.213802
0.202691
0.15642
0.122573
0.11407
0.0514108
0.0170053
0.0164539
0.0160888
0.0163312
0.015804
0.015419
-0.216109
-0.225838
-0.219287
-0.210622
-0.219136
-0.211505
-0.226804
-0.231985
-0.225611
-0.246712
-0.256398
-0.24895
-0.246466
-0.254516
-0.245908
-0.267578
-0.275182
-0.266039
-0.259407
-0.264042
-0.25641
-0.256175
-0.26464
-0.256646
-0.272929
-0.280587
-0.271555
-0.273978
-0.283817
-0.277044
-0.241904
-0.247049
-0.240454
-0.229933
-0.238408
-0.228326
-0.265381
-0.275824
-0.269742
-0.214741
-0.220499
-0.212632
-0.218188
-0.224322
-0.216504
-0.170551
-0.175496
-0.167231
-0.167056
-0.171735
-0.164451
-0.0729059
-0.0737845
-0.0743698
-0.0700194
-0.070897
-0.0714841
-0.0771596
-0.078104
-0.0787508
-0.0581664
-0.0589524
-0.0597486
-0.059922
-0.060651
-0.0612927
-0.0578423
-0.058104
-0.0591322
0.0141617
0.0135667
0.0131244
0.0147124
0.014161
0.0137313
-0.0455965
-0.0533651
-0.076772
-0.0296457
-0.0294641
-0.0275843
-0.0325018
-0.0334919
-0.0314349
-0.0361715
-0.0371337
-0.034761
-0.0725896
-0.0746983
-0.0832293
-0.0792895
-0.0830871
-0.0900499
-0.0676879
-0.0687614
-0.0769547
-0.0661008
-0.0688061
-0.0813199
-0.0990244
-0.101675
-0.106866
-0.138062
-0.139924
-0.142879
-0.173249
-0.175653
-0.17745
-0.173443
-0.175865
-0.177608
-0.170181
-0.172524
-0.174434
-0.170559
-0.172953
-0.17485
-0.170047
-0.172535
-0.174347
-0.167712
-0.170551
-0.172625
-0.173744
-0.176244
-0.178001
-0.176047
-0.178285
-0.179794
-0.174955
-0.177363
-0.178987
-0.174806
-0.177166
-0.178833
-0.168905
-0.170844
-0.17233
-0.170578
-0.172595
-0.174108
-0.174094
-0.176279
-0.177867
-0.172702
-0.175012
-0.176628
-0.164472
-0.166539
-0.16777
-0.0882294
-0.0892626
-0.0898963
0.0112485
0.0105719
0.0100587
-0.199719
-0.208247
-0.20138
-0.211082
-0.220386
-0.21787
-0.18799
-0.203219
-0.200344
-0.245503
-0.25672
-0.250178
-0.239703
-0.249815
-0.24087
-0.264023
-0.27154
-0.26184
-0.254642
-0.265572
-0.256327
-0.278245
-0.288473
-0.28179
-0.276895
-0.285851
-0.278217
-0.241338
-0.24938
-0.240988
-0.253403
-0.25991
-0.25142
-0.211914
-0.217757
-0.209931
-0.208913
-0.214928
-0.206841
-0.20911
-0.21362
-0.207904
-0.132993
-0.136993
-0.131887
-0.144978
-0.149144
-0.142816
-0.144182
-0.149051
-0.143332
-0.155904
-0.160927
-0.155067
-0.159639
-0.16426
-0.157974
-0.0647391
-0.0666419
-0.0628537
-0.0547169
-0.0559795
-0.0532432
0.0192714
0.0188458
0.0194935
0.0236972
0.0234524
0.0238509
0.365435
0.38232
0.387428
0.41289
0.452221
0.489693
0.428847
0.468929
0.503661
0.0493543
0.0496053
0.0495404
0.0546054
0.0551965
0.0550744
-0.116132
-0.118485
-0.123167
-0.129063
-0.13146
-0.135479
-0.115594
-0.119747
-0.125281
-0.132044
-0.134573
-0.138291
-0.132452
-0.13403
-0.135038
-0.118356
-0.119541
-0.120452
-0.101515
-0.102579
-0.103318
-0.116451
-0.117644
-0.118524
-0.0994039
-0.100482
-0.101207
0.0808732
0.0749207
0.0754928
-0.150749
-0.15874
-0.154329
-0.161911
-0.175895
-0.179414
-0.074009
-0.0755512
-0.071942
-0.0978234
-0.0999568
-0.0953488
-0.0954149
-0.0974739
-0.0929221
-0.0706882
-0.0726197
-0.0690224
-0.0710374
-0.0722057
-0.0692448
0.0264476
0.0269927
-0.0135711
0.0623447
0.0531565
0.0149795
0.0639723
0.0480804
0.0294109
-0.00145264
-0.00167915
-7.65557e-05
-0.00234733
-0.00291214
-0.00352387
0.00184168
0.00113564
0.000559206
0.00898133
0.00847027
0.00782565
0.0318194
0.0318644
0.0318442
0.0619503
0.0621742
0.0619963
-0.227944
-0.240752
-0.23485
-0.17876
-0.181572
-0.176001
-0.178634
-0.184667
-0.178206
-0.188141
-0.193316
-0.185987
0.0564765
0.0563434
0.05679
-0.0378381
-0.038699
-0.0533012
-0.0509628
-0.0503679
-0.0508873
0.0123321
0.00479539
-0.0303812
-0.0157201
-0.0237072
-0.0404894
-0.0163935
-0.0166959
-0.014799
0.00160393
0.00157305
0.00305289
-0.012819
-0.0132184
-0.0114758
-0.00959143
-0.00916844
-0.00761054
-0.0474805
-0.0527186
-0.0649472
-0.123946
-0.126002
-0.130088
-0.123497
-0.126646
-0.131369
-0.106027
-0.110178
-0.117459
-0.106296
-0.108419
-0.113713
-0.126691
-0.127796
-0.128759
-0.124487
-0.125657
-0.126657
-0.107738
-0.108886
-0.109661
-0.0938795
-0.0948517
-0.0955481
-0.0155123
-0.0160697
-0.0168173
-0.0429582
-0.0430658
-0.0433006
-0.0180183
-0.0184248
-0.0193823
0.00964368
0.00901859
0.00845431
0.029523
0.0298916
0.0295512
0.063362
0.0632126
0.0629788
-0.129632
-0.136972
-0.134961
-0.124229
-0.13271
-0.134086
-0.237104
-0.245015
-0.236743
-0.232462
-0.243682
-0.23781
-0.245552
-0.252546
-0.247044
-0.198389
-0.204749
-0.195719
-0.190087
-0.195015
-0.187508
-0.0827849
-0.08472
-0.0801641
0.0561901
0.0555668
0.0558717
0.0198122
0.019373
0.0190304
0.0425914
0.0422398
0.0426115
0.0582715
0.0589297
0.058814
0.0502494
0.0503881
0.0509072
0.046027
0.0467022
0.0475485
0.052667
0.0533604
0.0540553
0.0540763
0.0549291
0.0556669
-0.117873
-0.119766
-0.12363
0.0250344
0.0246879
0.0244299
0.0241457
0.0237999
0.0235257
-0.126287
-0.128097
-0.132051
-0.110377
-0.112828
-0.118004
-0.133171
-0.135101
-0.138564
-0.147973
-0.15043
-0.15324
-0.146015
-0.14853
-0.1514
-0.161943
-0.164996
-0.167453
-0.161113
-0.16394
-0.166281
-0.150361
-0.152973
-0.155662
-0.151733
-0.154672
-0.157579
-0.165501
-0.168435
-0.170481
-0.165492
-0.168506
-0.170712
-0.135796
-0.137233
-0.138316
-0.138149
-0.139559
-0.140685
-0.149671
-0.151148
-0.152443
-0.147699
-0.149151
-0.150391
-0.151838
-0.153326
-0.15464
-0.154151
-0.155551
-0.156802
-0.130051
-0.131455
-0.132412
-0.12034
-0.121518
-0.122464
-0.103586
-0.104676
-0.105423
-0.114484
-0.115756
-0.1166
-0.0974324
-0.0984823
-0.0992097
0.0270971
0.0269584
0.0266744
0.0258592
0.0255979
0.0253303
-0.145372
-0.15489
-0.15243
-0.144296
-0.154765
-0.158046
-0.16865
-0.17568
-0.17332
-0.124773
-0.127882
-0.121395
-0.132211
-0.133803
-0.129367
-0.0767287
-0.0782246
-0.0745608
-0.121269
-0.124391
-0.118778
-0.120765
-0.124707
-0.119562
-0.101361
-0.103566
-0.0981403
-0.0933219
-0.0959122
-0.0914038
0.0643713
0.0607784
0.0597053
0.0187996
0.0182793
0.0179255
0.0214915
0.0211307
0.0208136
0.0206533
0.0202592
0.0199297
0.311049
0.315247
0.304299
0.109517
0.0979045
0.0437972
0.0532676
0.044156
0.0181781
-0.00531996
-0.00554413
-0.00347276
-0.00632484
-0.00702592
-0.00760716
-0.0121085
-0.0128373
-0.0133866
0.00551044
0.00487422
0.00421441
0.00785595
0.00731375
0.006622
0.0356886
0.03541
0.0358955
0.0605763
0.0610981
0.0609755
-0.219809
-0.231269
-0.221046
-0.183049
-0.188876
-0.182133
-0.187417
-0.19407
-0.187711
0.0375607
0.0386575
0.0389691
0.0433
0.0447203
0.0457823
0.0548636
0.0555024
0.0560595
-0.0315281
-0.0335572
-0.0549792
-0.021367
-0.0188559
-0.0438303
-0.0547876
-0.0539153
-0.0549978
-0.0567402
-0.0566568
-0.0577394
0.022354
0.02201
0.0217044
0.0232293
0.0228949
0.0226029
-0.0195948
-0.019985
-0.0180333
-0.0236206
-0.0239932
-0.0216099
0.00804549
0.00772925
0.00892826
0.0046778
0.00463056
0.00603524
-0.124907
-0.12664
-0.130542
-0.120854
-0.123393
-0.128589
-0.107959
-0.109983
-0.114751
-0.134584
-0.136348
-0.139768
-0.141603
-0.144632
-0.148129
-0.144187
-0.147169
-0.150239
-0.158603
-0.161461
-0.1639
-0.159815
-0.162597
-0.16499
-0.157598
-0.160492
-0.16293
-0.156436
-0.159578
-0.16203
-0.167578
-0.169811
-0.171721
-0.142797
-0.144121
-0.145252
-0.14061
-0.141942
-0.143098
-0.144219
-0.145689
-0.146831
-0.145685
-0.14722
-0.148415
-0.158631
-0.16036
-0.161633
-0.160639
-0.162908
-0.164249
-0.156432
-0.158179
-0.159481
-0.155657
-0.157119
-0.158342
-0.128026
-0.129426
-0.13037
-0.122364
-0.123546
-0.124531
-0.105661
-0.106791
-0.107546
-0.113044
-0.114118
-0.114969
-0.0955444
-0.0965759
-0.0973018
-0.032842
-0.0331137
-0.0336696
-0.0239283
-0.0242411
-0.025116
0.010186
0.00956
0.0090299
0.0281225
0.0285005
0.0281047
0.0639513
0.0630887
0.0627453
-0.117138
-0.127977
-0.135665
-0.177725
-0.192005
-0.192182
-0.167194
-0.177128
-0.170366
-0.182056
-0.192876
-0.189715
-0.186822
-0.192628
-0.187835
-0.234616
-0.242418
-0.23415
-0.232892
-0.241516
-0.23378
-0.194161
-0.199964
-0.192143
-0.192249
-0.197553
-0.190002
-0.07922
-0.0809374
-0.0771107
-0.113475
-0.116474
-0.111691
-0.117203
-0.120441
-0.115367
-0.108602
-0.109599
-0.105803
-0.109878
-0.112988
-0.108652
-0.0908733
-0.0940235
-0.0899958
0.0595505
0.057596
0.057401
0.402731
0.435243
0.458622
)
;

boundaryField
{
    topAndBottom
    {
        type            slip;
    }
    inlet
    {
        type            zeroGradient;
    }
    outlet
    {
        type            fixedValue;
        value           uniform 0;
    }
    wing
    {
        type            zeroGradient;
    }
    front
    {
        type            empty;
    }
    back
    {
        type            empty;
    }
}


// ************************************************************************* //
