/*--------------------------------*- C++ -*----------------------------------*\
| =========                 |                                                 |
| \\      /  F ield         | OpenFOAM: The Open Source CFD Toolbox           |
|  \\    /   O peration     | Version:  5.x                                   |
|   \\  /    A nd           | Web:      www.OpenFOAM.org                      |
|    \\/     M anipulation  |                                                 |
\*---------------------------------------------------------------------------*/
FoamFile
{
    version     2.0;
    format      ascii;
    class       volScalarField;
    location    "7200";
    object      alphat;
}
// * * * * * * * * * * * * * * * * * * * * * * * * * * * * * * * * * * * * * //

dimensions      [0 2 -1 0 0 0 0];

internalField   nonuniform List<scalar> 
6584
(
0.0824483
0.0824483
0.0824484
0.0824485
0.0824487
0.0824491
0.0824506
0.0824541
0.0824621
0.0824756
0.0824929
0.0825107
0.082521
0.0825183
0.0825054
0.0824876
0.0824713
0.0824602
0.0824537
0.0824505
0.0824488
0.0824481
0.0824477
0.0824474
0.0819969
0.0819976
0.0819977
0.0819978
0.0819982
0.0819997
0.0820033
0.0820112
0.0820264
0.0820563
0.0820858
0.0821124
0.082129
0.0821299
0.082116
0.0820847
0.0820548
0.0820311
0.0820153
0.0820062
0.0820012
0.0819986
0.0819976
0.0819963
0.0815708
0.0815711
0.0815713
0.0815712
0.081572
0.0815751
0.081582
0.0815974
0.0816322
0.0818028
0.081891
0.0819342
0.0819615
0.0819675
0.0819501
0.0817678
0.0816968
0.0816473
0.0816137
0.0815929
0.0815812
0.0815753
0.0815719
0.0815698
0.0811675
0.0811678
0.0811678
0.0811683
0.0811696
0.0811749
0.0811877
0.0812171
0.081278
0.0814538
0.0816085
0.0817193
0.0817925
0.0818018
0.0817529
0.0816483
0.0814231
0.0813209
0.081256
0.0812147
0.0811907
0.0811773
0.0811702
0.0811663
0.0807853
0.0807859
0.0807858
0.0807867
0.0807897
0.0807982
0.080821
0.0808822
0.0810582
0.081242
0.0815214
0.0817858
0.0819584
0.0819266
0.0818028
0.0815891
0.0813452
0.0810712
0.0809503
0.0808762
0.0808312
0.0808058
0.0807923
0.0807846
0.0804228
0.0804242
0.0804242
0.0804258
0.0804311
0.0804456
0.0804897
0.0806658
0.080821
0.0811608
0.0816025
0.082496
0.0833245
0.0829239
0.0822943
0.0818192
0.0813635
0.0809039
0.0807034
0.0805812
0.0805056
0.0804619
0.0804382
0.0804242
0.080079
0.0800814
0.0800822
0.0800851
0.0800934
0.0801156
0.0801774
0.0803676
0.080654
0.0812821
0.0825191
0.0861851
0.095708
0.0893699
0.0843884
0.0825123
0.0816247
0.0808572
0.080528
0.0803346
0.0802164
0.080147
0.0801086
0.0800849
0.0797524
0.0797564
0.0797583
0.0797633
0.0797753
0.079806
0.0798853
0.0801071
0.0805291
0.0815624
0.0847627
0.106913
0.086726
0.0896711
0.0840623
0.0821835
0.0809461
0.0804332
0.0801399
0.0799654
0.0798619
0.0798039
0.0797669
0.079442
0.0794478
0.0794512
0.0794588
0.0794749
0.0795137
0.0796079
0.0798648
0.0804016
0.0817954
0.087078
0.103417
0.0478694
0.0874833
0.0858937
0.0829958
0.0811502
0.0804154
0.0799964
0.0797521
0.0796067
0.0795242
0.0794701
0.0791464
0.0791539
0.079159
0.0791694
0.0791894
0.0792348
0.0793399
0.0796222
0.0802362
0.0818206
0.0882274
0.0884544
0.0393115
0.0775444
0.0866434
0.0838444
0.0814265
0.0804585
0.0798994
0.0795743
0.07938
0.0792686
0.079194
0.0788642
0.0788732
0.0788799
0.0788929
0.0789161
0.0789666
0.0790781
0.0793727
0.0800256
0.0816547
0.088102
0.0801012
0.0365812
0.0697293
0.085971
0.0844853
0.0817241
0.0805412
0.07984
0.0794282
0.0791794
0.0790353
0.0789376
0.0785942
0.0786043
0.0786125
0.0786278
0.0786536
0.0787073
0.0788212
0.0791171
0.0797809
0.0813771
0.0872668
0.0767689
0.0360918
0.0643713
0.0842472
0.0847705
0.0819985
0.0806437
0.0798091
0.0793085
0.0790022
0.0788219
0.0786992
0.0783353
0.0783461
0.0783555
0.0783726
0.0784002
0.0784554
0.0785689
0.0788593
0.0795142
0.0810438
0.0862282
0.0758862
0.0367041
0.0601683
0.0817845
0.0846222
0.0822139
0.0807497
0.0797988
0.0792105
0.0788447
0.0786259
0.0784772
0.0780864
0.0780974
0.0781077
0.0781261
0.0781549
0.0782098
0.0783188
0.078627
0.0791957
0.0806853
0.085106
0.0758538
0.00364186
0.0390268
0.056472
0.0787001
0.0839759
0.0823318
0.0808437
0.0798018
0.0791305
0.0787046
0.0784456
0.0782699
0.0778466
0.0778574
0.0778683
0.0778875
0.0779169
0.0779708
0.078074
0.0783675
0.0788752
0.0803246
0.0840047
0.0740194
0.0127591
0.0420064
0.0554728
0.0748937
0.0825772
0.0821577
0.0808763
0.0798012
0.0790613
0.0785801
0.0782794
0.0780764
0.0776153
0.0776255
0.0776367
0.0776563
0.0776858
0.0777378
0.0778354
0.0781118
0.0785768
0.0799335
0.0832976
0.0746846
0.0189133
0.0425285
0.052491
0.0707894
0.0811718
0.0817476
0.080829
0.0797908
0.0790025
0.0784669
0.0781244
0.0778945
0.0773917
0.0774012
0.0774125
0.0774321
0.0774613
0.077511
0.0776034
0.077861
0.0784114
0.0794872
0.0823548
0.0700384
0.0244711
0.0388597
0.0501928
0.0666912
0.0792761
0.0810478
0.0806609
0.0797513
0.0789479
0.078367
0.077982
0.0777243
0.0771754
0.0771841
0.0771952
0.0772146
0.0772431
0.0772903
0.0773782
0.0776172
0.0781386
0.0795132
0.0814102
0.0705639
0.0286592
0.035546
0.0503705
0.0638435
0.0756394
0.0797666
0.0802908
0.0796543
0.0788871
0.0782758
0.0778514
0.077566
0.0769659
0.0769738
0.0769847
0.0770036
0.0770313
0.0770764
0.07716
0.0773806
0.077871
0.0790985
0.079421
0.0599433
0.0318654
0.0362784
0.0479338
0.0604249
0.072129
0.0780267
0.0796652
0.0794651
0.0788062
0.0781891
0.0777316
0.0774192
0.0767629
0.07677
0.0767804
0.0767987
0.0768257
0.0768688
0.076948
0.0771513
0.0776101
0.0787041
0.0787459
0.061166
0.034156
0.035503
0.0457275
0.0574308
0.0688304
0.0759649
0.0787641
0.0791489
0.0786865
0.0780999
0.0776207
0.0772835
0.0765659
0.0765722
0.0765822
0.0765998
0.0766259
0.0766673
0.0767422
0.0769294
0.0773566
0.0783305
0.0781819
0.0623712
0.0365957
0.0352883
0.0438149
0.0547639
0.0657746
0.0737108
0.0775992
0.0786782
0.0785072
0.0779985
0.0775152
0.077158
0.0763747
0.0763802
0.0763897
0.0764066
0.0764317
0.0764714
0.0765422
0.0767146
0.077111
0.0779776
0.0777059
0.0635412
0.0391123
0.0355381
0.0422415
0.0523721
0.0629573
0.0713689
0.076205
0.0780365
0.0782476
0.0778728
0.0774101
0.077041
0.0761888
0.0761938
0.0762028
0.0762188
0.076243
0.0762809
0.0763477
0.0765066
0.0768731
0.0776443
0.0772995
0.0646586
0.0416492
0.0361693
0.0410277
0.0502326
0.0603611
0.0690144
0.0746271
0.0772197
0.0778891
0.0777091
0.0772987
0.0769299
0.0760082
0.0760126
0.076021
0.0760362
0.0760594
0.0760956
0.0761587
0.0763052
0.076643
0.07733
0.076948
0.0657088
0.0441618
0.0371097
0.0401747
0.0483412
0.0579693
0.066697
0.0729151
0.0762348
0.0774178
0.0774935
0.0771727
0.0768209
0.0758324
0.0758363
0.0758442
0.0758586
0.0758807
0.0759152
0.0759748
0.07611
0.0764207
0.0770331
0.0766398
0.0666813
0.0466146
0.0382961
0.0396688
0.0467023
0.0557697
0.0644482
0.071115
0.0750984
0.0768257
0.077213
0.0770229
0.0767093
0.0756613
0.0756647
0.0756721
0.0756857
0.0757068
0.0757397
0.0757959
0.0759207
0.0762059
0.0767525
0.0763657
0.0675662
0.0489723
0.0396706
0.0394856
0.0453237
0.0537606
0.0622917
0.0692702
0.0738351
0.0761116
0.0768565
0.0768397
0.0765892
0.0754946
0.0754976
0.0755046
0.0755173
0.0755374
0.0755687
0.0756217
0.075737
0.0759986
0.0764871
0.0761185
0.0683623
0.0512136
0.0411817
0.0395924
0.0442098
0.0519451
0.0602446
0.0674161
0.0724707
0.0752818
0.0764175
0.0766144
0.0764544
0.0753321
0.0753348
0.0753413
0.0753533
0.0753723
0.075402
0.0754521
0.0755586
0.0757984
0.0762358
0.0758926
0.0690728
0.0533301
0.0427943
0.0399558
0.0433535
0.0503175
0.0583071
0.0655715
0.0710263
0.0743412
0.0758894
0.0763376
0.0762978
0.0751736
0.0751761
0.075182
0.0751933
0.0752114
0.0752395
0.0752868
0.0753855
0.0756052
0.0759972
0.0756836
0.0697001
0.055311
0.0444728
0.0405421
0.0427485
0.0488819
0.0564874
0.0637559
0.0695252
0.0733011
0.0752699
0.0760018
0.076112
0.075019
0.0750212
0.0750267
0.0750373
0.0750543
0.0750811
0.0751257
0.0752172
0.0754184
0.0757702
0.0754882
0.0702481
0.0571495
0.0461861
0.0413177
0.0423842
0.0476425
0.0547934
0.0619861
0.0679883
0.0721748
0.0745605
0.075601
0.07589
0.074868
0.07487
0.0748751
0.074885
0.0749011
0.0749265
0.0749688
0.0750536
0.0752377
0.075554
0.0753038
0.0707221
0.0588426
0.0479074
0.0422507
0.0422459
0.0466018
0.0532327
0.0602758
0.0664342
0.0709768
0.0737647
0.0751312
0.075625
0.0747205
0.0747223
0.074727
0.0747363
0.0747514
0.0747757
0.0748156
0.0748943
0.0750627
0.0753476
0.0751284
0.0711278
0.0603906
0.0496138
0.0433112
0.0423157
0.0457596
0.0518123
0.0586369
0.0648806
0.0697216
0.0728888
0.0745901
0.0753114
0.0745764
0.074578
0.0745824
0.074591
0.0746053
0.0746284
0.0746661
0.0747391
0.0748933
0.0751503
0.0749605
0.0714713
0.0617965
0.0512861
0.0444715
0.0425741
0.0451129
0.0505386
0.0570799
0.0633416
0.0684241
0.0719403
0.0739778
0.0749443
0.0744355
0.0744369
0.074441
0.074449
0.0744626
0.0744845
0.0745201
0.0745878
0.0747291
0.0749613
0.0747988
0.0717586
0.063065
0.0529076
0.0457053
0.0429998
0.044656
0.0494162
0.0556142
0.0618305
0.0670978
0.0709284
0.0732958
0.0745204
0.0742983
0.0742996
0.0743033
0.0743108
0.0743236
0.0743444
0.074378
0.074441
0.0745704
0.0747806
0.0746433
0.0719965
0.0642045
0.054469
0.0469933
0.0435734
0.044381
0.0484492
0.0542498
0.0603606
0.0657572
0.0698638
0.0725489
0.0740387
0.074181
0.0741822
0.0741857
0.0741927
0.0742048
0.0742244
0.0742561
0.0743148
0.0744336
0.0746248
0.0745102
0.0722028
0.0652201
0.0559444
0.0482994
0.0442691
0.0442848
0.0476556
0.0530191
0.0589754
0.0644513
0.0687931
0.0717736
0.0735259
0.10543
0.0453981
0.0811808
0.0899827
0.0364607
0.043677
0.0808101
0.0337495
0.0358918
0.0770216
0.0337745
0.0336425
0.075906
0.0350763
0.0338787
0.075947
0.00551501
0.00314778
0.0375694
0.0353094
0.103998
0.0950917
0.0893778
0.0895786
0.0865813
0.106122
0.100658
0.0353002
0.0576552
0.049892
0.0863719
0.0915171
0.0880726
0.0959732
0.105212
0.0972103
0.0542928
0.0649698
0.0166996
0.0235063
0.0399334
0.0717828
0.0825517
0.088226
0.0873998
0.0946728
0.0845528
0.0448263
0.0468616
0.00982992
0.0111971
0.0367608
0.0628671
0.0690004
0.0875085
0.0830018
0.0866422
0.0784285
0.0463304
0.0451567
0.0149977
0.011878
0.0360795
0.0578216
0.0613699
0.0215378
0.0191911
0.0365831
0.0542511
0.0568518
0.0283121
0.0253524
0.0738337
0.0185761
0.00611142
0.0108143
0.0415523
0.0379712
0.0670419
0.0855545
0.109966
0.0770618
0.0571722
0.109039
0.0804204
0.024137
0.0346782
0.0532009
0.0369863
0.0271061
0.0473556
0.0530627
0.0952485
0.0456039
0.039605
0.0551422
0.0462716
0.0113376
0.0164564
0.0387292
0.0193645
0.0151446
0.0263338
0.0196368
0.0397184
0.0450035
0.0447479
0.0834706
0.0379832
0.0392791
0.0393956
0.0379528
0.0118338
0.00976721
0.0343291
0.013422
0.0147318
0.0150121
0.0134916
0.0346246
0.0400239
0.0423902
0.0394142
0.0396644
0.0189731
0.0153098
0.0335525
0.0176872
0.0213511
0.0148228
0.0174621
0.0335296
0.0453569
0.0475099
0.0427198
0.0450333
0.0249331
0.0219724
0.021704
0.0241674
0.034301
0.0504069
0.0510428
0.0478785
0.0501095
0.032773
0.0287738
0.110468
0.0886601
0.113367
0.0239995
0.0461481
0.0864932
0.0812176
0.0826689
0.0762217
0.0504547
0.0485745
0.0164655
0.0136079
0.0380787
0.0512788
0.0534618
0.0805054
0.0507089
0.0608913
0.0384535
0.0580309
0.0483079
0.0465648
0.0780015
0.0101169
0.0134229
0.0234672
0.0257297
0.0136189
0.0168314
0.0131599
0.00973814
0.0344727
0.0245207
0.0270201
0.0260606
0.02803
0.0273828
0.0300009
0.0361187
0.12039
0.115083
0.113153
0.0645769
0.110444
0.119445
0.0223729
0.0420209
0.025941
0.0484276
0.0277037
0.0444559
0.0187146
0.0197282
0.0104639
0.010526
0.0135229
0.013136
0.0202568
0.00790069
0.0206892
0.0195463
0.0168681
0.0157423
0.0182962
0.0266079
0.0250157
0.067371
0.0217926
0.0341291
0.020846
0.0643768
0.0359172
0.0557685
0.0916183
0.0463623
0.0263954
0.0281047
0.0288184
0.0416596
0.041336
0.0512954
0.050586
0.0123346
0.0125526
0.0161116
0.0297954
0.0310555
0.0285266
0.029442
0.0159971
0.0224533
0.0337321
0.0357749
0.0315328
0.0331244
0.0217467
0.0384753
0.0385338
0.0383719
0.0382544
0.00925831
0.00931866
0.0130111
0.0267785
0.0269404
0.0268048
0.0267661
0.0129956
0.014236
0.0276111
0.0282655
0.0270337
0.0274353
0.0141442
0.0102388
0.0410768
0.0142071
0.0105819
0.0178687
0.0144422
0.0413933
0.0382489
0.0106799
0.0385753
0.0173863
0.0171266
0.0159096
0.0269922
0.0268347
0.0273549
0.0270682
0.0161761
0.0205474
0.0230325
0.043716
0.0212869
0.0181703
0.0243427
0.0216643
0.0440476
0.0171961
0.0201888
0.0236727
0.0122477
0.0153469
0.00828947
0.0117301
0.0232487
0.00896299
0.028666
0.0301202
0.00645845
0.0283059
0.0281963
0.00586105
0.0221893
0.019906
0.0334897
0.0854188
0.0822117
0.0811071
0.0759116
0.056142
0.0550146
0.00712328
0.0321665
0.0329566
0.0499705
0.0524182
0.0507143
0.0761032
0.00825525
0.00898989
0.00285043
0.0295531
0.0299819
0.00977079
0.0112833
0.0210717
0.0232244
0.00131204
0.0982915
0.111117
0.0853463
0.0507715
0.0883821
0.0944353
0.0581539
0.081967
0.0779485
0.0172356
0.0147104
0.0216228
0.0454064
0.0673766
0.0661414
0.0696379
0.067883
0.0456956
0.0101019
0.0109112
0.0143092
0.0119639
0.0111605
0.00934571
0.0270279
0.0186483
0.021597
0.049286
0.050912
0.0132533
0.0957514
0.0592704
0.0865702
0.0254154
0.016516
0.0151753
0.0327164
0.0403945
0.0445396
0.0365529
0.0392943
0.0314027
0.0491896
0.0727142
0.0703295
0.0767701
0.0736291
0.0499413
0.0434491
0.0243274
0.028917
0.0217029
0.0221709
0.0402566
0.0298354
0.0312665
0.0480572
0.0116683
0.0137671
0.0173268
0.025114
0.0252916
0.0228783
0.0233169
0.015503
0.0657877
0.0649655
0.0447059
0.038251
0.0225333
0.0206306
0.038892
0.0211851
0.0215709
0.0203377
0.0203064
0.0379632
0.0106084
0.00953241
0.0132008
0.0212706
0.0213583
0.0206732
0.0214748
0.0139922
0.0146703
0.0223714
0.0227403
0.0214031
0.0215621
0.0137573
0.0182815
0.0110853
0.012395
0.0083033
0.00819406
0.016088
0.0199527
0.0278563
0.0274696
0.0284443
0.028001
0.0203037
0.0463065
0.0268926
0.0246786
0.0305914
0.0291411
0.0466133
0.0153855
0.0161377
0.0488913
0.0325217
0.0310933
0.014468
0.015167
0.0136148
0.0116097
0.0316173
0.0366314
0.0350996
0.00756917
0.0152912
0.00777837
0.00919176
0.00771519
0.0149097
0.0668048
0.0383035
0.0596263
0.0321588
0.0624116
0.0108059
0.0117015
0.00866114
0.00831392
0.0244705
0.0120241
0.0114221
0.0132494
0.0121774
0.0247589
0.0144164
0.0150049
0.0117173
0.0111524
0.0269613
0.0151718
0.0138661
0.0114626
0.0121532
0.0209703
0.0305861
0.0349258
0.0258
0.0293245
0.0199208
0.0174262
0.0212598
0.0101663
0.0108107
0.0141605
0.0120921
0.00763313
0.0141136
0.0129953
0.0155156
0.0145004
0.00772673
0.0109231
0.0101896
0.0126657
0.011347
0.0184601
0.0121653
0.0136936
0.0100411
0.0115519
0.0180767
0.00855607
0.00778092
0.0243852
0.0494537
0.0448941
0.057627
0.0511525
0.0257279
0.0371271
0.035074
0.0429704
0.0379782
0.0440992
0.0667211
0.0595493
0.03802
0.0350899
0.0201765
0.0170314
0.025968
0.0168954
0.021512
0.0246975
0.0174796
0.0205583
0.031209
0.0234516
0.0207246
0.0230457
0.0237487
0.0428631
0.0172463
0.0160211
0.0227047
0.0178353
0.015056
0.0146357
0.0157702
0.0152318
0.0405226
0.0223445
0.0228582
0.0277047
0.0260817
0.0342358
0.0291261
0.0244571
0.0234525
0.0257398
0.0247658
0.048652
0.0316571
0.0328288
0.0118235
0.0134827
0.0241918
0.0248686
0.016732
0.0156363
0.0234791
0.0239983
0.0235013
0.0229715
0.0383164
0.0174895
0.0179602
0.0136281
0.0168593
0.0181038
0.0191607
0.0179902
0.0180531
0.0207529
0.0210699
0.0387308
0.0140901
0.0137925
0.0145318
0.0141889
0.0133183
0.0132961
0.0136925
0.0134352
0.0380377
0.0203894
0.0206505
0.00987994
0.0094667
0.0212476
0.0212489
0.0131395
0.0135911
0.0214153
0.021256
0.0219551
0.0222563
0.0145564
0.0138401
0.0216308
0.0218631
0.0104769
0.0123491
0.0269483
0.028168
0.025511
0.0265428
0.0113712
0.0163736
0.0299032
0.0285865
0.0285038
0.0295535
0.0156803
0.0215327
0.0221053
0.0198813
0.0213103
0.0111381
0.0241865
0.0252268
0.0223648
0.0236939
0.0110655
0.0100071
0.0108033
0.0180631
0.00794154
0.00813484
0.00981491
0.00809546
0.00806783
0.0163117
0.00815492
0.0093302
0.0214924
0.00864567
0.00883961
0.0109526
0.00885208
0.0218448
0.00875445
0.0182463
0.00897353
0.0187302
0.0100725
0.0168622
0.0158539
0.0181862
0.0172005
0.0103758
0.00766797
0.00764692
0.0164917
0.0174408
0.0126426
0.0141643
0.0167444
0.014356
0.093143
0.0903689
0.0853774
0.0364315
0.0315271
0.0343758
0.0723952
0.0823541
0.0595929
0.0411331
0.0667737
0.0701298
0.101008
0.107801
0.0676057
0.088456
0.0834486
0.0596357
0.0168853
0.0131754
0.0129815
0.00990856
0.0110828
0.0640957
0.0638379
0.0455147
0.00894321
0.00883609
0.0118969
0.012736
0.0135778
0.0198347
0.0741786
0.0961628
0.090245
0.0415895
0.0441408
0.0592946
0.0274564
0.0244289
0.0320772
0.054572
0.0364478
0.0406443
0.0114325
0.0127787
0.0125437
0.0160557
0.0182186
0.0183468
0.015261
0.0258622
0.0263898
0.020232
0.0447335
0.0647334
0.0642343
0.0248565
0.0239972
0.0388815
0.011673
0.00919419
0.00907011
0.00971356
0.0133557
0.0164856
0.0165418
0.0148885
0.0179602
0.0180874
0.0166019
0.0166691
0.0135717
0.0376505
0.0263942
0.0253127
0.0150413
0.0209478
0.0208087
0.0227804
0.0291531
0.028605
0.00760969
0.00759839
0.0342822
0.0329911
0.049203
0.00768141
0.00763827
0.0222348
0.0245737
0.0303508
0.0254092
0.0222085
0.0100998
0.00969227
0.00986488
0.0131331
0.0137993
0.0094377
0.0095413
0.012515
0.0120027
0.0163433
0.00768028
0.00773884
0.0102209
0.016298
0.0154276
0.02723
0.090002
0.0877313
0.0527482
0.0200441
0.0231209
0.02716
0.0292009
0.01947
0.0202327
0.0366542
0.0433194
0.0350388
0.0151839
0.0148186
0.018043
0.0204485
0.0175611
0.0167985
0.0103433
0.010601
0.0106596
0.0110147
0.0138074
0.0126985
0.00928403
0.00997169
0.00794766
0.00779043
0.0107181
0.010381
0.0077256
0.00778169
0.007803
0.0200494
0.0139278
0.0150015
0.0236312
0.0225459
0.0313745
0.03013
0.0425148
0.0399372
0.03168
0.0201389
0.0197131
0.028085
0.0242989
0.01891
0.0730621
0.0691554
0.047202
0.0429685
0.0317382
0.0347235
0.0280382
0.0170639
0.0185334
0.0332194
0.0351239
0.0537268
0.0192812
0.0188305
0.0121584
0.0128248
0.0284241
0.0292118
0.0239777
0.0204526
0.0269544
0.02763
0.0387866
0.0238741
0.0235971
0.00926079
0.00937061
0.0172829
0.0173837
0.0143313
0.0140328
0.0170857
0.0171856
0.0104026
0.013891
0.0185189
0.0188867
0.0154505
0.0156825
0.0105788
0.0272897
0.0266284
0.0379479
0.0111335
0.0110748
0.011877
0.0119832
0.0108275
0.0150667
0.0152701
0.0111274
0.0114327
0.0213175
0.0211164
0.0151723
0.0167346
0.0217343
0.0215282
0.0197294
0.0302916
0.0308949
0.0291336
0.0296928
0.0192185
0.0135985
0.0184624
0.0184961
0.0196383
0.019051
0.0140676
0.00895355
0.01168
0.0111693
0.00825354
0.00753314
0.00756352
0.00761599
0.00910227
0.00929573
0.00797899
0.0290738
0.0180154
0.0167211
0.0191955
0.0183478
0.0277329
0.00959519
0.0102848
0.0141465
0.015817
0.0210538
0.0421912
0.0413338
0.0360789
0.00828065
0.00850176
0.0159991
0.0160037
0.00355176
0.0105703
0.00847751
0.00842731
0.00823804
0.00837474
0.0110223
0.00205692
0.0102137
0.0159387
0.0686724
0.0665694
0.0439933
0.013685
0.0134058
0.0170593
0.0137526
0.0161263
0.0178218
0.0152823
0.0157436
0.0100063
0.0109889
0.0083256
0.00835914
0.00889555
0.00848733
0.0119153
0.00875232
0.00869195
0.0107553
0.00812028
0.00830511
0.00771444
0.00798248
0.0102351
0.0160441
0.0194436
0.0197699
0.0186481
0.0191189
0.015617
0.0115394
0.0152989
0.0122481
0.0114957
0.0153779
0.0184757
0.0186087
0.00922311
0.00928729
0.0113201
0.00961279
0.0163777
0.0164285
0.0132734
0.017723
0.0178394
0.0147759
0.013664
0.0167451
0.0168251
0.00837375
0.010279
0.0095831
0.0108737
0.0106545
0.00830789
0.00761662
0.00770852
0.00784425
0.00774264
0.0147172
0.0109316
0.0107535
0.00878865
0.00832349
0.0128876
0.0100512
0.0111296
0.00863502
0.00916814
0.0121951
0.0273756
0.0253265
0.0289237
0.0240067
0.0323292
0.0361435
0.0404733
0.0278776
0.0306707
0.0270256
0.00799768
0.0109507
0.0105842
0.0120253
0.0114471
0.00842998
0.00753727
0.00905361
0.0083565
0.0102605
0.00982526
0.00768419
0.0448603
0.0555236
0.0494984
0.0335053
0.0305805
0.041629
0.0367164
0.0102888
0.0126216
0.0100027
0.00996228
0.00853052
0.00841032
0.0153282
0.0156548
0.0116945
0.00966584
0.00943651
0.014034
0.00952137
0.00939529
0.0094737
0.0157044
0.0110943
0.0102033
0.0089991
0.00978413
0.0122526
0.00768813
0.00752455
0.00796371
0.00777078
0.0106454
0.00791373
0.00829898
0.0116257
0.00802909
0.00811563
0.0081869
0.00802197
0.0118311
0.0246224
0.0257255
0.0220442
0.0181278
0.0209674
0.0233655
0.0128568
0.0176639
0.0144299
0.0140286
0.0144611
0.0148316
0.0137603
0.0141361
0.0102451
0.0106946
0.00860684
0.00869583
0.00841948
0.00849734
0.0140051
0.011194
0.0112921
0.00869449
0.00888482
0.0123263
0.00864124
0.00897095
0.00831423
0.00771013
0.0100798
0.00967264
0.0106307
0.00778557
0.00795077
0.00788107
0.00779861
0.0104149
0.0122902
0.00972362
0.0101329
0.00834318
0.00901659
0.0118375
0.00771201
0.0105577
0.0130745
0.0125824
0.00812632
0.00790079
0.0212438
0.0332944
0.0323191
0.0233327
0.027307
0.0368469
0.0346897
0.0212281
0.0206101
0.027787
0.0283243
0.0357737
0.0231404
0.0220861
0.0278054
0.0295171
0.0403772
0.0268673
0.0300483
0.0233313
0.0260966
0.0193239
0.0221957
0.0230352
0.0202511
0.0210408
0.0175199
0.0150777
0.0162964
0.0223021
0.019057
0.0183166
0.0217208
0.0196536
0.0232988
0.0181046
0.017542
0.0162389
0.0186935
0.0167441
0.0163376
0.0212412
0.0156223
0.0161015
0.0143404
0.0184338
0.0148953
0.0147556
0.0155648
0.0153918
0.026898
0.0196853
0.0204885
0.0185076
0.0190126
0.0264338
0.0330811
0.0262429
0.0271757
0.0213252
0.0245581
0.0313483
0.0181759
0.0166229
0.0241574
0.0168104
0.0170258
0.0163802
0.0166036
0.02385
0.0254124
0.0178332
0.0181355
0.0172647
0.0175354
0.0250858
0.0120116
0.0131662
0.0177773
0.0128332
0.0130614
0.0124139
0.0125991
0.0179031
0.0143481
0.0132013
0.0130628
0.0156083
0.0182429
0.0119205
0.0118931
0.0129311
0.0122351
0.0185726
0.0180102
0.012157
0.0122719
0.0119792
0.0120636
0.018029
0.0140045
0.0139145
0.0144304
0.0143044
0.0132424
0.0132121
0.0136071
0.0135317
0.009459
0.00941335
0.0144381
0.0174916
0.0176065
0.0169056
0.0169915
0.0139305
0.010535
0.0173754
0.0180249
0.0133421
0.0108007
0.0160625
0.0166614
0.0114087
0.0112491
0.0217195
0.0164161
0.016312
0.0205319
0.0152442
0.0140857
0.0161514
0.0158516
0.0210021
0.0118446
0.0116101
0.0141768
0.014753
0.011002
0.0120485
0.0131089
0.0103765
0.0129697
0.0126373
0.0134877
0.0132344
0.0105967
0.00796718
0.00806468
0.00913254
0.00786038
0.00793465
0.00847798
0.00829873
0.0113452
0.0110713
0.0122156
0.0117487
0.00867746
0.00863964
0.0125642
0.012787
0.0121955
0.012388
0.00872068
0.0101308
0.0143034
0.0148836
0.0131383
0.0136725
0.00933333
0.00868796
0.00910369
0.00929886
0.0092374
0.0091248
0.00910516
0.0114474
0.0119193
0.00978592
0.0106071
0.00907465
0.0125491
0.0121524
0.00966441
0.00785092
0.00766027
0.00797355
0.00845422
0.0132203
0.0093188
0.00860291
0.0104983
0.0100668
0.013754
0.00804365
0.00796178
0.00981618
0.00922705
0.0815856
0.0819489
0.0816536
0.0821137
0.0825378
0.0818965
0.082615
0.082529
0.0819637
0.0824056
0.0820983
0.0818814
0.0812011
0.081728
0.0814284
0.0821493
0.0842991
0.0822358
0.0853241
0.090842
0.0832028
0.0912411
0.087719
0.0831293
0.0867802
0.0842281
0.0823106
0.083502
0.0824481
0.0820559
0.0814113
0.0829209
0.0819584
0.0841247
0.0980566
0.0855379
0.0909782
0.102316
0.0891455
0.117699
0.110499
0.0943952
0.0959424
0.0905342
0.087824
0.0883483
0.0843721
0.0831892
0.0816998
0.0843359
0.0832973
0.0854025
0.0882244
0.0870719
0.108967
0.113507
0.112863
0.0652268
0.085217
0.0941084
0.0893261
0.0872584
0.0858812
0.081836
0.0851422
0.084612
0.087497
0.0918831
0.0912087
0.101336
0.0942262
0.0971425
0.0434736
0.058683
0.066119
0.07999
0.0878044
0.0879734
0.0817568
0.0852277
0.0852243
0.0882992
0.092656
0.0927264
0.0870409
0.0778716
0.0792675
0.0378873
0.0489228
0.0514897
0.0713896
0.085429
0.0868712
0.0815253
0.0848442
0.0851637
0.0879342
0.0913212
0.0917567
0.0794722
0.0713971
0.0718463
0.0362268
0.0451095
0.0461905
0.0655575
0.0818201
0.0837021
0.0812156
0.0842514
0.0847079
0.0765524
0.0696177
0.0697287
0.0362268
0.0432499
0.0438109
0.0611557
0.0778624
0.0798633
0.0808611
0.08357
0.0840864
0.0371687
0.0412842
0.0413676
0.0573707
0.0737815
0.0758352
0.0805075
0.0823219
0.0825796
0.0842837
0.0814031
0.0819638
0.0762396
0.0584457
0.0572394
0.0051087
0.014882
0.0189764
0.0412581
0.04871
0.0505986
0.0567995
0.0687965
0.0716606
0.080132
0.0817413
0.0820363
0.0838129
0.080765
0.0812474
0.0745744
0.0314778
0.025885
0.0172963
0.0387865
0.0417567
0.0425538
0.0457973
0.0482285
0.0538435
0.0640737
0.0664004
0.0828127
0.081176
0.081673
0.0698808
0.0439751
0.0332527
0.022467
0.02947
0.0370829
0.040747
0.0452036
0.0456025
0.100195
0.103319
0.107277
0.0473321
0.0426982
0.0390396
0.0754074
0.0655721
0.0723441
0.0808291
0.0825671
0.0916255
0.0371154
0.0317153
0.0307955
0.0381601
0.0359895
0.0421671
0.0723794
0.0730049
0.0816041
0.0338969
0.0289376
0.0289233
0.0305336
0.0298745
0.0354005
0.0698919
0.070123
0.0773101
0.03369
0.0297744
0.0309347
0.0289401
0.029054
0.0335729
0.0348597
0.0330284
0.0333741
0.0311843
0.0314467
0.0340034
0.056921
0.0565426
0.0759537
0.00381806
0.0139633
0.014345
0.00515762
0.00511721
0.00238574
0.0337345
0.0341119
0.0355592
0.11636
0.108999
0.0937263
0.0514878
0.0557419
0.0435112
0.090903
0.107411
0.117882
0.0468022
0.0486623
0.0968525
0.0949623
0.0844219
0.0928513
0.107336
0.0987646
0.0903507
0.0893385
0.0860165
0.106816
0.0951403
0.0967347
0.0909342
0.093137
0.106074
0.0373344
0.0319972
0.028524
0.0546099
0.0488002
0.0519956
0.069299
0.081112
0.0598081
0.0895225
0.0858928
0.0801007
0.0930309
0.0906695
0.0913461
0.0926348
0.0923579
0.087829
0.100099
0.0984467
0.0981487
0.0978119
0.098364
0.101483
0.0889502
0.091487
0.0992492
0.0555146
0.0642919
0.0630495
0.0739207
0.071998
0.0630245
0.0207286
0.0196721
0.0227529
0.0525692
0.0568447
0.0423969
0.0750066
0.0655876
0.0623367
0.0744842
0.0696097
0.078646
0.0921417
0.0924515
0.0882953
0.090092
0.0958737
0.0949131
0.0975624
0.0967779
0.0911335
0.0755347
0.0766308
0.0857412
0.0449664
0.0528217
0.0525783
0.0552599
0.0547291
0.0464218
0.0466287
0.0482529
0.0375346
0.0645997
0.0558668
0.0544341
0.0597186
0.0575984
0.0666245
0.0903809
0.0908571
0.0877335
0.0842447
0.0921067
0.0912734
0.0939445
0.0930016
0.084758
0.0707157
0.0710237
0.0789173
0.045691
0.0637686
0.0636908
0.0518819
0.0519229
0.0452444
0.0147115
0.0117854
0.0121763
0.0440343
0.0448039
0.0361596
0.0588832
0.0512957
0.0504966
0.0532311
0.0521996
0.0600563
0.0211082
0.0166299
0.0175356
0.0172577
0.0175055
0.0194068
0.0414855
0.0416334
0.0362965
0.0550776
0.048405
0.047754
0.0497813
0.0491345
0.0559444
0.0278786
0.0258856
0.0263738
0.022981
0.0234662
0.0257698
0.0629374
0.058862
0.0736571
0.0145744
0.0514501
0.053274
0.0304937
0.0322947
0.00799625
0.0263508
0.0310502
0.00798799
0.0407576
0.0369224
0.0376373
0.0353226
0.0369923
0.0395889
0.0692405
0.0780635
0.0759443
0.104724
0.0982059
0.0768936
0.108843
0.106413
0.109305
0.0737331
0.0581742
0.0653444
0.104619
0.098046
0.10334
0.0707776
0.0748232
0.0839903
0.0246073
0.0219687
0.021478
0.0333688
0.0320307
0.0338515
0.0479235
0.0449169
0.0495886
0.0355313
0.0382245
0.0396305
0.0315958
0.0324353
0.0291384
0.0479047
0.0564895
0.0558455
0.0618625
0.0607491
0.0518598
0.0933824
0.0844941
0.0866202
0.0448775
0.0394819
0.0403771
0.0342101
0.0343936
0.0397992
0.0411332
0.0417693
0.0468883
0.0333074
0.0320701
0.0378672
0.0189509
0.0215138
0.0218751
0.0244271
0.0299755
0.030775
0.0221571
0.0223934
0.0198467
0.040855
0.035375
0.033776
0.0448793
0.0518412
0.0518507
0.0523784
0.0522153
0.0447176
0.0824888
0.0737326
0.0745731
0.0380792
0.0329977
0.0328377
0.0348624
0.0346661
0.0391306
0.0392249
0.0338706
0.0340339
0.0327404
0.0326944
0.0379132
0.0291729
0.028971
0.0340886
0.0173659
0.0172517
0.0145842
0.0349798
0.0296953
0.0292756
0.0403909
0.0310425
0.0301589
0.0359272
0.0355208
0.0420602
0.0395256
0.0352469
0.0350633
0.0298903
0.0289816
0.039303
0.0187448
0.0167216
0.0169979
0.0126335
0.0130433
0.0156077
0.0293917
0.0296743
0.033607
0.0183043
0.0226659
0.0224158
0.0241646
0.0239013
0.0209981
0.0148814
0.017518
0.0174417
0.0221724
0.0219456
0.0168861
0.0335359
0.0291062
0.02931
0.0456772
0.0400545
0.0396589
0.042264
0.0419145
0.0472141
0.0430497
0.036748
0.0363332
0.0392567
0.0388476
0.0447067
0.0245155
0.0220032
0.0224922
0.017829
0.0187018
0.0224086
0.022058
0.0247028
0.0244315
0.029939
0.0293355
0.023123
0.0341438
0.0317235
0.0320168
0.0512424
0.0359847
0.0347016
0.0361154
0.0360865
0.0512628
0.0482312
0.042975
0.0426185
0.0309402
0.0255416
0.0264672
0.111722
0.113267
0.110166
0.0987524
0.112605
0.106812
0.116395
0.114281
0.10237
0.0435711
0.0393969
0.0422187
0.0816753
0.0891798
0.08861
0.0905075
0.0898105
0.0818806
0.0695177
0.0695497
0.0763702
0.0496576
0.0617181
0.0618967
0.0613973
0.0615508
0.0493879
0.0160637
0.0139219
0.0143898
0.0112063
0.011761
0.0140647
0.0412687
0.0412486
0.03736
0.075834
0.0689668
0.0740861
0.0409597
0.0449153
0.0545415
0.0474119
0.0573471
0.0733397
0.0462952
0.0538031
0.044726
0.0643895
0.0577106
0.0520197
0.047552
0.063733
0.0612515
0.0636734
0.0637185
0.0473064
0.0776305
0.0702684
0.0704666
0.0238403
0.019757
0.0193992
0.0217093
0.02132
0.0253874
0.0127228
0.0102736
0.0107021
0.0323301
0.0326693
0.0346592
0.025589
0.0307818
0.0301385
0.0310453
0.0309852
0.0259493
0.0263843
0.0225015
0.0221108
0.0243405
0.0240396
0.0277587
0.0284819
0.0320976
0.0315636
0.033251
0.0326602
0.0288479
0.0358296
0.0345105
0.0349294
0.120756
0.117335
0.10729
0.12011
0.11967
0.119197
0.0952885
0.115069
0.120498
0.0723653
0.0699157
0.0619045
0.114397
0.0973878
0.0982419
0.103948
0.0981464
0.11576
0.0383297
0.0333003
0.0396043
0.038107
0.0455772
0.0517128
0.0309947
0.0329395
0.0295553
0.0478729
0.0449906
0.0413344
0.0153171
0.016304
0.0206811
0.0204761
0.0187426
0.0189953
0.0191936
0.0174366
0.0178278
0.014856
0.0153006
0.017266
0.0168823
0.0207959
0.0202205
0.0219378
0.021368
0.0172376
0.0261893
0.023952
0.0244357
0.0515
0.0563618
0.0704887
0.0616534
0.0451624
0.0497607
0.0378585
0.0468481
0.0446506
0.0635527
0.0606665
0.0526035
0.0877255
0.0790222
0.0831968
0.0256874
0.0249014
0.0273726
0.0295617
0.0271413
0.0263998
0.0359775
0.0362615
0.0419869
0.0410613
0.0354756
0.0357166
0.0459162
0.046672
0.0520557
0.0499114
0.0446134
0.0452409
0.019284
0.019448
0.0162401
0.0301802
0.0275333
0.0271387
0.0284576
0.0279771
0.0306022
0.0288092
0.0261324
0.0258411
0.0267803
0.0264451
0.0291141
0.0158867
0.0190138
0.0191446
0.0248646
0.0253712
0.023062
0.0343745
0.0319932
0.0313035
0.0334526
0.0327012
0.0350517
0.03203
0.0294862
0.0289703
0.0306387
0.0300333
0.0325572
0.0211491
0.0238345
0.0243259
0.0338086
0.0337216
0.038418
0.0386117
0.0339963
0.0338986
0.0330937
0.0331964
0.0384704
0.0381821
0.0329167
0.0329976
0.0162702
0.0162799
0.0130477
0.0268124
0.0241027
0.0240773
0.0242188
0.0241493
0.0268666
0.026785
0.0241418
0.0241765
0.0240741
0.0240955
0.0267727
0.0130706
0.0163612
0.0162939
0.0278077
0.0250983
0.0248958
0.0255713
0.025324
0.0280262
0.0271468
0.0244216
0.0243092
0.0247148
0.024557
0.0272808
0.0340773
0.0313564
0.0407707
0.0175005
0.022052
0.022469
0.0192061
0.0195442
0.0147028
0.0417233
0.0350253
0.0345436
0.0389326
0.0286085
0.0275505
0.0151114
0.0154019
0.0176255
0.0168434
0.0144299
0.01478
0.0183741
0.0181617
0.0156235
0.0269278
0.0243869
0.0244939
0.0242264
0.0242964
0.0268754
0.0272499
0.0248785
0.0250284
0.0246118
0.024739
0.0271533
0.0163989
0.0187245
0.0185581
0.0208655
0.0165917
0.0163108
0.0189762
0.0184953
0.0226353
0.0376
0.0371734
0.0433824
0.0208317
0.0252637
0.025647
0.0228061
0.0231589
0.0184674
0.0231317
0.0325448
0.0330785
0.0314571
0.0319991
0.0227242
0.0443777
0.0384322
0.0380188
0.0175134
0.0130471
0.012817
0.0159713
0.0155121
0.0197599
0.0210248
0.0215138
0.0240956
0.0127046
0.014959
0.0145483
0.0173034
0.016951
0.0149452
0.0141155
0.013678
0.0111883
0.022826
0.0200111
0.0205143
0.0291527
0.0203227
0.0194623
0.0215071
0.0206627
0.0296656
0.0285783
0.0249687
0.0246531
0.0210844
0.0164766
0.0187973
0.0182174
0.0186165
0.0202667
0.0824236
0.0870932
0.0866105
0.0880944
0.0876279
0.080824
0.0557537
0.0632639
0.0634877
0.0628836
0.0630632
0.0553805
0.0111637
0.0110998
0.00630147
0.0328622
0.0237342
0.0215173
0.0257605
0.0260034
0.0330709
0.051722
0.062507
0.0627351
0.0620891
0.0622923
0.051476
0.076013
0.069543
0.0695168
0.00666966
0.00601925
0.00307876
0.0294236
0.0219527
0.0202816
0.0229001
0.0223763
0.0295429
0.0225054
0.0129724
0.0113007
0.0188965
0.0184246
0.0234391
0.00152891
0.0024901
0.00311861
0.103121
0.0897401
0.0801504
0.103414
0.0977928
0.106875
0.0665161
0.0867044
0.0951651
0.0560055
0.0543974
0.0487284
0.0901326
0.0737296
0.0768971
0.077906
0.0741409
0.0917415
0.0670277
0.0656103
0.0567861
0.0805378
0.0735459
0.0749864
0.0709343
0.0721999
0.0792149
0.0220991
0.0189617
0.0185325
0.0534441
0.0531101
0.045162
0.0669325
0.0602835
0.0606877
0.0596012
0.059921
0.066506
0.0690096
0.0621779
0.0627741
0.0611371
0.061633
0.0684146
0.0460348
0.0542516
0.0538235
0.0113862
0.0115362
0.0144843
0.0249187
0.0254005
0.0274492
0.0203674
0.0230512
0.0225045
0.024146
0.0235975
0.0209782
0.0498285
0.0404795
0.0365763
0.041817
0.041151
0.0503708
0.0119317
0.0290184
0.0296988
0.0878219
0.0928065
0.100126
0.0699931
0.0841247
0.0783497
0.0966483
0.0902959
0.0738807
0.0227557
0.022352
0.024961
0.0356777
0.0369119
0.0340908
0.0416327
0.0393949
0.0382014
0.0421327
0.0406934
0.042981
0.0373911
0.0351202
0.0342567
0.037091
0.0360618
0.0382999
0.0301641
0.0334101
0.0345068
0.0579702
0.0571966
0.0485154
0.0718628
0.0648981
0.065728
0.0634242
0.0641308
0.0710635
0.0756518
0.0686281
0.0697447
0.0666227
0.0675893
0.0746093
0.0508132
0.0597407
0.0588152
0.0376879
0.0385272
0.0441356
0.0254854
0.0322877
0.0312347
0.034806
0.0336275
0.0274189
0.0218461
0.0284379
0.0282762
0.0287913
0.0286104
0.0220024
0.0400363
0.0345923
0.0347983
0.0304216
0.0363159
0.0356732
0.0373356
0.0368464
0.0308672
0.0474742
0.0423405
0.0428909
0.0205123
0.0210932
0.0182707
0.0253002
0.0242756
0.0235874
0.0230171
0.0208755
0.0207367
0.0211694
0.0210193
0.023166
0.0654916
0.0590718
0.0593181
0.0586726
0.0588559
0.065201
0.0447041
0.0520825
0.0519779
0.0333686
0.0331853
0.0381601
0.0218978
0.0277644
0.0281171
0.0270888
0.0273921
0.0211927
0.033569
0.0337128
0.0390386
0.0213113
0.0278362
0.0277025
0.0281237
0.0279781
0.0214433
0.0202401
0.0268305
0.0269059
0.0268654
0.0268276
0.0202475
0.0379489
0.0326993
0.0327275
0.0212912
0.0190695
0.0190376
0.019151
0.0191087
0.0213261
0.0193605
0.0194697
0.0215404
0.0143414
0.0170831
0.0168868
0.0224872
0.0203466
0.0202279
0.0206006
0.0204707
0.0226129
0.0214474
0.0192526
0.0191988
0.0193811
0.0193142
0.0215048
0.0161627
0.0164394
0.0185155
0.0114959
0.0141072
0.0137733
0.0148031
0.0144622
0.0119677
0.0158651
0.013358
0.0136008
0.0231382
0.0228953
0.019606
0.02772
0.0255314
0.0257153
0.0251889
0.0253563
0.0275911
0.0282791
0.0262958
0.0264987
0.0259058
0.0261003
0.0281436
0.0206492
0.0236423
0.023388
0.0408291
0.0404436
0.0459924
0.0259207
0.0345647
0.0350463
0.0335891
0.0340814
0.0256031
0.0300976
0.0362582
0.0366624
0.0354532
0.0358561
0.0296192
0.0469167
0.0415606
0.0411992
0.0156094
0.0114895
0.0113543
0.0118647
0.0116469
0.0158522
0.0436907
0.0433326
0.0485667
0.0320538
0.0378666
0.038266
0.0370675
0.0374672
0.0315805
0.0112226
0.011084
0.0149461
0.0384438
0.035053
0.0316843
0.0130926
0.0134857
0.0156715
0.014504
0.0122743
0.0127084
0.0587291
0.0638731
0.0712816
0.0671975
0.0613893
0.0528931
0.0583457
0.0488996
0.0534521
0.0203635
0.020069
0.024161
0.0118764
0.0159183
0.0161594
0.0127278
0.0170606
0.0175091
0.016408
0.0166975
0.0123873
0.0250754
0.020972
0.0206555
0.0231726
0.0228554
0.0266838
0.0148598
0.0188732
0.0192058
0.018001
0.0184722
0.0144315
0.0318667
0.0289874
0.0277654
0.0321944
0.0304457
0.0333059
0.0268121
0.0236878
0.0228049
0.0264837
0.0248519
0.0279867
0.0182419
0.0179639
0.0209077
0.0137143
0.0112058
0.0117078
0.0104326
0.0107641
0.0133357
0.0151861
0.0129037
0.0132555
0.012172
0.0125611
0.0148548
0.0166067
0.0170305
0.0188295
0.0127501
0.0150135
0.014523
0.0158941
0.015468
0.0132501
0.0140207
0.0135375
0.0110108
0.0176773
0.0157355
0.0161726
0.0479743
0.0405118
0.0417388
0.0377662
0.03929
0.0465196
0.0554233
0.047915
0.0503207
0.0432893
0.0453905
0.0531765
0.0364318
0.0288673
0.0294428
0.0408857
0.0329835
0.0356393
0.0301359
0.0312211
0.0391782
0.052575
0.0494992
0.0405
0.0641894
0.0574491
0.0603184
0.0525419
0.0548607
0.0618108
0.0266356
0.0240302
0.0232905
0.0289111
0.0279824
0.0303561
0.022204
0.025229
0.0262258
0.0236853
0.024368
0.0213214
0.0232484
0.0299576
0.0297481
0.0305877
0.0302126
0.023461
0.0423885
0.0366052
0.0370568
0.0350178
0.0352402
0.0407676
0.0225121
0.0291641
0.0289778
0.0295456
0.0293526
0.0226814
0.0434453
0.0440174
0.0492688
0.0320503
0.0383082
0.0378181
0.0393215
0.0388087
0.0324425
0.0243965
0.0223074
0.0220612
0.0230351
0.0226194
0.0246253
0.0164191
0.0196707
0.0200096
0.0187454
0.018883
0.0157728
0.0236439
0.0214937
0.0213279
0.0218533
0.0216673
0.0238193
0.0233874
0.0287023
0.0288133
0.0283875
0.0285703
0.0232287
0.0383717
0.0336298
0.0335174
0.0208616
0.0273572
0.0272541
0.0275788
0.0274649
0.0209648
0.0386087
0.0333118
0.0334332
0.032781
0.0328415
0.0380859
0.0204748
0.0269963
0.026926
0.0271585
0.0270733
0.0205587
0.0212343
0.0189878
0.0189929
0.0190126
0.018996
0.0212421
0.0130891
0.0163032
0.0163356
0.0166726
0.0164866
0.0132581
0.021341
0.0191431
0.0192482
0.0190169
0.0190673
0.0213011
0.0220478
0.0198969
0.0197987
0.0201122
0.0200015
0.0221513
0.0217001
0.0195303
0.0194531
0.019705
0.0196147
0.0217809
0.0273496
0.0227628
0.0222526
0.0235919
0.0232092
0.027784
0.0258144
0.0208575
0.0205562
0.0217208
0.0212404
0.026157
0.0209947
0.0215196
0.0170058
0.030207
0.0259482
0.0255413
0.02885
0.0242971
0.0239406
0.0251068
0.0246819
0.029189
0.0150915
0.0199526
0.020451
0.0166241
0.0165074
0.0219012
0.024599
0.0196732
0.0191848
0.0202922
0.0200172
0.0249341
0.0227194
0.0171949
0.016823
0.0185263
0.0177996
0.0231781
0.0178427
0.0156575
0.0159052
0.0138321
0.0141065
0.0165773
0.0171648
0.0168623
0.0211721
0.0222327
0.0179953
0.0175383
0.0136814
0.0133022
0.017846
0.0192573
0.0149091
0.0142469
0.0165349
0.0144499
0.0148159
0.013644
0.0140527
0.0161971
0.0178632
0.0158851
0.0162563
0.0151651
0.0155206
0.0175395
0.0107205
0.0132686
0.012902
0.0169192
0.0126969
0.0122038
0.0133296
0.0132291
0.0173522
0.0160409
0.0135875
0.0138113
0.0119332
0.0127497
0.0151575
0.0948766
0.0937886
0.0984626
0.0886582
0.0908564
0.092584
0.0323715
0.0345025
0.0338478
0.0359973
0.0352211
0.0333419
0.075127
0.0665462
0.0633455
0.0750432
0.0704078
0.0784336
0.0511943
0.061858
0.0674942
0.0495806
0.047739
0.0389046
0.0674322
0.0587564
0.0586954
0.0607685
0.0591987
0.068498
0.101847
0.101633
0.105562
0.0791815
0.0927132
0.091661
0.0612528
0.0702066
0.0685542
0.0453653
0.0519773
0.0520483
0.013012
0.0153788
0.0151058
0.0159217
0.0156442
0.0132779
0.0196175
0.0177479
0.0179945
0.0826685
0.0803047
0.0716083
0.0424365
0.048529
0.0475863
0.0504774
0.0494701
0.0432615
0.0263217
0.0290309
0.0300262
0.027163
0.0280732
0.0253159
0.0329743
0.0308931
0.029873
0.0499747
0.0516721
0.055266
0.0380661
0.0445748
0.0433296
0.0466136
0.0455617
0.0394951
0.0200377
0.0226209
0.0228528
0.0519035
0.0518579
0.0447904
0.0645516
0.0583923
0.0585171
0.0582167
0.0582906
0.0643677
0.0244616
0.0298033
0.0300792
0.0294021
0.0295778
0.0241793
0.0390071
0.0344937
0.0343439
0.0261108
0.0309885
0.0312486
0.0303802
0.0306753
0.0257477
0.0176917
0.0175806
0.0149445
0.0252558
0.0249779
0.022418
0.0267051
0.0269193
0.0287882
0.0338689
0.0394594
0.0398515
0.0386667
0.0390655
0.0334591
0.0495083
0.0444019
0.0440482
0.0229196
0.0253095
0.0247108
0.0267176
0.0259683
0.0236769
0.0159529
0.0200805
0.0204093
0.0194995
0.0197832
0.0156747
0.0274934
0.0237514
0.023466
0.0885356
0.0790939
0.0810629
0.07693
0.0777354
0.0878656
0.0596456
0.067912
0.0663639
0.0386697
0.0359814
0.0339868
0.0411573
0.0383395
0.0408829
0.0323144
0.0353315
0.0378711
0.0182442
0.0184956
0.0202661
0.014303
0.0165205
0.0162165
0.0171086
0.0168202
0.0146683
0.0632931
0.0665022
0.0715069
0.0498831
0.0582266
0.0555488
0.0336569
0.0404715
0.0398632
0.0421568
0.0412098
0.0342373
0.0528658
0.0475564
0.0486352
0.0235473
0.0258256
0.0262532
0.0231179
0.0234316
0.0207361
0.0342164
0.0341007
0.0386872
0.0237765
0.0291391
0.0292613
0.0289191
0.0290266
0.0236867
0.0270567
0.0318855
0.0321214
0.0314677
0.0316847
0.026844
0.01537
0.0179816
0.0177992
0.018999
0.018862
0.0165776
0.0243576
0.0248314
0.0202963
0.0187966
0.0234935
0.0239248
0.0158023
0.0153801
0.0131395
0.0166203
0.0169844
0.0188034
0.0145226
0.0165862
0.0162016
0.0255643
0.0252794
0.0288474
0.0176301
0.0215186
0.0218639
0.0207719
0.021149
0.0171843
0.0189235
0.0228703
0.0231622
0.0222408
0.0225695
0.0186444
0.0146515
0.0167653
0.0163191
0.0177698
0.017245
0.0152111
0.0206509
0.0190382
0.0195017
0.0154752
0.0107369
0.0114099
0.0112024
0.0109258
0.0156893
0.00329549
0.00620949
0.00647341
0.00238252
0.0023731
0.00175678
0.0128031
0.00581504
0.00458232
0.0105773
0.0077028
0.014374
0.0671379
0.0605685
0.0618509
0.059113
0.0597845
0.0667072
0.0464921
0.0528854
0.0512611
0.0815285
0.0816214
0.0816669
0.0817051
0.0817726
0.081762
0.0818153
0.0818283
0.0818048
0.081819
0.081788
0.0817845
0.0811795
0.0813716
0.0813748
0.081971
0.0818315
0.0817111
0.0807297
0.0808985
0.0809377
0.0830997
0.0835618
0.0827604
0.0844804
0.0844992
0.083353
0.0820798
0.0817643
0.0815938
0.0805891
0.0809004
0.0808903
0.0829802
0.0840206
0.0832683
0.102172
0.102046
0.0957552
0.0831762
0.0824305
0.0820359
0.0804686
0.0809252
0.0809165
0.0792582
0.0852092
0.0908824
0.0850378
0.0835714
0.0829551
0.0803251
0.0808782
0.0809144
0.0461688
0.0510306
0.0531169
0.0864553
0.0847884
0.0842095
0.0801363
0.0807291
0.0808153
0.0387689
0.0422848
0.04292
0.086465
0.0855335
0.0852429
0.0799068
0.0805028
0.0806232
0.0364356
0.0393301
0.0395518
0.0852151
0.0855712
0.0856435
0.0796501
0.0802316
0.0803713
0.0870146
0.0894394
0.0899056
0.0361227
0.0383502
0.0384119
0.0830985
0.0848963
0.0853204
0.079371
0.0799305
0.0800848
0.0859625
0.0877331
0.0881349
0.0758839
0.0698412
0.0697445
0.0803183
0.0835376
0.0843021
0.079039
0.079599
0.0797654
0.0848336
0.086233
0.0865852
0.0041372
0.0055083
0.00526946
0.0396951
0.0414034
0.0413009
0.0768069
0.0814655
0.0825993
0.078731
0.0792689
0.0794328
0.0742122
0.0639381
0.0634311
0.0142028
0.0199607
0.0203556
0.042544
0.042795
0.0423834
0.0728358
0.0787437
0.0802051
0.0797303
0.0811483
0.0814439
0.0512951
0.0600048
0.0619674
0.0819172
0.0803685
0.0807456
0.0702759
0.0476043
0.0458223
0.0265411
0.0283998
0.0286672
0.0370777
0.0435708
0.0445243
0.0696633
0.069592
0.0759472
0.0371626
0.0363996
0.036977
0.110644
0.106924
0.100549
0.0939896
0.0996056
0.101326
0.106756
0.103134
0.10334
0.055637
0.0587196
0.0523569
0.0973213
0.0995433
0.0986231
0.103334
0.103029
0.104088
0.043645
0.0444735
0.0406451
0.0882252
0.0925819
0.0918609
0.097717
0.0967894
0.0934272
0.0398066
0.0400973
0.0369767
0.091172
0.0905428
0.0859526
0.0461057
0.0523596
0.05249
0.038489
0.0385822
0.0360861
0.0147854
0.0152779
0.00671738
0.0375711
0.0381879
0.0384567
0.0930878
0.0903458
0.082565
0.0286166
0.0289748
0.0279412
0.025603
0.0276594
0.0281625
0.0179082
0.0199521
0.0197781
0.019608
0.0194289
0.0172441
0.0263992
0.0261089
0.023817
0.0507015
0.045811
0.0454597
0.0451081
0.0447552
0.0498101
0.0268785
0.0274155
0.0292727
0.0918978
0.098843
0.0959248
0.115981
0.113396
0.109856
0.088553
0.0889879
0.0867557
0.0501913
0.0553874
0.0555885
0.0541226
0.0543532
0.0488449
0.0519844
0.0461777
0.0457398
0.0471737
0.0466479
0.0527042
0.0552735
0.0586642
0.0643388
0.0411876
0.0430095
0.040322
0.0480495
0.0536627
0.0538987
0.0526306
0.0527802
0.046807
0.0248748
0.0269887
0.026693
0.0288131
0.0284902
0.0266611
0.0277475
0.0294601
0.0291281
0.121174
0.120759
0.119053
0.10837
0.113144
0.116727
0.117214
0.115441
0.118262
0.0447018
0.0469196
0.0507055
0.0161341
0.0179903
0.0176503
0.0199379
0.0196208
0.0179427
0.0239685
0.0279819
0.0282962
0.0259803
0.0263005
0.0220074
0.0869514
0.0873375
0.0856934
0.0700714
0.0699512
0.0758963
0.0793528
0.0848326
0.0904754
0.0190088
0.0205695
0.0202544
0.062762
0.0698627
0.066619
0.0917283
0.0877256
0.0821317
0.0265803
0.0302863
0.030529
0.0285937
0.0288767
0.0249922
0.0864949
0.0884805
0.0868637
0.0353774
0.0358658
0.0367771
0.103323
0.101407
0.100719
0.0710142
0.078689
0.0751268
0.0866893
0.0798983
0.0817387
0.0765207
0.0781594
0.0850478
0.064
0.0581274
0.0581621
0.058108
0.0581083
0.063898
0.0940956
0.0878021
0.0900133
0.083666
0.0856898
0.0921686
0.0289605
0.0271365
0.0273593
0.0297845
0.0279933
0.028633
0.0549908
0.0603011
0.0579138
0.0833322
0.0827461
0.0834002
0.0865811
0.0848129
0.084032
0.0859588
0.0854377
0.0882992
0.0830065
0.083986
0.0843032
0.0906191
0.086234
0.0862545
0.0855493
0.0860205
0.0888288
0.0832787
0.0843535
0.0840794
0.0858695
0.0844286
0.0849846
0.0859497
0.0849235
0.0835232
0.0906334
0.0869246
0.0887839
0.084295
0.0854474
0.0887133
0.0966002
0.0934631
0.0977214
0.115992
0.109547
0.110216
0.105635
0.107876
0.113561
0.0952256
0.101049
0.0996019
0.0727912
0.0789308
0.0718099
0.0477935
0.0492774
0.0447185
0.0412366
0.0417266
0.0382965
0.038966
0.0391353
0.0363179
0.0382636
0.0383014
0.0361667
0.0815844
0.0853928
0.0850434
0.0861629
0.0857639
0.0818027
0.0580342
0.0646983
0.0650152
0.0640855
0.0643834
0.0576294
0.00609951
0.00577946
0.00461927
0.0159334
0.0092977
0.00921645
0.0101819
0.00954678
0.0172316
0.0419709
0.0416287
0.0404526
0.049302
0.0447706
0.0445728
0.0453524
0.0450227
0.0499541
0.0847129
0.0843879
0.0811077
0.064969
0.0644539
0.0744037
0.0296716
0.0506105
0.0514268
0.0491408
0.0498435
0.0278154
0.0200188
0.0198838
0.0157215
0.0402187
0.0307054
0.0290041
0.0352686
0.0328296
0.0412607
0.041277
0.0422386
0.0400409
0.0313853
0.0334213
0.0337508
0.0328306
0.0331123
0.031079
0.0373707
0.0395631
0.0403919
0.0381123
0.0388122
0.0366527
0.0289214
0.0308499
0.0308807
0.0308106
0.0308181
0.0289165
0.0302933
0.0323276
0.0325654
0.031906
0.0321032
0.0300733
0.0289697
0.0308155
0.0308007
0.0308612
0.0308267
0.029008
0.0568109
0.0639157
0.0638854
0.0637267
0.0639483
0.0569152
0.0760421
0.070332
0.0701981
0.0068106
0.00712704
0.00407671
0.00271529
0.00266505
0.00246489
0.119346
0.113791
0.116507
0.103034
0.108769
0.115487
0.0969829
0.102352
0.0978304
0.0947478
0.0972727
0.092538
0.112281
0.103977
0.100262
0.109495
0.107281
0.116014
0.097565
0.0956475
0.0917241
0.104334
0.100262
0.102908
0.0954504
0.0977004
0.101457
0.101704
0.10255
0.10701
0.104778
0.0989822
0.100457
0.0307412
0.0331648
0.0343904
0.0309833
0.0320419
0.0295856
0.0555222
0.0625511
0.0672597
0.101235
0.100397
0.0987006
0.10283
0.102591
0.101944
0.0414606
0.045425
0.0465223
0.094164
0.0933545
0.0891226
0.0922461
0.0958929
0.0950098
0.0372332
0.040429
0.0408062
0.0888764
0.0884158
0.0837852
0.0853251
0.08994
0.0893981
0.0521365
0.0522413
0.0458894
0.0637387
0.0581518
0.0581211
0.058247
0.058192
0.0636954
0.0361139
0.0386911
0.0388188
0.0169417
0.018828
0.0185598
0.0193469
0.0190876
0.0172404
0.0304471
0.0312505
0.0159056
0.0519847
0.0431411
0.0424802
0.0310223
0.0239758
0.0234352
0.0250167
0.0245342
0.0316945
0.00734795
0.0158172
0.0163539
0.0199078
0.018805
0.0296155
0.008888
0.0115981
0.0113526
0.036115
0.037599
0.0367944
0.0389673
0.0383764
0.0367115
0.0923016
0.0946759
0.100385
0.0796774
0.0876943
0.085138
0.0602462
0.0660044
0.064108
0.0697226
0.0679006
0.0626026
0.0328661
0.0349049
0.0353476
0.0341085
0.0344914
0.0324532
0.0266892
0.0271579
0.0249583
0.0348039
0.0368791
0.0374735
0.0358223
0.0363325
0.0342733
0.0290884
0.0310814
0.0311711
0.0309375
0.0309963
0.0290208
0.0295362
0.0315607
0.0317197
0.0312876
0.0314106
0.0293962
0.0307307
0.0349587
0.0352157
0.0344693
0.0347149
0.0304374
0.0296146
0.0340026
0.0342401
0.0334947
0.0337602
0.0293172
0.0294812
0.0311747
0.0311003
0.0202657
0.020109
0.0181097
0.017054
0.0192785
0.0191251
0.0291668
0.0309389
0.0308891
0.0310453
0.0309813
0.0292342
0.0181209
0.019857
0.0196027
0.0203577
0.0201058
0.0184073
0.0297295
0.0280548
0.0282966
0.0275855
0.0278183
0.0295376
0.023469
0.0258218
0.025537
0.0464814
0.0461596
0.0509921
0.03557
0.0410336
0.0414058
0.0402436
0.0406377
0.0351304
0.0357501
0.041189
0.0415282
0.0415552
0.0411697
0.0357282
0.0293292
0.0300342
0.0315738
0.0262549
0.0283162
0.0275457
0.0293253
0.0289102
0.0265392
0.104761
0.101816
0.0952668
0.106147
0.110728
0.107599
0.0549842
0.0551934
0.0499268
0.0491155
0.0545638
0.0547821
0.0504094
0.0540818
0.0509002
0.0483935
0.0456495
0.0437634
0.0504337
0.0478376
0.0508141
0.042408
0.0450855
0.0474945
0.0532722
0.053439
0.047797
0.0470587
0.0529401
0.0531051
0.0275869
0.0272863
0.0252309
0.026307
0.0281928
0.0278931
0.122474
0.12193
0.12109
0.11437
0.119591
0.121316
0.11448
0.117247
0.11108
0.122079
0.121763
0.121053
0.102074
0.108168
0.102344
0.118189
0.113667
0.108936
0.119308
0.117225
0.120067
0.111324
0.110569
0.113715
0.0971958
0.104983
0.105466
0.105408
0.104421
0.0972279
0.101342
0.109553
0.111818
0.106383
0.107737
0.0995253
0.116836
0.11376
0.11245
0.0363394
0.038522
0.0400369
0.0356677
0.0370631
0.0347107
0.0406282
0.0436705
0.0412605
0.0156382
0.0177102
0.0174085
0.0182849
0.0179973
0.015968
0.0186534
0.0183266
0.0165155
0.0175899
0.019299
0.018978
0.0531373
0.0591305
0.0575204
0.0623797
0.0607089
0.054719
0.0464333
0.052883
0.0515918
0.0559269
0.0543347
0.0479998
0.0354658
0.0356819
0.0316512
0.0282234
0.0329101
0.0332122
0.0323492
0.0326322
0.0278652
0.027291
0.027643
0.0235566
0.0223493
0.0266102
0.0269484
0.0200146
0.0240036
0.0243135
0.0234375
0.0237261
0.0197346
0.0214028
0.0252671
0.025332
0.0246241
0.0249589
0.0210386
0.0172016
0.0190158
0.0183775
0.0204359
0.0197241
0.0180076
0.0246174
0.029267
0.0294885
0.0242373
0.02372
0.0197622
0.018215
0.0206428
0.0208344
0.0860133
0.092907
0.0963329
0.087254
0.0900264
0.0828507
0.0733409
0.0791487
0.0731
0.0917502
0.08545
0.0801027
0.0736333
0.0811631
0.0809775
0.0762361
0.0834846
0.0850748
0.0815489
0.0821247
0.0749232
0.0420528
0.0425156
0.0370349
0.0765959
0.0731293
0.0662949
0.0779345
0.0839121
0.0801396
0.0297173
0.0300047
0.0262513
0.0252955
0.0291547
0.029436
0.0817367
0.081773
0.0819092
0.0818074
0.0818324
0.0819462
0.0818527
0.0818611
0.0819662
0.0818613
0.0818515
0.0819634
0.0813313
0.0814324
0.0815399
0.0817364
0.0816796
0.0817153
0.0809278
0.0810118
0.0811184
0.0816602
0.0815023
0.0814789
0.0837421
0.0834207
0.0827429
0.0855178
0.08449
0.0836454
0.0904564
0.088899
0.0878592
0.0851319
0.0883387
0.0892808
0.075284
0.0819994
0.0837605
0.0682186
0.0755289
0.077047
0.063247
0.070204
0.0714543
0.0368415
0.0382813
0.0382257
0.0592135
0.0656498
0.0667408
0.0759752
0.0704662
0.0702752
0.0837514
0.0848193
0.0851651
0.0784339
0.0789318
0.0791007
0.0687247
0.0755071
0.0771934
0.0792756
0.0805555
0.0808491
0.0491333
0.0565705
0.0581928
0.0809963
0.0796323
0.0800143
0.0708352
0.050958
0.0493515
0.0308097
0.0289998
0.0285073
0.0343728
0.0410962
0.0423603
0.0702502
0.0703721
0.0760711
0.0953633
0.0972065
0.102933
0.0833711
0.0879672
0.0875776
0.038206
0.0381852
0.0364754
0.0172594
0.0320913
0.0329058
0.0122175
0.0118579
0.00982122
0.0464546
0.0461877
0.0507926
0.03216
0.0306665
0.0312674
0.0813467
0.0855272
0.0853361
0.0871944
0.0868665
0.0823745
0.0314914
0.0311024
0.0295834
0.0522047
0.0569071
0.0570508
0.0557794
0.0559759
0.0509718
0.0952282
0.0976963
0.0977718
0.0822683
0.0819596
0.0818799
0.0821236
0.0820627
0.0824195
0.0826383
0.082193
0.0821774
0.0821539
0.0821818
0.0826039
0.0826779
0.0822478
0.08188
0.0819872
0.0822937
0.082672
0.0880017
0.0876538
0.0901835
0.0913174
0.0883344
0.0882689
0.0833644
0.0838377
0.0849719
0.0825645
0.081907
0.0820912
0.0954016
0.0915945
0.0933971
0.0939228
0.0908782
0.0888276
0.0880834
0.0903444
0.0922857
0.0866765
0.0855018
0.0868806
0.0840204
0.0827045
0.08287
0.0823076
0.0825019
0.0836666
0.0896974
0.0895551
0.0903701
0.0850148
0.0832277
0.0832821
0.0830237
0.0831358
0.0848368
0.0608355
0.0547527
0.0529398
0.0593891
0.0568804
0.0632696
0.085447
0.0870343
0.0825648
0.0852619
0.0832991
0.0832603
0.0833144
0.0833168
0.0852625
0.0496803
0.0455137
0.0449044
0.0469815
0.0462013
0.0505256
0.0786168
0.0802933
0.0732365
0.0849674
0.083055
0.0829658
0.0832052
0.0831358
0.0850756
0.0454353
0.0421454
0.041895
0.0427303
0.0424232
0.0457978
0.072739
0.07411
0.0668379
0.082868
0.0827662
0.0845631
0.0678567
0.069016
0.06218
0.0384242
0.0383344
0.0369957
0.0855131
0.0858717
0.0845645
0.0708947
0.070694
0.0761113
0.0809573
0.0839853
0.08365
0.0433619
0.0430801
0.042725
0.0412192
0.0432149
0.0441609
0.0298906
0.0314928
0.0313906
0.118644
0.118793
0.117648
0.0729571
0.0658536
0.0623537
0.0745602
0.0699363
0.0768739
0.053814
0.0488821
0.0478674
0.0513868
0.0500442
0.0552142
0.0471124
0.0434563
0.0430733
0.0443645
0.0438842
0.0476518
0.0442688
0.0412724
0.0411007
0.0416672
0.0414594
0.0445277
0.0363798
0.0381966
0.0382127
0.0654226
0.0658036
0.0592494
0.0443666
0.0438026
0.0526542
0.0279208
0.018069
0.0175804
0.0365369
0.039497
0.0393115
0.0389296
0.0388154
0.0394996
0.102496
0.0971169
0.099636
0.0313214
0.0312388
0.0295754
0.0508315
0.0462027
0.0465945
0.11083
0.107554
0.110365
0.102208
0.104853
0.108963
0.0859892
0.0857606
0.0815012
0.0821104
0.0865397
0.0862659
0.0618319
0.0574867
0.0535856
0.068557
0.0623255
0.0670928
0.063728
0.0587135
0.0586486
0.0636869
0.0583858
0.0583107
0.0585586
0.0584678
0.0636892
0.030561
0.0290378
0.0292867
0.0285414
0.0287907
0.0303573
0.0295327
0.0298072
0.0312359
0.030115
0.0297786
0.0281138
0.0292142
0.0307764
0.0304387
0.121183
0.120225
0.118548
0.117356
0.120259
0.121903
0.056537
0.0567288
0.0519689
0.0512232
0.056162
0.056354
0.0994104
0.0978002
0.0962413
0.0832685
0.0865422
0.0947531
0.0893337
0.0871661
0.0867367
0.0880486
0.0881995
0.0910175
0.0884554
0.0898689
0.092869
0.11757
0.118591
0.119729
0.0816348
0.081689
0.0818538
0.0818308
0.0817968
0.0819277
0.0815909
0.0815092
0.0816027
0.081328
0.0812013
0.0812768
0.0805231
0.0805943
0.0807199
0.0816961
0.0819436
0.081726
0.0814601
0.0811991
0.0811726
0.0802435
0.0803726
0.0804767
0.0872445
0.0886462
0.0869422
0.0818648
0.0814141
0.0812772
0.0799935
0.0801781
0.0802723
0.0825689
0.0818451
0.0816034
0.0797518
0.0799825
0.080081
0.0834322
0.082424
0.082121
0.0795055
0.0797665
0.0798765
0.0842021
0.0830315
0.0827313
0.0792523
0.0795275
0.0796485
0.0846778
0.0835469
0.0833068
0.0789952
0.0792729
0.0794006
0.0847539
0.0838789
0.0837412
0.078734
0.0790036
0.0791405
0.0843663
0.0839558
0.0839551
0.0555893
0.0614886
0.0625125
0.0834313
0.0836888
0.0838768
0.0748536
0.0658215
0.0654522
0.0205841
0.0207793
0.0202914
0.0646983
0.0718652
0.0737443
0.0904291
0.0937392
0.0922336
0.0389794
0.0387625
0.0378016
0.0851404
0.0849814
0.0810157
0.0817625
0.0816803
0.0817811
0.0822971
0.082039
0.0820922
0.0815497
0.0814171
0.0814787
0.0824708
0.0830311
0.0827305
0.0830089
0.0825452
0.0828167
0.0815919
0.0817235
0.0822378
0.0938716
0.0913823
0.092822
0.0890889
0.0845398
0.0795417
0.092645
0.0890819
0.0921132
0.0844098
0.0826573
0.0825465
0.043417
0.0406702
0.0405451
0.0409453
0.0408026
0.0436118
0.083744
0.082188
0.0820718
0.0824294
0.0823122
0.0839183
0.0635408
0.0645908
0.0582864
0.0444796
0.0444421
0.047829
0.0522713
0.0530752
0.034903
0.027721
0.026807
0.0354022
0.0375723
0.0386414
0.0385129
0.080934
0.0848135
0.0846437
0.0871127
0.0862373
0.0871856
0.00707577
0.00325693
0.000498879
0.00696463
0.00318175
0.000494865
0.00600016
0.00270755
0.000436735
0.00596044
0.00269827
0.000432997
0.0052458
0.00192736
0.000426687
0.0135573
0.00633816
0.000987691
0.0152456
0.00642359
0.000685081
0.014901
0.00624729
0.000673052
0.00531864
0.00193318
0.000427477
0.00362661
0.00136606
0.000415185
0.0132378
0.00619243
0.000958806
0.00760688
0.00349286
0.000525478
0.00767995
0.00351917
0.000529783
0.00650145
0.00295744
0.000467072
0.00647357
0.00294981
0.000464139
0.00559358
0.00254668
0.000405193
0.00564782
0.00257733
0.000408542
0.00415895
0.00164189
0.00040432
0.00426979
0.00167452
0.000404316
0.00177783
0.000850159
0.000354888
0.0209956
0.0094489
0.0014386
0.00985402
0.00471913
0.000665658
0.010257
0.00494276
0.000687024
0.00974589
0.00465391
0.000658115
0.0072648
0.00333052
0.00051028
0.00677768
0.00310451
0.000482713
0.00620754
0.00281624
0.000448494
0.00578878
0.00261482
0.000422161
0.00518108
0.00239202
0.000333727
0.0223762
0.00991123
0.000923133
0.00503002
0.00187605
0.000424582
0.00445118
0.0016955
0.000404148
0.00431762
0.00168402
0.000404275
0.00515317
0.00224685
0.000227777
0.00797132
0.00300444
0.00048715
0.00824098
0.00310756
0.000492524
0.00864328
0.00327454
0.000497633
0.00838676
0.00318541
0.000494394
0.00909856
0.00346406
0.000506073
0.00875125
0.00330924
0.000499558
0.00905993
0.0034479
0.000505016
0.00791622
0.00298385
0.000486255
0.0076548
0.00285473
0.000482314
0.00737285
0.00272196
0.000478018
0.00759077
0.00283027
0.000480919
0.00685657
0.00250761
0.000467893
0.00700746
0.00256071
0.000471695
0.00729569
0.00269001
0.000476314
0.00711072
0.00261157
0.000473294
0.00678559
0.00246662
0.000466821
0.00581835
0.00203762
0.000438353
0.00548815
0.00194293
0.000430103
0.00447406
0.00168928
0.000404176
0.0104016
0.00499578
0.0006951
0.0107969
0.00523274
0.000721482
0.0109217
0.0052864
0.000730718
0.00736409
0.00337852
0.000514871
0.00790466
0.00364862
0.000542469
0.00670831
0.0030641
0.000479198
0.00624239
0.00282079
0.000451983
0.00550178
0.00249368
0.000396085
0.00574124
0.00259871
0.000418281
0.00492635
0.00229723
0.000311317
0.00523461
0.00238256
0.000320965
0.00498594
0.00232208
0.000314164
0.00509646
0.00236516
0.000331023
0.00525557
0.00236148
0.000322606
0.00509005
0.0022761
0.000277072
0.00491916
0.00224784
0.00026166
0.00484019
0.00222383
0.000259357
0.00507306
0.00224603
0.000227056
0.00493957
0.0021868
0.00022204
0.00825343
0.00387212
0.000567425
0.0083329
0.00390276
0.000571631
0.007124
0.00327814
0.000501972
0.00815286
0.00382078
0.000562798
0.00803145
0.00373976
0.000557609
0.0068817
0.0031405
0.000490406
0.00605745
0.00273013
0.000440842
0.00569549
0.00259422
0.000385972
0.0057466
0.00257603
0.00038761
0.005935
0.0026992
0.000429845
0.00560369
0.00256516
0.000383976
0.00551451
0.00253496
0.000381321
0.00504119
0.00185427
0.000420733
0.00511935
0.00186178
0.000421586
0.00517823
0.00191896
0.000426116
0.00496201
0.00184444
0.0004199
0.00488582
0.00183277
0.000419066
0.0140077
0.00640846
0.00101893
0.0050146
0.00226041
0.000252048
0.00493175
0.00224233
0.000250427
0.015594
0.00661251
0.000697379
0.0179664
0.00777755
0.000779184
0.014636
0.0061202
0.000664125
0.00539457
0.00193822
0.000428298
0.00406924
0.00151388
0.000412885
0.013219
0.0062027
0.000920558
0.0088598
0.00414877
0.000599072
0.00754469
0.00347786
0.000521581
0.00776104
0.00355822
0.000534523
0.00654841
0.00297292
0.000470895
0.00637269
0.00287893
0.000460404
0.00555686
0.00253407
0.000401822
0.00568349
0.00259186
0.000411527
0.00525469
0.00242679
0.000367449
0.00506721
0.00224816
0.000253033
0.00478643
0.00218852
0.000254674
0.0292386
0.0137248
0.00131083
0.0276593
0.0128969
0.00116072
0.00418651
0.0016522
0.000404313
0.00422501
0.00166354
0.000404333
0.0100347
0.00483845
0.000673535
0.0101546
0.00489728
0.00068021
0.00972693
0.00460172
0.000648194
0.00853471
0.0039788
0.000582555
0.00842673
0.00393454
0.000576837
0.00718467
0.00329755
0.000505901
0.00799114
0.00366055
0.000546076
0.00796952
0.00369476
0.000552648
0.00681962
0.00311552
0.000486262
0.0061349
0.00277314
0.000444923
0.00578553
0.0025242
0.000391958
0.00578679
0.00255124
0.000389625
0.00585045
0.00264255
0.000426251
0.00537479
0.00249104
0.0003755
0.00543899
0.00251131
0.000378422
0.00532163
0.00240583
0.000337535
0.00527635
0.00242357
0.000335878
0.00521867
0.0018698
0.000423259
0.00518723
0.00186685
0.000422443
0.00509274
0.00189352
0.000425393
0.00475528
0.00180636
0.000417421
0.00481572
0.00181952
0.000418206
0.00470876
0.00179386
0.000416659
0.00441178
0.00169548
0.000404205
0.0043658
0.00169128
0.000404269
0.014367
0.00654637
0.00108006
0.00510696
0.00225888
0.000245124
0.00485307
0.0022058
0.000246486
0.00487049
0.00222059
0.00024845
0.0164838
0.00703549
0.000726754
0.0160366
0.00677524
0.000706731
0.0169159
0.00724288
0.000741708
0.0173959
0.00747531
0.000758028
0.0144076
0.00596638
0.000652851
0.010965
0.00432701
0.000551427
0.00804346
0.00303149
0.00048857
0.0081326
0.00306516
0.000490403
0.00854874
0.00324425
0.000496133
0.00846979
0.00321866
0.000495193
0.00887057
0.00334969
0.000501806
0.0090023
0.00341979
0.000503956
0.00785967
0.00295829
0.00048567
0.00773811
0.00288891
0.000484127
0.00748815
0.00278643
0.000479436
0.0075453
0.00281349
0.000480137
0.00688513
0.00251703
0.000468644
0.00693483
0.00253218
0.00047002
0.00723861
0.00267046
0.000474992
0.00719993
0.00265779
0.00047436
0.00673152
0.00243215
0.000465513
0.00546072
0.00194113
0.000429187
0.00446545
0.00167825
0.000404534
0.0107368
0.00519624
0.000714829
0.0106457
0.00507154
0.000702886
0.0111181
0.00537749
0.000740619
0.0086561
0.00404294
0.000588475
0.00877593
0.00411999
0.000593911
0.00748856
0.00345883
0.000518891
0.00785782
0.00363044
0.00053887
0.00661612
0.00300514
0.000475136
0.00629679
0.00284055
0.000456049
0.00553641
0.00252843
0.000398953
0.00570623
0.0025913
0.000414698
0.00532434
0.00247509
0.000372617
0.00529547
0.00246641
0.00037005
0.00549848
0.00243882
0.000363312
0.00490077
0.00227924
0.000308682
0.0051681
0.00238376
0.000319256
0.00506973
0.00235067
0.000316946
0.0050039
0.00232507
0.000325666
0.00503417
0.00234226
0.000328231
0.005009
0.00226139
0.000263642
0.00479188
0.00220144
0.000256911
0.00499248
0.00222645
0.000225641
0.00494366
0.0022036
0.000223854
0.0312447
0.0149585
0.00150669
0.0333099
0.0162349
0.00163529
0.0318094
0.0155397
0.00167291
0.00395679
0.00156909
0.000400614
0.00394667
0.00157208
0.00040174
0.0127665
0.00521938
0.00060649
0.0114618
0.00461635
0.000569397
0.0129802
0.00532514
0.000613463
0.0112401
0.00451233
0.000563828
0.00632067
0.00219765
0.000448714
0.00575347
0.00210983
0.000442201
0.00556559
0.00202165
0.000434576
0.00569506
0.00209818
0.000441412
0.00549561
0.0020145
0.000433965
0.00506884
0.00272218
0.000352819
0.0121269
0.00593498
0.000818851
0.0119685
0.00580822
0.000807041
0.00484321
0.00224275
0.000269596
0.00499101
0.00230017
0.000285855
0.00492796
0.00228979
0.000284028
0.00483602
0.00223201
0.000267604
0.00507626
0.00226035
0.000265302
0.0239844
0.0107894
0.000984804
0.0256552
0.0116271
0.00104031
0.000976018
0.000622126
0.000328322
0.00495194
0.0022288
0.000234892
0.00460669
0.00172198
0.00040796
0.00456453
0.00172956
0.00040738
0.00440755
0.00171375
0.000406249
0.00398831
0.00153306
0.000399763
0.00392541
0.00156646
0.00040578
0.00942762
0.00448107
0.000637269
0.00532949
0.00238131
0.000339447
0.00506109
0.00234591
0.000343025
0.00523369
0.002445
0.000352011
0.00575829
0.00247875
0.000234743
0.019598
0.00854568
0.000831361
0.00482495
0.00178326
0.000414009
0.0158726
0.00710866
0.00120737
0.015068
0.00678215
0.00112317
0.00490378
0.00222718
0.000240712
0.00487726
0.00219817
0.000232476
0.0048952
0.00221473
0.000238943
0.00515461
0.00227343
0.000238038
0.0187052
0.00807963
0.000796818
0.0120142
0.00484732
0.000582366
0.0122103
0.00493883
0.000588283
0.0139959
0.00580811
0.000643482
0.0137323
0.00567728
0.000634816
0.00612462
0.00217568
0.000446544
0.00601267
0.00215548
0.000445404
0.00579062
0.00203479
0.000437346
0.00526936
0.00194771
0.000431511
0.00452929
0.00174129
0.000410523
0.00475597
0.00177538
0.000413215
0.00457613
0.00175239
0.000411135
0.00435817
0.00170266
0.000405864
0.00402268
0.00153346
0.000400098
0.00393463
0.00156343
0.000407688
0.0125458
0.00606356
0.000863454
0.0125887
0.00603308
0.000879579
0.00903314
0.00426898
0.000611651
0.00928249
0.00439037
0.000629948
0.00902032
0.00420353
0.000603991
0.00547996
0.00245364
0.00036086
0.00529595
0.00246124
0.000354186
0.00504038
0.00228733
0.000275583
0.00590086
0.00254269
0.000242143
0.0043108
0.00162677
0.000404226
0.00396182
0.0015597
0.000399621
0.00393586
0.00157162
0.000402936
0.00515617
0.00228782
0.000222871
0.00515651
0.00228832
0.000222675
0.00520746
0.00229759
0.000223293
0.00530585
0.00232462
0.000224136
0.0126607
0.00512524
0.000598772
0.00400368
0.00156186
0.000402994
0.00406253
0.00157995
0.000403271
0.0116566
0.00470298
0.00057375
0.0132763
0.00547298
0.000622165
0.0110647
0.00443216
0.000559004
0.0103827
0.00407521
0.000537415
0.010517
0.00412764
0.000540732
0.00935589
0.00364362
0.000516535
0.00944102
0.00368194
0.000518073
0.0102562
0.00402937
0.000534916
0.010145
0.00398893
0.000533334
0.00922534
0.00355698
0.000513623
0.00915968
0.00351493
0.000510791
0.00599613
0.00218502
0.000450312
0.00603486
0.00220184
0.000451506
0.00653079
0.00236111
0.000457799
0.00644868
0.00234674
0.000456784
0.00663024
0.00237991
0.000458975
0.00674938
0.00240382
0.000460219
0.00631606
0.00220696
0.000447975
0.00582639
0.00212257
0.000443192
0.00564218
0.00202701
0.000435416
0.00564448
0.00208322
0.000440786
0.00541862
0.00199721
0.000433308
0.00403929
0.00151686
0.0004014
0.00394618
0.00154102
0.000402547
0.0122181
0.00594751
0.000828449
0.0124776
0.00597348
0.000841152
0.0119505
0.00576165
0.000789882
0.00513078
0.00233729
0.000304006
0.0051563
0.00231787
0.000305679
0.00488996
0.00226239
0.000271789
0.00506835
0.00234247
0.00030237
0.00497163
0.00230709
0.000300124
0.00505452
0.00229752
0.000287493
0.00487443
0.00226606
0.00028194
0.00626719
0.00284757
0.000292196
0.00432368
0.00163543
0.000404309
0.00422059
0.00161069
0.000403901
0.00427084
0.00161901
0.000404078
0.0247502
0.0114052
0.00154194
0.0188521
0.00840693
0.00137588
0.0170348
0.00756018
0.00126497
0.00505636
0.00225813
0.000236883
0.00466937
0.00173037
0.00040882
0.00469655
0.00173603
0.000409526
0.00451363
0.00172841
0.000407031
0.00446008
0.00172268
0.000406676
0.00395501
0.00153622
0.000399247
0.00392712
0.00156903
0.000404269
0.00957199
0.00456538
0.000643517
0.00508756
0.00236596
0.000345919
0.00514701
0.00239668
0.000349141
0.00527756
0.00230173
0.000223096
0.00522085
0.00231047
0.000223431
0.00569981
0.00243232
0.000229693
0.0203656
0.00890312
0.000856813
0.0212145
0.00935618
0.000889397
0.00488093
0.0017883
0.000414788
0.00490001
0.00179034
0.000415503
0.00416694
0.00160118
0.000403689
0.00411348
0.00159105
0.000403476
0.00495773
0.00224838
0.000242577
0.00503745
0.00226395
0.000244131
0.00486312
0.00217398
0.00022826
0.00484572
0.00217811
0.00023015
0.0118266
0.00476981
0.00057746
0.0124222
0.00505167
0.000594806
0.0135019
0.0055709
0.000627798
0.0109612
0.00437457
0.000555198
0.010796
0.00427165
0.000548785
0.0106498
0.00418884
0.000544621
0.00965317
0.00376571
0.000522782
0.00953677
0.00371997
0.000520072
0.00979149
0.00381923
0.000526
0.0099564
0.00388398
0.000529759
0.00919788
0.00348394
0.00050759
0.00619557
0.00226348
0.000454248
0.00610219
0.00222679
0.000452878
0.00630332
0.00230903
0.000455333
0.0063816
0.00233399
0.000456075
0.00708221
0.00245211
0.000462597
0.00709405
0.00243993
0.000463589
0.00701589
0.00246159
0.000462068
0.0068916
0.00243871
0.000461342
0.00625172
0.00220725
0.000447383
0.0059131
0.00213803
0.000444287
0.00572102
0.00203167
0.000436352
0.00557442
0.00204791
0.000439976
0.00533055
0.00196744
0.000432447
0.00469491
0.00177138
0.000412467
0.00463294
0.00176275
0.000411788
0.00431536
0.00168951
0.000405428
0.00403591
0.00152225
0.000400525
0.00392867
0.00154917
0.000409492
0.0127953
0.00607736
0.000900037
0.0115175
0.00559984
0.000771985
0.0117335
0.00573059
0.000782234
0.011411
0.00553725
0.000761666
0.0114283
0.00550816
0.00074884
0.0090745
0.00429583
0.000616396
0.00916445
0.00433329
0.000622781
0.00542305
0.00246365
0.000358501
0.00535663
0.00246491
0.000356305
0.00496262
0.00228132
0.000273832
0.00483588
0.00225142
0.000294459
0.00489068
0.00227669
0.000297309
0.00508463
0.00227868
0.000289011
0.00481731
0.00223399
0.000291813
0.00484451
0.00223894
0.000279643
0.00618471
0.00269357
0.000257754
0.0290711
0.0142434
0.00164559
)
;

boundaryField
{
    topAndBottom
    {
        type            fixedValue;
        value           uniform 0.001;
    }
    inlet
    {
        type            calculated;
        value           uniform 0.0823529;
    }
    outlet
    {
        type            calculated;
        value           nonuniform List<scalar> 
24
(
0.074181
0.0741822
0.0741857
0.0741927
0.0742048
0.0742244
0.0742561
0.0743148
0.0744336
0.0746248
0.0745102
0.0722028
0.0652201
0.0559444
0.0482994
0.0442691
0.0442848
0.0476556
0.0530191
0.0589754
0.0644513
0.0687931
0.0717736
0.0735259
)
;
    }
    wing
    {
        type            alphatJayatillekeWallFunction;
        Prt             0.85;
        Cmu             0.09;
        kappa           0.41;
        E               9.8;
        value           nonuniform List<scalar> 
375
(
6.53444e-05
6.48057e-05
5.69376e-05
5.64271e-05
5.55641e-05
0.00012787
8.97964e-05
8.82448e-05
5.56722e-05
5.39865e-05
0.000124305
6.89004e-05
6.94737e-05
6.10598e-05
6.06628e-05
5.26115e-05
5.30729e-05
5.24912e-05
5.24905e-05
4.56172e-05
0.000182137
8.72892e-05
9.00466e-05
8.63132e-05
6.68715e-05
6.31713e-05
5.85397e-05
5.4944e-05
4.2636e-05
0.000119884
5.52758e-05
5.24674e-05
5.24849e-05
2.72722e-05
6.37687e-05
6.44912e-05
6.51772e-05
6.47424e-05
6.63085e-05
6.54355e-05
6.6167e-05
6.36482e-05
6.31175e-05
6.25384e-05
6.29296e-05
6.11709e-05
6.16849e-05
6.23086e-05
6.19008e-05
6.10258e-05
5.71584e-05
5.60315e-05
5.24712e-05
9.1086e-05
9.44712e-05
9.56526e-05
6.74853e-05
7.11598e-05
6.26976e-05
5.9014e-05
5.13542e-05
5.44117e-05
3.94507e-05
4.08258e-05
3.98571e-05
4.22533e-05
4.1059e-05
3.45214e-05
3.22761e-05
3.1939e-05
2.71647e-05
2.64149e-05
7.44618e-05
7.50166e-05
6.57591e-05
7.38511e-05
7.31653e-05
6.42066e-05
5.74978e-05
4.99535e-05
5.01807e-05
5.59962e-05
4.96765e-05
4.93078e-05
5.47481e-05
5.48651e-05
5.54859e-05
5.46339e-05
5.45195e-05
0.000131711
3.08663e-05
3.06279e-05
9.13791e-05
0.000101823
8.7091e-05
5.57845e-05
5.36704e-05
0.000119564
7.86229e-05
6.8381e-05
7.01043e-05
6.15767e-05
6.01568e-05
5.21466e-05
5.34837e-05
4.73753e-05
3.10111e-05
3.12522e-05
0.000166994
0.00014898
5.24902e-05
5.24929e-05
8.83071e-05
8.91684e-05
8.50273e-05
7.64547e-05
7.57023e-05
6.62855e-05
7.16381e-05
7.25089e-05
6.36492e-05
5.80537e-05
5.07831e-05
5.046e-05
5.55044e-05
4.8498e-05
4.89048e-05
4.31744e-05
4.29401e-05
5.50945e-05
5.49826e-05
5.53868e-05
5.42937e-05
5.44015e-05
5.41891e-05
5.24752e-05
5.24841e-05
0.00013919
2.98462e-05
3.00471e-05
3.03368e-05
9.51458e-05
9.25804e-05
9.7056e-05
9.91353e-05
8.56313e-05
7.23472e-05
6.39597e-05
6.42062e-05
6.49759e-05
6.48498e-05
6.57369e-05
6.6025e-05
6.35696e-05
6.33617e-05
6.27297e-05
6.28242e-05
6.12723e-05
6.14584e-05
6.21301e-05
6.20448e-05
6.08488e-05
5.59062e-05
5.25207e-05
9.3619e-05
9.20868e-05
9.69171e-05
7.72327e-05
7.79463e-05
6.8022e-05
7.06819e-05
6.21495e-05
5.95662e-05
5.17504e-05
5.39196e-05
4.80963e-05
4.77384e-05
4.67971e-05
3.90742e-05
4.05826e-05
4.02538e-05
4.14937e-05
4.18576e-05
3.25658e-05
3.15804e-05
2.69533e-05
2.66864e-05
0.000190142
0.000205152
0.000209517
5.19799e-05
5.21352e-05
7.95942e-05
7.47219e-05
8.05058e-05
7.39871e-05
5.85696e-05
5.76829e-05
5.66427e-05
5.75754e-05
5.65593e-05
4.53267e-05
0.000106837
0.000105348
3.34345e-05
3.57933e-05
3.55292e-05
3.31441e-05
3.28083e-05
0.000127514
0.000134333
4.18706e-05
2.83312e-05
5.29926e-05
5.29129e-05
5.2757e-05
5.18624e-05
5.26923e-05
8.36084e-05
4.34444e-05
4.3949e-05
4.52133e-05
2.83091e-05
0.000108413
5.3825e-05
0.000154606
0.000144432
2.9194e-05
2.79721e-05
2.89321e-05
2.87979e-05
0.000104056
7.64299e-05
7.72075e-05
8.44157e-05
8.32894e-05
5.82744e-05
5.81192e-05
5.7021e-05
5.62239e-05
5.33456e-05
5.37158e-05
5.34297e-05
5.27039e-05
5.19085e-05
5.29552e-05
0.000112441
0.000114458
8.0269e-05
8.26558e-05
7.92671e-05
4.6454e-05
4.55186e-05
3.43053e-05
2.94057e-05
5.24782e-05
5.18427e-05
5.23003e-05
2.65392e-05
2.65099e-05
2.66023e-05
2.67285e-05
7.85836e-05
5.23082e-05
5.23464e-05
7.52958e-05
8.16416e-05
7.33497e-05
7.04886e-05
7.09291e-05
6.77075e-05
6.79129e-05
7.01565e-05
6.99461e-05
6.73185e-05
6.69399e-05
5.87869e-05
5.89492e-05
5.98036e-05
5.96659e-05
5.9963e-05
6.01318e-05
5.84691e-05
5.7818e-05
5.67575e-05
5.74901e-05
5.64695e-05
5.20884e-05
5.22465e-05
0.000108046
0.000109643
0.000103178
3.84049e-05
3.86445e-05
3.37539e-05
3.81705e-05
3.78482e-05
3.60299e-05
3.5227e-05
3.67082e-05
5.24895e-05
5.24333e-05
5.24577e-05
0.000194271
0.000174724
0.000161517
2.86267e-05
5.31111e-05
5.32084e-05
5.28647e-05
5.28159e-05
5.17911e-05
5.2484e-05
8.44202e-05
4.43566e-05
4.481e-05
2.65729e-05
2.6623e-05
2.75578e-05
0.000111609
0.000115684
5.39319e-05
5.40303e-05
5.24042e-05
5.23748e-05
2.94699e-05
2.96995e-05
2.73443e-05
2.76259e-05
7.57845e-05
7.80636e-05
8.23758e-05
7.28464e-05
7.19972e-05
7.14453e-05
6.8541e-05
6.81795e-05
6.897e-05
6.94706e-05
6.65116e-05
5.93216e-05
5.91356e-05
5.9469e-05
5.95696e-05
6.0454e-05
6.05883e-05
6.03823e-05
6.02839e-05
5.83885e-05
5.79671e-05
5.68853e-05
5.73797e-05
5.63519e-05
5.3613e-05
5.35195e-05
5.26439e-05
5.19675e-05
5.32036e-05
0.00011701
0.000100909
0.000102209
9.95981e-05
9.79654e-05
8.08889e-05
8.1722e-05
4.61237e-05
4.58159e-05
3.40508e-05
3.70341e-05
3.7444e-05
3.62491e-05
3.66531e-05
3.48944e-05
3.1704e-05
0.000206349
)
;
    }
    front
    {
        type            empty;
    }
    back
    {
        type            empty;
    }
}


// ************************************************************************* //
