/*--------------------------------*- C++ -*----------------------------------*\
| =========                 |                                                 |
| \\      /  F ield         | OpenFOAM: The Open Source CFD Toolbox           |
|  \\    /   O peration     | Version:  5.x                                   |
|   \\  /    A nd           | Web:      www.OpenFOAM.org                      |
|    \\/     M anipulation  |                                                 |
\*---------------------------------------------------------------------------*/
FoamFile
{
    version     2.0;
    format      ascii;
    class       volScalarField;
    location    "600";
    object      massFlux;
}
// * * * * * * * * * * * * * * * * * * * * * * * * * * * * * * * * * * * * * //

dimensions      [0 0 0 0 0 0 0];

internalField   nonuniform List<scalar> 
6584
(
0.0241652
0.0241651
0.0241651
0.0241652
0.0241652
0.0241652
0.0241652
0.0241652
0.0241652
0.0241652
0.0241652
0.0241652
0.0241652
0.0241652
0.0241652
0.0241652
0.0241652
0.0241652
0.0241652
0.0241652
0.0241651
0.0241651
0.0241651
0.0241651
0.0241387
0.0241388
0.0241388
0.0241388
0.0241388
0.0241389
0.0241389
0.024139
0.024139
0.024139
0.024139
0.024139
0.024139
0.024139
0.024139
0.024139
0.024139
0.0241389
0.0241389
0.0241389
0.0241388
0.0241388
0.0241388
0.0241387
0.0241124
0.0241124
0.0241124
0.0241124
0.0241124
0.0241125
0.0241126
0.0241127
0.0241128
0.0241259
0.0241259
0.0241259
0.0241259
0.0241259
0.0241259
0.0241128
0.0241127
0.0241126
0.0241126
0.0241125
0.0241125
0.0241125
0.0241124
0.0241124
0.024086
0.0240861
0.0240861
0.0240861
0.0240861
0.0240862
0.0240863
0.0240864
0.0240865
0.0240996
0.0240996
0.0240995
0.0240995
0.0240996
0.0240996
0.0240997
0.0240864
0.0240863
0.0240863
0.0240862
0.0240862
0.0240861
0.0240861
0.024086
0.0240597
0.0240597
0.0240598
0.0240598
0.0240598
0.0240598
0.0240599
0.0240599
0.0240732
0.0240732
0.0240731
0.024073
0.024073
0.0240731
0.0240733
0.0240733
0.0240733
0.0240602
0.02406
0.0240599
0.0240599
0.0240598
0.0240598
0.0240597
0.0240334
0.0240334
0.0240334
0.0240335
0.0240335
0.0240336
0.0240336
0.0240467
0.0240466
0.0240465
0.024053
0.0240528
0.0240528
0.0240531
0.0240469
0.0240471
0.0240471
0.0240341
0.0240339
0.0240337
0.0240336
0.0240335
0.0240334
0.0240334
0.0240071
0.0240071
0.0240071
0.0240072
0.0240072
0.0240073
0.0240075
0.0240205
0.0240203
0.0240201
0.0240259
0.0240287
0.0240284
0.024026
0.0240272
0.0240211
0.0240211
0.0240082
0.0240078
0.0240076
0.0240074
0.0240073
0.0240072
0.0240071
0.0239807
0.0239808
0.0239808
0.0239809
0.023981
0.0239811
0.0239814
0.0239943
0.0239941
0.0239941
0.0239993
0.0240005
0.0240021
0.0240013
0.0239955
0.0239954
0.0239823
0.0239818
0.0239814
0.0239812
0.023981
0.0239809
0.0239808
0.0239545
0.0239545
0.0239546
0.0239547
0.0239548
0.023955
0.0239553
0.0239682
0.0239682
0.0239685
0.0239736
0.0239748
0.0239772
0.0239764
0.0239703
0.0239698
0.0239566
0.0239558
0.0239554
0.023955
0.0239548
0.0239546
0.0239545
0.0239282
0.0239282
0.0239283
0.0239284
0.0239286
0.0239289
0.0239293
0.0239423
0.0239424
0.0239431
0.0239486
0.0239507
0.0239543
0.0239522
0.0239454
0.0239444
0.0239308
0.0239298
0.0239293
0.0239289
0.0239286
0.0239284
0.0239282
0.0239019
0.0239019
0.0239021
0.0239022
0.0239024
0.0239027
0.0239033
0.0239163
0.0239167
0.0239177
0.0239237
0.0239267
0.0239316
0.0239281
0.0239205
0.0239191
0.0239051
0.0239039
0.0239032
0.0239027
0.0239023
0.0239021
0.0239019
0.0238756
0.0238757
0.0238758
0.023876
0.0238763
0.0238766
0.0238773
0.0238904
0.0238909
0.0238921
0.0238986
0.0239021
0.023908
0.0239036
0.0238954
0.0238936
0.0238793
0.023878
0.0238771
0.0238765
0.0238761
0.0238758
0.0238756
0.0238493
0.0238494
0.0238496
0.0238498
0.0238501
0.0238505
0.0238512
0.0238643
0.0238651
0.0238663
0.0238729
0.0238765
0.0238829
0.0238784
0.0238699
0.023868
0.0238534
0.0238519
0.023851
0.0238503
0.0238498
0.0238495
0.0238492
0.023823
0.0238232
0.0238233
0.0238236
0.0238239
0.0238244
0.023825
0.0238255
0.0238389
0.02384
0.0238463
0.0238489
0.0194897
0.0238527
0.0238524
0.0238441
0.0238421
0.0238274
0.0238258
0.0238248
0.023824
0.0238235
0.0238231
0.0238229
0.0237968
0.0237969
0.0237971
0.0237973
0.0237977
0.0237981
0.0237987
0.023799
0.0238123
0.0238134
0.0238198
0.0238189
0.0229954
0.0238261
0.0238189
0.023818
0.0238022
0.023801
0.0237994
0.0237985
0.0237978
0.0237971
0.0237968
0.0237964
0.0237705
0.0237706
0.0237708
0.0237711
0.0237714
0.0237719
0.0237724
0.0237727
0.023786
0.0237872
0.023787
0.0237923
0.0230522
0.023793
0.0237926
0.0237917
0.023776
0.0237747
0.0237731
0.023772
0.0237713
0.0237706
0.0237703
0.02377
0.0237442
0.0237443
0.0237445
0.0237448
0.0237452
0.0237456
0.023746
0.0237465
0.0237471
0.0237609
0.0237607
0.0237414
0.0234275
0.0237665
0.0237662
0.0237653
0.0237496
0.0237483
0.0237467
0.0237456
0.0237448
0.0237441
0.0237438
0.0237434
0.0237179
0.023718
0.0237182
0.0237186
0.0237189
0.0237192
0.0237198
0.0237203
0.0237209
0.0237215
0.0237345
0.0237052
0.0234119
0.02374
0.0237267
0.0237248
0.0237232
0.0237219
0.0237202
0.0237191
0.0237183
0.0237176
0.0237172
0.0237168
0.0236916
0.0236918
0.023692
0.0236923
0.0236927
0.023693
0.0236936
0.0236941
0.0236948
0.0236953
0.0236922
0.0231617
0.0235454
0.0237007
0.0237003
0.0236984
0.0236967
0.0236955
0.0236937
0.0236926
0.0236917
0.0236911
0.0236907
0.0236902
0.0236653
0.0236655
0.0236657
0.023666
0.0236664
0.0236667
0.0236674
0.023668
0.0236686
0.0236691
0.0236637
0.0231377
0.0235206
0.0236744
0.023674
0.0236721
0.0236703
0.023669
0.0236672
0.0236661
0.0236652
0.0236645
0.0236641
0.0236636
0.023639
0.0236392
0.0236394
0.0236398
0.0236402
0.0236405
0.0236412
0.0236418
0.0236425
0.023643
0.0236353
0.0231138
0.0234955
0.0236481
0.0236476
0.0236457
0.0236439
0.0236425
0.0236407
0.0236395
0.0236386
0.0236379
0.0236375
0.023637
0.0236127
0.0236129
0.0236132
0.0236135
0.0236139
0.0236143
0.0236151
0.0236157
0.0236165
0.0236169
0.0236071
0.0230897
0.0234704
0.0236218
0.0236213
0.0236193
0.0236174
0.023616
0.0236142
0.023613
0.023612
0.0236113
0.0236109
0.0236103
0.0235864
0.0235866
0.0235869
0.0235873
0.0235877
0.0235881
0.0235889
0.0235896
0.0235904
0.0235907
0.0235789
0.0230654
0.0234451
0.0235955
0.023595
0.023593
0.023591
0.0235896
0.0235877
0.0235864
0.0235855
0.0235847
0.0235842
0.0235837
0.0235602
0.0235604
0.0235606
0.023561
0.0235615
0.0235619
0.0235628
0.0235635
0.0235643
0.0235647
0.0235509
0.023041
0.0234198
0.0235692
0.0235687
0.0235666
0.0235646
0.0235631
0.0235611
0.0235598
0.0235589
0.0235581
0.0235576
0.0235571
0.0235339
0.0235341
0.0235344
0.0235348
0.0235353
0.0235357
0.0235366
0.0235374
0.0235383
0.0235386
0.023523
0.0230165
0.0233944
0.023543
0.0235424
0.0235403
0.0235381
0.0235366
0.0235346
0.0235332
0.0235323
0.0235315
0.023531
0.0235304
0.0235076
0.0235078
0.0235081
0.0235086
0.0235091
0.0235096
0.0235105
0.0235113
0.0235123
0.0235125
0.0234949
0.022992
0.0233691
0.0235167
0.0235161
0.023514
0.0235117
0.0235101
0.0235081
0.0235067
0.0235056
0.0235048
0.0235043
0.0235037
0.0234814
0.0234816
0.0234819
0.0234823
0.0234829
0.0234834
0.0234844
0.0234852
0.0234862
0.0234864
0.0234669
0.0229677
0.0233439
0.0234906
0.0234899
0.0234877
0.0234853
0.0234837
0.0234816
0.0234802
0.0234791
0.0234782
0.0234777
0.0234771
0.0234551
0.0234553
0.0234557
0.0234561
0.0234567
0.0234573
0.0234583
0.0234592
0.0234602
0.0234604
0.0234388
0.0229432
0.0233186
0.0234644
0.0234637
0.0234614
0.023459
0.0234572
0.0234551
0.0234536
0.0234525
0.0234517
0.0234511
0.0234505
0.0234289
0.0234291
0.0234294
0.0234299
0.0234305
0.0234311
0.0234322
0.0234331
0.0234343
0.0234343
0.0234109
0.0229187
0.0232933
0.0234382
0.0234375
0.0234351
0.0234326
0.0234308
0.0234286
0.0234271
0.0234259
0.0234251
0.0234245
0.0234239
0.0234026
0.0234029
0.0234032
0.0234037
0.0234043
0.023405
0.0234061
0.0234071
0.0234083
0.0234083
0.0233829
0.0228942
0.0232681
0.023412
0.0234112
0.0234088
0.0234062
0.0234043
0.0234021
0.0234005
0.0233994
0.0233985
0.0233979
0.0233973
0.0233764
0.0233766
0.023377
0.0233775
0.0233782
0.0233788
0.02338
0.0233811
0.0233823
0.0233822
0.0233551
0.0228696
0.0232428
0.0233859
0.023385
0.0233826
0.0233798
0.0233779
0.0233756
0.023374
0.0233728
0.0233719
0.0233713
0.0233707
0.0233501
0.0233504
0.0233508
0.0233513
0.023352
0.0233527
0.023354
0.0233551
0.0233563
0.0233562
0.0233272
0.022845
0.0232175
0.0233597
0.0233588
0.0233563
0.0233535
0.0233514
0.023349
0.0233474
0.0233462
0.0233452
0.0233446
0.0233441
0.0233239
0.0233242
0.0233246
0.0233251
0.0233258
0.0233266
0.0233279
0.0233291
0.0233304
0.0233301
0.0232993
0.0228203
0.0231922
0.0233335
0.0233326
0.02333
0.0233271
0.023325
0.0233225
0.0233209
0.0233196
0.0233186
0.023318
0.0233174
0.0232977
0.023298
0.0232984
0.0232989
0.0232997
0.0233005
0.0233019
0.0233031
0.0233044
0.023304
0.0232714
0.0227957
0.0231669
0.0233074
0.0233064
0.0233037
0.0233007
0.0232985
0.023296
0.0232943
0.023293
0.023292
0.0232914
0.0232908
0.0232715
0.0232718
0.0232722
0.0232727
0.0232735
0.0232744
0.0232759
0.0232771
0.0232785
0.023278
0.0232435
0.0227711
0.0231416
0.0232812
0.0232802
0.0232774
0.0232743
0.0232721
0.0232695
0.0232678
0.0232664
0.0232654
0.0232647
0.0232641
0.0232453
0.0232456
0.023246
0.0232465
0.0232474
0.0232484
0.0232498
0.0232511
0.0232525
0.0232519
0.0232155
0.0227465
0.0231164
0.023255
0.023254
0.0232511
0.0232479
0.0232456
0.023243
0.0232412
0.0232398
0.0232388
0.0232381
0.0232375
0.0239778
0.0239798
0.0240015
0.0239536
0.0239571
0.0239769
0.0239297
0.0239346
0.0239543
0.0239053
0.0239112
0.0239318
0.0238797
0.0238863
0.0239082
0.0238524
0.018161
0.0192099
0.0238599
0.0238831
0.024004
0.0240283
0.0240048
0.024029
0.02398
0.0239783
0.0240012
0.0239886
0.0240006
0.0239801
0.0239821
0.0240008
0.0239548
0.0239538
0.0239752
0.0239656
0.0239579
0.023973
0.0239555
0.0239738
0.0239571
0.0239581
0.023976
0.02393
0.0239298
0.0239508
0.0239417
0.0239143
0.0239284
0.0238441
0.0238993
0.0239345
0.0239343
0.0239521
0.0239049
0.0239052
0.0239268
0.0239176
0.0238997
0.0239054
0.0238954
0.0238624
0.0239111
0.0239102
0.0239283
0.0238928
0.0239026
0.0238861
0.0238852
0.023904
0.0238707
0.0238814
0.0238256
0.0200441
0.0182382
0.0221942
0.0238327
0.0238563
0.0239749
0.0239867
0.0239873
0.0239863
0.0239722
0.0240002
0.0239879
0.0239748
0.0239878
0.0239887
0.0239875
0.0239762
0.0239314
0.0239549
0.0239626
0.0239381
0.0238691
0.0239693
0.0239416
0.0239026
0.0239545
0.0239655
0.0239594
0.023939
0.0239753
0.0239603
0.0239684
0.0239062
0.0239131
0.0239387
0.0238396
0.0238568
0.0238657
0.0238391
0.0238613
0.0238406
0.0239431
0.0239249
0.0239194
0.0239382
0.0239258
0.0239459
0.0238338
0.0238495
0.0238582
0.023831
0.0239029
0.0238971
0.0239202
0.0239147
0.0239078
0.023919
0.023915
0.0239231
0.0238582
0.0238567
0.0238511
0.0238579
0.0238829
0.0238917
0.0239065
0.0238969
0.023899
0.0238493
0.0238273
0.0238562
0.0238504
0.0238566
0.023869
0.0239905
0.0239884
0.0240008
0.0239918
0.0239992
0.0238794
0.0238796
0.0239021
0.0238926
0.0238843
0.0238919
0.023756
0.0236898
0.0238597
0.0238595
0.0238789
0.0239994
0.0239917
0.0240012
0.023989
0.0239918
0.0238929
0.0238989
0.0239146
0.0173435
0.0186114
0.0221185
0.0225602
0.018689
0.0201994
0.0236764
0.0235427
0.0238958
0.0238954
0.0238847
0.022613
0.0228822
0.0238831
0.0238716
0.0238733
0.0240151
0.0240136
0.0240021
0.0240025
0.0240139
0.0240152
0.023991
0.0239935
0.0239912
0.0239998
0.0239921
0.0239952
0.0239631
0.0239658
0.023873
0.0238762
0.0238854
0.0238812
0.0238957
0.0235539
0.0238999
0.0238012
0.0237631
0.0237758
0.0238104
0.023877
0.0239081
0.0239812
0.0237509
0.0239587
0.0237058
0.0239793
0.0239651
0.0239911
0.023993
0.0239895
0.0239299
0.023981
0.0239818
0.023901
0.0238966
0.0239603
0.0239583
0.0239242
0.0239272
0.023945
0.0239608
0.0239651
0.0239553
0.0239594
0.0239443
0.0239685
0.0239723
0.0239767
0.0239665
0.0239708
0.023967
0.0238478
0.0238487
0.0238464
0.0238444
0.0238045
0.0238089
0.023919
0.0239389
0.023943
0.0239335
0.0239376
0.0239183
0.0239326
0.0239498
0.0239539
0.0239444
0.0239485
0.0239317
0.0174606
0.0238415
0.0188073
0.0174484
0.0203272
0.0188936
0.0238437
0.0238189
0.0175838
0.0238219
0.0239029
0.0239025
0.0239172
0.0239279
0.0239321
0.0239223
0.0239265
0.0239172
0.0214412
0.0220228
0.0238551
0.0215274
0.0204315
0.0223115
0.0216442
0.0238561
0.0203473
0.0213462
0.0238869
0.0237004
0.0237687
0.0235711
0.0236861
0.0238882
0.0235081
0.0228711
0.0229626
0.018949
0.0229128
0.022833
0.0204543
0.0237948
0.0238044
0.0239976
0.0238533
0.0238525
0.0238763
0.0238666
0.0238631
0.0238726
0.0218808
0.0238392
0.023852
0.0239973
0.0238737
0.0238831
0.0238894
0.0183505
0.0184758
0.0177668
0.0228504
0.0228305
0.01874
0.019172
0.0237667
0.0237919
0.0157123
0.0240065
0.024007
0.0240005
0.0240004
0.0240072
0.0240067
0.023965
0.0239692
0.0239645
0.0239577
0.0239627
0.0239703
0.023919
0.023945
0.0239406
0.0239509
0.0239465
0.0239209
0.0238568
0.0238896
0.0238912
0.0238649
0.0231606
0.0230055
0.0238754
0.0238138
0.0238345
0.0237969
0.0237872
0.0196841
0.0239948
0.0239924
0.024
0.0239774
0.0239704
0.0239648
0.0239828
0.0239843
0.0239891
0.0239782
0.0239828
0.0239812
0.0239411
0.0239569
0.0239524
0.023963
0.0239585
0.0239444
0.023922
0.0233012
0.0236948
0.0229676
0.0230488
0.0238802
0.0237338
0.0237775
0.0239495
0.0239119
0.0239374
0.0239517
0.0239622
0.0239636
0.0239533
0.0239555
0.0239413
0.0239391
0.0239347
0.0239099
0.023844
0.0227508
0.0224875
0.0238563
0.0228499
0.0229438
0.0224394
0.0224982
0.0238391
0.0238396
0.0238229
0.0239223
0.0239398
0.0239417
0.0239313
0.0239339
0.0239192
0.0239358
0.0239505
0.0239526
0.0239424
0.0239444
0.0239284
0.0239032
0.0237913
0.0238154
0.0237626
0.0237434
0.0239001
0.0239128
0.0239165
0.0239208
0.0239105
0.023915
0.0239116
0.0238582
0.0227501
0.0223778
0.0231483
0.0230388
0.023858
0.0204274
0.0206317
0.0238541
0.0232702
0.0231821
0.0201598
0.0203642
0.0233389
0.0231999
0.0239947
0.0239975
0.0239958
0.0230151
0.0237324
0.0231222
0.023192
0.0231738
0.0237239
0.023996
0.0239947
0.0239981
0.0239934
0.0239949
0.0174817
0.0179123
0.0185708
0.0184146
0.0223309
0.0193071
0.0191633
0.0197004
0.0193505
0.0223872
0.019106
0.0194001
0.0236282
0.0236056
0.0227472
0.0202427
0.0198892
0.019215
0.0194385
0.0239883
0.0239901
0.0239929
0.0239864
0.0239892
0.0239873
0.0239586
0.0239694
0.0238602
0.0238863
0.0238904
0.023867
0.023586
0.0238201
0.0238035
0.0238367
0.0238252
0.0235798
0.0237634
0.0237469
0.0237983
0.023773
0.0237883
0.0234036
0.0234829
0.0232527
0.0233633
0.0237828
0.0229184
0.022977
0.0238534
0.0239756
0.0239666
0.0239847
0.0239783
0.0238799
0.0239192
0.0239024
0.0239605
0.0239263
0.0239843
0.0239894
0.0239861
0.0239824
0.0239767
0.0239777
0.0239719
0.0239783
0.0239748
0.0239822
0.0239854
0.0239763
0.023981
0.0239844
0.0239822
0.0239787
0.0231592
0.0232384
0.0239159
0.0225484
0.022205
0.0233676
0.0226236
0.0216899
0.0213599
0.0220969
0.0218277
0.0238843
0.0230772
0.0231381
0.0237096
0.0236394
0.023894
0.0237663
0.0235457
0.0234549
0.0236256
0.0235688
0.0239519
0.0237875
0.0238146
0.0239151
0.0239355
0.0239591
0.0239614
0.0239487
0.0239421
0.0239562
0.0239584
0.0228127
0.0227952
0.0238453
0.0209716
0.0209663
0.0195134
0.0208049
0.0208316
0.0212538
0.0209382
0.0208493
0.0227127
0.0228186
0.0238535
0.0208223
0.0204742
0.0212773
0.0209292
0.0198099
0.0194403
0.0203396
0.0199745
0.0238402
0.0225489
0.0226715
0.0238239
0.0238191
0.0239372
0.0239391
0.0239214
0.0239185
0.0239346
0.0239365
0.0239478
0.0239498
0.023935
0.0239292
0.0239451
0.0239471
0.0176075
0.0180536
0.0228864
0.0230475
0.0226693
0.0228284
0.0175678
0.0197717
0.0232556
0.023019
0.0230911
0.0232169
0.0194721
0.0219019
0.0220063
0.021495
0.0218629
0.0179683
0.0224498
0.0226247
0.0220647
0.0223559
0.0179525
0.0237705
0.0237855
0.0239033
0.0236966
0.0237322
0.0237389
0.0236947
0.0237332
0.0239006
0.023733
0.0237571
0.0216782
0.0184181
0.018568
0.0190414
0.0184287
0.0217624
0.0185876
0.0207479
0.0185969
0.0209134
0.0236324
0.0238491
0.0238401
0.023859
0.0238519
0.0236422
0.0234542
0.0234767
0.0207204
0.0209313
0.0196031
0.0200721
0.0234293
0.0233702
0.0240055
0.0240072
0.0240268
0.02387
0.0238684
0.0238579
0.0240027
0.024003
0.0239989
0.0239985
0.024003
0.0240028
0.0240151
0.0240144
0.0240031
0.0239754
0.0239707
0.0239672
0.0239563
0.0239411
0.0239384
0.0238478
0.023896
0.0239273
0.0239229
0.0239029
0.0238066
0.0237984
0.0238631
0.0238205
0.0238318
0.0239017
0.0239802
0.0239817
0.0239769
0.0239427
0.0239544
0.0239748
0.0239861
0.0239832
0.0239853
0.0239671
0.0238919
0.0239377
0.0239057
0.0239356
0.0239326
0.0239526
0.0239472
0.0239479
0.0239398
0.0239652
0.0239667
0.0239627
0.0239089
0.0239332
0.0239288
0.022914
0.0228046
0.0238526
0.0238588
0.0238185
0.0238141
0.023837
0.0239241
0.0239352
0.0239358
0.0239374
0.0239458
0.0239465
0.0239365
0.0239371
0.0239266
0.0238134
0.0230781
0.022969
0.0239176
0.0239287
0.02393
0.0239025
0.0239043
0.0239088
0.0184881
0.0185148
0.0233637
0.0232964
0.0238532
0.0184404
0.0184621
0.0238354
0.023836
0.0238639
0.0239926
0.0239926
0.017255
0.0174648
0.0175371
0.0185057
0.0187732
0.0173266
0.0173915
0.0187387
0.018512
0.0199993
0.0234237
0.0233976
0.0235642
0.0205319
0.0203043
0.0227835
0.0240082
0.0240076
0.024001
0.0239898
0.0239901
0.0239907
0.0239917
0.0239846
0.0239856
0.0239939
0.0239969
0.0239952
0.0239549
0.0239533
0.0239609
0.0239674
0.0239639
0.0239614
0.0238674
0.0238794
0.0238246
0.0238302
0.0238879
0.0238758
0.0237992
0.0238127
0.0236143
0.0236176
0.0236943
0.0236839
0.0235537
0.0236249
0.0236335
0.0239012
0.0238364
0.0238485
0.023888
0.0237996
0.0239169
0.0239026
0.023975
0.0239689
0.0239455
0.0235519
0.0234969
0.0238673
0.0237672
0.0236229
0.0239921
0.0239903
0.0239868
0.0239874
0.0239819
0.0239853
0.023947
0.0239813
0.0239834
0.0238232
0.023866
0.0239656
0.0234254
0.0233588
0.0239213
0.0239302
0.0239712
0.0239728
0.0239715
0.0239635
0.0239682
0.0239697
0.0238516
0.0227929
0.0228031
0.0238042
0.0238123
0.0239417
0.0239424
0.0239334
0.0239309
0.0239404
0.023941
0.017571
0.0186995
0.0205739
0.0206891
0.0192976
0.019399
0.0173151
0.023154
0.0230985
0.0238161
0.0179336
0.0177716
0.0187354
0.0187624
0.0177232
0.0192033
0.0192476
0.0176338
0.0176643
0.0239261
0.0239274
0.0239173
0.0239164
0.0239235
0.0239248
0.0210106
0.0231863
0.023238
0.0230758
0.0231312
0.020823
0.0237327
0.0238502
0.0238607
0.0238538
0.0238522
0.0237432
0.0235966
0.0237214
0.0237075
0.02347
0.0234337
0.0235174
0.0190104
0.0191103
0.0191881
0.0184202
0.0229958
0.0209778
0.0206463
0.0212665
0.0210586
0.0227917
0.0227775
0.0227955
0.0235037
0.0235666
0.0238118
0.0239965
0.0239974
0.0239955
0.0182996
0.0183211
0.0207175
0.0206841
0.017426
0.0189855
0.0185061
0.0184956
0.0183901
0.0184595
0.0191083
0.0158032
0.0233823
0.0234253
0.0240039
0.0240034
0.023999
0.0239464
0.0239438
0.023957
0.0239583
0.0239643
0.0239692
0.0239611
0.0239629
0.0238531
0.0238928
0.0237581
0.0237685
0.0237686
0.0237579
0.0238638
0.0237927
0.0237885
0.0231268
0.0228602
0.0228582
0.022911
0.0228994
0.0230832
0.0239686
0.0239732
0.023974
0.0239712
0.0239723
0.0239668
0.0239088
0.0239481
0.0239295
0.0239225
0.0239406
0.0239487
0.0239494
0.0238199
0.0238213
0.0238529
0.0238284
0.0239339
0.0239346
0.0239232
0.0239445
0.0239452
0.0239366
0.0239275
0.0239377
0.0239384
0.023762
0.0237964
0.0237833
0.0238067
0.023803
0.0237576
0.0185492
0.0186077
0.0184292
0.0184253
0.0202319
0.0191926
0.0191203
0.0228952
0.0229
0.0232973
0.0229939
0.0230574
0.0228776
0.0229265
0.023248
0.0239942
0.0239935
0.0239937
0.0239943
0.0239967
0.023997
0.0239981
0.0239951
0.0239958
0.0239959
0.0231002
0.0234628
0.023443
0.0235169
0.0234891
0.0231239
0.0232665
0.0233675
0.0233253
0.0234269
0.0234058
0.0232283
0.0239955
0.0239961
0.023995
0.0239902
0.0239876
0.0239936
0.0239925
0.0172538
0.018308
0.0175803
0.0175359
0.0185294
0.0184754
0.0201838
0.0202691
0.0192286
0.0173813
0.0172987
0.0188991
0.0180419
0.0180793
0.0179511
0.0197225
0.0181132
0.017701
0.0234413
0.0234782
0.0236476
0.0233357
0.0233473
0.0233063
0.0233141
0.0235835
0.0233863
0.0234018
0.0192596
0.0182397
0.0183141
0.0182031
0.018186
0.0193262
0.0239889
0.0239898
0.0239893
0.0239857
0.0239865
0.023988
0.0239465
0.0239595
0.0239513
0.0239489
0.0239568
0.023959
0.0239519
0.0239544
0.0238637
0.0238828
0.0237839
0.0237874
0.0237735
0.0237788
0.0238894
0.023833
0.0238347
0.0237864
0.0237896
0.0238706
0.0237868
0.0236438
0.0236218
0.0235659
0.0236753
0.0236639
0.0237565
0.0236485
0.0236449
0.0236856
0.0236643
0.0237517
0.0237919
0.0236985
0.0237093
0.0236576
0.0236791
0.0237832
0.0236361
0.0232899
0.0235601
0.0235412
0.022891
0.0229198
0.023842
0.0239299
0.0239235
0.0238267
0.0239024
0.0239535
0.0239395
0.0236422
0.0235946
0.023812
0.0238228
0.0239084
0.0237422
0.0236931
0.0239654
0.0239733
0.023985
0.0239794
0.0239547
0.0239255
0.0239539
0.0239764
0.0239781
0.0239792
0.0239751
0.0239764
0.0239731
0.0239697
0.0239731
0.0239831
0.0239817
0.0239805
0.0239846
0.0239827
0.0239842
0.0239776
0.0239792
0.0239766
0.0239787
0.0224563
0.0223248
0.023167
0.0222082
0.0223295
0.0219463
0.0226894
0.0215663
0.0214564
0.0220008
0.021917
0.0236748
0.0233513
0.0234289
0.0231888
0.0232687
0.0236543
0.0238788
0.0237601
0.0237945
0.0234742
0.0236789
0.0238432
0.0232958
0.0231708
0.0235215
0.0226273
0.0227207
0.0224596
0.0225428
0.0234946
0.0236111
0.0230464
0.0231146
0.022822
0.0229309
0.023591
0.0239183
0.023933
0.0210153
0.0197009
0.0198836
0.0193231
0.0195052
0.0209939
0.0198702
0.019977
0.01996
0.0203783
0.0208918
0.018306
0.0184995
0.0186574
0.0183254
0.0210323
0.0209095
0.019001
0.0191562
0.0186981
0.018861
0.0208811
0.0207319
0.0206274
0.0211916
0.0210522
0.0196626
0.0195272
0.0202222
0.0201222
0.0238105
0.0238156
0.0239342
0.0239431
0.0239438
0.023939
0.0239397
0.02393
0.0176431
0.0201581
0.0204074
0.0184907
0.0173041
0.0195827
0.0198575
0.0182737
0.0181006
0.0219337
0.0198684
0.0198871
0.0216855
0.0196339
0.0191795
0.0198885
0.0198272
0.0218001
0.0186578
0.0184589
0.0189076
0.0191127
0.0178679
0.0179466
0.0184575
0.0237774
0.0238418
0.0238373
0.023848
0.023845
0.0237814
0.023709
0.0237261
0.0237234
0.023692
0.0236918
0.0237063
0.023732
0.0238156
0.0238104
0.0238308
0.023823
0.0237423
0.0184687
0.0192935
0.0193698
0.0191876
0.0192405
0.0185238
0.0188059
0.0198829
0.0200601
0.0194952
0.0196782
0.0185604
0.0185415
0.0181565
0.0182676
0.0180984
0.0181178
0.0186267
0.0189809
0.0191138
0.0184715
0.0187298
0.0185997
0.0237419
0.0237332
0.0236196
0.0234495
0.023502
0.0187292
0.018921
0.0197885
0.0186269
0.0183597
0.0190296
0.0188853
0.0199524
0.018451
0.0184427
0.0228154
0.0228402
0.0240598
0.0240597
0.0240731
0.0240595
0.0240595
0.0240729
0.0240595
0.0240596
0.024073
0.0240598
0.02406
0.0240732
0.0240332
0.024033
0.0240464
0.0240327
0.0240325
0.024053
0.0240322
0.0240319
0.0240527
0.024032
0.0240325
0.0240528
0.0240329
0.0240334
0.0240533
0.0240338
0.024034
0.0240469
0.0240071
0.0240065
0.0240263
0.0240059
0.0240046
0.0240255
0.024018
0.0240177
0.0240286
0.0240171
0.0240176
0.0240284
0.0240192
0.0240196
0.0240262
0.0240077
0.0240083
0.0240211
0.0239813
0.0239805
0.0239999
0.0239928
0.0239927
0.0239992
0.0239971
0.0239969
0.0240003
0.0239924
0.0239938
0.0240033
0.0239825
0.0239832
0.0239957
0.0239558
0.0239552
0.0239741
0.0239673
0.0239673
0.0239736
0.0239717
0.0239717
0.0239747
0.0239685
0.0239695
0.0239784
0.0239582
0.0239585
0.0239709
0.0239304
0.0239302
0.0239489
0.0239424
0.0239426
0.0239488
0.0239477
0.0239477
0.0239507
0.0239458
0.0239462
0.0239549
0.0239342
0.0239339
0.0239463
0.0239049
0.023905
0.0239239
0.0239175
0.0239179
0.0239241
0.0239237
0.0239239
0.0239269
0.0239229
0.0239226
0.0239315
0.0239098
0.0239092
0.0239216
0.0238793
0.0238794
0.0238986
0.023899
0.0238991
0.0239023
0.0238988
0.0238979
0.0239072
0.0238847
0.023884
0.0238967
0.0238533
0.0238533
0.023873
0.023873
0.0238729
0.0238793
0.023859
0.0238584
0.0238712
0.0238266
0.0238261
0.0238394
0.0238264
0.0238258
0.0238457
0.0238388
0.0238338
0.0238439
0.0202574
0.0237161
0.0237325
0.0238328
0.0238332
0.023853
0.0238322
0.0238325
0.0238454
0.0238003
0.0237999
0.023813
0.0238001
0.0237993
0.0238191
0.0237989
0.021409
0.0213185
0.0230404
0.0238059
0.023826
0.023806
0.0238067
0.0238262
0.0238057
0.023806
0.0238192
0.0237739
0.0237733
0.0237866
0.0237605
0.0226098
0.0214344
0.0234349
0.0237783
0.023799
0.0237797
0.0237802
0.0237934
0.0239778
0.0239809
0.023981
0.0239827
0.0239838
0.0239791
0.0240012
0.023998
0.0239982
0.0239537
0.0239566
0.0239566
0.0239599
0.02396
0.0239559
0.0239775
0.023973
0.0239741
0.0239299
0.0239329
0.0239327
0.0239375
0.023938
0.0239338
0.0239545
0.0239503
0.0239515
0.0239054
0.0239085
0.0239084
0.0239142
0.0239151
0.0239107
0.0239324
0.0239282
0.0239289
0.0238895
0.0238893
0.0238861
0.0239077
0.0239047
0.0239051
0.0238472
0.0238599
0.0238631
0.0173832
0.0203066
0.0203296
0.0226211
0.0226262
0.0159112
0.0238829
0.0238797
0.0238799
0.0240027
0.0240141
0.0240145
0.0239994
0.0239993
0.0239983
0.0240283
0.0240174
0.024017
0.0239994
0.0239996
0.0240082
0.024008
0.0240045
0.0240289
0.0240181
0.0240185
0.0239799
0.0239862
0.0239864
0.0239879
0.023986
0.0239797
0.0239989
0.0239924
0.0239911
0.0239902
0.0239898
0.023987
0.0240002
0.0239983
0.0239987
0.0239814
0.0239907
0.0239893
0.0239882
0.0239883
0.0239822
0.0240006
0.0239944
0.0239945
0.023955
0.0239611
0.0239611
0.0239629
0.0239612
0.023955
0.0239735
0.0239673
0.0239659
0.0239656
0.0239686
0.0239686
0.0239604
0.0239641
0.0239623
0.0239742
0.0239726
0.0239711
0.0239722
0.02397
0.0239726
0.0239578
0.0239665
0.0239656
0.023964
0.0239644
0.0239586
0.0239762
0.0239703
0.02397
0.0239303
0.0239365
0.0239362
0.0239388
0.0239367
0.0239306
0.0239489
0.0239428
0.0239418
0.0239418
0.0239448
0.0239447
0.0239156
0.0239355
0.023934
0.0239451
0.0239433
0.0239257
0.0239345
0.0239432
0.023943
0.0239403
0.023941
0.0239351
0.0239527
0.0239468
0.0239462
0.0239054
0.0239117
0.0239112
0.0239145
0.023912
0.0239058
0.0239245
0.0239183
0.0239176
0.0239178
0.0239208
0.0239207
0.0239021
0.0239214
0.0239169
0.0239218
0.0239205
0.0239046
0.0238936
0.0238431
0.0238493
0.0239104
0.0239195
0.02392
0.0239163
0.0239171
0.023911
0.0239291
0.0239231
0.0239223
0.0238939
0.023862
0.0238675
0.0238906
0.0238912
0.0239024
0.0238857
0.023892
0.0238957
0.0238915
0.0238923
0.023886
0.0239048
0.0238986
0.0238978
0.0238723
0.0238686
0.0238673
0.0238753
0.0238743
0.02388
0.0238225
0.0238304
0.0238322
0.019777
0.0237836
0.0237702
0.0228358
0.0228393
0.0185147
0.0238263
0.023836
0.0219687
0.0238394
0.0238407
0.0238313
0.0238544
0.023844
0.0238461
0.0239767
0.0239775
0.0239759
0.0239882
0.0239833
0.0239818
0.0239841
0.023984
0.0239872
0.0239846
0.0239824
0.0239864
0.0239984
0.0239981
0.0239999
0.0239875
0.0239892
0.0239896
0.0239757
0.0239744
0.0239735
0.0239876
0.0239867
0.023987
0.0239885
0.0239855
0.0239857
0.0239859
0.0239864
0.023988
0.0239772
0.0239786
0.023978
0.0239345
0.0239488
0.0239469
0.0239604
0.0239585
0.0239515
0.0239596
0.0239596
0.0239626
0.0239337
0.0238944
0.0239059
0.0237564
0.0237626
0.0238726
0.0239135
0.0239191
0.0239445
0.0239657
0.0239614
0.0239627
0.0239581
0.023961
0.023962
0.0239724
0.0239742
0.0239757
0.0239629
0.0239637
0.0239611
0.0239712
0.0239715
0.0239672
0.023907
0.0239245
0.0239232
0.0239326
0.0239312
0.023912
0.0239357
0.0239359
0.0239388
0.0238412
0.0237042
0.0236993
0.0237514
0.0237468
0.0238552
0.0238624
0.0237448
0.0237506
0.0236962
0.0236946
0.0238384
0.0239435
0.0239394
0.0239403
0.023928
0.0239284
0.0239197
0.0239487
0.023949
0.0239448
0.0238366
0.0234505
0.0233886
0.0236836
0.0236716
0.0238477
0.0238596
0.0237607
0.0237562
0.023369
0.0232994
0.0238281
0.023903
0.0238887
0.0238898
0.0238559
0.0238613
0.0238985
0.023921
0.0239166
0.0239172
0.0239136
0.0239181
0.0239195
0.0239097
0.0239112
0.0239091
0.0239185
0.0239269
0.0239274
0.0239208
0.0239222
0.023916
0.023926
0.0239268
0.0239225
0.0238583
0.0237695
0.023764
0.0237926
0.0237897
0.0238572
0.0238526
0.023706
0.0236951
0.0237579
0.0237511
0.0238574
0.0238842
0.0238768
0.0238761
0.0238689
0.0238724
0.0238906
0.0239052
0.0239068
0.0239083
0.023898
0.0239026
0.0239012
0.0239021
0.0239017
0.0238987
0.0238454
0.0234257
0.0233822
0.0233249
0.0234006
0.0238427
0.0238556
0.0237976
0.0237953
0.023862
0.023835
0.0238311
0.0239904
0.0239936
0.0239938
0.0239936
0.0239949
0.0239899
0.0239999
0.0239966
0.0239953
0.0239988
0.0239976
0.0239981
0.0238893
0.0238867
0.0238802
0.0238995
0.0238931
0.0238925
0.0238928
0.023896
0.0238958
0.0238878
0.0238951
0.023892
0.0239013
0.0238982
0.0238889
0.0237484
0.0236505
0.0236652
0.023548
0.023573
0.0237028
0.0238599
0.0238664
0.0238697
0.0239982
0.0239979
0.0239991
0.0239906
0.0239921
0.0239928
0.0239958
0.0239973
0.0240025
0.0239907
0.0239957
0.023994
0.023995
0.0239948
0.0239917
0.0238956
0.0239092
0.0239044
0.0239154
0.0239108
0.0238965
0.0239115
0.0239116
0.0239147
0.0221989
0.0212745
0.0211875
0.0217353
0.0216452
0.0225019
0.0236628
0.0235017
0.0235233
0.0238956
0.0238924
0.0238927
0.023891
0.0238917
0.0238964
0.0238854
0.02389
0.0238894
0.0226633
0.0219085
0.0218245
0.022268
0.0222128
0.0228503
0.0238782
0.023879
0.0238822
0.0238726
0.0238758
0.0238766
0.0238766
0.0238764
0.0238732
0.0240152
0.0240092
0.0240088
0.0240098
0.0240095
0.0240155
0.0240011
0.0240075
0.0240079
0.0240044
0.0240041
0.0240022
0.0240156
0.0240097
0.0240101
0.0240089
0.0240093
0.0240153
0.0239937
0.0239908
0.0239919
0.0239963
0.0239978
0.0239998
0.0239926
0.0239936
0.0239931
0.0239969
0.0239966
0.0239948
0.0238514
0.0238596
0.0238948
0.0239004
0.0238931
0.0238932
0.0237976
0.023737
0.0237441
0.0236784
0.0236898
0.0237693
0.0237937
0.023856
0.0238551
0.0238571
0.0238567
0.0237983
0.0238785
0.0238733
0.0238723
0.0239753
0.0239808
0.023983
0.0239771
0.0239586
0.0239726
0.0239707
0.0239815
0.0239785
0.0239919
0.0239908
0.0239898
0.0239913
0.0239909
0.0239926
0.0239802
0.0239793
0.0239801
0.0239827
0.023982
0.0239811
0.023812
0.0238205
0.0239055
0.0238924
0.0237969
0.0238042
0.023947
0.0239508
0.0239622
0.0239563
0.0239396
0.0239433
0.0239531
0.023954
0.0239458
0.0239623
0.0239617
0.0239603
0.0239645
0.0239631
0.0239637
0.0239567
0.0239561
0.0239547
0.0239589
0.0239575
0.0239581
0.0239436
0.0239516
0.0239523
0.0239699
0.0239708
0.0239696
0.0239737
0.0239732
0.0239718
0.0239762
0.0239747
0.0239752
0.0239679
0.0239674
0.023966
0.0239703
0.0239689
0.0239694
0.0239656
0.023968
0.023969
0.0237263
0.0237242
0.023847
0.0238496
0.0237309
0.0237286
0.0237142
0.0237189
0.0238486
0.0238427
0.0237058
0.0237098
0.0239315
0.0239321
0.0239198
0.0239403
0.0239397
0.0239384
0.0239424
0.0239411
0.0239417
0.0239348
0.0239343
0.0239329
0.023937
0.0239356
0.0239362
0.0239179
0.0239304
0.0239309
0.0239512
0.0239506
0.0239492
0.0239533
0.0239519
0.0239525
0.0239457
0.0239451
0.0239438
0.0239478
0.0239465
0.0239471
0.0236304
0.0234716
0.0238392
0.0202015
0.0216547
0.0217768
0.0207861
0.0208923
0.0190082
0.0238458
0.0236582
0.0236444
0.023825
0.023269
0.0231772
0.0238803
0.0238822
0.0239032
0.0239019
0.0238748
0.0238777
0.0239237
0.0239242
0.0239172
0.0239293
0.0239288
0.0239275
0.0239316
0.0239302
0.0239307
0.0239237
0.0239233
0.0239219
0.0239261
0.0239247
0.0239251
0.023917
0.0239227
0.0239232
0.021523
0.0203823
0.0202981
0.021081
0.0209523
0.0219403
0.0237265
0.0237166
0.0238539
0.0213837
0.0224945
0.0225757
0.0218766
0.0219777
0.0205383
0.0220461
0.0233617
0.0233958
0.0232831
0.0233239
0.0219447
0.0238568
0.0237436
0.0237355
0.0204734
0.0190021
0.0188832
0.0201927
0.0200413
0.0212275
0.0238779
0.0238774
0.0238856
0.0237117
0.0237873
0.0237808
0.0238222
0.0238182
0.0237612
0.0237732
0.0237649
0.0236695
0.0238894
0.0238785
0.0238783
0.022906
0.0215194
0.0213288
0.0217399
0.021587
0.0229391
0.0229423
0.0223777
0.0223232
0.0237929
0.0235831
0.0236174
0.0237506
0.0237566
0.0238073
0.0238596
0.0238605
0.0238536
0.0238737
0.0238672
0.0238665
0.0238663
0.0238695
0.0238662
0.023876
0.0238727
0.0238694
0.0235998
0.0235931
0.0217778
0.0238425
0.0238138
0.0238113
0.0238224
0.0238173
0.0238461
0.0238779
0.0238825
0.0238793
0.0238889
0.0238857
0.0238792
0.0238862
0.0238863
0.0238896
0.018988
0.0187936
0.0175286
0.0228309
0.0218142
0.0215239
0.0218437
0.0218237
0.0228263
0.0237841
0.0234811
0.02344
0.0236087
0.0236636
0.023791
0.0157305
0.0206643
0.0214981
0.0240067
0.0240043
0.024004
0.0240048
0.0240047
0.024007
0.0239995
0.0240036
0.0240027
0.0240016
0.0240014
0.0240001
0.0240071
0.0240047
0.0240051
0.0240042
0.0240043
0.0240067
0.0239675
0.0239658
0.0239628
0.0239676
0.023967
0.0239686
0.0239638
0.0239654
0.0239661
0.0239714
0.0239683
0.023967
0.0239384
0.0239369
0.0239172
0.0239435
0.023942
0.0239435
0.0239391
0.0239406
0.0239421
0.0239494
0.023948
0.0239495
0.023945
0.0239465
0.0239479
0.0239232
0.0239416
0.0239399
0.0238364
0.0238389
0.0238923
0.0238711
0.0238699
0.0238739
0.0238318
0.0238572
0.0238573
0.0238566
0.023857
0.0238333
0.0237939
0.0234818
0.0233287
0.023474
0.0234792
0.0237907
0.0195829
0.0223626
0.0223346
0.0239944
0.0239962
0.0239965
0.0239955
0.0239958
0.0239939
0.0239996
0.0239977
0.0239966
0.0239761
0.0239753
0.0239765
0.0239832
0.0239848
0.0239844
0.0239859
0.0239854
0.0239838
0.0239886
0.0239869
0.0239875
0.0239797
0.0239792
0.0239777
0.0239822
0.0239807
0.0239812
0.0239796
0.0239802
0.0239817
0.0239527
0.0239507
0.0239377
0.0239554
0.0239543
0.0239559
0.0239511
0.0239527
0.0239539
0.0239615
0.0239607
0.0239623
0.0239575
0.0239591
0.02396
0.0239479
0.0239566
0.0239546
0.0238589
0.0238776
0.0239282
0.0234236
0.0237478
0.0236927
0.0238368
0.0238039
0.0236031
0.0229928
0.0235198
0.023509
0.0235431
0.0235312
0.02302
0.0238764
0.0237691
0.0237759
0.0237535
0.0238642
0.0238539
0.0238786
0.0238719
0.0237666
0.0239471
0.0239237
0.0239278
0.023958
0.0239598
0.0239559
0.0239629
0.0239626
0.0239615
0.023954
0.0239523
0.0239515
0.0239537
0.023953
0.0239547
0.0239377
0.0239362
0.0239376
0.0239333
0.0239348
0.0239362
0.0239109
0.0239299
0.0239285
0.0237148
0.0237097
0.0238425
0.0226717
0.0234105
0.02343
0.0233686
0.0233882
0.0225734
0.0237336
0.0237391
0.0238593
0.0228835
0.0234765
0.0234649
0.0234988
0.0234881
0.0229177
0.0224251
0.0233505
0.0233561
0.0233595
0.0233502
0.0224536
0.023839
0.0236944
0.0236954
0.0239404
0.0239386
0.023938
0.0239399
0.0239393
0.0239411
0.0239325
0.0239319
0.0239333
0.0239197
0.0239289
0.0239293
0.0239512
0.0239494
0.0239487
0.0239508
0.0239501
0.0239519
0.0239431
0.0239412
0.0239406
0.0239426
0.0239419
0.0239437
0.0238862
0.0238875
0.0239032
0.0237995
0.0238551
0.0238513
0.0238623
0.0238589
0.0238082
0.0238995
0.0238648
0.0238672
0.0239154
0.0239168
0.023914
0.0239179
0.0239176
0.0239162
0.0239205
0.023919
0.0239194
0.0239119
0.0239118
0.0239103
0.0239147
0.0239133
0.0239136
0.0239104
0.0239126
0.023914
0.0237789
0.0237744
0.0238583
0.0225983
0.0234783
0.0235011
0.0234261
0.0234533
0.0225456
0.0231129
0.0235572
0.0235731
0.0235214
0.02354
0.0230768
0.0238577
0.0237864
0.0237828
0.0204896
0.0194534
0.0193902
0.0196063
0.0195206
0.0205559
0.0238015
0.0237996
0.0238549
0.0232426
0.0236139
0.0236253
0.023588
0.0236015
0.0232134
0.0193265
0.0192603
0.0202992
0.0239969
0.0239964
0.0239953
0.0236226
0.023636
0.0237405
0.0237143
0.023594
0.0236095
0.0239955
0.0239967
0.0239971
0.0239986
0.0239973
0.0239968
0.0239938
0.0239932
0.0239943
0.0214187
0.0213488
0.0222672
0.0192707
0.020335
0.0203952
0.0195322
0.0206392
0.0207632
0.0204593
0.0205379
0.0194178
0.0224468
0.0215632
0.0214878
0.0220457
0.0219817
0.0227077
0.0201654
0.0211111
0.021189
0.0208942
0.0210138
0.0200522
0.023991
0.0239904
0.0239895
0.0239923
0.0239913
0.0239919
0.0239873
0.0239865
0.0239856
0.0239886
0.0239875
0.0239882
0.023966
0.0239651
0.0239685
0.0238144
0.0237388
0.0237513
0.0237174
0.0237268
0.0238087
0.0238332
0.0237763
0.0237828
0.0237619
0.0237698
0.0238295
0.0237201
0.0237292
0.0237934
0.0234376
0.0236278
0.0236122
0.0236525
0.023641
0.0234624
0.0235949
0.0235774
0.0233238
0.0237763
0.0237002
0.0237104
0.023973
0.0239582
0.0239623
0.0239473
0.023954
0.0239702
0.0239831
0.023979
0.0239819
0.0239675
0.0239736
0.0239809
0.0239137
0.023831
0.0238396
0.0239488
0.0238963
0.0239324
0.0238509
0.0238691
0.0239362
0.0239871
0.0239846
0.023977
0.0239884
0.0239874
0.0239888
0.0239839
0.0239857
0.0239873
0.0239792
0.0239782
0.0239771
0.0239839
0.023983
0.0239836
0.0239808
0.023982
0.0239831
0.0239801
0.023981
0.0239797
0.0231816
0.0236141
0.0236003
0.0236547
0.023631
0.0232064
0.0239105
0.0238304
0.0238429
0.0237829
0.0237898
0.0238883
0.0230989
0.0235663
0.0235551
0.0235882
0.023577
0.0231182
0.0239318
0.0239358
0.0239541
0.0237971
0.0238909
0.0238848
0.0239027
0.0238968
0.0238062
0.0239598
0.0239584
0.0239576
0.0239604
0.0239594
0.0239606
0.0239469
0.023955
0.0239563
0.0239501
0.0239508
0.0239428
0.0239569
0.0239553
0.0239545
0.0239568
0.023956
0.0239576
0.0228205
0.0234563
0.0234604
0.0234434
0.0234513
0.022814
0.0238462
0.0237218
0.0237189
0.0227552
0.0234321
0.0234197
0.023454
0.0234434
0.022789
0.023851
0.0237236
0.0237285
0.0236985
0.023702
0.0238411
0.0225957
0.0233844
0.0233719
0.0234075
0.0233959
0.0226331
0.0239378
0.0239361
0.0239355
0.0239374
0.0239367
0.0239385
0.0239206
0.0239327
0.0239333
0.0239296
0.02393
0.0239179
0.0239352
0.0239336
0.0239331
0.0239348
0.0239342
0.0239359
0.0239485
0.0239466
0.0239459
0.023948
0.0239473
0.0239491
0.0239457
0.0239439
0.0239432
0.0239452
0.0239446
0.0239464
0.0229409
0.0219236
0.0217976
0.0221078
0.0220256
0.0229978
0.0227174
0.0214064
0.021322
0.0216556
0.0215189
0.0227704
0.0213464
0.0214953
0.0200239
0.0232914
0.0225892
0.0225078
0.0231343
0.0222563
0.0221818
0.0224226
0.0223365
0.0231749
0.0191975
0.0210243
0.0211825
0.0198771
0.0198572
0.0219657
0.0225228
0.0210881
0.0209388
0.0212529
0.0211826
0.0225781
0.0221465
0.0201465
0.0199683
0.0207051
0.0204155
0.0222489
0.0239032
0.0238837
0.023885
0.0238694
0.0238719
0.0239013
0.0205566
0.0204639
0.0215997
0.0218518
0.0208095
0.0206721
0.0193197
0.0191358
0.0206015
0.0210798
0.0198232
0.0195637
0.0238465
0.0238031
0.0238083
0.0237898
0.0237968
0.0238435
0.0238568
0.0238219
0.0238262
0.0238129
0.0238174
0.0238546
0.023654
0.0237567
0.0237492
0.0208232
0.019877
0.019724
0.0200604
0.0200273
0.0209202
0.0234186
0.0231557
0.0231525
0.0230953
0.0231269
0.0233959
0.0240066
0.0240131
0.0240157
0.0240136
0.0240135
0.0240069
0.023865
0.0238659
0.0238693
0.023859
0.0238625
0.0238615
0.0240028
0.0240013
0.0240012
0.0240018
0.0240017
0.0240031
0.0239985
0.0240002
0.0240004
0.024
0.0239995
0.0239986
0.0240029
0.0240014
0.0240016
0.0240013
0.0240012
0.0240028
0.0240108
0.0240111
0.0240146
0.0240042
0.0240076
0.0240089
0.0239692
0.0239709
0.0239692
0.0239037
0.0239192
0.0239179
0.0238243
0.0238671
0.023865
0.0238709
0.023869
0.0238278
0.023902
0.0238917
0.0238922
0.0239807
0.0239791
0.0239785
0.0239468
0.023964
0.0239614
0.0239687
0.0239664
0.0239505
0.0239851
0.0239858
0.0239867
0.023984
0.0239849
0.0239842
0.0239861
0.0239857
0.0239848
0.0239628
0.0239663
0.0239683
0.0239167
0.0239492
0.023941
0.0239584
0.0239546
0.0239303
0.0239619
0.0239645
0.0239653
0.0239271
0.0239258
0.0239079
0.0239318
0.0239304
0.0239319
0.0239276
0.023929
0.0239303
0.0228637
0.0235034
0.0235172
0.0234837
0.0234922
0.022827
0.023854
0.0237427
0.0237391
0.0230526
0.0235599
0.0235717
0.0235317
0.0235453
0.0230167
0.0239257
0.0239263
0.023918
0.0239039
0.0239054
0.0239039
0.0239088
0.0239073
0.0239074
0.0233431
0.0236546
0.0236625
0.023636
0.0236457
0.0233207
0.0238524
0.0238044
0.0238031
0.023836
0.0238554
0.0238561
0.0238534
0.0238545
0.0238362
0.0204383
0.0213919
0.0214679
0.0212571
0.0213228
0.0203656
0.0228175
0.0221584
0.0221033
0.0240081
0.0240061
0.0240062
0.0240054
0.0240057
0.0240077
0.0240018
0.0240037
0.0240034
0.0239949
0.0239944
0.0239934
0.0239967
0.0239955
0.0239959
0.0239941
0.0239947
0.0239958
0.0238925
0.0238929
0.0239009
0.023841
0.0238747
0.0238729
0.0238777
0.0238763
0.0238451
0.0239899
0.023991
0.0239912
0.0239884
0.0239898
0.0239886
0.0238331
0.0239151
0.0239086
0.0239315
0.0239226
0.0238464
0.0239639
0.0239548
0.0239589
0.0239706
0.0239717
0.0239725
0.0239661
0.023967
0.0239645
0.0237362
0.0237335
0.0238505
0.022791
0.0234723
0.0234775
0.0234641
0.023468
0.0227952
0.023134
0.0236002
0.0236104
0.0235818
0.0235914
0.0231163
0.0239172
0.0239247
0.0239252
0.0239215
0.0239221
0.0239167
0.0222893
0.0223993
0.021208
0.0206622
0.0220704
0.0221832
0.0238018
0.0237947
0.023722
0.0238302
0.0238337
0.0238622
0.0237529
0.0238135
0.023808
0.0224794
0.0224298
0.0229705
0.0208825
0.0217154
0.0217873
0.0215509
0.021635
0.0207684
0.0212002
0.0220221
0.0220847
0.0218771
0.0219535
0.0211316
0.0235256
0.0236744
0.0236636
0.0236944
0.0236849
0.0235472
0.0238097
0.0237622
0.0237672
0.0206217
0.0197492
0.0198639
0.0197936
0.0197575
0.0206408
0.0174672
0.0187455
0.0187323
0.0202182
0.0203722
0.0157632
0.0234386
0.0227657
0.0223993
0.0230861
0.0229801
0.0234283
0.0240039
0.0240026
0.0240028
0.024002
0.0240023
0.0240035
0.0239995
0.0240009
0.0240005
0.0240864
0.0240863
0.0240996
0.0240863
0.0240863
0.0240995
0.0240863
0.0240863
0.0240996
0.0240864
0.0240864
0.0240996
0.02406
0.0240599
0.0240732
0.0240601
0.0240601
0.0240733
0.0240334
0.0240334
0.0240467
0.024046
0.0240459
0.0240528
0.0240459
0.0240459
0.0240527
0.0240341
0.0240341
0.0240471
0.0240072
0.0240072
0.0240203
0.0240192
0.0240192
0.0240259
0.0240247
0.0240247
0.0240284
0.0240083
0.0240082
0.0240211
0.0239811
0.0239812
0.0239942
0.0239988
0.0239993
0.0240025
0.0239829
0.0239827
0.0239954
0.0239553
0.0239556
0.0239684
0.0239742
0.0239746
0.0239775
0.0239579
0.0239574
0.02397
0.0239296
0.02393
0.0239428
0.0239515
0.0239516
0.0239544
0.023933
0.0239322
0.0239448
0.0239038
0.0239044
0.0239172
0.0239288
0.0239287
0.0239316
0.023908
0.023907
0.0239196
0.023878
0.0238787
0.0238916
0.0238922
0.0238927
0.023899
0.023905
0.0239049
0.0239079
0.0238827
0.0238816
0.0238943
0.023852
0.0238527
0.0238657
0.0238665
0.0238668
0.0238733
0.0238732
0.0238733
0.0238766
0.0238571
0.0238559
0.0238688
0.0238257
0.0238262
0.0238396
0.0238396
0.0238398
0.0238465
0.0197585
0.0226391
0.0226167
0.023846
0.0238467
0.0238533
0.0238312
0.02383
0.023843
0.0237991
0.0237998
0.0238129
0.0238123
0.0238069
0.0238149
0.0230137
0.0238008
0.0238074
0.0238194
0.0238201
0.0238268
0.0238048
0.0238034
0.0238165
0.023774
0.0237736
0.0237868
0.0237794
0.0237797
0.0237929
0.0237476
0.0237468
0.0237601
0.0237226
0.0226022
0.0226058
0.02342
0.0237516
0.0237649
0.0237533
0.0237538
0.023767
0.0238798
0.0238831
0.023883
0.0238633
0.0238632
0.0238597
0.0240037
0.0240072
0.0240074
0.0240283
0.0240247
0.0240247
0.0239814
0.0239818
0.0239787
0.0239805
0.0239836
0.0239831
0.0239568
0.0239571
0.023954
0.0239755
0.0239724
0.0239721
0.0239573
0.0239601
0.0239599
0.0239328
0.0239328
0.0239298
0.023951
0.023948
0.0239478
0.0239345
0.0239373
0.0239373
0.0239267
0.0239237
0.0239237
0.0239005
0.0239139
0.0239126
0.023911
0.023914
0.0239141
0.0203275
0.0203099
0.0183256
0.0238563
0.0238529
0.0238529
0.0239872
0.0239856
0.0239851
0.0239766
0.0239773
0.0239772
0.0239743
0.023975
0.0239758
0.0239144
0.023918
0.0239186
0.0239192
0.0239197
0.0239153
0.0238979
0.0238994
0.0238983
0.0238481
0.0238076
0.0238072
0.0238065
0.0238055
0.0238514
0.023866
0.0238645
0.0238674
0.0239901
0.0239906
0.0239889
0.0240011
0.0239993
0.023999
0.0238798
0.0238863
0.0238858
0.0238855
0.0238914
0.0238899
0.0239002
0.0238988
0.0238909
0.023866
0.0238667
0.0238602
0.0238796
0.0238732
0.0238725
0.0239994
0.0239999
0.0240017
0.0239896
0.0239912
0.0239907
0.0238938
0.0239031
0.0239017
0.0239113
0.0239099
0.0238981
0.023894
0.0238948
0.0238963
0.0238851
0.0238867
0.0238863
0.0238815
0.0238818
0.0238833
0.0240151
0.0240131
0.0240131
0.0240019
0.0240038
0.024004
0.0240132
0.0240132
0.0240152
0.0239986
0.0239991
0.0240002
0.0237825
0.023829
0.0238258
0.0238411
0.0238396
0.0238066
0.0222344
0.022961
0.0230006
0.0226438
0.0227048
0.0217469
0.0238535
0.0238602
0.0238599
0.0238667
0.02387
0.0238699
0.0240003
0.0240015
0.0240016
0.0238167
0.0238434
0.0238423
0.0239934
0.0239939
0.0239929
0.0240001
0.0239991
0.0239988
0.0227015
0.0232064
0.0232294
0.0230366
0.0230688
0.0224371
0.0240266
0.02402
0.0240202
0.0238699
0.0238665
0.0238667
0.024015
0.0240115
0.0240116
0.0240035
0.0240053
0.024005
0.0239738
0.0239733
0.0239749
0.0239702
0.0239717
0.0239723
0.0239259
0.0239247
0.0239261
0.0239218
0.0239232
0.0239244
0.0239801
0.0239797
0.0239813
0.0239765
0.0239781
0.0239785
0.0239057
0.0239058
0.0239043
0.0238656
0.023863
0.0238614
0.0240012
0.0240023
0.0240022
0.0240394
0.0240394
0.0240325
0.0240321
0.024039
0.0240391
0.0240389
0.024039
0.0240319
0.0240527
0.0240459
0.0240459
0.0240319
0.0240389
0.024039
0.0240393
0.0240392
0.0240324
0.0240528
0.024046
0.0240461
0.0240329
0.0240396
0.0240397
0.0240058
0.0240124
0.0240125
0.024015
0.0240121
0.0240054
0.0240256
0.0240188
0.0240186
0.0240214
0.0240213
0.0240177
0.0240172
0.024021
0.024021
0.0240213
0.0240212
0.0240175
0.0240283
0.0240248
0.0240249
0.0239929
0.023996
0.0239956
0.0239687
0.0239716
0.0239713
0.0239459
0.0239487
0.0239487
0.0239229
0.0239258
0.0239259
0.0238987
0.0239018
0.0239019
0.0238324
0.0238333
0.0238267
0.0238467
0.02384
0.023839
0.0238372
0.0238415
0.0238381
0.0238482
0.0238449
0.0238405
0.0227252
0.0226833
0.0200066
0.023713
0.0234309
0.0234462
0.0234296
0.0234276
0.0237147
0.0238336
0.0238401
0.0238395
0.0238397
0.0238404
0.0238339
0.0238536
0.023847
0.0238465
0.0238201
0.0238135
0.0238125
0.0237901
0.0237986
0.0238056
0.0213816
0.0235373
0.023518
0.0235819
0.023559
0.0213516
0.0237874
0.0237941
0.023028
0.0238126
0.0238111
0.0238044
0.0238245
0.0238178
0.0238193
0.0239794
0.023981
0.0239806
0.0239586
0.0239591
0.0239605
0.0239563
0.0239577
0.0239572
0.023976
0.0239765
0.0239779
0.0239735
0.023975
0.0239745
0.0239366
0.0239369
0.0239383
0.0239341
0.0239354
0.0239352
0.0239531
0.0239536
0.023955
0.0239508
0.0239522
0.0239517
0.023931
0.0239312
0.0239326
0.0239283
0.0239297
0.0239296
0.0238513
0.0238552
0.0238516
0.0238628
0.0238593
0.0238564
0.0238597
0.0238598
0.0238633
0.0187167
0.0187107
0.0173806
0.0165573
0.0203446
0.0202084
0.0240085
0.0240069
0.0240034
0.0240141
0.0240105
0.0240104
0.0240109
0.0240108
0.0240144
0.0240248
0.0240248
0.0240284
0.0240174
0.0240211
0.0240211
0.0240209
0.024021
0.0240172
0.0240254
0.0240254
0.0240289
0.0240182
0.0240218
0.0240218
0.024022
0.024022
0.0240185
0.0239882
0.023985
0.0239846
0.0239945
0.0239948
0.0239915
0.0239889
0.0239894
0.0239903
0.0239876
0.0239885
0.023988
0.0239862
0.0239866
0.0239897
0.0239632
0.0239601
0.0239598
0.023969
0.0239693
0.0239662
0.0239628
0.023963
0.0239658
0.0239389
0.0239359
0.0239358
0.0239448
0.023945
0.023942
0.0239402
0.0239402
0.023943
0.0239144
0.0239113
0.0239114
0.0239207
0.0239206
0.0239175
0.0239166
0.0239153
0.0239013
0.0239199
0.0239189
0.0239203
0.023916
0.0239174
0.0239184
0.023917
0.0239169
0.0239199
0.0238641
0.0238838
0.0238832
0.0238845
0.0238842
0.0238658
0.022306
0.0222804
0.0198643
0.0237796
0.0234534
0.0234646
0.0228389
0.0218628
0.0218556
0.0218564
0.021861
0.0228396
0.0184178
0.0202893
0.0202837
0.0238091
0.0238067
0.0238328
0.0220455
0.0236098
0.0236055
0.0238509
0.0238521
0.0238555
0.0238452
0.0238487
0.0238473
0.0239829
0.0239846
0.0239849
0.0239835
0.0239839
0.0239823
0.0239839
0.0239848
0.0239838
0.0239866
0.0239857
0.0239852
0.0239643
0.0239648
0.0239662
0.023962
0.0239634
0.0239629
0.0239733
0.0239742
0.0239733
0.0239701
0.0239706
0.023972
0.0239677
0.0239691
0.0239686
0.0239421
0.0239425
0.0239439
0.0239397
0.0239411
0.0239407
0.0239476
0.023948
0.0239494
0.0239453
0.0239466
0.0239462
0.0234293
0.0237151
0.0237227
0.0236998
0.0237077
0.0234088
0.0233485
0.0236839
0.0236922
0.0236651
0.023675
0.0233259
0.0239196
0.0239196
0.023921
0.0239168
0.0239173
0.023914
0.0239156
0.0239204
0.0239209
0.0239254
0.0239254
0.0239268
0.0239225
0.0239239
0.0239239
0.0238702
0.0238849
0.0238847
0.0238848
0.0238848
0.0238714
0.0238995
0.0238996
0.0238981
0.0239027
0.0239012
0.0239012
0.0238998
0.0239009
0.0239024
0.0238075
0.0238078
0.0238468
0.0234145
0.0236814
0.023685
0.0236697
0.023676
0.0233993
0.0233225
0.0236209
0.023621
0.0236787
0.0236372
0.0233421
0.0238597
0.0238578
0.0238601
0.0238333
0.0238501
0.0238521
0.0238472
0.0238485
0.0238321
0.023994
0.0239923
0.0239918
0.0239971
0.0239975
0.0239958
0.0238944
0.023893
0.0238866
0.0238899
0.0238973
0.0238959
0.0239963
0.0239981
0.0239976
0.0239923
0.0239919
0.0239902
0.0239953
0.0239935
0.023994
0.0239923
0.0239929
0.0239946
0.0239059
0.0239045
0.0238947
0.0238973
0.0239086
0.0239073
0.0238916
0.0238932
0.0238925
0.0238879
0.0238884
0.02389
0.0240133
0.0240133
0.0240153
0.0240092
0.0240113
0.0240112
0.024011
0.024011
0.0240089
0.0240115
0.0240115
0.0240096
0.0240032
0.0240035
0.0240015
0.0240076
0.0240055
0.0240053
0.0240059
0.0240058
0.0240078
0.0240137
0.0240137
0.0240156
0.0240098
0.0240118
0.0240117
0.024012
0.024012
0.0240101
0.024009
0.0240111
0.0240111
0.0240114
0.0240113
0.0240093
0.0240153
0.0240134
0.0240134
0.0239927
0.023993
0.0239939
0.0239912
0.0239921
0.0239917
0.0239969
0.023998
0.0239975
0.0238542
0.0238804
0.0238791
0.0238824
0.0238814
0.023857
0.0238341
0.0238317
0.0237884
0.0238026
0.023838
0.0238362
0.0239774
0.0239804
0.0239791
0.0239827
0.0239816
0.0239792
0.0239634
0.0239734
0.0239711
0.0239775
0.0239757
0.0239684
0.0237299
0.0237367
0.0234913
0.0232365
0.0236424
0.0236543
0.0236197
0.0236314
0.0232051
0.0228663
0.0229159
0.0221448
0.0218443
0.0227599
0.0228148
0.0214536
0.022244
0.0222944
0.0221406
0.0221961
0.0213917
0.0217255
0.0224249
0.0224338
0.0223396
0.022387
0.0216595
0.0235975
0.0237143
0.023705
0.0237259
0.0237217
0.0236101
0.0238094
0.0238427
0.0238457
0.0222387
0.022153
0.0214292
0.0236089
0.0237175
0.023718
0.0240043
0.0240056
0.0240056
0.0240053
0.0240053
0.0240041
0.0240009
0.0240012
0.0239999
0.0240036
0.0240024
0.0240023
0.0240048
0.0240059
0.0240059
0.0240042
0.0240055
0.0240055
0.0240056
0.0240055
0.0240043
0.0236228
0.023624
0.0233322
0.023996
0.0239949
0.0239944
0.0239977
0.023998
0.023997
0.0231547
0.0231812
0.0226511
0.0224921
0.0230989
0.0231275
0.0241127
0.0241127
0.0241259
0.0241127
0.0241127
0.0241259
0.0241127
0.0241127
0.0241259
0.0241128
0.0241128
0.0241259
0.0240864
0.0240864
0.0240996
0.0240865
0.0240865
0.0240996
0.0240599
0.0240601
0.0240733
0.0240602
0.0240602
0.0240733
0.0240464
0.0240464
0.0240531
0.0240206
0.0240207
0.0240272
0.023995
0.0239951
0.0240014
0.0239703
0.0239703
0.0239764
0.0239462
0.0239459
0.023952
0.0239221
0.0239214
0.0239275
0.0238974
0.0238964
0.0239026
0.0238796
0.023879
0.0238822
0.0238719
0.0238706
0.023877
0.0238456
0.0238457
0.023849
0.0238132
0.0238134
0.02382
0.0237729
0.0237737
0.0237867
0.0237785
0.0237769
0.02379
0.0237478
0.0237474
0.0237605
0.023753
0.0237533
0.0237665
0.0237215
0.0237202
0.0237335
0.0236913
0.0225965
0.0225975
0.0234049
0.0237249
0.0237383
0.0237268
0.0237273
0.0237405
0.0238524
0.023856
0.0238561
0.0240015
0.0239981
0.0239978
0.0239083
0.0239081
0.023905
0.0238856
0.0238888
0.0238893
0.0199462
0.0222607
0.0222529
0.0236153
0.0236132
0.0221161
0.0237712
0.0237722
0.0238288
0.0238583
0.023856
0.0238544
0.0238829
0.0238824
0.0238792
0.0239018
0.0238986
0.0238989
0.0238718
0.0238733
0.0238733
0.0238751
0.0238791
0.0238775
0.0238884
0.0238869
0.0238818
0.0240058
0.0240092
0.0240089
0.0240595
0.0240663
0.0240663
0.0240662
0.0240662
0.0240595
0.0240595
0.0240663
0.0240663
0.0240663
0.0240663
0.0240596
0.0240327
0.0240396
0.0240395
0.024053
0.0240462
0.0240462
0.0240354
0.0240354
0.0240319
0.024032
0.0240355
0.0240355
0.02404
0.0240399
0.0240333
0.024013
0.0240131
0.0240065
0.0240081
0.0240082
0.0240049
0.024018
0.0240215
0.0240215
0.0240286
0.024025
0.024025
0.0240078
0.0240142
0.0240141
0.0239869
0.023987
0.0239806
0.024
0.0239935
0.0239934
0.0239826
0.0239888
0.0239887
0.0239615
0.0239615
0.0239551
0.0239742
0.0239678
0.0239678
0.0239724
0.0239722
0.0239692
0.0239781
0.0239751
0.0239754
0.0239581
0.0239642
0.0239642
0.0239364
0.0239362
0.0239299
0.0239488
0.0239425
0.0239427
0.0239491
0.023949
0.0239461
0.0239547
0.0239519
0.023952
0.0239337
0.0239398
0.0239402
0.0239113
0.0239109
0.0239045
0.0239236
0.0239173
0.0239176
0.0239255
0.0239258
0.0239229
0.0239317
0.0239288
0.0239286
0.023909
0.0239151
0.023916
0.0238981
0.0238917
0.0238923
0.0238836
0.0238899
0.0238911
0.0238724
0.0238756
0.0238763
0.0238266
0.0238332
0.023833
0.023839
0.0238423
0.0238422
0.0238059
0.0238068
0.0238002
0.0238066
0.0238133
0.0238127
0.0239822
0.0239825
0.023984
0.0239136
0.0239136
0.023915
0.0240046
0.0240048
0.0240029
0.0239845
0.0239842
0.0239811
0.0239904
0.0239873
0.0239876
0.0239607
0.0239605
0.0239576
0.0239663
0.0239634
0.0239636
0.0239374
0.0239375
0.0239346
0.0239432
0.0239404
0.0239404
0.0239133
0.0239139
0.0239108
0.0239199
0.0239169
0.0239165
0.0238925
0.0238922
0.0238953
0.0238348
0.0238314
0.023827
0.0234247
0.0234404
0.023775
0.0238295
0.0238042
0.0238016
0.0238373
0.0238386
0.0238419
0.0238495
0.0238495
0.023846
0.0239866
0.0239862
0.0239879
0.0239166
0.023918
0.0239181
0.0238334
0.0237815
0.0238037
0.0239932
0.023993
0.0239948
0.0239896
0.0239913
0.0239915
0.0238889
0.0238858
0.0238861
0.0238957
0.0238954
0.0238922
0.023999
0.0239988
0.023997
0.0240024
0.0240005
0.0240007
0.0239077
0.0239071
0.0239086
0.0239139
0.023913
0.0239145
0.0239101
0.0239115
0.0239123
0.0238932
0.0238933
0.0238917
0.0238965
0.0238949
0.0238949
0.0238901
0.0238885
0.0238885
0.0238784
0.02388
0.0238799
0.0238749
0.0238751
0.0238767
0.0240098
0.0240117
0.0240117
0.0240155
0.0240135
0.0240135
0.0238822
0.0238807
0.0238765
0.0238805
0.0238853
0.0238838
0.0240123
0.0240125
0.0240159
0.0240069
0.0240071
0.024009
0.0240319
0.0240355
0.0240355
0.0240354
0.0240354
0.0240319
0.0240151
0.0240116
0.0240115
0.0240086
0.0240067
0.0240065
0.0241128
0.0241128
0.0241259
0.0241128
0.0241128
0.0241259
0.0240865
0.0240865
0.0240997
0.0240602
0.0240602
0.0240733
0.0240336
0.0240336
0.0240467
0.0240462
0.0240463
0.0240531
0.0240341
0.0240341
0.0240471
0.0240073
0.0240074
0.0240205
0.0240251
0.0240251
0.0240287
0.0240082
0.0240081
0.0240211
0.0239813
0.0239813
0.0239943
0.0239826
0.0239824
0.0239952
0.0239552
0.0239554
0.0239684
0.0239571
0.0239567
0.0239695
0.0239293
0.0239296
0.0239425
0.0239318
0.0239312
0.023944
0.0239034
0.0239038
0.0239167
0.0239064
0.0239056
0.0239183
0.0238774
0.0238779
0.0238908
0.0238808
0.0238798
0.0238926
0.0238513
0.0238519
0.0238649
0.0238551
0.0238538
0.0238668
0.0238459
0.0238445
0.023851
0.0238291
0.0238278
0.0238407
0.0237856
0.0237723
0.0237815
0.023068
0.0237738
0.0237806
0.0237521
0.0237503
0.0237635
0.0240291
0.0240255
0.0240255
0.0238591
0.0238623
0.023863
0.0238759
0.0238727
0.023873
0.0240664
0.0240664
0.0240597
0.0240598
0.0240664
0.0240664
0.0240397
0.0240397
0.024033
0.0240533
0.0240466
0.0240466
0.0240338
0.0240404
0.0240403
0.0240263
0.0240197
0.0240196
0.0240193
0.0240226
0.0240226
0.023997
0.0239968
0.0239936
0.0240033
0.024
0.0240001
0.0238859
0.0238852
0.0238787
0.0239009
0.0239015
0.0238984
0.0239077
0.0239047
0.0239042
0.0238599
0.0238591
0.0238526
0.0238722
0.0238657
0.0238665
0.0238576
0.023864
0.0238655
0.0238271
0.0238204
0.0238196
0.023504
0.0234951
0.0214821
0.0237976
0.0237909
0.0237924
0.0238664
0.0238658
0.023869
0.0238697
0.0238693
0.0238661
0.0240221
0.0240221
0.0240186
0.0232921
0.0202507
0.0109999
0.0232737
0.0201847
0.0108526
0.0230501
0.0196054
0.0100704
0.0230355
0.0195754
0.0100601
0.00818517
0.00142796
-0.00362619
0.0239638
0.0234292
0.0168576
0.0231604
0.0192664
0.0061136
0.023036
0.0188481
0.00553982
0.00812369
0.00142075
-0.00362857
0.0163648
0.0123612
0.00365656
0.0239569
0.0233382
0.0163613
0.0233718
0.0204103
0.0109814
0.0233841
0.0204396
0.0109894
0.023183
0.0199741
0.0106542
0.0231762
0.0199798
0.0107295
0.0228805
0.0191785
0.00950085
0.0229023
0.019252
0.00963057
0.0107224
0.00300265
-0.00309644
0.0113592
0.00330757
-0.00302607
0.0155902
0.0121194
0.00390364
0.0239921
0.0238542
0.0207598
0.0237041
0.0215556
0.0113709
0.0237409
0.0217473
0.0116371
0.0236916
0.0214908
0.0112801
0.0233214
0.0202878
0.0108957
0.0232398
0.0201224
0.0108605
0.0231088
0.0197978
0.0104236
0.0229702
0.0194106
0.00974279
0.022291
0.0177529
0.00771095
0.0239494
0.0230481
0.0151211
0.00760532
0.00134412
-0.0036353
0.0118065
0.00352491
-0.00297566
0.0114899
0.00335482
-0.00301998
0.0193592
0.0122764
0.00134952
0.0139901
0.0046405
-0.00283684
0.0145263
0.00507556
-0.00270261
0.015214
0.00567594
-0.00255133
0.0147594
0.00528735
-0.00265886
0.0162304
0.00665804
-0.00224455
0.0154095
0.00585659
-0.00249142
0.016061
0.00649083
-0.00230676
0.0138657
0.00455054
-0.00286041
0.0133457
0.00415416
-0.00295554
0.0127132
0.00373487
-0.00305924
0.01319
0.00404794
-0.00298891
0.011355
0.0029865
-0.00326052
0.0118496
0.00322073
-0.00319676
0.0125261
0.00361083
-0.00309946
0.0120651
0.00336062
-0.00315821
0.0111314
0.00284858
-0.00328959
0.00803681
0.00117867
-0.0037144
0.00777872
0.00120241
-0.00369365
0.0118743
0.00357867
-0.00295408
0.0237522
0.0218083
0.0117326
0.0237922
0.0220471
0.0120198
0.0238032
0.0221173
0.0121627
0.0233366
0.0203333
0.0109649
0.0234242
0.0205608
0.011171
0.0232265
0.0200887
0.0108158
0.0231195
0.0198114
0.0103949
0.0228262
0.019038
0.00926208
0.0229501
0.0193543
0.00967073
0.022012
0.0170961
0.00659073
0.0221585
0.0174237
0.00739169
0.022044
0.0171821
0.00675349
0.0222554
0.0176685
0.0075041
0.0221778
0.0174668
0.00747156
0.0214556
0.0157543
0.00502745
0.0210263
0.0149194
0.00370776
0.0209556
0.0148047
0.0034854
0.0192263
0.0120827
0.00116447
0.0188406
0.0116663
0.00134306
0.0234922
0.020753
0.011116
0.0235019
0.0207681
0.0110357
0.0232994
0.020249
0.0109258
0.0234796
0.0207162
0.011101
0.0234632
0.020651
0.0109758
0.0232591
0.0201445
0.0107958
0.0230685
0.0196573
0.010146
0.0227553
0.0188641
0.00929577
0.0227676
0.0188791
0.00927455
0.0230241
0.0195624
0.0100923
0.0227308
0.0187865
0.00913541
0.0227054
0.0187081
0.00897934
0.0085754
0.00205863
-0.00342469
0.00840182
0.00190075
-0.0034728
0.00817925
0.00140395
-0.00363094
0.00871976
0.00224922
-0.0033672
0.0088371
0.00247498
-0.00329901
0.0239681
0.0234837
0.0172896
0.0207224
0.0143604
0.00326757
0.0206413
0.0142336
0.00303184
0.0232769
0.0196676
0.00668749
0.0237247
0.0215812
0.0105387
0.0229336
0.0184956
0.00503262
0.00802395
0.00139085
-0.00363773
0.0163943
0.0121836
0.00274255
0.0239482
0.0232468
0.0160006
0.02357
0.0210083
0.0112833
0.0233619
0.0203976
0.0110277
0.0233986
0.0204839
0.0110464
0.0231937
0.0199894
0.0106359
0.0231526
0.0199042
0.0105365
0.0228608
0.0191327
0.00944869
0.0229199
0.0192949
0.00967657
0.0226087
0.0184843
0.00864936
0.020778
0.0144582
0.00345464
0.0208406
0.0146062
0.0032888
0.0239913
0.0238282
0.019817
0.0239886
0.023755
0.0189867
0.0109936
0.00314538
-0.00306323
0.011197
0.00324026
-0.00303961
0.023719
0.0216446
0.011598
0.0237303
0.021699
0.0116408
0.0236734
0.0214192
0.0114967
0.0235278
0.0208474
0.011046
0.0235139
0.0207998
0.0110107
0.023309
0.0202593
0.0108819
0.0234307
0.0205664
0.0111623
0.0234502
0.0206088
0.010935
0.0232478
0.0201236
0.0107992
0.0230888
0.0197328
0.0102976
0.0228003
0.0189555
0.00938
0.0227832
0.0189096
0.00929527
0.0229912
0.019485
0.00987018
0.0226605
0.018593
0.0088158
0.0226821
0.0186427
0.00887595
0.0223502
0.017863
0.00801374
0.0223334
0.0178359
0.00797356
0.00797355
0.00152452
-0.00358552
0.00819015
0.00175615
-0.00351649
0.0079737
0.00134067
-0.00364379
0.00845781
0.00302123
-0.00309456
0.00880722
0.00272534
-0.00321871
0.00775984
0.00358902
-0.00277289
0.0117126
0.00345661
-0.00300052
0.0116063
0.00340006
-0.003014
0.0239748
0.0235698
0.0178269
0.0204227
0.0138727
0.00287265
0.0205028
0.0140268
0.00274369
0.0205662
0.0141241
0.00281902
0.0234894
0.0205278
0.00832495
0.0233481
0.0199503
0.00724035
0.0235712
0.0208779
0.00901108
0.0236402
0.021201
0.009776
0.0227703
0.0179548
0.0042502
0.0198609
0.0115154
-0.00048364
0.0141422
0.00475582
-0.00280284
0.01432
0.00489694
-0.00275759
0.0150438
0.00552298
-0.00259879
0.0149017
0.00539901
-0.00263371
0.0156329
0.00607437
-0.00242124
0.0158843
0.00632701
-0.00235888
0.013746
0.00447437
-0.00287528
0.013532
0.00429762
-0.00291074
0.0129305
0.0038964
-0.00302338
0.0130669
0.00397568
-0.00300862
0.0114992
0.00304188
-0.00324968
0.0116636
0.00311993
-0.00322873
0.0123697
0.00352168
-0.0031264
0.012253
0.00347686
-0.00313653
0.0109031
0.00271619
-0.00332782
0.00789834
0.001333
-0.00365482
0.0119673
0.0036358
-0.00292352
0.023783
0.0219949
0.0119845
0.0237632
0.0218752
0.0119162
0.0238149
0.0221995
0.0124268
0.0235436
0.0209111
0.0111487
0.0235592
0.0209776
0.0112799
0.0233548
0.0204012
0.0111177
0.0234156
0.0205484
0.0111859
0.0232081
0.0200267
0.0106854
0.0231341
0.0198463
0.0104295
0.022846
0.0191046
0.00941886
0.0229333
0.0193158
0.00965096
0.0226425
0.0185623
0.00879851
0.0226303
0.0185516
0.00880797
0.022581
0.0183844
0.00872658
0.0219866
0.0170287
0.00651214
0.0221327
0.0173575
0.00725964
0.0220841
0.0172706
0.00697206
0.0222068
0.0175325
0.00727199
0.022229
0.0175867
0.00734904
0.0211
0.0150425
0.00395005
0.0208923
0.0147005
0.00332418
0.0190861
0.0118983
0.00100997
0.0189547
0.0117692
0.000896045
0.0239949
0.0239048
0.0211604
0.0239973
0.0239496
0.022137
0.0239974
0.0239498
0.0222088
0.0146806
0.0105909
0.00157229
0.0151253
0.0111215
0.00175774
0.0218796
0.0155873
0.0020457
0.0206641
0.0129863
0.000275537
0.0220386
0.0159745
0.00234688
0.0204459
0.0125926
9.94298e-05
0.00897718
0.00168353
-0.00358884
0.00849822
0.00144318
-0.00364614
0.00810206
0.00130776
-0.00367262
0.00840025
0.0013976
-0.00365758
0.00811467
0.00130394
-0.00367344
0.0180008
0.0110504
0.00307839
0.0238989
0.0227827
0.0139589
0.0238861
0.0226888
0.0135625
0.0212902
0.0153804
0.00447282
0.021632
0.016141
0.00555321
0.0216014
0.01606
0.00545622
0.0212591
0.0153062
0.00441622
0.0211716
0.0151645
0.00421225
0.0239742
0.0233785
0.0166121
0.0239808
0.0235469
0.0174176
0.0131925
0.00819629
0.00298215
0.0198741
0.0129885
0.0021076
0.0137692
0.00509625
-0.00248099
0.0135927
0.00490177
-0.00254336
0.0128996
0.00427838
-0.00273318
0.0122566
0.00543523
-0.00181176
0.0158511
0.0115761
0.00138926
0.0236518
0.0213277
0.0113666
0.0223675
0.0178989
0.00808306
0.0223958
0.0179591
0.00789129
0.0224813
0.0181692
0.00838679
0.0185827
0.0112643
0.00106928
0.0238531
0.0223102
0.0126176
0.0131215
0.00939802
-0.000577583
0.0239836
0.0237076
0.0189569
0.0239784
0.0236307
0.0183545
0.0202333
0.0135616
0.00261905
0.0197506
0.012814
0.00185553
0.0201766
0.0134684
0.00262316
0.0201035
0.0133209
0.00272098
0.0237713
0.0218334
0.0112533
0.021152
0.0139617
0.000885763
0.0213392
0.0143501
0.00112757
0.0226231
0.0175396
0.00387496
0.0224797
0.0171367
0.00345966
0.00884173
0.00159708
-0.00360565
0.0087463
0.00153922
-0.00362262
0.00804536
0.0012395
-0.00369462
0.00755952
0.00107428
-0.00372715
0.0143881
0.00785189
-0.00163341
0.0139442
0.0107821
0.000132453
0.0145576
0.00942404
-0.00057692
0.0125861
0.00407729
-0.00279181
0.0112696
0.00255848
-0.00284458
0.0160077
0.0116753
0.00156178
0.0239257
0.0230186
0.0148052
0.023932
0.0230779
0.0150902
0.0236008
0.0211174
0.0111954
0.0236364
0.0212498
0.0112034
0.0235809
0.0210509
0.011379
0.0225598
0.0183242
0.0085984
0.0225012
0.0182076
0.00844946
0.0214131
0.0156653
0.00483208
0.0184801
0.0110774
0.00068812
0.0106944
0.00301828
-0.00308489
0.0140442
0.0095835
0.000452413
0.0154418
0.0113832
0.0015787
0.0187
0.0115788
0.00220135
0.0187224
0.0114948
0.00200877
0.0186713
0.0116084
0.00211582
0.0186339
0.0115578
0.0018479
0.021671
0.0150548
0.00155485
0.0102623
0.00289063
-0.00310849
0.0103993
0.00296006
-0.00308856
0.0208391
0.0133147
0.000456089
0.0222289
0.016436
0.00268429
0.0202495
0.0122385
-7.2547e-05
0.0189821
0.0101631
-0.000967169
0.0192008
0.0104957
-0.000824308
0.0172275
0.00781699
-0.00187733
0.0174063
0.00802317
-0.001797
0.0187831
0.00985678
-0.00109976
0.0186115
0.00961738
-0.00121217
0.0169566
0.00749465
-0.00195905
0.0167347
0.0072423
-0.00204282
0.00898113
0.00170395
-0.0035814
0.00918403
0.00179116
-0.00356119
0.0100667
0.00225026
-0.00344724
0.009954
0.00219754
-0.00345976
0.0101952
0.00231106
-0.00343207
0.0103409
0.00239238
-0.00340854
0.00895665
0.00168102
-0.0035861
0.00857735
0.00147539
-0.00363814
0.00809069
0.00129884
-0.00367613
0.00826219
0.00132923
-0.00367574
0.00804622
0.00123304
-0.00369182
0.0100482
0.0025868
-0.00319705
0.0100216
0.0027322
-0.00315433
0.023906
0.0228382
0.0141329
0.0239132
0.0229011
0.0144219
0.0238723
0.0225829
0.0134262
0.0219323
0.0168791
0.00659595
0.0219565
0.016938
0.00669345
0.0213266
0.015473
0.00456119
0.021905
0.0168145
0.00649118
0.0218468
0.0167119
0.00619617
0.0216614
0.016231
0.0056582
0.0215616
0.0159716
0.00525956
0.0183966
0.0111014
0.00181944
0.010736
0.00299325
-0.00309755
0.0105973
0.00302084
-0.00307875
0.0106482
0.00302739
-0.00307998
0.0239949
0.0239037
0.0214239
0.0239902
0.0238189
0.0202047
0.0239862
0.0237523
0.0195151
0.0199953
0.0131615
0.00239598
0.014002
0.00554775
-0.00234714
0.0141828
0.00621256
-0.00214406
0.0133971
0.00468537
-0.00260643
0.01317
0.00448052
-0.00267057
0.0131575
0.00757567
-0.000838036
0.0156715
0.0115025
0.00141433
0.0236651
0.0213929
0.0115106
0.0224163
0.0180099
0.00797744
0.0224424
0.0180884
0.00814504
0.0188216
0.0116711
0.0027902
0.0187862
0.0115918
0.00246536
0.0186113
0.01138
0.00136599
0.0238897
0.022568
0.0134472
0.0239295
0.0228499
0.0143125
0.0118747
0.00728809
-0.00124037
0.0102017
0.00486206
-0.00215765
0.0105428
0.00300734
-0.0030799
0.0104796
0.00298729
-0.00308293
0.020297
0.013665
0.00266506
0.0203621
0.0137717
0.00273605
0.0195206
0.0125047
0.00144447
0.0196296
0.0126421
0.00163422
0.0209841
0.0136114
0.000658431
0.0215402
0.0147651
0.00135707
0.0223501
0.0167652
0.00305262
0.0200825
0.0119381
-0.000217081
0.019683
0.011234
-0.000559052
0.0194369
0.010858
-0.000679961
0.0178208
0.00855698
-0.00158112
0.0176003
0.00827303
-0.0016971
0.0180633
0.00887551
-0.00145417
0.0183283
0.0092316
-0.00132468
0.0164214
0.00686265
-0.0021976
0.00957589
0.0019888
-0.00350843
0.00938643
0.00188686
-0.00353677
0.00974519
0.0020936
-0.00348089
0.00986232
0.00215879
-0.00346747
0.0106998
0.00260052
-0.00336203
0.0107876
0.00263921
-0.00335588
0.0106318
0.0025861
-0.00336179
0.0105024
0.00250319
-0.00337831
0.00894063
0.00167802
-0.00358537
0.00865867
0.00150587
-0.00363086
0.00807027
0.00127936
-0.00368276
0.0079984
0.0011505
-0.00371699
0.00784713
0.00111838
-0.00372085
0.0144367
0.0111127
0.00062028
0.0146212
0.0105923
0.000339116
0.0122195
0.00385389
-0.00285402
0.0103782
0.0023434
-0.00319656
0.0161264
0.0117576
0.00171161
0.0239389
0.0231498
0.0155363
0.0238525
0.0224422
0.0129174
0.023865
0.0225323
0.0132891
0.0238427
0.0223691
0.0126949
0.0238285
0.0222821
0.0127637
0.0236104
0.021144
0.011132
0.0236225
0.0211889
0.0111328
0.0225377
0.0182724
0.00851355
0.0225179
0.0182331
0.00846644
0.0213686
0.0155695
0.00467748
0.0217544
0.0165282
0.00573953
0.0217967
0.0166191
0.0059326
0.0216896
0.0163159
0.00578495
0.0217232
0.0164457
0.00564244
0.0215126
0.0158888
0.00503618
0.0184366
0.0109612
0.000806196
0.0239968
0.0239378
0.0219624
)
;

boundaryField
{
    topAndBottom
    {
        type            zeroGradient;
    }
    inlet
    {
        type            fixedValue;
        value           uniform 0;
    }
    outlet
    {
        type            zeroGradient;
    }
    wing
    {
        type            calculated;
        value           uniform -0.00579175;
    }
    front
    {
        type            empty;
    }
    back
    {
        type            empty;
    }
}


// ************************************************************************* //
