/*--------------------------------*- C++ -*----------------------------------*\
| =========                 |                                                 |
| \\      /  F ield         | OpenFOAM: The Open Source CFD Toolbox           |
|  \\    /   O peration     | Version:  5.x                                   |
|   \\  /    A nd           | Web:      www.OpenFOAM.org                      |
|    \\/     M anipulation  |                                                 |
\*---------------------------------------------------------------------------*/
FoamFile
{
    version     2.0;
    format      ascii;
    class       volScalarField;
    location    "600";
    object      pSat;
}
// * * * * * * * * * * * * * * * * * * * * * * * * * * * * * * * * * * * * * //

dimensions      [0 2 -2 0 0 0 0];

internalField   nonuniform List<scalar> 
6584
(
697.948
697.948
697.948
697.948
697.948
697.948
697.948
697.948
697.948
697.948
697.948
697.948
697.948
697.948
697.948
697.948
697.948
697.948
697.948
697.948
697.948
697.948
697.948
697.948
697.948
697.948
697.948
697.948
697.948
697.948
697.948
697.948
697.948
697.948
697.948
697.948
697.948
697.948
697.948
697.948
697.948
697.948
697.948
697.948
697.948
697.948
697.948
697.948
697.948
697.948
697.948
697.948
697.948
697.948
697.948
697.948
697.948
697.948
697.948
697.948
697.948
697.948
697.948
697.948
697.948
697.948
697.948
697.948
697.948
697.948
697.948
697.948
697.948
697.948
697.948
697.948
697.948
697.948
697.948
697.948
697.948
697.948
697.948
697.948
697.948
697.948
697.948
697.948
697.948
697.948
697.948
697.948
697.948
697.948
697.948
697.948
697.948
697.948
697.948
697.948
697.948
697.948
697.948
697.948
697.948
697.948
697.948
697.948
697.948
697.948
697.948
697.948
697.948
697.948
697.948
697.948
697.948
697.948
697.948
697.948
697.948
697.948
697.948
697.948
697.948
697.948
697.948
697.948
697.948
697.948
697.948
697.948
697.948
697.948
697.948
697.948
697.948
697.948
697.948
697.948
697.948
697.948
697.948
697.948
697.948
697.948
697.948
697.948
697.948
697.948
697.948
697.948
697.948
697.948
697.948
697.948
697.948
697.948
697.948
697.948
697.948
697.948
697.948
697.948
697.948
697.948
697.948
697.948
697.948
697.948
697.948
697.948
697.948
697.948
697.948
697.948
697.948
697.948
697.948
697.948
697.948
697.948
697.948
697.948
697.948
697.948
697.948
697.948
697.948
697.948
697.948
697.948
697.948
697.948
697.948
697.948
697.948
697.948
697.948
697.948
697.948
697.948
697.948
697.948
697.948
697.948
697.948
697.948
697.948
697.948
697.948
697.948
697.948
697.948
697.948
697.948
697.948
697.948
697.948
697.948
697.948
697.948
697.948
697.948
697.948
697.948
697.948
697.948
697.948
697.948
697.948
697.948
697.948
697.948
697.948
697.948
697.948
697.948
697.948
697.948
697.948
697.948
697.948
697.948
697.948
697.948
697.948
697.948
697.948
697.948
697.948
697.948
697.948
697.948
697.948
697.948
697.948
697.948
697.948
697.948
697.948
697.948
697.948
697.948
697.948
697.948
697.948
697.948
697.948
697.948
697.948
697.948
697.948
697.948
697.948
697.948
697.948
697.948
697.948
697.948
697.948
697.948
697.948
697.948
697.948
697.948
697.948
697.948
697.948
697.948
697.948
697.948
697.948
697.948
697.948
697.948
697.948
697.948
697.948
697.948
697.948
697.948
697.948
697.948
697.948
697.948
697.948
697.948
697.948
697.948
697.948
697.948
697.948
697.948
697.948
697.948
697.948
697.948
555.835
697.948
697.948
697.948
697.948
697.948
697.948
697.948
697.948
697.948
697.948
697.948
697.948
697.948
697.948
697.948
697.948
697.948
697.948
697.948
697.948
697.948
697.948
697.947
661.108
697.948
697.948
697.948
697.948
697.948
697.948
697.948
697.948
697.948
697.948
697.948
697.948
697.948
697.948
697.948
697.948
697.948
697.948
697.948
697.948
697.948
697.948
697.942
664.207
697.948
697.948
697.948
697.948
697.948
697.948
697.948
697.948
697.948
697.948
697.948
697.948
697.948
697.948
697.948
697.948
697.948
697.948
697.948
697.948
697.948
697.948
697.163
681.8
697.948
697.948
697.948
697.948
697.948
697.948
697.948
697.948
697.948
697.948
697.948
697.948
697.948
697.948
697.948
697.948
697.948
697.948
697.948
697.948
697.948
697.948
696.734
682.204
697.948
697.948
697.948
697.948
697.948
697.948
697.948
697.948
697.948
697.948
697.948
697.948
697.948
697.948
697.948
697.948
697.948
697.948
697.948
697.948
697.948
697.821
674.554
690.318
697.947
697.948
697.948
697.948
697.948
697.948
697.948
697.948
697.948
697.948
697.948
697.948
697.948
697.948
697.948
697.948
697.948
697.948
697.948
697.948
697.947
697.712
674.673
690.372
697.947
697.948
697.948
697.948
697.948
697.948
697.948
697.948
697.948
697.948
697.948
697.948
697.948
697.948
697.948
697.948
697.948
697.948
697.948
697.948
697.946
697.609
674.777
690.419
697.946
697.948
697.948
697.948
697.948
697.948
697.948
697.948
697.948
697.948
697.948
697.948
697.948
697.948
697.948
697.948
697.948
697.948
697.948
697.948
697.944
697.511
674.872
690.459
697.945
697.948
697.948
697.948
697.948
697.948
697.948
697.948
697.948
697.948
697.948
697.948
697.948
697.948
697.948
697.948
697.948
697.948
697.948
697.948
697.942
697.419
674.96
690.494
697.944
697.948
697.948
697.948
697.948
697.948
697.948
697.948
697.948
697.948
697.948
697.948
697.948
697.948
697.948
697.948
697.948
697.948
697.948
697.948
697.94
697.332
675.042
690.525
697.943
697.948
697.948
697.948
697.948
697.948
697.948
697.948
697.948
697.948
697.948
697.948
697.948
697.948
697.948
697.948
697.948
697.948
697.948
697.948
697.938
697.251
675.119
690.553
697.942
697.948
697.948
697.948
697.948
697.948
697.948
697.948
697.948
697.948
697.948
697.948
697.948
697.948
697.948
697.948
697.948
697.948
697.948
697.948
697.935
697.164
675.197
690.579
697.941
697.948
697.948
697.948
697.948
697.948
697.948
697.948
697.948
697.948
697.948
697.948
697.948
697.948
697.948
697.948
697.948
697.948
697.948
697.948
697.931
697.073
675.28
690.608
697.94
697.948
697.948
697.948
697.948
697.948
697.948
697.948
697.948
697.948
697.948
697.948
697.948
697.948
697.948
697.948
697.948
697.948
697.948
697.948
697.927
696.986
675.359
690.635
697.939
697.948
697.948
697.948
697.948
697.948
697.948
697.948
697.948
697.948
697.948
697.948
697.948
697.948
697.948
697.948
697.948
697.948
697.948
697.948
697.923
696.902
675.436
690.66
697.938
697.948
697.948
697.948
697.948
697.948
697.948
697.948
697.948
697.948
697.948
697.948
697.948
697.948
697.948
697.948
697.948
697.948
697.948
697.948
697.919
696.821
675.512
690.684
697.937
697.948
697.948
697.948
697.948
697.948
697.948
697.948
697.948
697.948
697.948
697.948
697.948
697.948
697.948
697.948
697.948
697.948
697.948
697.948
697.915
696.741
675.585
690.706
697.937
697.948
697.948
697.948
697.948
697.948
697.948
697.948
697.948
697.948
697.948
697.948
697.948
697.948
697.948
697.948
697.948
697.948
697.948
697.948
697.91
696.663
675.658
690.728
697.936
697.948
697.948
697.948
697.948
697.948
697.948
697.948
697.948
697.948
697.948
697.948
697.948
697.948
697.948
697.948
697.948
697.948
697.948
697.948
697.905
696.585
675.731
690.75
697.935
697.948
697.948
697.948
697.948
697.948
697.948
697.948
697.948
697.948
697.948
697.948
697.948
697.948
697.948
697.948
697.948
697.948
697.948
697.947
697.9
696.506
675.804
690.771
697.934
697.948
697.948
697.948
697.948
697.948
697.948
697.948
697.948
697.948
697.948
697.948
697.948
697.948
697.948
697.948
697.948
697.948
697.948
697.947
697.895
696.425
675.877
690.793
697.933
697.948
697.948
697.948
697.948
697.948
697.948
697.948
697.948
697.948
697.948
697.948
697.948
697.948
697.948
697.948
697.948
697.948
697.948
697.947
697.888
696.34
675.953
690.815
697.932
697.948
697.948
697.948
697.948
697.948
697.948
697.948
697.948
697.948
697.948
697.948
697.948
697.948
697.948
697.948
697.948
697.948
697.948
697.948
697.948
697.948
697.948
697.948
697.948
697.948
697.948
526.143
549.362
697.948
697.948
697.948
697.948
697.948
697.948
697.948
697.948
697.948
697.948
697.948
697.948
697.948
697.948
697.948
697.948
697.948
697.948
697.676
697.897
697.527
697.891
697.948
697.948
697.948
697.948
697.948
697.948
697.948
696.74
696.926
693.35
695.432
697.948
697.948
697.948
697.948
697.948
697.948
697.948
697.142
696.927
696.752
694.733
697.948
697.948
697.948
697.735
697.672
697.948
697.948
697.948
697.898
697.858
697.947
570.063
527.877
631.417
697.948
697.948
697.914
697.948
697.948
697.946
697.803
697.948
697.947
697.902
697.948
697.948
697.948
697.931
696.995
697.608
697.948
696.816
694.186
697.736
696.942
695.556
697.51
697.948
697.729
697.256
697.926
697.739
697.948
696.897
696.751
697.948
693.387
694.608
694.064
693.336
694.648
693.219
697.948
697.133
697.349
697.251
697.141
697.948
694.121
695.327
694.703
693.926
697.649
696.865
697.948
697.684
697.856
697.361
697.665
697.948
696.401
696.879
695.475
696.311
697.849
697.755
697.864
697.902
697.948
697.264
696.839
696.937
697.234
697.915
697.902
697.948
697.948
697.948
697.931
697.948
697.948
697.948
697.948
697.948
697.579
697.416
692.166
688.888
697.948
697.948
697.948
697.948
697.931
697.948
697.948
697.948
697.388
697.174
697.948
506.102
531.233
624.675
640.86
532.794
567.986
688.246
682.125
697.948
697.906
697.925
642.917
653.845
697.927
697.936
697.948
697.948
697.948
697.948
697.948
697.948
697.948
697.923
697.948
697.937
697.948
697.94
697.948
697.657
697.753
694.462
694.58
696.057
695.83
697.661
682.399
697.786
694.595
692.528
692.876
694.75
697.879
694.369
697.931
687.481
696.719
685.52
697.915
696.985
697.929
697.948
697.875
695.343
697.937
697.94
695.36
695.194
697.53
697.473
696.341
696.449
697.284
697.943
697.945
697.942
697.943
697.282
697.859
697.947
697.948
697.946
697.947
697.828
693.961
694.03
693.425
693.364
691.823
691.994
697.08
697.942
697.941
697.943
697.942
697.08
697.205
697.941
697.941
697.941
697.941
697.198
508.399
694.678
535.929
508.669
571.531
537.691
694.846
693.112
511.378
693.311
697.41
697.356
697.506
697.944
697.943
697.945
697.944
697.537
602.568
621.374
695.879
605.22
574.172
631.162
608.833
695.998
571.76
599.681
697.817
689.145
692.512
683.172
688.463
697.804
680.604
654.175
658.268
541.969
655.166
652.549
579.922
694.588
694.786
697.946
697.948
697.948
697.948
697.948
697.819
697.8
620.975
697.748
697.869
697.947
697.698
697.598
697.948
525.689
528.454
517.612
654.188
653.929
534.105
543.782
693.562
694.538
480.856
697.948
697.948
697.948
697.948
697.948
697.948
697.804
697.946
697.944
697.536
697.38
697.831
696.758
697.929
697.929
697.932
697.93
696.781
693.843
695.078
696.461
694.946
666.357
660.247
697.884
694.946
696.207
695.554
695.608
560.812
697.948
697.943
697.948
697.917
697.616
697.45
697.946
697.948
697.948
697.948
697.948
697.945
697.24
697.937
697.933
697.943
697.939
697.328
696.181
669.687
685.912
657.335
660.293
694.588
687.58
689.393
697.206
695.894
696.803
697.471
697.909
697.912
697.883
697.888
697.27
697.929
697.93
696.8
693.672
649.262
639.992
693.743
653.061
656.477
638.359
640.479
693.247
693.552
692.506
697.106
697.886
697.883
697.879
697.901
697.245
697.233
697.879
697.882
697.882
697.88
697.166
697.562
692.403
693.603
690.727
689.951
697.107
697.821
697.945
697.945
697.946
697.946
697.83
696.635
647.668
633.54
664.154
659.325
696.702
575.903
581.897
697.084
669.779
665.69
568.369
574.092
673.719
667.933
697.945
697.947
697.947
660.632
690.968
664.82
667.615
666.872
690.545
697.948
697.938
697.948
697.911
697.947
508.602
516.956
530.203
526.986
632.254
546.343
543.052
555.741
547.351
634.337
541.842
548.524
685.992
684.963
648.239
569.546
560.417
544.808
550.16
697.903
697.945
697.948
697.931
697.943
697.886
697.542
697.82
693.968
694.955
696.388
695.073
683.707
694.227
693.358
695.138
694.499
683.455
691.361
690.514
693.083
691.827
693.871
676.431
679.889
670.08
674.705
693.567
656.901
659.144
691.99
697.621
697.31
697.891
697.709
693.172
695.282
694.604
697.062
695.576
697.769
697.943
697.912
697.652
697.421
697.833
697.657
697.923
697.692
697.879
697.924
697.732
697.859
697.945
697.906
697.845
664.313
667.261
695.938
641.836
630.405
672.2
644.414
614.304
604.537
626.936
618.514
694.737
661.336
663.55
686.09
683.14
694.25
688.565
679.352
675.715
682.587
680.287
697.279
689.802
690.907
696.011
696.743
697.898
697.906
697.363
697.274
697.889
697.895
651.43
650.852
693.757
592.706
592.313
555.834
588.182
588.163
599.808
591.419
588.732
648.113
651.93
693.65
589.414
580.075
602.154
592.349
563.177
554.197
576.546
567.245
693.265
642.267
646.629
692.804
692.365
697.892
697.888
697.098
697.182
697.899
697.893
697.878
697.879
697.226
697.174
697.879
697.878
511.477
520.336
653.023
659.346
644.912
650.799
510.75
557.771
667.964
658.072
661.091
666.316
550.663
619.194
622.347
606.827
618.014
519.308
637.143
643.299
624.165
633.888
519.074
691.326
692.103
697.529
688.108
689.616
690.12
688.051
689.628
697.168
689.515
690.685
609.984
526.796
529.934
540.306
527.031
612.696
530.539
582.466
530.55
587.059
685.944
695.856
695.333
696.471
696.029
686.407
678.238
679.177
584.547
590.97
554.157
566.019
677.633
675.04
697.948
697.948
697.948
697.948
697.941
697.942
697.948
697.948
697.948
697.948
697.948
697.948
697.948
697.948
697.948
697.948
697.947
697.834
697.53
696.817
696.722
693.489
695.31
697.932
697.933
697.014
692.187
691.849
694.797
693.871
694.493
697.729
697.941
697.948
697.948
696.467
696.906
697.85
697.938
697.916
697.946
697.705
694.255
696.268
695.668
696.622
696.517
697.45
697.633
697.634
697.261
697.919
697.923
697.756
696.82
697.93
697.931
654.931
650.937
694.33
694.499
692.666
692.5
693.089
697.126
697.636
697.634
697.245
697.63
697.632
697.632
697.631
697.149
692.739
661.186
656.987
697.394
697.885
697.882
697.883
697.947
697.946
530.774
531.53
674.331
671.036
697.126
529.443
530.083
696.328
696.609
697.911
697.935
697.925
504.325
508.082
509.52
529.049
534.558
505.316
506.592
533.697
528.874
562.943
677.028
675.94
683.084
577.495
571.22
649.739
697.948
697.948
697.948
697.898
697.921
697.938
697.943
697.86
697.877
697.948
697.948
697.947
697.277
697.231
697.591
697.793
697.632
697.547
694.235
694.699
693.26
693.55
696.208
695.548
692.037
692.682
684.879
685
688.602
688.108
682.368
685.294
685.648
697.745
694.737
695.404
693.473
689.623
694.976
694.349
697.475
697.225
696.139
679.071
676.791
692.756
688.272
681.941
697.947
697.945
697.85
697.815
697.559
697.689
696.104
697.765
697.834
691.26
693.1
697.672
673.858
671.169
696.234
696.556
697.937
697.94
697.894
697.763
697.927
697.932
694.253
650.539
651.022
691.84
692.114
697.626
697.626
697.212
697.19
697.626
697.626
510.592
533.67
578.595
581.596
547.44
549.642
505.984
664.128
661.951
692.924
519.179
515.79
536.587
537.041
514.195
545.537
546.39
512.977
513.497
697.892
697.889
697.413
697.597
697.899
697.896
589.935
665.093
667.326
660.407
662.74
584.664
690.71
696.203
696.591
696.519
696.369
691.227
684.312
689.891
689.231
678.949
677.434
680.884
543.192
545.249
547.207
528.341
658.744
590.357
580.718
599.375
592.842
650.815
651.43
652.098
680.807
683.666
695.258
697.945
697.945
697.936
524.673
525.169
585.319
584.941
511.267
539.521
529.303
529.028
527.007
528.389
542.303
482.362
675.656
677.456
697.948
697.948
697.948
696.999
696.91
697.532
697.201
697.496
697.694
697.404
697.459
693.701
695.193
690.415
690.851
690.946
690.433
694.862
691.621
691.461
665.002
654.645
654.534
656.587
656.137
663.272
697.567
697.782
697.79
697.754
697.774
697.511
695.78
697.275
696.397
696.095
697.266
697.636
697.638
692.67
692.766
694.196
692.725
697.641
697.639
697.116
697.629
697.63
697.239
697.158
697.629
697.628
690.73
692.271
691.642
692.807
692.603
690.559
532.402
533.791
528.9
528.989
570.376
545.443
543.694
655.883
656.083
671.961
659.699
662.166
655.259
657.114
669.908
697.941
697.937
697.943
697.934
697.946
697.947
697.948
697.942
697.945
697.941
663.94
678.894
678.027
681.271
680.04
664.885
670.619
674.792
673.022
677.322
676.409
669.064
697.942
697.946
697.944
697.843
697.755
697.93
697.915
504.272
524.964
510.4
509.591
529.336
528.227
567.529
569.744
544.527
506.267
504.713
537.265
519.154
519.862
517.363
556.157
520.611
512.403
677.837
679.432
686.888
673.422
673.891
672.223
672.533
683.958
675.483
676.151
545.879
524.054
525.508
523.499
523.05
547.473
697.929
697.933
697.914
697.84
697.888
697.922
696.87
697.557
697.164
697.085
697.266
697.338
697.098
697.188
694.098
694.825
691.453
691.582
691.048
691.257
696.309
693.709
693.821
691.395
691.575
695.276
691.525
686.232
685.234
682.874
687.69
687.153
691.014
686.185
686.053
687.775
686.858
690.764
692.758
688.522
689.038
686.642
687.626
692.327
685.738
671.617
683.214
682.354
655.859
656.953
691.399
695.511
695.247
690.812
694.174
696.542
695.925
682.872
680.856
690.475
690.931
694.847
687.189
685.057
696.86
697.195
697.739
697.401
696.435
695.065
696.354
697.802
697.877
697.892
697.806
697.836
697.685
697.508
697.642
697.891
697.826
697.801
697.896
697.843
697.906
697.764
697.767
697.674
697.785
638.733
634.33
664.316
630.238
634.194
621.899
646.689
610.599
607.352
623.892
621.274
684.603
671.013
674.146
664.638
667.742
683.752
693.583
688.214
689.721
675.987
684.667
691.992
668.664
663.758
678.389
644.188
647.436
638.527
641.322
677.31
682.007
659.257
661.812
651.031
654.982
681.189
696.127
696.658
593.823
559.808
564.305
550.732
555.044
593.154
564.265
566.677
566.337
576.941
589.697
527.816
531.981
535.07
528.088
593.545
590.548
543.209
546.786
536.325
539.968
589.684
586.942
584.129
599.701
595.769
559.557
556.296
573.515
570.957
692.159
692.234
697.219
697.627
697.628
697.627
697.627
697.182
512.056
567.911
574.245
529.28
505.718
553.887
560.46
526.376
522.659
620.114
562.212
562.774
612.573
556.991
546.496
562.911
561.51
616.088
534.674
530.346
539.153
543.582
517.151
519.052
529.507
691.67
694.613
694.373
694.966
694.795
691.887
688.631
689.37
689.392
688.005
688.023
688.597
689.498
693.28
693.006
694.041
693.649
689.989
527.833
545.828
547.571
543.451
544.623
528.982
535.111
559.915
564.355
550.515
554.895
529.84
529.559
521.358
523.597
520.224
520.592
531.179
538.854
541.794
527.853
533.351
530.602
690.888
690.458
685.35
678.058
680.241
536.548
540.885
558.742
532.559
526.85
541.555
538.263
562.899
529.113
529.058
652.84
653.775
697.948
697.948
697.948
697.948
697.948
697.948
697.948
697.948
697.948
697.948
697.948
697.948
697.948
697.948
697.948
697.948
697.948
697.948
697.948
697.948
697.948
697.948
697.948
697.948
697.948
697.948
697.948
697.948
697.948
697.948
697.948
697.948
697.948
697.948
697.948
697.948
697.948
697.948
697.948
697.948
697.948
697.948
697.948
697.948
697.948
697.948
697.948
697.948
697.948
697.948
697.948
697.948
697.948
697.948
697.948
697.948
697.948
697.948
697.948
697.948
697.948
697.948
697.948
697.948
697.948
697.948
697.948
697.948
697.948
697.948
697.948
697.948
697.948
697.948
697.948
697.948
697.948
697.948
697.948
697.948
697.948
697.948
697.948
697.948
697.948
697.946
697.946
697.948
697.948
697.948
697.948
697.948
697.948
697.948
697.948
697.948
697.948
697.948
697.948
697.948
697.946
697.946
697.948
697.948
697.948
697.948
697.948
697.948
697.948
697.948
697.948
697.948
697.947
697.947
697.948
697.948
697.948
697.948
697.948
697.948
697.948
697.948
697.948
697.948
697.948
697.948
697.948
697.948
697.948
697.948
697.948
697.948
697.948
697.948
697.948
697.948
697.753
697.75
574.568
691.374
691.981
697.948
697.948
697.948
697.948
697.948
697.948
697.948
697.948
697.948
697.948
697.948
697.948
697.944
608.978
605.563
663.521
697.948
697.948
697.948
697.948
697.948
697.948
697.948
697.948
697.948
697.946
697.948
697.432
649.921
609.983
681.564
697.94
697.948
697.948
697.948
697.948
697.948
697.948
697.948
697.948
697.948
697.948
697.948
697.948
697.948
697.946
697.947
697.948
697.948
697.947
697.946
697.948
697.948
697.948
697.946
697.946
697.948
697.948
697.946
697.947
697.946
697.946
697.948
697.947
697.946
697.948
697.948
697.948
697.948
697.947
697.947
697.948
697.948
697.948
697.948
697.948
697.948
697.948
697.749
697.825
697.948
510.527
575.158
575.97
645.914
646.079
484.187
697.948
697.948
697.948
697.948
697.948
697.948
697.948
697.948
697.947
697.948
697.948
697.948
697.948
697.948
697.948
697.948
697.948
697.948
697.948
697.948
697.948
697.948
697.948
697.948
697.948
697.948
697.948
697.948
697.948
697.948
697.946
697.941
697.948
697.948
697.948
697.948
697.948
697.948
697.948
697.948
697.948
697.948
697.948
697.948
697.948
697.948
697.948
697.948
697.948
697.948
697.948
697.948
697.948
697.948
697.948
697.948
697.726
697.887
697.873
697.937
697.932
697.88
697.827
697.759
697.869
697.948
697.948
697.948
697.948
697.948
697.948
697.948
697.948
697.948
697.948
697.948
697.948
697.948
697.948
697.948
697.948
697.948
697.948
697.946
697.946
697.948
696.736
697.645
697.646
697.687
697.672
696.866
697.948
697.948
697.948
697.948
697.948
697.948
697.948
697.948
697.948
697.948
697.948
697.948
697.948
697.948
697.948
697.948
697.948
697.948
697.946
697.946
697.948
697.045
697.934
697.935
697.689
697.696
696.955
696.64
694.308
694.624
697.948
697.948
697.948
697.948
697.948
697.948
697.948
697.948
697.948
697.712
696.21
696.572
697.113
697.177
697.693
697.948
697.948
697.948
697.948
697.948
697.948
697.948
697.948
697.948
697.894
697.736
697.752
697.588
697.62
697.865
697.835
697.752
697.947
563.203
695.608
695.494
654.343
654.991
533.923
697.772
697.753
623.821
697.948
697.936
697.942
697.942
697.936
697.948
697.926
697.944
697.941
697.948
697.948
697.945
697.948
697.948
697.948
697.944
697.876
697.935
697.948
697.948
697.948
697.942
697.946
697.948
697.908
697.863
697.852
697.947
697.946
697.947
697.948
697.948
697.948
697.948
697.948
697.948
697.945
697.946
697.939
697.071
697.725
697.705
697.856
697.836
697.517
697.948
697.947
697.948
696.648
694.85
695.339
689.181
689.417
694.312
695.654
695.874
697.042
697.948
697.947
697.948
697.704
697.828
697.84
697.901
697.942
697.944
697.848
697.853
697.745
697.948
697.948
697.948
696.868
697.675
697.682
697.648
697.651
696.766
697.948
697.946
697.946
693.486
687.417
687.181
689.827
689.595
694.508
693.952
688.74
688.958
687.02
686.924
693.276
697.946
697.946
697.948
697.74
697.731
697.33
697.948
697.946
697.946
694.312
676.518
673.825
687.39
686.768
695.173
694.797
690.291
690.064
672.98
670.052
693.727
697.622
696.957
697.04
694.96
695.241
696.964
697.947
697.948
697.948
697.731
697.911
697.908
697.924
697.923
697.848
697.371
697.754
697.748
697.905
697.902
697.612
697.948
697.947
697.947
696.485
692.148
691.808
693.743
693.519
696.824
695.616
688.562
687.984
691.441
691.044
696.215
697.84
697.513
697.553
696.677
696.947
697.773
697.871
697.928
697.926
697.947
697.947
697.889
697.948
697.948
697.948
697.334
677.593
675.284
673.837
676.665
697.306
696.989
694.15
693.954
697.913
696.656
696.726
697.948
697.948
697.948
697.948
697.948
697.948
697.948
697.948
697.948
697.948
697.948
697.948
697.948
697.948
697.948
697.948
697.948
697.948
697.947
697.947
697.948
697.517
697.928
697.929
697.925
697.926
697.493
691.775
687.237
687.928
682.525
683.645
689.511
697.948
697.948
697.948
697.948
697.948
697.948
697.892
697.923
697.941
697.948
697.948
697.948
697.948
697.948
697.948
697.948
697.948
697.948
697.3
697.938
697.924
697.936
697.937
697.269
697.948
697.946
697.946
627.503
597.732
595.12
612.308
609.37
638.638
687.602
680.466
681.422
697.948
697.948
697.948
697.916
697.948
697.947
697.947
697.948
697.918
644.884
618.108
615.276
630.92
628.888
652.508
697.931
697.947
697.947
697.947
697.947
697.933
697.948
697.948
697.948
697.948
697.948
697.948
697.948
697.948
697.948
697.948
697.948
697.948
697.948
697.948
697.948
697.948
697.948
697.948
697.948
697.948
697.948
697.948
697.947
697.948
697.948
697.948
697.948
697.945
697.946
697.943
697.948
697.948
697.948
695.575
696.063
697.688
697.774
697.438
697.478
694.383
691.47
691.834
688.564
689.117
692.855
693.817
696.773
696.653
696.975
696.88
694.072
697.872
697.649
697.675
697.701
697.842
697.939
697.887
697.068
697.609
697.211
697.705
697.601
697.943
697.937
697.908
697.948
697.948
697.948
697.923
697.915
697.934
697.942
697.933
697.928
691.353
691.697
695.532
695.039
690.755
691.043
696.922
697.063
697.582
697.413
696.647
696.785
697.655
697.664
697.291
697.944
697.934
697.932
697.938
697.936
697.945
697.942
697.928
697.927
697.93
697.929
697.942
697.28
697.647
697.65
697.909
697.916
697.876
697.948
697.946
697.945
697.947
697.946
697.948
697.946
697.941
697.94
697.944
697.942
697.947
697.797
697.887
697.898
688.525
688.406
693.896
694.102
688.774
688.647
687.592
687.766
693.491
693.318
687.282
687.429
697.654
697.65
697.085
697.942
697.927
697.927
697.926
697.926
697.941
697.942
697.93
697.93
697.928
697.929
697.942
697.092
697.666
697.659
697.941
697.925
697.925
697.926
697.925
697.941
697.941
697.925
697.926
697.925
697.925
697.941
684.705
677.442
694.502
568.341
609.423
613.241
584.19
587.083
540.156
695.013
686.088
685.395
693.519
668.788
665.035
696.356
696.48
697.455
697.295
696.035
696.205
697.803
697.793
697.471
697.943
697.933
697.933
697.931
697.932
697.943
697.944
697.936
697.937
697.934
697.935
697.944
697.561
697.818
697.811
605.084
572.643
570.444
591.978
588.256
618.579
689.658
689.124
695.751
600.839
637.73
640.72
616.446
619.757
576.964
621.944
672.871
674.442
669.318
671.147
618.543
696.11
690.612
690.152
575.062
539.395
536.793
567.73
563.891
596.136
697.419
697.468
697.829
689.688
693.18
692.844
695.032
694.807
692.127
692.458
692.041
687.689
697.789
697.302
697.364
655.721
607.72
601.434
615.363
610.033
657.174
656.425
635.042
632.994
694.404
684.422
686.075
692.173
692.496
694.959
697.948
697.948
697.948
697.948
697.948
697.948
697.813
697.935
697.935
697.933
697.934
697.807
686.148
685.702
617.656
697.748
696.351
696.388
696.385
696.361
697.759
697.66
697.932
697.933
697.93
697.931
697.646
697.948
697.947
697.947
542.927
538.837
513.105
653.62
618.363
608.853
619.743
618.915
653.605
694.326
680.222
678.463
685.691
688.371
694.578
481.147
585.38
608.999
697.948
697.948
697.948
697.948
697.948
697.948
697.948
697.948
697.948
697.948
697.948
697.948
697.948
697.948
697.948
697.948
697.948
697.948
697.909
697.899
697.768
697.946
697.936
697.939
697.929
697.933
697.945
697.847
697.711
697.684
697.646
697.645
696.742
697.929
697.871
697.872
697.872
697.871
697.929
697.931
697.878
697.882
697.873
697.875
697.93
696.818
697.66
697.651
693.932
694.079
696.543
697.697
697.718
697.889
695.925
697.135
697.06
697.261
697.201
696.073
695.584
681.198
674.167
681.291
681.308
695.601
558.267
638.078
637.394
697.948
697.948
697.948
697.948
697.948
697.948
697.948
697.948
697.948
697.877
697.87
697.913
697.948
697.948
697.947
697.948
697.948
697.948
697.948
697.948
697.948
697.948
697.948
697.947
697.948
697.948
697.948
697.942
697.947
697.947
697.769
697.747
697.154
697.936
697.897
697.903
697.887
697.892
697.934
697.941
697.92
697.925
697.909
697.914
697.94
697.419
697.814
697.791
693.314
694.122
696.429
674.58
688.323
685.957
692.205
690.771
682.017
658.25
679.05
678.64
679.949
679.489
659.244
694.448
689.668
689.933
688.409
693.374
692.94
693.955
693.687
688.949
697.128
696.051
696.209
697.756
697.803
697.635
697.912
697.901
697.886
697.884
697.814
697.812
697.82
697.817
697.886
697.929
697.873
697.872
697.874
697.873
697.93
696.782
697.655
697.659
687.926
687.679
693.577
646.423
674.956
675.765
673.223
674.03
642.949
688.316
688.523
693.842
654.285
677.389
676.943
678.248
677.839
655.532
637.892
672.471
672.702
672.814
672.443
638.901
693.271
686.894
686.912
697.885
697.813
697.815
697.81
697.812
697.884
697.843
697.847
697.903
697.298
697.718
697.705
697.88
697.807
697.806
697.81
697.809
697.881
697.881
697.808
697.809
697.806
697.807
697.88
696.772
696.867
697.593
692.806
695.363
695.154
695.765
695.574
693.236
697.043
695.438
695.584
697.916
697.914
697.81
697.945
697.939
697.939
697.937
697.938
697.945
697.946
697.941
697.941
697.94
697.94
697.946
697.84
697.92
697.918
692.755
692.461
696.562
641.759
678.366
679.486
675.862
677.162
639.754
662.575
682.315
683.145
680.497
681.437
660.981
696.765
693.281
693.027
577.751
552.006
550.395
555.953
553.77
579.686
694.509
694.335
697.039
668.48
685.326
685.963
683.926
684.648
667.124
548.787
547.14
572.256
697.948
697.947
697.946
685.931
686.556
691.373
690.07
684.601
685.319
697.947
697.948
697.948
697.948
697.948
697.947
697.945
697.937
697.942
602.167
600.002
629.945
545.497
571.485
573.095
551.667
579.767
583.242
574.829
576.972
548.941
636.557
606.731
604.338
622.869
620.632
646.651
567.493
593.354
595.729
586.978
590.463
564.554
697.946
697.942
697.94
697.946
697.944
697.947
697.935
697.916
697.909
697.936
697.926
697.94
697.671
697.66
697.81
693.93
690.465
691.066
689.434
689.891
693.633
694.939
692.305
692.639
691.582
691.974
694.732
690.619
691.069
694.143
677.893
686.35
685.615
687.525
686.971
678.979
684.808
683.999
673.035
693.223
689.63
690.135
697.536
696.86
697.017
696.42
696.696
697.443
697.857
697.681
697.777
697.222
697.471
697.795
695.056
691.272
691.626
696.552
694.121
695.759
692.107
692.907
696.002
697.889
697.809
697.468
697.937
697.909
697.93
697.833
697.875
697.927
697.929
697.901
697.887
697.941
697.937
697.944
697.879
697.92
697.929
697.901
697.91
697.859
665.134
682.702
682.16
684.359
683.382
666.056
695.725
692.107
692.627
690.206
690.479
694.884
662.126
680.839
680.412
681.687
681.254
662.826
696.359
696.505
697.348
690.194
694.449
694.206
694.92
694.687
690.566
697.9
697.846
697.84
697.869
697.856
697.903
697.312
697.68
697.71
697.641
697.644
697.277
697.891
697.827
697.823
697.835
697.83
697.893
651.748
676.896
677.07
676.332
676.673
651.529
693.827
688.278
688.126
649.643
675.672
675.187
676.52
676.109
650.863
693.569
687.943
688.124
687.018
687.146
693.277
643.925
673.803
673.307
674.708
674.254
645.258
697.89
697.821
697.824
697.817
697.819
697.889
697.091
697.647
697.644
697.69
697.677
697.125
697.897
697.833
697.838
697.826
697.83
697.895
697.878
697.805
697.804
697.806
697.805
697.878
697.879
697.805
697.805
697.804
697.804
697.878
655.115
618.572
614.552
624.558
621.849
657.359
646.642
602.649
600.198
610.117
605.95
648.612
600.071
604.502
563.895
669.494
641.342
638.369
662.861
629.527
626.998
635.306
632.272
664.548
544.364
590.756
595.27
562.161
561.777
621.086
639.675
593.647
589.49
598.231
596.253
641.633
626.831
568.642
564.26
583.105
575.447
630.243
697.494
696.584
696.679
695.718
695.868
697.233
577.267
574.784
607.489
615.627
584.212
580.401
546.535
542.349
578.477
591.814
558.48
552.223
695.699
693.678
693.954
692.996
693.353
695.523
696.336
694.693
694.933
694.204
694.449
696.191
686.965
691.631
691.255
587.577
562.882
558.982
567.823
566.829
590.486
677.145
666.095
665.951
663.666
664.928
676.149
697.948
697.948
697.948
697.948
697.948
697.948
697.941
697.948
697.947
697.948
697.948
697.942
697.948
697.948
697.948
697.948
697.948
697.948
697.948
697.948
697.948
697.948
697.948
697.947
697.948
697.948
697.948
697.948
697.948
697.948
697.948
697.948
697.948
697.948
697.948
697.948
697.859
697.925
697.918
696.984
697.703
697.711
694.079
696.057
695.923
696.305
696.182
694.276
697.712
697.235
697.291
697.947
697.946
697.935
696.622
697.412
697.327
697.564
697.49
696.762
697.931
697.942
697.944
697.935
697.938
697.924
697.947
697.945
697.943
697.512
697.638
697.727
695.362
696.864
696.522
697.223
697.081
695.956
697.75
697.858
697.863
697.664
697.669
696.843
697.931
697.877
697.875
697.88
697.878
697.931
653.055
678.944
679.535
678.096
678.459
651.71
694.419
689.389
689.207
660.201
681.402
681.92
680.167
680.762
658.815
697.768
697.76
697.381
697.931
697.929
697.877
697.942
697.942
697.947
673.307
687.632
688.113
686.56
687.115
672.212
697.165
694.823
694.672
696.437
697.36
697.314
697.434
697.4
696.531
574.898
602.075
604.522
597.83
599.887
572.895
651.143
626.912
624.929
697.948
697.948
697.948
697.948
697.948
697.948
697.948
697.948
697.948
697.948
697.948
697.947
697.948
697.948
697.948
697.946
697.948
697.948
697.343
697.392
697.76
694.985
696.55
696.429
696.76
696.662
695.212
697.939
697.944
697.946
697.883
697.928
697.916
691.675
695.423
695.159
696.113
695.735
692.244
697.63
697.21
697.364
697.886
697.921
697.924
697.869
697.877
697.776
689.05
688.907
694.174
650.505
677.605
677.823
677.237
677.413
650.696
663.338
683.205
683.663
682.375
682.806
662.645
697.439
697.784
697.774
697.831
697.825
697.58
630.38
634.272
595.613
580.269
622.846
626.691
693.928
693.561
690.188
695.155
695.356
696.696
691.708
694.55
694.256
638.964
637.053
657.643
587.517
612.642
615.112
607.205
609.963
584.202
597.26
623.242
625.524
618.169
620.818
595.104
681.794
688.584
688.056
689.572
689.097
682.774
695.118
692.797
693.074
582.907
560.62
563.231
562.04
561.012
583.595
511.993
537.919
537.756
573.681
577.652
481.692
678.059
651.087
637.958
663.315
659.189
677.597
697.948
697.948
697.948
697.948
697.948
697.948
697.948
697.948
697.948
697.948
697.948
697.948
697.948
697.948
697.948
697.948
697.948
697.948
697.948
697.948
697.948
697.948
697.948
697.948
697.948
697.948
697.948
697.948
697.948
697.948
697.948
697.948
697.948
697.948
697.948
697.948
697.948
697.948
697.948
697.948
697.948
697.948
697.948
697.948
697.948
697.948
697.948
697.948
697.948
697.948
697.948
697.948
697.948
697.948
697.948
697.948
697.948
697.948
697.948
697.948
697.948
697.948
697.948
697.948
697.948
697.948
697.948
697.948
697.948
697.948
697.948
697.948
697.948
697.948
697.948
697.948
697.948
697.948
697.948
697.948
697.948
697.948
697.948
697.948
697.948
697.948
697.948
697.948
697.948
697.948
697.948
697.948
697.948
697.948
697.948
697.948
697.948
697.948
697.948
697.948
697.948
697.948
697.948
697.948
697.948
697.948
697.947
697.947
697.948
697.948
697.948
697.948
697.948
697.948
697.948
697.948
697.948
562.203
646.584
645.75
697.948
697.948
697.948
697.948
697.948
697.948
697.948
697.948
697.948
697.947
697.74
697.799
662.023
697.178
697.176
697.948
697.948
697.948
697.948
697.948
697.948
697.948
697.948
697.948
697.948
697.948
697.948
697.948
697.937
697.943
696.915
650.682
650.311
682.007
697.932
697.936
697.948
697.948
697.948
697.947
697.947
697.948
697.948
697.948
697.948
697.948
697.948
697.948
697.948
697.948
697.948
697.948
697.948
697.948
697.948
697.948
697.948
697.948
697.948
697.948
697.948
697.948
697.948
697.948
697.948
697.948
697.948
697.948
697.948
697.948
697.948
697.948
697.948
697.948
697.948
697.948
697.948
697.948
697.11
697.735
697.743
697.948
697.948
697.948
576.109
575.849
529.79
697.948
697.948
697.948
697.948
697.948
697.947
697.938
697.939
697.935
697.918
697.934
697.936
697.702
697.862
697.857
697.852
697.846
697.646
697.936
697.935
697.898
697.291
695.327
695.217
695.096
694.965
697.201
697.767
697.78
697.905
697.948
697.948
697.948
697.948
697.948
697.948
697.948
697.948
697.948
697.56
697.851
697.856
697.814
697.821
697.443
697.948
697.948
697.948
697.948
697.948
697.948
697.948
697.948
697.948
697.948
697.948
697.948
697.359
697.798
697.806
697.751
697.759
697.206
697.909
697.938
697.937
697.942
697.941
697.923
697.928
697.943
697.942
697.948
697.948
697.948
697.948
697.948
697.948
697.948
697.948
697.948
697.948
697.948
697.948
693.221
695.424
695.24
696.225
696.121
694.537
628.43
655.797
657.431
643.282
645.614
612.09
697.948
697.948
697.948
697.947
697.947
697.948
697.948
697.948
697.948
695.126
696.411
696.324
697.946
697.948
697.947
697.948
697.948
697.948
645.751
666.296
667.328
658.939
660.3
635.71
697.948
697.948
697.948
697.948
697.948
697.948
697.948
697.948
697.948
697.948
697.948
697.948
697.948
697.945
697.946
697.941
697.943
697.947
697.932
697.883
697.882
697.887
697.885
697.933
697.948
697.948
697.948
697.947
697.947
697.948
697.947
697.943
697.943
697.908
697.791
697.801
697.948
697.948
697.948
697.948
697.948
697.948
697.948
697.948
697.948
697.948
697.948
697.948
697.948
697.948
697.948
697.948
697.948
697.948
697.948
697.948
697.948
697.948
697.948
697.948
697.948
697.948
697.948
697.948
697.948
697.948
697.948
697.948
697.948
697.948
697.948
697.948
697.948
697.948
697.948
697.948
697.948
697.948
697.948
697.948
697.948
697.948
697.948
697.948
697.948
697.948
697.948
697.948
697.948
697.948
697.948
697.948
697.948
697.948
697.948
697.948
697.948
697.948
697.948
697.948
697.948
697.948
697.948
697.948
697.948
697.753
697.925
697.925
697.924
697.925
697.752
649.778
648.209
568.264
691.161
678.178
678.88
678.044
677.996
691.184
697.948
697.948
697.948
697.948
697.948
697.948
697.948
697.948
697.948
697.948
697.948
697.948
697.591
697.669
697.946
607.934
686.024
685.563
687.277
686.629
606.813
697.175
697.177
662.81
697.948
697.941
697.941
697.942
697.941
697.948
697.948
697.948
697.948
697.947
697.948
697.948
697.948
697.948
697.947
697.948
697.948
697.948
697.948
697.948
697.948
697.947
697.948
697.948
697.948
697.948
697.947
697.946
697.948
697.948
697.948
697.948
697.946
697.947
697.948
697.948
697.948
697.948
697.947
697.772
697.928
697.924
697.936
697.936
697.828
697.948
697.947
697.947
537.54
537.533
510.551
495.58
576.876
573.399
697.948
697.948
697.948
697.948
697.948
697.948
697.948
697.948
697.948
697.948
697.948
697.948
697.948
697.948
697.948
697.948
697.948
697.948
697.948
697.948
697.948
697.948
697.948
697.948
697.948
697.948
697.948
697.948
697.948
697.948
697.948
697.948
697.948
697.945
697.947
697.948
697.945
697.946
697.943
697.948
697.948
697.948
697.948
697.948
697.948
697.948
697.948
697.948
697.948
697.948
697.948
697.948
697.948
697.948
697.948
697.948
697.948
697.948
697.948
697.948
697.948
697.948
697.948
697.948
697.948
697.948
697.719
697.727
697.077
697.934
697.891
697.889
697.895
697.893
697.935
697.948
697.948
697.948
696.341
697.262
697.199
697.368
697.318
696.461
636.66
636.032
565.43
695.591
680.847
681.116
654.631
620.799
620.377
621.054
621.007
654.83
531.803
575.513
575.56
696.44
696.487
697.76
626.374
686.874
686.538
697.94
697.948
697.948
697.947
697.948
697.936
697.948
697.948
697.948
697.946
697.948
697.948
697.904
697.934
697.926
697.941
697.939
697.923
697.947
697.948
697.948
697.948
697.948
697.947
697.928
697.931
697.909
697.948
697.948
697.948
697.948
697.948
697.948
697.946
697.948
697.948
697.948
697.948
697.946
697.946
697.948
697.948
697.948
697.948
697.946
675.583
688.583
688.955
687.835
688.216
674.686
672.104
687.068
687.462
686.185
686.646
671.146
697.947
697.948
697.948
697.871
697.867
697.718
697.628
697.841
697.836
697.947
697.948
697.948
697.948
697.948
697.947
696.775
697.456
697.415
697.527
697.494
696.866
697.947
697.944
697.945
697.944
697.944
697.947
697.893
697.934
697.932
695.503
695.426
697.315
676.964
689.312
689.596
688.552
688.953
676.163
673.593
686.954
687.087
689.42
687.596
674.292
697.808
697.81
697.914
696.661
697.461
697.459
697.49
697.471
696.688
697.948
697.948
697.948
697.948
697.948
697.948
697.84
697.846
697.539
697.469
697.828
697.834
697.948
697.948
697.948
697.948
697.948
697.948
697.948
697.948
697.948
697.948
697.948
697.948
697.783
697.79
697.33
697.238
697.767
697.775
697.939
697.938
697.913
697.921
697.941
697.94
697.948
697.948
697.948
697.948
697.948
697.948
697.948
697.948
697.948
697.948
697.948
697.948
697.948
697.948
697.948
697.948
697.948
697.948
697.948
697.948
697.948
697.948
697.948
697.948
697.948
697.948
697.948
697.948
697.948
697.948
697.948
697.948
697.948
697.948
697.948
697.948
697.948
697.948
697.948
697.948
697.948
697.948
697.948
697.948
697.948
697.948
697.948
697.948
695.74
696.961
696.864
697.127
697.047
695.903
695.743
695.595
693.536
694.31
696.004
695.881
697.761
697.883
697.86
697.915
697.901
697.805
697.257
697.711
697.638
697.826
697.776
697.453
689.316
689.655
678.327
667.444
685.135
685.68
684.093
684.627
666.164
651.961
653.953
625.306
615.238
647.751
649.908
605.534
631.39
633.319
627.56
629.596
603.491
614.731
638.327
638.845
635.039
636.841
612.474
685.1
690.574
690.102
691.205
690.963
685.704
695.823
697.451
697.506
632.182
629.412
606.133
685.724
690.871
690.862
697.948
697.948
697.948
697.948
697.948
697.948
697.948
697.948
697.948
697.948
697.948
697.948
697.948
697.948
697.948
697.948
697.948
697.948
697.948
697.948
697.948
687.28
687.448
674.452
697.948
697.948
697.947
697.948
697.948
697.948
664.015
665.179
643.788
637.747
661.591
662.826
697.948
697.948
697.948
697.948
697.948
697.948
697.948
697.948
697.948
697.948
697.948
697.948
697.948
697.948
697.948
697.948
697.948
697.948
697.948
697.948
697.948
697.948
697.948
697.948
697.948
697.948
697.948
697.948
697.948
697.948
697.948
697.948
697.948
697.948
697.948
697.948
697.948
697.948
697.948
697.948
697.948
697.948
697.948
697.948
697.948
697.948
697.948
697.948
697.948
697.948
697.948
697.948
697.946
697.946
697.948
697.948
697.948
697.948
697.948
697.948
697.948
697.948
697.948
697.948
697.948
697.948
697.948
697.948
697.948
697.948
697.921
697.93
696.725
651.499
651.034
682.434
697.924
697.929
697.948
697.949
697.948
697.946
697.947
697.948
697.948
697.948
697.948
697.948
697.948
697.948
697.948
697.948
697.948
567.535
635.618
635.62
687.395
687.159
628.752
694.162
694.114
696.828
697.914
697.812
697.817
697.948
697.948
697.948
697.948
697.948
697.948
697.945
697.945
697.935
697.686
697.883
697.886
697.861
697.865
697.615
697.948
697.948
697.948
697.948
697.948
697.948
697.948
697.948
697.948
697.948
697.948
697.948
697.948
697.948
697.948
697.948
697.948
697.948
697.948
697.948
697.948
697.948
697.948
697.948
697.948
697.948
697.948
697.948
697.948
697.948
697.948
697.948
697.948
697.948
697.948
697.948
697.948
697.948
697.948
697.948
697.948
697.948
697.948
697.948
697.948
697.948
697.948
697.948
697.948
697.948
697.948
697.948
697.948
697.948
697.948
697.948
697.948
697.948
697.948
697.948
697.948
697.948
697.948
697.948
697.948
697.948
697.948
697.948
697.948
697.948
697.948
697.948
697.948
697.948
697.948
697.948
697.948
697.948
697.948
697.948
697.948
697.948
697.948
697.948
697.948
697.948
697.948
697.948
697.948
697.948
697.948
697.948
697.948
697.948
697.948
697.948
697.948
697.948
697.948
697.948
697.948
697.948
697.948
697.948
697.948
697.948
697.948
697.948
697.948
697.948
697.948
697.946
697.946
697.948
697.948
697.948
697.948
697.948
697.948
697.948
697.948
697.948
697.948
697.948
697.948
697.948
697.948
697.948
697.948
697.948
697.948
697.948
697.948
697.948
697.948
697.948
697.948
697.948
697.948
697.948
697.948
697.948
697.948
697.948
697.948
697.948
697.948
697.948
697.948
697.948
697.948
697.948
697.948
697.948
697.948
697.948
697.925
697.925
697.751
680.085
680.539
695.548
697.766
696.527
696.561
697.936
697.947
697.947
697.948
697.948
697.948
697.948
697.948
697.948
697.948
697.948
697.947
696.958
694.461
695.427
697.948
697.948
697.948
697.948
697.948
697.948
697.948
697.948
697.948
697.948
697.948
697.948
697.948
697.948
697.948
697.948
697.948
697.948
697.938
697.907
697.905
697.936
697.899
697.897
697.903
697.901
697.937
697.948
697.945
697.946
697.945
697.945
697.947
697.946
697.946
697.948
697.944
697.943
697.93
697.934
697.944
697.944
697.948
697.948
697.948
697.948
697.948
697.948
697.876
697.88
697.674
697.631
697.869
697.873
697.948
697.948
697.948
697.948
697.948
697.948
697.948
697.948
697.948
697.948
697.948
697.948
697.948
697.948
697.948
697.948
697.948
697.948
697.948
697.948
697.948
697.948
697.948
697.948
697.948
697.948
697.948
697.948
697.948
697.948
697.948
697.948
697.948
697.948
697.948
697.948
697.948
697.948
697.948
697.948
697.948
697.948
697.948
697.948
697.948
697.948
697.948
697.948
697.948
697.948
697.948
697.948
697.948
697.948
697.948
697.948
697.948
697.948
697.948
697.948
697.948
697.948
697.948
697.948
697.948
697.948
697.948
697.948
697.948
697.948
697.948
697.948
697.948
697.948
697.948
697.948
697.948
697.948
697.948
697.948
697.948
697.948
697.948
697.948
697.948
697.948
697.948
697.948
697.948
697.948
697.94
697.403
697.509
665.031
697.163
697.171
697.948
697.948
697.948
697.948
697.948
697.948
697.948
697.948
697.948
697.948
697.948
697.948
697.948
697.948
697.948
697.948
697.948
697.948
697.948
697.948
697.948
697.948
697.948
697.948
697.948
697.948
697.948
697.948
697.948
697.948
697.948
697.948
697.948
697.948
697.948
697.948
697.948
697.948
697.948
697.948
697.948
697.948
697.948
697.948
697.948
697.948
697.948
697.948
697.948
697.948
697.948
697.948
697.948
697.948
697.948
697.948
697.948
697.948
697.948
697.948
685.317
685.292
611.639
697.941
697.94
697.949
697.948
697.948
697.948
697.948
697.948
697.948
697.948
697.948
697.948
669.291
573.842
411.882
668.579
572.192
410.025
660.188
558.293
400.433
659.654
557.602
400.314
376.593
313.265
275.639
696.719
673.404
500.46
662.851
549.637
356.737
658.103
540.35
351.061
375.919
313.198
275.623
491.625
429.608
333.261
696.429
669.736
491.52
672.352
577.822
411.62
672.831
578.565
411.718
665.151
567.057
407.566
664.908
567.211
408.513
654.015
548.553
393.679
654.803
550.209
395.206
406.407
326.822
279.371
414.374
329.499
279.863
478.288
426.247
335.396
697.776
691.482
586.083
685.752
609.081
416.506
687.287
614.797
419.959
685.231
607.182
415.34
670.403
574.743
410.551
667.3
570.671
410.135
662.377
562.839
404.731
657.248
553.796
396.52
633.882
518.655
373.602
695.974
658.303
470.523
370.407
312.609
275.584
420.153
331.433
280.219
416.045
329.919
279.907
553.193
428.977
313.54
453.822
342.691
281.426
462.087
346.869
282.393
473.051
352.728
283.483
465.763
348.922
282.708
490.147
362.585
285.695
476.256
354.516
283.915
487.242
360.891
285.247
451.936
341.828
281.255
444.189
338.083
280.568
435.026
334.156
279.814
441.902
337.079
280.327
416.302
327.244
278.346
422.988
329.408
278.815
432.367
333.001
279.525
425.929
330.681
279.093
413.337
325.993
278.136
375.193
311.31
275.052
372.231
311.423
275.177
421.039
331.916
280.371
687.76
616.652
421.211
689.449
624.074
425.012
689.912
626.306
426.93
670.994
575.887
411.423
674.409
581.678
414.02
666.795
569.847
409.578
662.766
563.153
404.373
652.081
545.436
390.9
656.517
552.51
395.67
624.901
505.999
361.822
629.588
512.233
370.188
625.914
507.621
363.498
632.713
516.99
371.382
630.205
513.062
371.039
607.951
481.998
346.321
595.631
468.172
334.003
593.659
466.331
331.992
550.116
426.337
312.011
541.44
420.765
313.485
677.106
586.703
413.298
677.49
587.093
412.272
669.564
573.785
410.939
676.606
585.731
413.111
675.948
584.012
411.523
668.02
571.198
409.315
660.871
559.508
401.345
649.6
541.642
391.309
650.022
541.959
391.059
659.245
557.309
400.708
648.737
539.959
389.455
647.846
538.269
387.662
380.973
318.606
277.055
379.054
317.252
276.716
376.517
313.072
275.608
382.565
320.246
277.462
383.892
322.208
277.946
696.894
675.628
508.525
587.29
459.338
330.039
585.109
457.376
327.946
667.401
558.918
362.559
685.971
609.392
405.907
654.286
532.803
346.157
374.836
312.951
275.56
492.091
427.287
325.219
696.073
666.134
485.233
680.238
593.566
415.42
671.974
577.509
412.212
673.403
579.698
412.438
665.546
567.419
407.334
664.008
565.376
406.113
653.312
547.533
393.072
655.436
551.173
395.747
644.515
533.535
383.925
588.796
460.86
331.715
590.492
463.18
330.229
697.75
690.319
562.254
697.659
687.082
543.187
409.762
328.067
279.602
412.31
328.902
279.769
686.38
611.725
419.457
686.851
613.348
420.014
684.476
605.104
418.15
678.529
589.205
412.396
677.968
587.932
411.951
669.925
574.032
410.382
674.655
581.813
413.905
675.429
582.911
411.01
667.592
570.69
409.361
661.628
561.294
403.189
651.166
543.621
392.281
650.563
542.618
391.296
658.019
555.509
398.037
646.288
535.816
385.8
647.036
536.871
386.482
635.833
520.836
376.89
635.289
520.302
376.453
374.387
314.111
275.932
376.736
316.032
276.411
374.313
312.56
275.523
379.78
327.044
279.405
383.591
324.41
278.52
372.334
332.126
281.694
418.921
330.824
280.045
417.544
330.322
279.95
697.157
679.199
518.952
579.351
451.886
326.543
581.437
454.212
325.412
583.111
455.696
326.072
675.983
580.191
380.023
670.233
565.687
368.31
679.397
589.468
387.747
682.319
598.39
396.668
648.354
521.679
338.793
563.834
418.415
298.808
456.144
343.795
281.672
458.881
345.149
281.997
470.307
351.227
283.141
468.027
350.012
282.889
479.972
356.689
284.421
484.224
359.232
284.87
450.131
341.099
281.146
446.938
339.432
280.89
438.128
335.65
280.072
440.104
336.396
280.183
418.236
327.759
278.429
420.448
328.476
278.585
430.166
332.174
279.33
428.525
331.747
279.253
410.372
324.81
277.863
373.482
312.479
275.443
422.261
332.426
280.586
689.062
622.434
424.546
688.225
618.706
423.64
690.407
628.956
430.518
679.17
590.922
413.702
679.805
592.734
415.381
671.706
577.614
413.363
674.076
581.365
414.215
666.091
568.324
407.948
663.308
563.983
404.795
652.789
546.915
392.726
655.912
551.641
395.44
645.672
535.172
385.609
645.259
534.955
385.719
643.573
531.442
384.803
624.101
504.737
361.019
628.76
510.961
368.79
627.196
509.301
365.768
631.133
514.334
368.915
631.854
515.388
369.73
597.702
470.162
336.215
591.911
464.673
330.545
546.926
423.855
310.743
543.974
422.133
309.814
697.861
693.744
597.025
697.913
695.75
626.321
697.912
695.751
628.644
462.948
407.015
315.512
470.217
413.692
316.964
618.712
478.349
319.259
584.039
438.372
304.743
623.699
484.916
321.829
578.362
432.863
303.352
386.225
315.642
275.957
380.406
313.533
275.534
375.744
312.297
275.323
379.242
313.139
275.453
375.825
312.255
275.315
523.487
412.632
328.269
693.991
648.79
452.455
693.439
645.459
446.58
603.128
475.708
341.062
613.2
488.678
351.419
612.284
487.261
350.47
602.23
474.477
340.533
599.731
472.15
338.634
697.076
671.21
495.978
697.352
678.144
510.945
441.432
378.606
327.259
565.478
438.928
319.917
447.205
345.913
283.731
444.642
344.049
283.279
434.838
338.243
281.928
427.157
350.557
289.116
482.486
419.399
313.804
683.589
602.484
416.469
636.401
521.551
377.648
637.333
522.754
375.548
640.208
527.016
380.998
535.703
415.434
311.195
691.638
632.231
433.088
437.89
390.907
297.824
697.489
685.057
542.541
697.296
681.766
529.672
574.462
447.245
324.327
562.462
436.448
317.776
573.009
445.869
324.363
571.171
443.716
325.213
688.008
617.011
414.904
597.287
452.59
309.638
602.597
458.498
311.609
643.142
513.482
335.345
638.193
505.794
331.59
384.481
314.871
275.828
383.318
314.37
275.709
375.216
311.781
275.182
369.857
310.367
274.944
456.367
373.656
289.866
449.716
407.311
303.297
458.937
391.09
297.76
430.522
336.398
281.513
413.958
323.305
281.383
485.27
420.67
315.215
695.123
657.407
465.495
695.384
659.632
470.052
681.496
596.568
414.281
682.949
600.267
414.373
680.683
594.734
416.652
642.848
530.192
383.358
640.873
527.799
381.695
606.699
480.486
344.455
533.476
413.012
308.092
406.102
326.982
279.459
453.051
394.926
306.547
475.479
416.987
315.417
538.315
419.582
320.688
538.816
418.492
319.053
537.66
419.954
319.952
536.832
419.276
317.674
612.346
469.602
315.136
400.986
325.941
279.313
402.603
326.529
279.448
588.701
443.066
306.18
629.832
492.99
324.743
573.374
428.015
302.002
543.658
401.461
295.119
548.509
405.517
296.202
508.167
374.749
288.365
511.534
376.972
288.951
539.347
397.795
294.12
535.698
394.971
293.277
503.148
371.311
287.77
499.107
368.649
287.16
386.318
315.818
276.008
388.704
316.569
276.154
399.563
320.609
276.983
398.107
320.121
276.891
401.185
321.153
277.095
403.027
321.874
277.264
385.893
315.594
275.972
381.332
313.814
275.593
375.647
312.232
275.302
377.683
312.565
275.324
375.068
311.666
275.186
398.583
323.359
278.707
398.131
324.572
278.994
694.289
650.781
455.078
694.593
653.066
459.501
692.852
641.768
444.599
622.41
501.957
361.88
623.166
503.048
362.882
604.181
477.251
341.892
621.56
500.765
360.808
619.745
498.884
357.812
614.084
490.259
352.451
611.092
485.727
348.557
531.67
413.293
317.409
406.599
326.756
279.369
404.941
327.023
279.507
405.545
327.07
279.496
697.855
693.694
604.552
697.718
689.918
571.753
697.583
686.998
555.148
568.466
441.409
322.391
450.62
350.243
284.69
453.3
356.763
286.152
441.835
342.014
282.829
438.616
340.108
282.373
439.923
372.544
296.446
479.383
418.482
314.029
684.14
604.355
418.334
638.017
523.776
376.485
638.888
525.369
378.323
541.01
420.821
325.796
540.22
419.77
322.967
536.337
416.946
313.643
693.279
640.957
444.86
695.08
650.957
457.786
421.002
367.86
292.841
400.061
343.831
286.106
404.291
326.915
279.502
403.548
326.753
279.484
576.093
448.777
324.728
577.77
450.368
325.348
556.963
432.12
314.329
559.553
434.033
315.914
592.636
447.386
307.801
608.453
464.976
313.496
633.832
498.918
327.969
569.225
423.98
300.873
559.605
414.787
298.229
553.872
410.019
297.303
519.532
382.831
290.536
515.247
379.699
289.683
524.364
386.409
291.475
529.771
390.478
292.438
493.491
364.686
286.033
393.422
318.287
276.533
391.108
317.394
276.332
395.484
319.195
276.73
396.943
319.771
276.832
407.688
323.755
277.609
408.852
324.12
277.662
406.745
323.589
277.604
405.078
322.851
277.484
385.652
315.558
275.975
382.287
314.083
275.649
375.455
312.092
275.261
374.777
311.089
275.036
372.918
310.726
274.987
457.083
411.388
307.11
459.902
404.936
304.863
425.583
334.373
281.074
402.667
321.32
278.754
487.37
421.698
316.445
695.673
662.367
477.37
692.007
636.972
437.323
692.544
640.035
442.619
691.594
634.526
434.211
690.991
631.653
435.178
681.884
597.302
413.467
682.378
598.555
413.474
642.099
529.123
382.408
641.433
528.318
381.883
605.401
478.869
342.989
616.896
495.554
353.252
618.195
497.196
355.169
614.934
491.759
353.703
615.945
494.071
352.295
609.632
484.299
346.403
532.534
411.519
309.044
697.9
695.219
620.784
)
;

boundaryField
{
    topAndBottom
    {
        type            calculated;
        value           nonuniform List<scalar> 
72
(
697.948
697.948
697.948
697.948
697.948
697.948
697.948
697.948
697.948
697.948
697.948
697.948
697.948
697.948
697.948
697.948
697.948
697.948
697.948
697.948
697.948
697.948
697.948
697.948
697.948
697.948
697.948
697.948
697.948
697.948
697.948
697.948
697.948
697.948
697.948
697.948
697.948
697.948
697.948
697.948
697.948
697.948
697.948
697.948
697.948
697.948
697.948
697.948
697.948
697.948
697.948
697.948
697.948
697.948
697.948
697.948
697.948
697.948
697.948
697.948
697.948
697.948
697.948
697.948
697.948
697.948
697.948
697.948
697.948
697.948
697.948
697.948
)
;
    }
    inlet
    {
        type            calculated;
        value           uniform 697.948;
    }
    outlet
    {
        type            calculated;
        value           nonuniform List<scalar> 
24
(
697.948
697.948
697.948
697.948
697.948
697.948
697.948
697.948
697.947
697.888
696.34
675.953
690.815
697.932
697.948
697.948
697.948
697.948
697.948
697.948
697.948
697.948
697.948
697.948
)
;
    }
    wing
    {
        type            calculated;
        value           uniform 261.412;
    }
    front
    {
        type            empty;
    }
    back
    {
        type            empty;
    }
}


// ************************************************************************* //
