/*--------------------------------*- C++ -*----------------------------------*\
| =========                 |                                                 |
| \\      /  F ield         | OpenFOAM: The Open Source CFD Toolbox           |
|  \\    /   O peration     | Version:  5.x                                   |
|   \\  /    A nd           | Web:      www.OpenFOAM.org                      |
|    \\/     M anipulation  |                                                 |
\*---------------------------------------------------------------------------*/
FoamFile
{
    version     2.0;
    format      ascii;
    class       volScalarField;
    location    "500";
    object      massFlux;
}
// * * * * * * * * * * * * * * * * * * * * * * * * * * * * * * * * * * * * * //

dimensions      [0 0 0 0 0 0 0];

internalField   nonuniform List<scalar> 
6584
(
0.0241908
0.0241908
0.0241908
0.0241908
0.0241908
0.0241908
0.0241908
0.0241908
0.0241908
0.0241908
0.0241908
0.0241908
0.0241908
0.0241908
0.0241908
0.0241908
0.0241908
0.0241908
0.0241908
0.0241908
0.0241908
0.0241908
0.0241908
0.0241908
0.0241902
0.0241902
0.0241902
0.0241902
0.0241902
0.0241902
0.0241903
0.0241903
0.0241903
0.0241903
0.0241903
0.0241903
0.0241903
0.0241903
0.0241903
0.0241903
0.0241903
0.0241903
0.0241902
0.0241902
0.0241902
0.0241902
0.0241902
0.0241902
0.0241897
0.0241897
0.0241897
0.0241897
0.0241897
0.0241897
0.0241897
0.0241897
0.0241897
0.02419
0.02419
0.02419
0.02419
0.02419
0.02419
0.0241897
0.0241897
0.0241897
0.0241897
0.0241897
0.0241897
0.0241897
0.0241897
0.0241897
0.0241891
0.0241891
0.0241891
0.0241891
0.0241891
0.0241891
0.0241891
0.0241891
0.0241891
0.0241894
0.0241894
0.0241894
0.0241894
0.0241894
0.0241894
0.0241894
0.0241891
0.0241891
0.0241891
0.0241891
0.0241891
0.0241891
0.0241891
0.0241891
0.0241885
0.0241885
0.0241885
0.0241885
0.0241885
0.0241885
0.0241885
0.0241885
0.0241888
0.0241888
0.0241888
0.0241888
0.0241888
0.0241888
0.0241888
0.0241888
0.0241888
0.0241885
0.0241885
0.0241885
0.0241885
0.0241885
0.0241885
0.0241885
0.0241879
0.0241879
0.0241879
0.0241879
0.0241879
0.0241879
0.0241879
0.0241882
0.0241882
0.0241882
0.0241883
0.0241883
0.0241883
0.0241883
0.0241882
0.0241882
0.0241882
0.0241879
0.0241879
0.0241879
0.0241879
0.0241879
0.0241879
0.0241879
0.0241873
0.0241873
0.0241873
0.0241873
0.0241873
0.0241873
0.0241873
0.0241876
0.0241876
0.0241876
0.0241877
0.0241878
0.0241878
0.0241877
0.0241878
0.0241876
0.0241876
0.0241873
0.0241873
0.0241873
0.0241873
0.0241873
0.0241873
0.0241873
0.0241867
0.0241867
0.0241867
0.0241867
0.0241867
0.0241867
0.0241867
0.024187
0.024187
0.024187
0.0241872
0.0241872
0.0241872
0.0241872
0.0241871
0.0241871
0.0241868
0.0241868
0.0241867
0.0241867
0.0241867
0.0241867
0.0241867
0.0241861
0.0241862
0.0241862
0.0241862
0.0241862
0.0241862
0.0241862
0.0241865
0.0241865
0.0241865
0.0241866
0.0241866
0.0241866
0.0241866
0.0241865
0.0241865
0.0241862
0.0241862
0.0241862
0.0241862
0.0241862
0.0241862
0.0241862
0.0241856
0.0241856
0.0241856
0.0241856
0.0241856
0.0241856
0.0241856
0.0241859
0.0241859
0.0241859
0.024186
0.0241861
0.0241861
0.0241861
0.0241859
0.0241859
0.0241856
0.0241856
0.0241856
0.0241856
0.0241856
0.0241856
0.0241856
0.024185
0.024185
0.024185
0.024185
0.024185
0.024185
0.024185
0.0241853
0.0241853
0.0241853
0.0241855
0.0241856
0.0241856
0.0241856
0.0241854
0.0241854
0.024185
0.024185
0.024185
0.024185
0.024185
0.024185
0.024185
0.0241844
0.0241844
0.0241844
0.0241844
0.0241844
0.0241844
0.0241844
0.0241847
0.0241847
0.0241848
0.0241849
0.024185
0.0241851
0.024185
0.0241848
0.0241848
0.0241845
0.0241844
0.0241844
0.0241844
0.0241844
0.0241844
0.0241844
0.0241838
0.0241838
0.0241838
0.0241838
0.0241838
0.0241838
0.0241838
0.0241841
0.0241842
0.0241842
0.0241843
0.0241844
0.0241845
0.0241844
0.0241843
0.0241842
0.0241839
0.0241839
0.0241838
0.0241838
0.0241838
0.0241838
0.0241838
0.0241832
0.0241832
0.0241832
0.0241832
0.0241832
0.0241833
0.0241833
0.0241833
0.0241836
0.0241836
0.0241837
0.0241838
0.0227524
0.0241839
0.0241839
0.0241837
0.0241836
0.0241833
0.0241833
0.0241833
0.0241833
0.0241832
0.0241832
0.0241832
0.0241826
0.0241826
0.0241826
0.0241827
0.0241827
0.0241827
0.0241827
0.0241827
0.024183
0.024183
0.0241831
0.0241831
0.0238503
0.0241833
0.0241831
0.0241831
0.0241828
0.0241827
0.0241827
0.0241827
0.0241827
0.0241827
0.0241826
0.0241826
0.0241821
0.0241821
0.0241821
0.0241821
0.0241821
0.0241821
0.0241821
0.0241821
0.0241824
0.0241824
0.0241824
0.0241825
0.0238768
0.0241825
0.0241825
0.0241825
0.0241822
0.0241822
0.0241821
0.0241821
0.0241821
0.0241821
0.0241821
0.0241821
0.0241815
0.0241815
0.0241815
0.0241815
0.0241815
0.0241815
0.0241815
0.0241815
0.0241815
0.0241818
0.0241818
0.024179
0.0240392
0.024182
0.024182
0.0241819
0.0241816
0.0241816
0.0241815
0.0241815
0.0241815
0.0241815
0.0241815
0.0241815
0.0241809
0.0241809
0.0241809
0.0241809
0.0241809
0.0241809
0.0241809
0.0241809
0.0241809
0.024181
0.0241812
0.0241764
0.0240423
0.0241814
0.0241811
0.024181
0.024181
0.024181
0.0241809
0.0241809
0.0241809
0.0241809
0.0241809
0.0241809
0.0241803
0.0241803
0.0241803
0.0241803
0.0241803
0.0241803
0.0241803
0.0241803
0.0241804
0.0241804
0.0241799
0.0241056
0.0241136
0.0241805
0.0241805
0.0241805
0.0241804
0.0241804
0.0241804
0.0241803
0.0241803
0.0241803
0.0241803
0.0241803
0.0241797
0.0241797
0.0241797
0.0241797
0.0241797
0.0241797
0.0241798
0.0241798
0.0241798
0.0241798
0.0241789
0.0241051
0.0241136
0.0241799
0.0241799
0.0241799
0.0241798
0.0241798
0.0241798
0.0241797
0.0241797
0.0241797
0.0241797
0.0241797
0.0241791
0.0241791
0.0241791
0.0241791
0.0241792
0.0241792
0.0241792
0.0241792
0.0241792
0.0241792
0.0241779
0.0241045
0.0241134
0.0241793
0.0241793
0.0241793
0.0241792
0.0241792
0.0241792
0.0241792
0.0241791
0.0241791
0.0241791
0.0241791
0.0241785
0.0241786
0.0241786
0.0241786
0.0241786
0.0241786
0.0241786
0.0241786
0.0241786
0.0241786
0.024177
0.024104
0.0241132
0.0241788
0.0241787
0.0241787
0.0241787
0.0241786
0.0241786
0.0241786
0.0241785
0.0241785
0.0241785
0.0241785
0.024178
0.024178
0.024178
0.024178
0.024178
0.024178
0.024178
0.024178
0.024178
0.024178
0.0241761
0.0241035
0.024113
0.0241782
0.0241782
0.0241781
0.0241781
0.024178
0.024178
0.024178
0.024178
0.0241779
0.0241779
0.0241779
0.0241774
0.0241774
0.0241774
0.0241774
0.0241774
0.0241774
0.0241774
0.0241774
0.0241775
0.0241774
0.0241752
0.0241029
0.0241127
0.0241776
0.0241776
0.0241775
0.0241775
0.0241775
0.0241774
0.0241774
0.0241774
0.0241773
0.0241773
0.0241773
0.0241768
0.0241768
0.0241768
0.0241768
0.0241768
0.0241768
0.0241768
0.0241769
0.0241769
0.0241768
0.0241744
0.0241024
0.0241124
0.024177
0.024177
0.0241769
0.0241769
0.0241769
0.0241768
0.0241768
0.0241768
0.0241768
0.0241767
0.0241767
0.0241762
0.0241762
0.0241762
0.0241762
0.0241762
0.0241762
0.0241763
0.0241763
0.0241763
0.0241763
0.0241735
0.0241018
0.0241121
0.0241764
0.0241764
0.0241764
0.0241763
0.0241763
0.0241762
0.0241762
0.0241762
0.0241762
0.0241762
0.0241761
0.0241756
0.0241756
0.0241756
0.0241756
0.0241757
0.0241757
0.0241757
0.0241757
0.0241757
0.0241757
0.0241726
0.0241013
0.0241118
0.0241758
0.0241758
0.0241758
0.0241757
0.0241757
0.0241756
0.0241756
0.0241756
0.0241756
0.0241756
0.0241756
0.024175
0.024175
0.0241751
0.0241751
0.0241751
0.0241751
0.0241751
0.0241751
0.0241751
0.0241751
0.0241717
0.0241007
0.0241115
0.0241753
0.0241752
0.0241752
0.0241751
0.0241751
0.0241751
0.024175
0.024175
0.024175
0.024175
0.024175
0.0241745
0.0241745
0.0241745
0.0241745
0.0241745
0.0241745
0.0241745
0.0241745
0.0241746
0.0241745
0.0241709
0.0241002
0.0241112
0.0241747
0.0241747
0.0241746
0.0241746
0.0241745
0.0241745
0.0241744
0.0241744
0.0241744
0.0241744
0.0241744
0.0241739
0.0241739
0.0241739
0.0241739
0.0241739
0.0241739
0.0241739
0.024174
0.024174
0.0241739
0.02417
0.0240996
0.0241109
0.0241741
0.0241741
0.024174
0.024174
0.0241739
0.0241739
0.0241738
0.0241738
0.0241738
0.0241738
0.0241738
0.0241733
0.0241733
0.0241733
0.0241733
0.0241733
0.0241733
0.0241734
0.0241734
0.0241734
0.0241733
0.0241692
0.0240991
0.0241106
0.0241735
0.0241735
0.0241734
0.0241734
0.0241733
0.0241733
0.0241733
0.0241732
0.0241732
0.0241732
0.0241732
0.0241727
0.0241727
0.0241727
0.0241727
0.0241727
0.0241728
0.0241728
0.0241728
0.0241728
0.0241727
0.0241683
0.0240985
0.0241102
0.0241729
0.0241729
0.0241729
0.0241728
0.0241728
0.0241727
0.0241727
0.0241726
0.0241726
0.0241726
0.0241726
0.0241721
0.0241721
0.0241721
0.0241721
0.0241722
0.0241722
0.0241722
0.0241722
0.0241723
0.0241721
0.0241675
0.024098
0.0241099
0.0241724
0.0241723
0.0241723
0.0241722
0.0241722
0.0241721
0.0241721
0.0241721
0.024172
0.024172
0.024172
0.0241715
0.0241715
0.0241716
0.0241716
0.0241716
0.0241716
0.0241716
0.0241716
0.0241717
0.0241715
0.0241667
0.0240974
0.0241095
0.0241718
0.0241717
0.0241717
0.0241716
0.0241716
0.0241715
0.0241715
0.0241715
0.0241714
0.0241714
0.0241714
0.024171
0.024171
0.024171
0.024171
0.024171
0.024171
0.024171
0.0241711
0.0241711
0.0241709
0.0241659
0.0240969
0.0241091
0.0241712
0.0241712
0.0241711
0.024171
0.024171
0.0241709
0.0241709
0.0241709
0.0241709
0.0241708
0.0241708
0.0241704
0.0241704
0.0241704
0.0241704
0.0241704
0.0241704
0.0241705
0.0241705
0.0241705
0.0241703
0.024165
0.0240963
0.0241088
0.0241706
0.0241706
0.0241705
0.0241705
0.0241704
0.0241703
0.0241703
0.0241703
0.0241703
0.0241702
0.0241702
0.0241867
0.0241867
0.0241872
0.0241862
0.0241862
0.0241866
0.0241856
0.0241857
0.0241861
0.0241851
0.0241852
0.0241856
0.0241845
0.0241846
0.0241851
0.0241839
0.0234588
0.0227094
0.024184
0.0241846
0.0241873
0.0241878
0.0241873
0.0241878
0.0241867
0.0241867
0.0241872
0.0241869
0.0241872
0.0241867
0.0241868
0.0241872
0.0241862
0.0241862
0.0241866
0.0241864
0.0241864
0.0241866
0.0241864
0.0241866
0.0241862
0.0241862
0.0241866
0.0241856
0.0241856
0.0241861
0.0241859
0.0241859
0.0241861
0.0241856
0.0241861
0.0241857
0.0241857
0.0241861
0.0241851
0.0241851
0.0241856
0.0241853
0.0241853
0.0241856
0.0241853
0.0241853
0.0241852
0.0241852
0.0241856
0.0241849
0.0241851
0.0241846
0.0241846
0.024185
0.0241843
0.0241845
0.0241833
0.0236854
0.0234371
0.0235351
0.0241834
0.024184
0.0241866
0.0241869
0.0241869
0.0241869
0.0241866
0.0241872
0.0241869
0.0241866
0.0241869
0.0241869
0.0241869
0.0241866
0.0241861
0.0241864
0.0241864
0.0241864
0.0241861
0.0241866
0.0241864
0.0241861
0.0241864
0.0241864
0.0241864
0.0241861
0.0241866
0.0241864
0.0241865
0.0241856
0.0241858
0.0241858
0.0241858
0.0241856
0.0241861
0.0241859
0.0241853
0.0241856
0.0241859
0.0241859
0.0241856
0.0241861
0.0241859
0.024186
0.0241853
0.0241851
0.0241856
0.0241853
0.0241851
0.0241853
0.0241854
0.0241854
0.0241851
0.0241856
0.0241854
0.0241854
0.0241847
0.0241845
0.024185
0.0241848
0.0241846
0.0241848
0.0241851
0.0241849
0.0241849
0.0241841
0.0241838
0.0241844
0.0241842
0.024184
0.0241843
0.024187
0.0241869
0.0241872
0.024187
0.0241871
0.0241845
0.0241845
0.024185
0.0241848
0.0241848
0.024185
0.024182
0.0241803
0.024184
0.024184
0.0241845
0.0241872
0.024187
0.0241872
0.0241869
0.024187
0.0241851
0.0241853
0.0241853
0.0241811
0.024182
0.0241839
0.024184
0.024182
0.024183
0.0241799
0.024176
0.0241848
0.0241848
0.0241846
0.024184
0.024184
0.0241846
0.0241843
0.0241843
0.0241875
0.0241875
0.0241872
0.0241872
0.0241875
0.0241875
0.024187
0.024187
0.024187
0.0241872
0.024187
0.0241871
0.0241865
0.0241865
0.0241859
0.0241859
0.0241853
0.0241853
0.0241849
0.0241768
0.024185
0.024183
0.0241822
0.0241826
0.0241833
0.0241844
0.0241869
0.0241868
0.0241867
0.0241869
0.0241867
0.0241867
0.0241869
0.024187
0.024187
0.024187
0.0241869
0.0241867
0.0241868
0.0241862
0.0241862
0.0241865
0.0241865
0.0241862
0.0241862
0.0241862
0.0241863
0.0241864
0.0241862
0.0241863
0.0241862
0.0241865
0.0241865
0.0241866
0.0241864
0.0241865
0.0241865
0.0241857
0.0241857
0.024186
0.024186
0.0241852
0.0241853
0.0241858
0.0241858
0.0241859
0.0241857
0.0241858
0.0241857
0.024186
0.024186
0.0241861
0.0241859
0.024186
0.024186
0.0241813
0.0241852
0.0241831
0.0241826
0.0241839
0.0241832
0.0241852
0.0241855
0.0241827
0.0241854
0.0241852
0.0241852
0.0241855
0.0241855
0.0241856
0.0241854
0.0241855
0.0241855
0.0241837
0.0241839
0.0241849
0.0241842
0.0241839
0.0241844
0.0241843
0.0241849
0.0241831
0.0241837
0.0241847
0.0241808
0.0241824
0.0241773
0.0241804
0.0241847
0.024175
0.0241837
0.0241836
0.0240685
0.024184
0.0241837
0.0236474
0.0241828
0.0241831
0.0241871
0.0241839
0.0241839
0.0241844
0.0241842
0.0241842
0.0241844
0.0234466
0.0241833
0.0241839
0.0241871
0.0241845
0.0241847
0.0241847
0.0241704
0.0241709
0.0235399
0.024183
0.0241825
0.024172
0.0241738
0.0241735
0.0241827
0.022125
0.0241873
0.0241873
0.0241872
0.0241872
0.0241873
0.0241873
0.0241865
0.0241865
0.0241864
0.0241864
0.0241866
0.0241866
0.024186
0.024186
0.0241859
0.0241861
0.024186
0.024186
0.0241858
0.024186
0.0241853
0.0241853
0.0241581
0.0241512
0.0241844
0.0241834
0.0241837
0.0241837
0.0241835
0.0237032
0.0241871
0.024187
0.0241872
0.0241867
0.0241867
0.0241866
0.0241868
0.0241868
0.0241869
0.0241867
0.0241868
0.0241867
0.0241862
0.0241862
0.0241861
0.0241864
0.0241863
0.0241863
0.0241863
0.0241863
0.0241863
0.0241861
0.0241861
0.0241862
0.0241864
0.0241864
0.0241864
0.0241861
0.0241863
0.0241863
0.0241863
0.0241864
0.0241861
0.0241862
0.0241862
0.0241858
0.0241857
0.0241857
0.0241858
0.0241858
0.0241858
0.024186
0.024186
0.0241861
0.0241858
0.0241859
0.0241859
0.0241852
0.0241854
0.0241858
0.0241858
0.0241859
0.0241857
0.0241857
0.0241857
0.0241861
0.0241861
0.0241861
0.0241859
0.0241859
0.0241859
0.0241852
0.0241836
0.0241839
0.0241834
0.024183
0.0241853
0.0241853
0.0241853
0.0241854
0.0241852
0.0241853
0.0241852
0.0241846
0.0241844
0.0241844
0.0241843
0.0241844
0.0241846
0.0241774
0.0241778
0.0241843
0.0241842
0.0241843
0.024177
0.0241773
0.0241658
0.0241598
0.024187
0.0241871
0.0241871
0.0241555
0.0241814
0.0241607
0.0241628
0.0241627
0.0241812
0.0241871
0.0241871
0.0241871
0.0241871
0.0241871
0.0241808
0.0241813
0.0241718
0.0241709
0.024184
0.0241758
0.0241753
0.0241772
0.024176
0.024184
0.0241823
0.0241825
0.0241785
0.0241779
0.024184
0.0241788
0.0241778
0.0241739
0.0241747
0.0241869
0.0241869
0.024187
0.0241869
0.0241869
0.0241869
0.0241864
0.0241865
0.0241858
0.024186
0.0241853
0.0241853
0.0241778
0.0241838
0.0241835
0.0241841
0.0241839
0.0241776
0.0241827
0.0241824
0.0241834
0.0241829
0.0241827
0.0241704
0.0241732
0.024165
0.024169
0.0241826
0.0241472
0.0241533
0.0241868
0.0241868
0.0241867
0.0241869
0.0241868
0.0241868
0.0241867
0.0241866
0.0241867
0.0241867
0.0241869
0.024187
0.0241869
0.0241869
0.0241869
0.0241867
0.0241867
0.0241867
0.0241867
0.0241868
0.0241868
0.0241867
0.0241868
0.0241868
0.0241868
0.0241867
0.0241862
0.0241863
0.0241863
0.0241863
0.0241862
0.0241863
0.0241863
0.0241861
0.024186
0.0241862
0.0241861
0.0241862
0.0241861
0.0241862
0.0241865
0.0241865
0.0241866
0.0241865
0.0241864
0.0241863
0.0241865
0.0241864
0.0241864
0.0241864
0.0241865
0.0241862
0.0241863
0.0241863
0.0241863
0.0241863
0.0241862
0.0241862
0.0241863
0.0241857
0.0241858
0.0241858
0.0241856
0.0241855
0.0241855
0.0241856
0.0241855
0.0241855
0.0241855
0.0241855
0.024186
0.024186
0.024186
0.0241859
0.0241858
0.024186
0.0241859
0.0241857
0.0241856
0.0241858
0.0241857
0.0241859
0.0241859
0.0241859
0.0241851
0.0241854
0.0241858
0.0241858
0.0241858
0.0241857
0.0241857
0.0241858
0.024186
0.0241861
0.024186
0.0241859
0.024186
0.024186
0.0241819
0.0241826
0.0241852
0.0241852
0.0241853
0.0241852
0.0241823
0.0241837
0.0241851
0.024185
0.0241851
0.0241851
0.0241835
0.0241854
0.0241854
0.0241855
0.0241854
0.0241832
0.0241853
0.0241853
0.0241854
0.0241853
0.0241833
0.0241832
0.0241835
0.0241852
0.0241815
0.0241826
0.0241822
0.0241814
0.0241825
0.0241853
0.0241827
0.024183
0.0241838
0.0241719
0.0241732
0.0241747
0.0241719
0.0241838
0.0241717
0.0241833
0.0241733
0.0241834
0.024179
0.0241843
0.0241841
0.0241844
0.0241843
0.0241792
0.0241736
0.0241743
0.0241779
0.0241781
0.0241753
0.0241767
0.0241693
0.0241671
0.0241873
0.0241873
0.0241878
0.0241843
0.0241842
0.024184
0.0241872
0.0241872
0.0241872
0.0241871
0.0241872
0.0241872
0.0241875
0.0241875
0.0241872
0.0241866
0.0241865
0.0241865
0.0241864
0.0241864
0.0241864
0.0241857
0.024186
0.0241856
0.0241855
0.0241855
0.0241848
0.0241847
0.0241853
0.024184
0.0241842
0.0241851
0.0241867
0.0241868
0.0241867
0.0241866
0.0241867
0.0241867
0.0241869
0.0241868
0.0241868
0.0241866
0.0241865
0.0241866
0.0241861
0.0241864
0.0241863
0.0241863
0.0241861
0.0241861
0.0241861
0.0241864
0.0241864
0.0241864
0.0241857
0.0241857
0.0241856
0.0241856
0.0241856
0.0241856
0.0241853
0.024185
0.024185
0.0241856
0.0241858
0.0241859
0.0241859
0.0241861
0.0241861
0.0241861
0.0241859
0.0241859
0.0241859
0.0241855
0.0241855
0.0241856
0.0241856
0.0241856
0.0241856
0.024185
0.024185
0.0241851
0.0241525
0.0241525
0.0241841
0.0241842
0.0241843
0.0241524
0.0241525
0.0241837
0.0241837
0.0241841
0.024187
0.024187
0.0241809
0.0241792
0.0241797
0.0241819
0.0241821
0.0241783
0.0241787
0.0241799
0.0241796
0.0241829
0.0241726
0.0241715
0.0241766
0.0241795
0.024179
0.024184
0.0241873
0.0241873
0.0241872
0.024187
0.024187
0.024187
0.024187
0.0241869
0.0241869
0.024187
0.0241871
0.0241871
0.0241865
0.0241865
0.0241865
0.0241865
0.0241865
0.0241865
0.0241859
0.0241859
0.0241847
0.0241847
0.0241853
0.0241853
0.0241845
0.0241846
0.0241788
0.024179
0.0241807
0.0241804
0.0241768
0.0241791
0.0241793
0.024185
0.0241842
0.0241844
0.0241868
0.0241868
0.0241868
0.0241867
0.0241869
0.0241868
0.0241868
0.0241866
0.0241866
0.0241867
0.0241867
0.0241867
0.024187
0.024187
0.0241869
0.024187
0.024187
0.024187
0.0241869
0.0241868
0.0241868
0.0241865
0.0241865
0.0241866
0.0241866
0.0241866
0.0241862
0.0241863
0.0241865
0.0241866
0.0241865
0.0241864
0.0241865
0.0241865
0.0241857
0.0241856
0.0241857
0.0241852
0.0241853
0.024186
0.024186
0.024186
0.024186
0.024186
0.024186
0.0241816
0.0241831
0.0241845
0.0241845
0.0241842
0.0241842
0.0241824
0.0241854
0.0241855
0.0241855
0.0241838
0.0241837
0.0241846
0.0241846
0.0241828
0.0241841
0.0241841
0.0241836
0.0241836
0.0241855
0.0241856
0.0241856
0.0241855
0.0241855
0.0241855
0.0241841
0.0241849
0.0241849
0.024185
0.0241849
0.024184
0.0241816
0.0241842
0.0241844
0.0241842
0.0241842
0.0241818
0.024178
0.0241814
0.024181
0.0241738
0.0241729
0.0241757
0.0241402
0.0241567
0.0241566
0.024157
0.024184
0.0241804
0.0241797
0.0241808
0.0241805
0.0241838
0.0241289
0.0241289
0.0241739
0.0241759
0.0241832
0.0241871
0.0241871
0.0241871
0.02417
0.0241701
0.024165
0.0241521
0.023259
0.024173
0.0241695
0.0241702
0.0241673
0.0241685
0.0241735
0.0221266
0.0241328
0.0241675
0.0241873
0.0241872
0.0241871
0.0241864
0.0241864
0.0241864
0.0241866
0.0241866
0.0241866
0.0241866
0.0241866
0.0241857
0.024186
0.0241836
0.0241838
0.0241835
0.0241834
0.0241853
0.0241845
0.0241844
0.0241566
0.0241404
0.0241407
0.0241458
0.0241441
0.0241547
0.0241866
0.0241866
0.0241867
0.0241866
0.0241866
0.0241866
0.0241861
0.0241863
0.0241863
0.0241863
0.0241862
0.0241862
0.0241862
0.024185
0.024185
0.0241853
0.0241855
0.0241858
0.0241858
0.0241858
0.0241861
0.0241861
0.0241861
0.0241859
0.0241859
0.0241859
0.0241834
0.0241839
0.0241837
0.0241841
0.024184
0.0241834
0.0241523
0.0241526
0.0241542
0.0241523
0.0241771
0.0241682
0.0241679
0.0241427
0.024143
0.0241641
0.0241478
0.024151
0.0241419
0.0241444
0.0241619
0.024187
0.024187
0.024187
0.024187
0.0241871
0.0241871
0.0241871
0.0241871
0.0241871
0.0241871
0.0241597
0.024173
0.0241723
0.0241748
0.0241738
0.0241603
0.0241668
0.0241696
0.0241682
0.0241717
0.0241709
0.024165
0.0241871
0.0241871
0.0241871
0.024187
0.024187
0.024187
0.024187
0.0241807
0.0241817
0.02418
0.0241802
0.0241716
0.0241713
0.0241804
0.0241805
0.0241755
0.0241779
0.0241779
0.0241822
0.0241775
0.0241769
0.0241777
0.0241827
0.024179
0.0241782
0.0241725
0.0241737
0.0241791
0.0241689
0.0241694
0.0241677
0.024168
0.0241772
0.024171
0.0241713
0.0241741
0.0241647
0.024166
0.0241626
0.0241635
0.0241743
0.0241869
0.0241869
0.0241869
0.0241869
0.0241869
0.0241869
0.0241865
0.0241864
0.0241864
0.0241864
0.0241865
0.0241865
0.0241865
0.0241865
0.0241858
0.024186
0.024184
0.0241841
0.0241839
0.0241839
0.0241853
0.0241848
0.0241848
0.0241844
0.0241845
0.0241853
0.0241842
0.0241794
0.0241788
0.0241771
0.0241802
0.0241799
0.0241826
0.02418
0.0241798
0.0241811
0.0241805
0.0241825
0.0241833
0.024181
0.0241812
0.0241799
0.0241805
0.0241831
0.0241794
0.0241663
0.0241762
0.0241755
0.0241475
0.02415
0.0241868
0.0241868
0.0241868
0.0241868
0.0241868
0.0241868
0.0241868
0.0241867
0.0241866
0.0241866
0.0241866
0.0241866
0.0241867
0.0241867
0.0241869
0.0241869
0.0241869
0.024187
0.0241869
0.0241869
0.0241869
0.0241867
0.0241867
0.0241867
0.0241867
0.0241867
0.0241867
0.0241867
0.0241867
0.0241868
0.0241868
0.0241868
0.0241868
0.0241868
0.0241868
0.0241868
0.0241868
0.0241868
0.0241868
0.0241862
0.0241862
0.0241863
0.0241863
0.0241863
0.0241863
0.0241863
0.0241861
0.0241861
0.0241862
0.0241861
0.0241865
0.0241865
0.0241865
0.0241865
0.0241865
0.0241865
0.0241866
0.0241866
0.0241866
0.0241865
0.0241866
0.0241866
0.0241866
0.0241865
0.0241864
0.0241864
0.0241864
0.0241863
0.0241863
0.0241864
0.0241864
0.0241864
0.0241865
0.0241864
0.0241864
0.0241864
0.0241862
0.0241863
0.0241856
0.0241853
0.0241854
0.0241851
0.0241852
0.0241855
0.0241855
0.0241854
0.0241854
0.0241855
0.0241855
0.0241846
0.0241848
0.0241846
0.0241846
0.0241855
0.0241855
0.024185
0.024185
0.0241849
0.024185
0.0241855
0.0241859
0.0241859
0.024186
0.024186
0.0241856
0.0241856
0.0241858
0.0241858
0.0241852
0.0241853
0.024186
0.024186
0.0241861
0.0241859
0.024186
0.024186
0.0241818
0.0241844
0.0241845
0.0241829
0.0241822
0.0241842
0.0241843
0.0241841
0.0241839
0.0241854
0.0241849
0.0241849
0.0241854
0.0241848
0.0241847
0.0241849
0.0241849
0.0241854
0.0241845
0.0241843
0.024184
0.0241841
0.024183
0.0241836
0.0241838
0.0241833
0.0241845
0.0241845
0.0241846
0.0241845
0.0241834
0.0241819
0.0241824
0.0241819
0.0241813
0.0241813
0.0241815
0.0241826
0.0241842
0.0241841
0.0241844
0.0241843
0.0241827
0.0241723
0.0241783
0.0241785
0.024178
0.0241781
0.0241728
0.0241736
0.0241797
0.0241801
0.0241788
0.0241792
0.0241725
0.024171
0.0241754
0.0241753
0.0241763
0.0241758
0.0241742
0.0241774
0.0241778
0.0241757
0.0241766
0.0241747
0.0241819
0.0241816
0.0241786
0.0241733
0.0241751
0.0241539
0.0241546
0.0241759
0.0241648
0.0241627
0.0241675
0.0241667
0.0241764
0.0241568
0.0241562
0.024134
0.0241374
0.0241885
0.0241885
0.0241888
0.0241885
0.0241885
0.0241888
0.0241885
0.0241885
0.0241888
0.0241885
0.0241885
0.0241888
0.0241879
0.0241879
0.0241882
0.0241879
0.0241879
0.0241883
0.0241879
0.0241879
0.0241883
0.0241879
0.0241879
0.0241883
0.0241879
0.0241879
0.0241883
0.0241879
0.0241879
0.0241882
0.0241873
0.0241873
0.0241878
0.0241873
0.0241873
0.0241877
0.0241876
0.0241876
0.0241878
0.0241875
0.0241876
0.0241878
0.0241876
0.0241876
0.0241877
0.0241873
0.0241873
0.0241876
0.0241868
0.0241867
0.0241872
0.024187
0.024187
0.0241872
0.0241871
0.0241871
0.0241872
0.024187
0.024187
0.0241872
0.0241868
0.0241868
0.0241871
0.0241862
0.0241862
0.0241866
0.0241864
0.0241864
0.0241866
0.0241866
0.0241866
0.0241866
0.0241865
0.0241865
0.0241867
0.0241862
0.0241862
0.0241865
0.0241856
0.0241856
0.024186
0.0241859
0.0241859
0.024186
0.024186
0.024186
0.0241861
0.0241859
0.024186
0.0241862
0.0241857
0.0241857
0.024186
0.024185
0.0241851
0.0241855
0.0241853
0.0241853
0.0241855
0.0241855
0.0241855
0.0241856
0.0241854
0.0241854
0.0241856
0.0241851
0.0241851
0.0241854
0.0241845
0.0241845
0.0241849
0.0241849
0.0241849
0.024185
0.0241849
0.0241849
0.0241851
0.0241846
0.0241846
0.0241849
0.0241839
0.0241839
0.0241843
0.0241843
0.0241843
0.0241845
0.024184
0.024184
0.0241843
0.0241833
0.0241833
0.0241836
0.0241833
0.0241833
0.0241837
0.0241836
0.0241835
0.0241838
0.0228976
0.0241581
0.0241629
0.0241834
0.0241834
0.0241839
0.0241834
0.0241834
0.0241837
0.0241827
0.0241827
0.024183
0.0241827
0.0241827
0.0241831
0.0241827
0.0239062
0.0239087
0.023871
0.0241828
0.0241833
0.0241828
0.0241829
0.0241833
0.0241828
0.0241828
0.0241831
0.0241821
0.0241821
0.0241824
0.0241805
0.0240361
0.0239057
0.0240374
0.0241822
0.0241827
0.0241823
0.0241823
0.0241826
0.0241867
0.0241868
0.0241868
0.0241868
0.0241868
0.0241867
0.0241872
0.0241871
0.0241871
0.0241862
0.0241862
0.0241862
0.0241863
0.0241863
0.0241862
0.0241867
0.0241866
0.0241866
0.0241856
0.0241857
0.0241857
0.0241858
0.0241858
0.0241857
0.0241861
0.024186
0.0241861
0.0241851
0.0241851
0.0241851
0.0241852
0.0241853
0.0241852
0.0241856
0.0241856
0.0241856
0.0241847
0.0241847
0.0241846
0.0241851
0.024185
0.024185
0.0241838
0.0241841
0.0241841
0.0232141
0.0241054
0.0240917
0.0238253
0.0238252
0.0221272
0.0241845
0.0241845
0.0241845
0.0241872
0.0241875
0.0241875
0.0241872
0.0241872
0.0241871
0.0241878
0.0241876
0.0241875
0.0241872
0.0241872
0.0241873
0.0241873
0.0241873
0.0241878
0.0241876
0.0241876
0.0241867
0.0241869
0.0241869
0.0241869
0.0241869
0.0241867
0.0241871
0.024187
0.024187
0.0241869
0.0241869
0.0241869
0.0241872
0.0241871
0.0241871
0.0241867
0.024187
0.0241869
0.0241869
0.0241869
0.0241868
0.0241872
0.024187
0.024187
0.0241862
0.0241863
0.0241863
0.0241864
0.0241863
0.0241862
0.0241866
0.0241865
0.0241864
0.0241864
0.0241865
0.0241865
0.0241864
0.0241864
0.0241864
0.0241866
0.0241866
0.0241866
0.0241866
0.0241866
0.0241866
0.0241862
0.0241864
0.0241864
0.0241864
0.0241864
0.0241862
0.0241866
0.0241865
0.0241865
0.0241856
0.0241858
0.0241858
0.0241858
0.0241858
0.0241856
0.024186
0.0241859
0.0241859
0.0241859
0.024186
0.024186
0.0241859
0.0241859
0.0241859
0.0241861
0.0241861
0.0241861
0.0241857
0.0241859
0.0241859
0.0241858
0.0241858
0.0241857
0.0241861
0.024186
0.024186
0.0241851
0.0241852
0.0241852
0.0241853
0.0241852
0.0241851
0.0241855
0.0241854
0.0241853
0.0241854
0.0241854
0.0241854
0.0241854
0.0241854
0.0241853
0.0241856
0.0241855
0.0241855
0.0241853
0.0241848
0.0241849
0.0241852
0.0241854
0.0241854
0.0241853
0.0241853
0.0241852
0.0241856
0.0241854
0.0241854
0.0241849
0.0241845
0.0241846
0.024185
0.024185
0.0241851
0.0241846
0.0241847
0.0241848
0.0241847
0.0241848
0.0241846
0.024185
0.0241849
0.0241849
0.0241843
0.0241843
0.0241843
0.0241845
0.0241845
0.0241845
0.0241833
0.0241835
0.0241834
0.0236974
0.0241834
0.0241831
0.0241824
0.0241818
0.0233872
0.024183
0.0241832
0.023471
0.0241836
0.0241836
0.0241834
0.0241839
0.0241837
0.0241837
0.0241867
0.0241867
0.0241867
0.0241869
0.0241868
0.0241868
0.0241868
0.0241868
0.0241869
0.0241868
0.0241868
0.0241869
0.0241871
0.0241871
0.0241872
0.0241869
0.0241869
0.024187
0.0241866
0.0241866
0.0241866
0.0241869
0.0241869
0.0241869
0.0241869
0.0241868
0.0241868
0.0241868
0.0241869
0.0241869
0.0241867
0.0241867
0.0241867
0.0241862
0.0241862
0.0241861
0.0241864
0.0241863
0.0241863
0.0241863
0.0241863
0.0241864
0.0241863
0.0241863
0.0241863
0.0241861
0.0241861
0.0241861
0.0241864
0.0241864
0.0241864
0.0241864
0.0241863
0.0241863
0.0241863
0.0241863
0.0241864
0.0241866
0.0241866
0.0241866
0.0241864
0.0241864
0.0241864
0.0241865
0.0241865
0.0241864
0.0241856
0.0241856
0.0241856
0.0241858
0.0241858
0.0241858
0.0241858
0.0241858
0.0241858
0.0241858
0.0241858
0.0241858
0.0241856
0.0241856
0.0241856
0.0241861
0.0241861
0.0241861
0.0241858
0.0241859
0.0241859
0.0241859
0.0241858
0.0241858
0.0241856
0.0241857
0.0241857
0.024186
0.024186
0.0241859
0.0241853
0.0241852
0.0241853
0.024185
0.0241851
0.0241851
0.0241856
0.0241856
0.0241856
0.0241853
0.0241854
0.0241854
0.0241851
0.024185
0.024185
0.0241849
0.024185
0.0241853
0.0241854
0.0241853
0.0241853
0.0241853
0.0241853
0.0241854
0.0241852
0.0241852
0.0241852
0.0241856
0.0241856
0.0241856
0.0241854
0.0241854
0.0241854
0.0241855
0.0241855
0.0241854
0.0241847
0.0241847
0.0241847
0.0241845
0.0241845
0.0241845
0.024185
0.024185
0.024185
0.0241848
0.0241848
0.0241848
0.0241846
0.0241845
0.0241845
0.0241846
0.0241846
0.0241848
0.0241851
0.0241851
0.0241851
0.0241849
0.024185
0.024185
0.024185
0.024185
0.0241849
0.024184
0.0241839
0.024184
0.0241835
0.0241838
0.024184
0.0241844
0.0241844
0.0241844
0.0241841
0.0241837
0.0241836
0.024187
0.024187
0.024187
0.024187
0.0241871
0.024187
0.0241872
0.0241871
0.0241871
0.0241871
0.0241871
0.0241871
0.0241847
0.0241846
0.0241845
0.0241849
0.0241848
0.0241848
0.0241848
0.0241849
0.0241849
0.0241849
0.0241848
0.0241848
0.024185
0.0241849
0.0241849
0.0241818
0.024179
0.0241795
0.0241759
0.0241767
0.0241806
0.024184
0.0241842
0.0241843
0.0241871
0.0241871
0.0241872
0.024187
0.024187
0.024187
0.0241871
0.0241871
0.0241872
0.024187
0.0241871
0.024187
0.024187
0.024187
0.024187
0.0241852
0.0241852
0.0241851
0.0241853
0.0241852
0.0241852
0.0241852
0.0241852
0.0241853
0.024184
0.0241829
0.0241828
0.0241832
0.0241832
0.024184
0.0241795
0.0241744
0.0241751
0.0241848
0.0241848
0.0241848
0.0241847
0.0241847
0.0241848
0.0241846
0.0241847
0.0241847
0.024184
0.0241833
0.0241833
0.0241835
0.0241835
0.024184
0.0241844
0.0241845
0.0241845
0.0241843
0.0241844
0.0241844
0.0241844
0.0241844
0.0241843
0.0241875
0.0241874
0.0241874
0.0241874
0.0241874
0.0241875
0.0241872
0.0241873
0.0241873
0.0241873
0.0241873
0.0241872
0.0241875
0.0241874
0.0241874
0.0241874
0.0241874
0.0241875
0.024187
0.024187
0.024187
0.0241871
0.0241871
0.0241872
0.024187
0.024187
0.024187
0.0241871
0.0241871
0.024187
0.0241844
0.0241845
0.0241849
0.024185
0.024185
0.024185
0.0241829
0.0241814
0.0241816
0.0241798
0.0241801
0.0241823
0.0241829
0.0241842
0.0241842
0.0241842
0.0241842
0.024183
0.0241845
0.0241844
0.0241844
0.0241868
0.0241868
0.0241868
0.0241867
0.0241867
0.0241867
0.0241869
0.0241869
0.0241869
0.024187
0.024187
0.024187
0.024187
0.024187
0.024187
0.0241867
0.0241867
0.0241867
0.0241868
0.0241868
0.0241868
0.0241862
0.0241862
0.0241863
0.0241862
0.0241862
0.0241862
0.0241865
0.0241865
0.0241865
0.0241865
0.0241865
0.0241865
0.0241863
0.0241863
0.0241863
0.0241863
0.0241863
0.0241863
0.0241864
0.0241863
0.0241863
0.0241862
0.0241862
0.0241862
0.0241862
0.0241862
0.0241862
0.0241862
0.0241862
0.0241862
0.0241865
0.0241865
0.0241865
0.0241866
0.0241866
0.0241865
0.0241866
0.0241866
0.0241866
0.0241864
0.0241864
0.0241864
0.0241865
0.0241865
0.0241865
0.0241865
0.0241865
0.0241865
0.0241857
0.0241857
0.0241857
0.0241857
0.0241857
0.0241857
0.024186
0.024186
0.024186
0.024186
0.0241859
0.024186
0.0241858
0.0241858
0.0241858
0.0241858
0.0241858
0.0241858
0.0241859
0.0241859
0.0241859
0.0241857
0.0241857
0.0241857
0.0241858
0.0241857
0.0241857
0.0241857
0.0241857
0.0241858
0.0241861
0.0241861
0.024186
0.0241861
0.0241861
0.0241861
0.0241859
0.0241859
0.0241859
0.024186
0.024186
0.024186
0.0241852
0.0241852
0.0241852
0.0241839
0.0241847
0.0241847
0.0241846
0.0241846
0.0241833
0.0241851
0.0241851
0.0241851
0.0241854
0.0241854
0.0241854
0.024185
0.024185
0.0241852
0.0241852
0.024185
0.024185
0.0241855
0.0241855
0.0241855
0.0241856
0.0241856
0.0241855
0.0241856
0.0241856
0.0241856
0.0241855
0.0241855
0.0241854
0.0241855
0.0241855
0.0241855
0.0241855
0.0241855
0.0241855
0.0241837
0.024182
0.0241819
0.0241827
0.0241826
0.0241839
0.0241849
0.0241849
0.0241849
0.0241842
0.0241847
0.0241847
0.0241847
0.0241847
0.024184
0.0241843
0.0241848
0.0241847
0.0241848
0.0241848
0.0241843
0.0241848
0.0241848
0.0241849
0.0241832
0.0241802
0.0241801
0.0241818
0.0241816
0.0241836
0.0241846
0.0241846
0.0241847
0.024181
0.0241829
0.0241828
0.0241836
0.0241835
0.0241822
0.0241826
0.0241824
0.02418
0.0241848
0.0241846
0.0241846
0.0241837
0.024181
0.0241808
0.0241811
0.0241811
0.0241837
0.024184
0.0241835
0.0241835
0.0241828
0.0241765
0.0241775
0.0241817
0.0241819
0.0241831
0.024184
0.0241841
0.0241839
0.0241844
0.0241842
0.0241842
0.0241842
0.0241843
0.0241842
0.0241844
0.0241843
0.0241843
0.024126
0.0241238
0.0234189
0.0241834
0.0241799
0.0241799
0.0241818
0.02418
0.0241835
0.0241846
0.0241846
0.0241845
0.0241847
0.0241846
0.0241846
0.0241846
0.0241846
0.0241847
0.024001
0.0238862
0.023348
0.0241827
0.0241767
0.0241769
0.0241751
0.0241761
0.0241826
0.0241795
0.0241045
0.0240864
0.0241769
0.0241776
0.0241826
0.0221255
0.0232409
0.0235446
0.0241873
0.0241873
0.0241873
0.0241873
0.0241873
0.0241873
0.0241872
0.0241873
0.0241872
0.0241872
0.0241872
0.0241872
0.0241873
0.0241873
0.0241873
0.0241873
0.0241873
0.0241873
0.0241865
0.0241865
0.0241864
0.0241865
0.0241865
0.0241865
0.0241864
0.0241864
0.0241864
0.0241866
0.0241866
0.0241866
0.024186
0.0241859
0.0241859
0.0241859
0.0241859
0.024186
0.0241859
0.0241859
0.0241859
0.0241861
0.0241861
0.0241861
0.024186
0.024186
0.024186
0.024186
0.024186
0.024186
0.0241848
0.0241848
0.0241853
0.0241844
0.0241843
0.0241844
0.0241837
0.0241842
0.0241842
0.0241841
0.0241841
0.0241837
0.0241837
0.0241834
0.0241834
0.0241827
0.0241831
0.0241836
0.0237102
0.0241654
0.0241565
0.0241871
0.0241871
0.0241871
0.0241871
0.0241871
0.024187
0.0241872
0.0241871
0.0241871
0.0241867
0.0241866
0.0241867
0.0241868
0.0241868
0.0241868
0.0241868
0.0241868
0.0241868
0.0241869
0.0241869
0.0241869
0.0241867
0.0241867
0.0241867
0.0241868
0.0241867
0.0241867
0.0241867
0.0241867
0.0241868
0.0241862
0.0241862
0.0241862
0.0241862
0.0241862
0.0241862
0.0241861
0.0241862
0.0241862
0.0241863
0.0241863
0.0241864
0.0241863
0.0241863
0.0241863
0.0241863
0.0241863
0.0241863
0.0241863
0.0241863
0.0241863
0.0241863
0.0241863
0.0241863
0.0241863
0.0241863
0.0241863
0.0241861
0.0241861
0.0241861
0.0241861
0.0241861
0.0241861
0.0241861
0.0241861
0.0241862
0.0241864
0.0241864
0.0241864
0.0241864
0.0241864
0.0241864
0.0241864
0.0241864
0.0241864
0.0241863
0.0241863
0.0241863
0.0241863
0.0241863
0.0241863
0.0241862
0.0241862
0.0241861
0.0241862
0.0241862
0.0241862
0.0241858
0.0241858
0.0241858
0.0241857
0.0241858
0.0241858
0.0241858
0.0241858
0.0241857
0.0241858
0.0241858
0.0241858
0.0241858
0.0241858
0.0241858
0.0241858
0.0241858
0.0241858
0.024186
0.0241861
0.0241861
0.024186
0.024186
0.024186
0.0241861
0.0241861
0.0241861
0.0241858
0.0241859
0.0241858
0.0241859
0.0241859
0.0241859
0.0241859
0.0241859
0.0241859
0.0241859
0.0241859
0.0241858
0.0241859
0.0241859
0.0241859
0.0241857
0.0241857
0.0241857
0.0241857
0.0241857
0.0241857
0.0241861
0.0241861
0.0241861
0.0241861
0.0241861
0.0241861
0.0241859
0.0241859
0.0241859
0.0241859
0.0241859
0.0241859
0.024185
0.024185
0.0241851
0.0241837
0.0241846
0.0241846
0.0241847
0.0241847
0.0241838
0.0241853
0.024185
0.024185
0.0241853
0.0241853
0.0241853
0.0241853
0.0241853
0.0241853
0.0241854
0.0241854
0.0241854
0.0241852
0.0241852
0.0241852
0.0241853
0.0241852
0.0241852
0.0241852
0.0241852
0.0241853
0.0241846
0.0241847
0.0241847
0.0241844
0.0241846
0.0241846
0.0241847
0.0241847
0.0241844
0.0241844
0.0241845
0.0241844
0.0241846
0.0241845
0.0241844
0.0241845
0.0241845
0.0241846
0.0241775
0.0241688
0.0241687
0.0241694
0.024169
0.0241776
0.0241843
0.0241844
0.0241844
0.0241842
0.0241843
0.0241843
0.0241844
0.0241844
0.0241843
0.0241685
0.0241683
0.0241772
0.0241871
0.0241871
0.0241871
0.0241782
0.0241786
0.0241816
0.0241809
0.0241773
0.0241778
0.0241871
0.0241871
0.0241871
0.0241871
0.0241871
0.0241871
0.024187
0.024187
0.0241871
0.024183
0.024183
0.024184
0.0241757
0.0241806
0.0241807
0.0241766
0.0241811
0.0241813
0.0241808
0.024181
0.0241762
0.024184
0.0241831
0.0241831
0.0241834
0.0241834
0.024184
0.0241786
0.0241818
0.0241819
0.0241815
0.0241817
0.0241783
0.024187
0.024187
0.0241869
0.024187
0.024187
0.024187
0.0241869
0.0241869
0.0241869
0.0241869
0.0241869
0.0241869
0.0241865
0.0241865
0.0241865
0.0241837
0.0241819
0.0241822
0.0241814
0.0241816
0.0241836
0.024184
0.0241828
0.0241829
0.0241825
0.0241826
0.024184
0.024181
0.0241812
0.0241828
0.0241716
0.0241782
0.0241778
0.024179
0.0241786
0.0241725
0.0241772
0.0241767
0.0241676
0.0241825
0.0241804
0.0241807
0.0241868
0.0241868
0.0241868
0.0241867
0.0241868
0.0241868
0.0241869
0.0241868
0.0241869
0.0241868
0.0241868
0.0241868
0.0241866
0.0241866
0.0241867
0.0241867
0.0241867
0.0241867
0.0241867
0.0241867
0.0241867
0.0241869
0.0241869
0.0241869
0.0241869
0.0241869
0.0241869
0.0241869
0.0241869
0.0241869
0.0241867
0.0241867
0.0241867
0.0241868
0.0241868
0.0241868
0.0241868
0.0241868
0.0241868
0.0241867
0.0241868
0.0241868
0.0241862
0.0241862
0.0241862
0.0241863
0.0241863
0.0241862
0.0241863
0.0241863
0.0241863
0.0241862
0.0241862
0.0241862
0.0241862
0.0241862
0.0241862
0.0241862
0.0241862
0.0241862
0.0241864
0.0241865
0.0241865
0.0241864
0.0241864
0.0241864
0.0241865
0.0241865
0.0241864
0.0241863
0.0241863
0.0241863
0.0241863
0.0241863
0.0241863
0.0241863
0.0241863
0.0241863
0.0241862
0.0241862
0.0241862
0.0241862
0.0241862
0.0241862
0.0241862
0.0241862
0.0241862
0.0241857
0.0241857
0.0241857
0.0241858
0.0241857
0.0241857
0.0241858
0.0241858
0.0241858
0.024186
0.024186
0.024186
0.024186
0.024186
0.024186
0.024186
0.024186
0.024186
0.0241859
0.0241859
0.0241859
0.0241859
0.0241859
0.0241859
0.0241859
0.0241859
0.0241859
0.0241858
0.0241858
0.0241858
0.0241858
0.0241858
0.0241858
0.0241858
0.0241858
0.0241858
0.0241857
0.0241857
0.0241857
0.0241857
0.0241857
0.0241857
0.0241858
0.0241857
0.0241858
0.024186
0.024186
0.024186
0.0241861
0.024186
0.0241861
0.024186
0.024186
0.024186
0.024186
0.024186
0.024186
0.0241852
0.024185
0.024185
0.024185
0.024185
0.0241852
0.0241852
0.024185
0.024185
0.024185
0.024185
0.0241852
0.0241847
0.0241847
0.0241838
0.0241851
0.024185
0.024185
0.0241851
0.024185
0.024185
0.024185
0.024185
0.0241851
0.0241834
0.0241846
0.0241846
0.0241849
0.0241849
0.0241854
0.0241853
0.024185
0.024185
0.024185
0.024185
0.0241853
0.0241854
0.0241849
0.0241849
0.024185
0.0241849
0.0241853
0.0241852
0.024185
0.024185
0.024185
0.024185
0.0241852
0.0241822
0.0241821
0.0241838
0.0241839
0.0241825
0.0241823
0.0241806
0.0241804
0.0241832
0.0241835
0.0241813
0.024181
0.0241842
0.0241833
0.0241834
0.0241831
0.0241832
0.0241842
0.0241843
0.0241837
0.0241838
0.0241835
0.0241836
0.0241843
0.0241795
0.0241822
0.024182
0.0241782
0.0241707
0.0241699
0.0241713
0.0241715
0.0241784
0.0241691
0.0241557
0.0241549
0.0241528
0.0241544
0.0241682
0.0241873
0.0241875
0.0241875
0.0241875
0.0241875
0.0241873
0.0241841
0.0241842
0.0241842
0.024184
0.0241841
0.0241841
0.0241872
0.0241872
0.0241872
0.0241872
0.0241872
0.0241872
0.0241871
0.0241872
0.0241872
0.0241872
0.0241872
0.0241871
0.0241872
0.0241872
0.0241872
0.0241872
0.0241872
0.0241872
0.0241874
0.0241874
0.0241875
0.0241873
0.0241873
0.0241874
0.0241865
0.0241866
0.0241865
0.0241855
0.0241855
0.0241855
0.0241841
0.0241847
0.0241847
0.0241848
0.0241848
0.0241841
0.0241851
0.024185
0.024185
0.0241868
0.0241867
0.0241867
0.0241866
0.0241866
0.0241866
0.0241867
0.0241867
0.0241867
0.0241868
0.0241868
0.0241869
0.0241868
0.0241868
0.0241868
0.0241869
0.0241868
0.0241868
0.0241866
0.0241866
0.0241866
0.0241866
0.0241866
0.0241866
0.0241866
0.0241866
0.0241866
0.0241864
0.0241864
0.0241864
0.0241857
0.0241857
0.0241857
0.0241857
0.0241857
0.0241857
0.0241856
0.0241856
0.0241856
0.0241856
0.0241856
0.0241856
0.0241856
0.0241856
0.0241856
0.0241856
0.0241856
0.0241856
0.0241855
0.0241855
0.0241855
0.0241856
0.0241856
0.0241855
0.0241856
0.0241856
0.0241856
0.024185
0.0241851
0.024185
0.0241851
0.0241851
0.0241851
0.0241841
0.0241842
0.0241841
0.0241843
0.0241842
0.0241841
0.0241842
0.0241842
0.0241843
0.0241837
0.0241841
0.0241841
0.024184
0.024184
0.0241837
0.0241793
0.0241822
0.0241822
0.024182
0.0241821
0.0241791
0.024184
0.0241834
0.0241834
0.0241873
0.0241873
0.0241873
0.0241873
0.0241873
0.0241873
0.0241872
0.0241872
0.0241872
0.0241871
0.024187
0.024187
0.0241871
0.0241871
0.0241871
0.024187
0.024187
0.0241871
0.024185
0.024185
0.024185
0.0241843
0.0241848
0.0241848
0.0241848
0.0241848
0.0241844
0.024187
0.024187
0.024187
0.024187
0.024187
0.0241869
0.0241865
0.0241865
0.0241865
0.0241865
0.0241865
0.0241865
0.0241865
0.0241865
0.0241866
0.0241865
0.0241865
0.0241866
0.0241864
0.0241865
0.0241864
0.0241857
0.0241857
0.0241857
0.0241857
0.0241857
0.0241856
0.0241857
0.0241857
0.0241857
0.0241855
0.0241855
0.0241855
0.0241855
0.0241855
0.0241855
0.0241855
0.0241856
0.0241856
0.0241855
0.0241855
0.0241855
0.0241847
0.0241847
0.0241842
0.024184
0.0241847
0.0241847
0.0241832
0.0241831
0.0241813
0.0241838
0.0241839
0.0241844
0.024182
0.0241834
0.0241833
0.0241836
0.0241835
0.024184
0.0241802
0.0241825
0.0241825
0.0241823
0.0241824
0.02418
0.0241807
0.0241827
0.0241827
0.0241826
0.0241827
0.0241806
0.0241746
0.0241796
0.0241793
0.0241801
0.0241799
0.0241753
0.0241832
0.024182
0.0241821
0.0241544
0.0240908
0.0241277
0.0240747
0.0240809
0.0241527
0.0232983
0.0238483
0.023824
0.0230739
0.0231325
0.022126
0.0241679
0.0239188
0.0237603
0.0241115
0.0240359
0.0241676
0.0241873
0.0241872
0.0241872
0.0241872
0.0241872
0.0241872
0.0241872
0.0241872
0.0241872
0.0241891
0.0241891
0.0241894
0.0241891
0.0241891
0.0241894
0.0241891
0.0241891
0.0241894
0.0241891
0.0241891
0.0241894
0.0241885
0.0241885
0.0241888
0.0241885
0.0241885
0.0241888
0.0241879
0.0241879
0.0241882
0.0241882
0.0241882
0.0241883
0.0241882
0.0241882
0.0241883
0.0241879
0.0241879
0.0241882
0.0241873
0.0241873
0.0241876
0.0241876
0.0241876
0.0241877
0.0241877
0.0241877
0.0241878
0.0241873
0.0241873
0.0241876
0.0241867
0.0241867
0.024187
0.0241871
0.0241871
0.0241872
0.0241868
0.0241868
0.0241871
0.0241862
0.0241862
0.0241865
0.0241866
0.0241866
0.0241867
0.0241862
0.0241862
0.0241865
0.0241856
0.0241856
0.0241859
0.0241861
0.0241861
0.0241861
0.0241857
0.0241856
0.0241859
0.024185
0.024185
0.0241853
0.0241856
0.0241856
0.0241856
0.0241851
0.0241851
0.0241854
0.0241844
0.0241845
0.0241847
0.0241848
0.0241848
0.0241849
0.024185
0.024185
0.0241851
0.0241845
0.0241845
0.0241848
0.0241839
0.0241839
0.0241842
0.0241842
0.0241842
0.0241843
0.0241843
0.0241843
0.0241844
0.024184
0.024184
0.0241842
0.0241833
0.0241833
0.0241836
0.0241836
0.0241836
0.0241837
0.0228006
0.023829
0.0238253
0.0241837
0.0241837
0.0241839
0.0241834
0.0241834
0.0241837
0.0241827
0.0241827
0.024183
0.024183
0.0241828
0.024183
0.0238581
0.0241813
0.0241815
0.0241831
0.0241832
0.0241833
0.0241828
0.0241828
0.0241831
0.0241821
0.0241821
0.0241824
0.0241823
0.0241823
0.0241825
0.0241815
0.0241815
0.0241818
0.0241776
0.0240356
0.0240358
0.0240408
0.0241816
0.0241819
0.0241817
0.0241817
0.024182
0.0241845
0.0241846
0.0241846
0.0241841
0.0241841
0.024184
0.0241873
0.0241873
0.0241873
0.0241878
0.0241877
0.0241877
0.0241868
0.0241868
0.0241867
0.0241867
0.0241868
0.0241868
0.0241862
0.0241862
0.0241862
0.0241866
0.0241866
0.0241866
0.0241862
0.0241863
0.0241863
0.0241857
0.0241857
0.0241856
0.0241861
0.024186
0.024186
0.0241857
0.0241858
0.0241858
0.0241855
0.0241855
0.0241855
0.0241854
0.0241854
0.0241853
0.0241852
0.0241852
0.0241852
0.0240774
0.0240629
0.023418
0.024184
0.0241839
0.0241839
0.0241869
0.0241869
0.0241869
0.0241866
0.0241867
0.0241867
0.0241866
0.0241866
0.0241866
0.0241854
0.0241854
0.0241854
0.0241854
0.0241854
0.0241854
0.0241849
0.0241849
0.0241849
0.0241841
0.0241841
0.0241841
0.0241842
0.0241842
0.0241842
0.0241842
0.0241842
0.0241842
0.024187
0.024187
0.0241869
0.0241872
0.0241872
0.0241872
0.0241845
0.0241846
0.0241846
0.0241848
0.0241848
0.0241848
0.024185
0.024185
0.024185
0.0241842
0.0241842
0.024184
0.0241845
0.0241843
0.0241843
0.0241871
0.0241872
0.0241872
0.0241869
0.024187
0.024187
0.0241851
0.0241851
0.0241851
0.0241853
0.0241853
0.0241853
0.0241848
0.0241848
0.0241849
0.0241846
0.0241846
0.0241846
0.0241845
0.0241845
0.0241846
0.0241875
0.0241875
0.0241875
0.0241872
0.0241873
0.0241873
0.0241875
0.0241875
0.0241875
0.0241871
0.0241871
0.0241872
0.0241827
0.0241837
0.0241837
0.0241839
0.0241839
0.0241832
0.0241844
0.0241847
0.0241846
0.0241847
0.0241847
0.0241843
0.0241839
0.024184
0.024184
0.0241842
0.0241843
0.0241843
0.0241872
0.0241872
0.0241872
0.0241834
0.0241839
0.0241839
0.024187
0.024187
0.024187
0.0241872
0.0241872
0.0241872
0.0241844
0.0241845
0.0241845
0.0241846
0.0241846
0.0241844
0.0241878
0.0241876
0.0241876
0.0241843
0.0241842
0.0241842
0.0241875
0.0241874
0.0241874
0.0241872
0.0241873
0.0241873
0.0241866
0.0241866
0.0241866
0.0241865
0.0241866
0.0241866
0.0241855
0.0241855
0.0241856
0.0241855
0.0241855
0.0241855
0.0241867
0.0241867
0.0241868
0.0241867
0.0241867
0.0241867
0.0241851
0.0241851
0.024185
0.0241842
0.0241842
0.0241841
0.0241872
0.0241872
0.0241872
0.024188
0.024188
0.0241879
0.0241879
0.024188
0.024188
0.024188
0.024188
0.0241879
0.0241883
0.0241882
0.0241882
0.0241879
0.024188
0.024188
0.024188
0.024188
0.0241879
0.0241883
0.0241882
0.0241882
0.0241879
0.024188
0.024188
0.0241873
0.0241874
0.0241874
0.0241875
0.0241874
0.0241873
0.0241877
0.0241876
0.0241876
0.0241876
0.0241876
0.0241876
0.0241875
0.0241876
0.0241876
0.0241876
0.0241876
0.0241876
0.0241878
0.0241877
0.0241877
0.024187
0.0241871
0.0241871
0.0241865
0.0241865
0.0241865
0.0241859
0.024186
0.024186
0.0241854
0.0241855
0.0241855
0.0241849
0.024185
0.024185
0.0241834
0.0241834
0.0241833
0.0241837
0.0241836
0.0241836
0.0241836
0.0241836
0.0241836
0.0241838
0.0241837
0.0241837
0.0238503
0.0238395
0.0228487
0.0241574
0.02408
0.0240836
0.0240797
0.0240797
0.0241574
0.0241834
0.0241836
0.0241836
0.0241836
0.0241836
0.0241835
0.0241839
0.0241837
0.0241837
0.0241832
0.024183
0.024183
0.0241822
0.0241825
0.0241828
0.0239069
0.0241703
0.0241673
0.0241775
0.0241738
0.0239077
0.0241811
0.0241812
0.0238648
0.024183
0.0241829
0.0241828
0.0241832
0.0241831
0.0241831
0.0241867
0.0241867
0.0241867
0.0241862
0.0241862
0.0241863
0.0241862
0.0241862
0.0241862
0.0241866
0.0241866
0.0241867
0.0241866
0.0241866
0.0241866
0.0241857
0.0241857
0.0241858
0.0241857
0.0241857
0.0241857
0.0241861
0.0241861
0.0241862
0.0241861
0.0241861
0.0241861
0.0241856
0.0241856
0.0241857
0.0241856
0.0241856
0.0241856
0.0241839
0.0241839
0.0241839
0.0241841
0.024184
0.024184
0.024184
0.024184
0.0241841
0.0238026
0.0237866
0.0231751
0.0221806
0.0230797
0.0230612
0.0241874
0.0241873
0.0241872
0.0241875
0.0241874
0.0241874
0.0241874
0.0241874
0.0241875
0.0241877
0.0241877
0.0241878
0.0241876
0.0241876
0.0241876
0.0241876
0.0241876
0.0241876
0.0241877
0.0241877
0.0241878
0.0241876
0.0241876
0.0241876
0.0241877
0.0241877
0.0241876
0.0241869
0.0241868
0.0241868
0.0241871
0.0241871
0.024187
0.0241869
0.0241869
0.0241869
0.0241869
0.0241869
0.0241869
0.0241868
0.0241869
0.0241869
0.0241864
0.0241863
0.0241863
0.0241865
0.0241865
0.0241864
0.0241863
0.0241863
0.0241864
0.0241858
0.0241858
0.0241858
0.024186
0.024186
0.0241859
0.0241858
0.0241858
0.0241859
0.0241853
0.0241852
0.0241852
0.0241854
0.0241854
0.0241853
0.0241854
0.0241854
0.0241854
0.0241854
0.0241854
0.0241854
0.0241853
0.0241854
0.0241854
0.0241853
0.0241853
0.0241854
0.0241846
0.0241848
0.0241848
0.0241848
0.0241848
0.0241846
0.0241478
0.0241396
0.0236926
0.0241833
0.0241814
0.0241821
0.0241822
0.0241717
0.0241736
0.0241666
0.0241694
0.024182
0.0234015
0.0240488
0.0240369
0.02418
0.02418
0.0241832
0.0234931
0.0241297
0.024128
0.0241838
0.0241839
0.0241839
0.0241837
0.0241838
0.0241837
0.0241868
0.0241868
0.0241868
0.0241868
0.0241868
0.0241868
0.0241868
0.0241869
0.0241868
0.0241869
0.0241869
0.0241869
0.0241864
0.0241864
0.0241864
0.0241863
0.0241863
0.0241863
0.0241866
0.0241866
0.0241866
0.0241865
0.0241865
0.0241865
0.0241864
0.0241865
0.0241865
0.0241859
0.0241859
0.0241859
0.0241858
0.0241858
0.0241858
0.024186
0.024186
0.024186
0.0241859
0.024186
0.024186
0.0241853
0.0241853
0.0241852
0.0241853
0.0241853
0.0241853
0.0241853
0.0241853
0.0241853
0.0241854
0.0241854
0.0241853
0.0241854
0.0241854
0.0241854
0.0241853
0.0241854
0.0241853
0.0241854
0.0241854
0.0241854
0.0241855
0.0241855
0.0241855
0.0241854
0.0241855
0.0241855
0.0241846
0.0241848
0.0241848
0.0241847
0.0241847
0.0241846
0.0241849
0.0241849
0.0241849
0.024185
0.024185
0.024185
0.0241849
0.024185
0.024185
0.024184
0.024184
0.024184
0.024184
0.024184
0.024184
0.0241841
0.0241841
0.024184
0.0241835
0.0241838
0.0241837
0.0241839
0.0241839
0.0241836
0.0241841
0.024184
0.0241841
0.0241836
0.0241839
0.024184
0.0241839
0.0241839
0.0241836
0.024187
0.024187
0.024187
0.0241871
0.0241871
0.0241871
0.0241849
0.0241848
0.0241848
0.024185
0.0241849
0.0241849
0.0241871
0.0241871
0.0241871
0.024187
0.024187
0.0241869
0.0241871
0.024187
0.024187
0.024187
0.024187
0.024187
0.0241852
0.0241851
0.0241851
0.0241852
0.0241852
0.0241852
0.0241847
0.0241848
0.0241848
0.0241847
0.0241847
0.0241847
0.0241875
0.0241875
0.0241875
0.0241874
0.0241874
0.0241874
0.0241874
0.0241874
0.0241874
0.0241874
0.0241874
0.0241874
0.0241872
0.0241873
0.0241872
0.0241873
0.0241873
0.0241873
0.0241873
0.0241873
0.0241873
0.0241875
0.0241875
0.0241875
0.0241874
0.0241874
0.0241874
0.0241874
0.0241874
0.0241874
0.0241874
0.0241874
0.0241874
0.0241874
0.0241874
0.0241874
0.0241875
0.0241875
0.0241875
0.024187
0.024187
0.024187
0.024187
0.024187
0.024187
0.0241871
0.0241871
0.0241871
0.0241845
0.0241848
0.0241848
0.0241848
0.0241848
0.0241845
0.0241838
0.0241838
0.0241828
0.0241831
0.0241839
0.0241838
0.0241868
0.0241868
0.0241868
0.0241868
0.0241868
0.0241868
0.0241867
0.0241867
0.0241867
0.0241867
0.0241867
0.0241867
0.0241852
0.0241852
0.0241852
0.0241854
0.0241854
0.0241854
0.0241854
0.0241854
0.0241854
0.0241847
0.0241847
0.0241843
0.0241843
0.0241847
0.0241847
0.024181
0.0241828
0.0241828
0.0241828
0.0241828
0.0241809
0.0241813
0.0241829
0.0241828
0.0241828
0.0241829
0.0241812
0.0241769
0.0241806
0.0241804
0.0241809
0.0241808
0.0241773
0.0241789
0.0241836
0.0241838
0.0241812
0.0241801
0.0241736
0.0241769
0.0241806
0.0241806
0.0241873
0.0241873
0.0241873
0.0241873
0.0241873
0.0241873
0.0241872
0.0241872
0.0241872
0.0241873
0.0241872
0.0241872
0.0241873
0.0241873
0.0241873
0.0241873
0.0241873
0.0241873
0.0241873
0.0241873
0.0241873
0.0241837
0.0241837
0.0241834
0.0241871
0.0241871
0.0241871
0.0241871
0.0241871
0.0241871
0.0241846
0.0241846
0.0241844
0.0241844
0.0241846
0.0241846
0.0241897
0.0241897
0.02419
0.0241897
0.0241897
0.02419
0.0241897
0.0241897
0.02419
0.0241897
0.0241897
0.02419
0.0241891
0.0241891
0.0241894
0.0241891
0.0241891
0.0241894
0.0241885
0.0241885
0.0241888
0.0241885
0.0241885
0.0241888
0.0241882
0.0241882
0.0241883
0.0241876
0.0241876
0.0241878
0.024187
0.024187
0.0241872
0.0241865
0.0241865
0.0241866
0.024186
0.024186
0.0241861
0.0241854
0.0241854
0.0241855
0.0241849
0.0241848
0.024185
0.0241845
0.0241845
0.0241845
0.0241843
0.0241843
0.0241844
0.0241837
0.0241837
0.0241838
0.024183
0.024183
0.0241832
0.0241821
0.0241821
0.0241824
0.0241822
0.0241822
0.0241825
0.0241815
0.0241815
0.0241818
0.0241817
0.0241817
0.024182
0.024181
0.0241808
0.0241811
0.0241756
0.0240351
0.0240354
0.0240441
0.024181
0.0241813
0.0241811
0.0241811
0.0241814
0.0241839
0.024184
0.024184
0.0241872
0.0241871
0.0241871
0.0241851
0.0241851
0.0241851
0.0241846
0.0241847
0.0241847
0.0236886
0.0241322
0.0241266
0.0241326
0.0241313
0.0235134
0.0241838
0.0241839
0.0241839
0.024184
0.024184
0.024184
0.0241846
0.0241845
0.0241845
0.024185
0.0241849
0.0241849
0.0241843
0.0241843
0.0241843
0.0241845
0.0241845
0.0241845
0.0241847
0.0241847
0.0241847
0.0241873
0.0241874
0.0241874
0.0241885
0.0241886
0.0241886
0.0241886
0.0241886
0.0241885
0.0241885
0.0241886
0.0241886
0.0241886
0.0241886
0.0241885
0.0241879
0.024188
0.024188
0.0241883
0.0241882
0.0241882
0.024188
0.024188
0.0241879
0.0241879
0.024188
0.024188
0.024188
0.024188
0.0241879
0.0241875
0.0241875
0.0241873
0.0241874
0.0241874
0.0241873
0.0241876
0.0241876
0.0241876
0.0241878
0.0241877
0.0241877
0.0241873
0.0241875
0.0241875
0.0241869
0.0241869
0.0241867
0.0241872
0.024187
0.024187
0.0241868
0.0241869
0.0241869
0.0241863
0.0241863
0.0241862
0.0241866
0.0241865
0.0241865
0.0241865
0.0241865
0.0241865
0.0241867
0.0241866
0.0241866
0.0241862
0.0241864
0.0241864
0.0241858
0.0241858
0.0241856
0.024186
0.0241859
0.0241859
0.024186
0.024186
0.024186
0.0241861
0.0241861
0.0241861
0.0241857
0.0241858
0.0241858
0.0241852
0.0241852
0.024185
0.0241855
0.0241853
0.0241853
0.0241855
0.0241855
0.0241854
0.0241856
0.0241856
0.0241856
0.0241851
0.0241853
0.0241853
0.0241849
0.0241848
0.0241848
0.0241846
0.0241847
0.0241847
0.0241843
0.0241844
0.0241844
0.0241833
0.0241834
0.0241834
0.0241836
0.0241836
0.0241836
0.0241828
0.0241829
0.0241827
0.0241829
0.024183
0.024183
0.0241868
0.0241868
0.0241868
0.0241852
0.0241852
0.0241853
0.0241873
0.0241873
0.0241872
0.0241868
0.0241868
0.0241867
0.0241869
0.0241869
0.0241869
0.0241863
0.0241863
0.0241862
0.0241864
0.0241863
0.0241863
0.0241858
0.0241858
0.0241857
0.0241859
0.0241858
0.0241858
0.0241852
0.0241852
0.0241852
0.0241854
0.0241853
0.0241853
0.0241848
0.0241848
0.0241848
0.0241835
0.0241834
0.0241834
0.0241796
0.0241805
0.0241832
0.0241831
0.02418
0.0241801
0.0241835
0.0241836
0.0241836
0.0241838
0.0241838
0.0241837
0.0241869
0.0241869
0.0241869
0.0241853
0.0241853
0.0241853
0.0241839
0.0241839
0.024184
0.024187
0.024187
0.0241871
0.0241869
0.024187
0.024187
0.0241847
0.0241846
0.0241846
0.0241848
0.0241848
0.0241848
0.0241871
0.0241871
0.0241871
0.0241872
0.0241872
0.0241872
0.0241851
0.0241851
0.0241852
0.0241853
0.0241853
0.0241853
0.0241852
0.0241852
0.0241852
0.0241848
0.0241848
0.0241847
0.0241849
0.0241848
0.0241848
0.0241847
0.0241847
0.0241847
0.0241844
0.0241845
0.0241845
0.0241844
0.0241844
0.0241844
0.0241874
0.0241874
0.0241874
0.0241875
0.0241875
0.0241875
0.0241846
0.0241845
0.0241845
0.0241847
0.0241847
0.0241846
0.0241874
0.0241874
0.0241875
0.0241873
0.0241873
0.0241874
0.0241879
0.024188
0.024188
0.024188
0.024188
0.0241879
0.0241875
0.0241874
0.0241874
0.0241874
0.0241873
0.0241873
0.0241897
0.0241897
0.02419
0.0241897
0.0241897
0.02419
0.0241891
0.0241891
0.0241894
0.0241885
0.0241885
0.0241888
0.0241879
0.0241879
0.0241882
0.0241882
0.0241882
0.0241883
0.0241879
0.0241879
0.0241882
0.0241873
0.0241873
0.0241876
0.0241877
0.0241877
0.0241878
0.0241873
0.0241873
0.0241876
0.0241867
0.0241867
0.024187
0.0241868
0.0241868
0.0241871
0.0241862
0.0241862
0.0241865
0.0241862
0.0241862
0.0241865
0.0241856
0.0241856
0.0241859
0.0241856
0.0241856
0.0241859
0.024185
0.024185
0.0241853
0.0241851
0.0241851
0.0241853
0.0241844
0.0241844
0.0241847
0.0241845
0.0241845
0.0241848
0.0241839
0.0241839
0.0241842
0.0241839
0.0241839
0.0241842
0.0241837
0.0241837
0.0241838
0.0241834
0.0241833
0.0241836
0.0241824
0.0241816
0.0241819
0.0238835
0.0241809
0.024181
0.0241816
0.0241816
0.0241819
0.0241878
0.0241877
0.0241877
0.024184
0.0241841
0.0241841
0.0241844
0.0241843
0.0241843
0.0241886
0.0241886
0.0241885
0.0241885
0.0241886
0.0241886
0.024188
0.024188
0.0241879
0.0241883
0.0241882
0.0241882
0.0241879
0.0241881
0.0241881
0.0241878
0.0241876
0.0241876
0.0241876
0.0241877
0.0241877
0.0241871
0.0241871
0.024187
0.0241872
0.0241872
0.0241872
0.0241846
0.0241846
0.0241845
0.0241849
0.024185
0.0241849
0.0241851
0.024185
0.024185
0.024184
0.024184
0.0241839
0.0241843
0.0241842
0.0241842
0.024184
0.0241841
0.0241842
0.0241833
0.0241832
0.0241831
0.0241646
0.024163
0.0239053
0.0241826
0.0241825
0.0241825
0.0241842
0.0241842
0.0241842
0.0241843
0.0241843
0.0241842
0.0241877
0.0241877
0.0241876
0.0241835
0.0241038
0.0223653
0.0241829
0.0240938
0.0223384
0.0241782
0.0240341
0.0219791
0.0241782
0.0240336
0.0219536
0.0241218
0.0236811
0.0204934
0.0241869
0.0241857
0.0238081
0.0241868
0.0241786
0.0235618
0.0241867
0.0241772
0.0235309
0.0241233
0.0236883
0.0205262
0.0237827
0.0227747
0.0182835
0.0241869
0.0241837
0.0237812
0.0241843
0.0241172
0.0225153
0.0241843
0.0241176
0.0225421
0.024182
0.0240785
0.0221685
0.024182
0.0240788
0.0221578
0.0241731
0.0239869
0.0217531
0.0241742
0.0239972
0.0217803
0.0240065
0.0232246
0.0191177
0.0240136
0.0232512
0.0192203
0.0230722
0.0219197
0.0182623
0.0241871
0.0241868
0.0240244
0.0241861
0.0241573
0.0231525
0.0241863
0.0241625
0.0232249
0.0241861
0.0241566
0.0231262
0.0241836
0.0241042
0.0224268
0.0241828
0.0240908
0.0222709
0.0241803
0.0240574
0.0220598
0.0241754
0.0240074
0.0218838
0.0241421
0.0237888
0.0210167
0.024187
0.0241864
0.0239008
0.0241145
0.0236481
0.0204013
0.024021
0.0232801
0.0193668
0.024016
0.0232602
0.019257
0.0239278
0.0230524
0.0193172
0.0241824
0.0240869
0.0221946
0.0241828
0.0240931
0.0222818
0.0241834
0.0241034
0.0223832
0.0241834
0.0241026
0.0223116
0.0241841
0.0241168
0.0225201
0.0241835
0.0241048
0.0224134
0.0241841
0.0241166
0.0224985
0.0241824
0.0240868
0.0221737
0.0241815
0.0240727
0.0220937
0.0241806
0.0240598
0.0219898
0.0241815
0.0240721
0.0220649
0.0241777
0.0240271
0.0217731
0.0241784
0.0240347
0.0218536
0.0241802
0.024055
0.0219601
0.0241794
0.0240461
0.0218832
0.0241767
0.0240165
0.0217453
0.0241461
0.0238053
0.0209138
0.0241291
0.0237167
0.0206214
0.0240212
0.0232814
0.0194031
0.0241863
0.0241627
0.0232503
0.0241864
0.0241655
0.0233369
0.0241864
0.0241656
0.0233632
0.0241838
0.0241077
0.022454
0.0241849
0.0241287
0.0226155
0.0241827
0.0240898
0.022244
0.0241803
0.0240574
0.0220772
0.0241707
0.023968
0.0216799
0.0241747
0.0240016
0.0218565
0.0241234
0.0236994
0.0207513
0.0241335
0.0237468
0.0208668
0.0241258
0.0237105
0.0207795
0.0241394
0.0237754
0.0209881
0.024134
0.0237482
0.0208939
0.0240837
0.0235359
0.0202776
0.0240558
0.0234341
0.0200226
0.0240514
0.0234184
0.0199907
0.0239156
0.0230197
0.0192834
0.0238697
0.0229014
0.0191785
0.0241853
0.0241375
0.0227438
0.0241853
0.0241375
0.0227624
0.0241835
0.0241036
0.0223794
0.0241853
0.0241371
0.0227183
0.024185
0.024131
0.0226911
0.0241828
0.024091
0.0223114
0.0241786
0.024039
0.0220061
0.0241683
0.0239496
0.0215689
0.0241683
0.0239498
0.0215889
0.0241781
0.0240336
0.0219377
0.0241666
0.0239369
0.0215415
0.0241648
0.0239247
0.0215138
0.0241022
0.0235939
0.0202565
0.0241049
0.0236057
0.0202901
0.0241207
0.0236771
0.0204607
0.0240994
0.0235821
0.0202227
0.0240966
0.0235703
0.0201889
0.024187
0.0241858
0.0238315
0.0240348
0.0233641
0.0198539
0.0240287
0.0233433
0.0198217
0.0241868
0.0241807
0.0235915
0.0241869
0.0241845
0.0237469
0.0241867
0.0241771
0.0235046
0.0241252
0.0236971
0.0205589
0.0238826
0.0229015
0.0183157
0.0241869
0.0241835
0.0237454
0.0241857
0.0241468
0.0228901
0.0241843
0.024117
0.0224942
0.0241845
0.0241203
0.0225695
0.024182
0.0240787
0.0221903
0.0241809
0.0240648
0.0221311
0.0241727
0.0239842
0.021726
0.0241745
0.0239993
0.0218073
0.0241604
0.0238948
0.0213888
0.0240384
0.0233752
0.0198843
0.0240438
0.0233925
0.0199317
0.0241871
0.0241869
0.0240397
0.0241871
0.0241868
0.024015
0.0240086
0.0232322
0.0191489
0.0240111
0.0232416
0.0191838
0.0241862
0.0241622
0.0231804
0.0241863
0.0241624
0.0232035
0.024186
0.0241564
0.0230923
0.0241853
0.0241386
0.0228144
0.0241853
0.0241378
0.0227866
0.0241836
0.0241038
0.0223999
0.0241849
0.0241288
0.0226321
0.0241849
0.0241292
0.0226657
0.0241828
0.0240907
0.0222869
0.0241796
0.0240496
0.022033
0.0241692
0.0239563
0.0216418
0.0241685
0.0239511
0.0216163
0.0241764
0.0240164
0.0219109
0.0241628
0.023911
0.0214581
0.0241636
0.0239164
0.021486
0.0241455
0.0238081
0.021067
0.0241455
0.0238077
0.0210453
0.0241102
0.023629
0.0203541
0.0241076
0.0236176
0.0203233
0.0241172
0.0236603
0.0204295
0.0240909
0.0235469
0.0201227
0.0240937
0.0235583
0.0201552
0.0240883
0.0235363
0.0200935
0.0240198
0.0232753
0.0193302
0.0240181
0.0232686
0.0192936
0.024187
0.024186
0.0238699
0.0240105
0.0232853
0.0197124
0.0240186
0.0233107
0.0197612
0.0240233
0.023326
0.0197901
0.0241868
0.0241811
0.0236586
0.0241868
0.0241809
0.0236147
0.0241868
0.0241814
0.023688
0.0241869
0.0241815
0.0237168
0.0241867
0.0241768
0.0234666
0.0241858
0.0241515
0.0229711
0.0241825
0.0240873
0.0222218
0.0241825
0.024089
0.0222519
0.0241834
0.024103
0.0223558
0.0241834
0.0241028
0.0223341
0.0241836
0.0241082
0.0224436
0.0241841
0.0241163
0.0224735
0.0241824
0.0240866
0.022153
0.0241817
0.0240764
0.0221234
0.0241814
0.0240716
0.0220192
0.0241815
0.024072
0.0220444
0.0241777
0.0240273
0.021794
0.0241779
0.0240286
0.0218239
0.0241802
0.0240543
0.0219313
0.0241801
0.0240543
0.0219125
0.0241755
0.0240054
0.0217203
0.0241271
0.0237067
0.0205913
0.0240213
0.0232821
0.0194327
0.0241864
0.0241654
0.0233165
0.0241863
0.024164
0.0232751
0.0241864
0.0241674
0.0233907
0.0241855
0.0241422
0.0228422
0.0241857
0.0241466
0.0228694
0.0241843
0.0241171
0.0224809
0.0241849
0.0241285
0.0225965
0.0241821
0.0240811
0.0222172
0.0241804
0.0240584
0.0221042
0.0241726
0.0239836
0.0217028
0.0241745
0.0239996
0.0218292
0.0241626
0.02391
0.0214304
0.0241626
0.0239099
0.0214122
0.0241576
0.0238779
0.0213494
0.0241215
0.0236906
0.0207257
0.0241325
0.023743
0.0208379
0.0241287
0.0237239
0.0208087
0.0241357
0.0237567
0.0209355
0.0241374
0.0237648
0.0209604
0.0240605
0.0234507
0.0200542
0.0240473
0.0234044
0.0199598
0.0239017
0.0229848
0.0192472
0.0238864
0.0229458
0.0192116
0.0241871
0.024187
0.0240787
0.0241871
0.024187
0.0241059
0.0241871
0.024187
0.0241021
0.0239069
0.0229137
0.0185462
0.023907
0.0229133
0.0185106
0.0241863
0.0241653
0.0232975
0.024186
0.0241576
0.0230916
0.0241864
0.0241662
0.0233264
0.0241859
0.0241533
0.0230608
0.0241616
0.0238979
0.0212604
0.024153
0.0238438
0.0210457
0.0241403
0.0237727
0.020789
0.0241526
0.0238418
0.0210145
0.0241397
0.0237703
0.020757
0.0234807
0.0224387
0.0188201
0.0241868
0.0241798
0.0235832
0.0241867
0.024176
0.0235563
0.0240738
0.0234978
0.0201565
0.0240966
0.0235859
0.0204087
0.0240955
0.0235823
0.0203782
0.0240728
0.0234956
0.0201293
0.0240654
0.0234689
0.0200836
0.024187
0.0241866
0.0239449
0.024187
0.0241867
0.0239711
0.0216299
0.0204537
0.018567
0.0239681
0.02316
0.0194694
0.0240452
0.0233699
0.0196925
0.0240447
0.0233687
0.0196571
0.0240372
0.0233412
0.0195494
0.0239122
0.0229293
0.0186063
0.0239055
0.0229057
0.0183976
0.0241859
0.0241541
0.0230496
0.024146
0.0238102
0.0210936
0.0241476
0.0238192
0.0211342
0.0241542
0.0238577
0.0212137
0.0238235
0.0227959
0.0188461
0.024187
0.0241849
0.0238168
0.0240773
0.0234923
0.0199786
0.024187
0.0241865
0.0239345
0.024187
0.0241864
0.0238962
0.023996
0.0232407
0.0196153
0.0239592
0.0231347
0.0194346
0.0239921
0.0232294
0.0195857
0.0239863
0.0232152
0.0195356
0.0241869
0.0241847
0.0237721
0.0241861
0.0241584
0.0231758
0.0241861
0.0241599
0.0232066
0.0241866
0.0241724
0.0234399
0.0241866
0.0241714
0.0234101
0.0241585
0.0238781
0.0211705
0.0241567
0.0238666
0.0211395
0.0241444
0.0237954
0.0208844
0.0241326
0.0237336
0.0206673
0.0240615
0.0234318
0.0198109
0.0240736
0.0234775
0.0199439
0.0240646
0.0234435
0.0198409
0.0240337
0.0233287
0.019515
0.0239206
0.0229552
0.0186461
0.0239055
0.0229079
0.0183874
0.0241868
0.0241803
0.0236691
0.0241868
0.0241804
0.0236914
0.0241857
0.0241485
0.0229495
0.0241858
0.0241498
0.0230218
0.0241857
0.0241481
0.0229138
0.0241563
0.0238696
0.0213234
0.0241545
0.0238584
0.021241
0.0240808
0.0235246
0.0202487
0.0238086
0.0227624
0.0188071
0.0239966
0.0231903
0.0190317
0.0239062
0.0229114
0.0185718
0.0239066
0.0229106
0.0184708
0.023838
0.0228225
0.0190123
0.0238381
0.0228232
0.019047
0.0238366
0.0228204
0.0189744
0.0238339
0.0228144
0.0189402
0.0241863
0.024165
0.0232592
0.0239612
0.0230771
0.0188089
0.0239696
0.0231028
0.018845
0.0241861
0.024158
0.0231213
0.0241865
0.024171
0.023357
0.0241858
0.024152
0.0230303
0.0241854
0.0241426
0.0228557
0.0241854
0.024143
0.0228862
0.0241848
0.0241288
0.0226427
0.0241848
0.024129
0.0226647
0.0241854
0.0241423
0.0228295
0.0241854
0.0241423
0.0228092
0.0241843
0.0241209
0.0226128
0.0241842
0.0241179
0.022585
0.0241626
0.0239047
0.0213035
0.0241637
0.0239119
0.0213295
0.0241698
0.023956
0.0215061
0.0241694
0.0239532
0.0214757
0.0241705
0.0239622
0.0215365
0.0241716
0.0239709
0.0215667
0.0241614
0.0238968
0.0212319
0.0241539
0.0238493
0.021077
0.0241414
0.0237786
0.020821
0.0241519
0.0238396
0.0209849
0.024138
0.0237619
0.0207253
0.023931
0.0229844
0.0187219
0.0239515
0.0230474
0.0187764
0.0241868
0.0241799
0.0236027
0.0241868
0.02418
0.0236261
0.0241867
0.0241758
0.0235183
0.0241182
0.0236762
0.0206554
0.0241191
0.0236799
0.0206831
0.0240756
0.0235045
0.0201866
0.0241176
0.0236754
0.0206259
0.024113
0.0236543
0.0205962
0.0240983
0.0235929
0.0204391
0.024093
0.023573
0.020349
0.023796
0.022759
0.0188752
0.0240014
0.0232076
0.0190658
0.0239864
0.0231559
0.0189576
0.0239916
0.0231733
0.0189949
0.0241871
0.0241869
0.0240607
0.0241871
0.0241868
0.0239995
0.024187
0.0241866
0.0239604
0.0239772
0.0231866
0.0195037
0.0240506
0.0233916
0.0197279
0.0240552
0.0234089
0.0197608
0.0240428
0.0233618
0.0196212
0.0240403
0.0233526
0.0195852
0.0239042
0.0229028
0.0185661
0.0239057
0.0229069
0.018431
0.024186
0.0241563
0.0230761
0.0241492
0.0238279
0.0211586
0.0241512
0.0238394
0.0211857
0.0238611
0.0228831
0.0191218
0.0238518
0.0228602
0.0190858
0.0238268
0.0227991
0.0188829
0.024187
0.024185
0.0238446
0.024187
0.0241863
0.0238746
0.0240807
0.023506
0.0200129
0.0240837
0.0235178
0.0200448
0.023981
0.0231381
0.0189202
0.0239754
0.0231202
0.0188825
0.0240007
0.0232551
0.0196478
0.0240057
0.0232706
0.0196811
0.0239432
0.0230914
0.0193698
0.0239508
0.0231117
0.0194009
0.0241861
0.0241581
0.0231463
0.0241863
0.0241648
0.0232359
0.0241865
0.0241712
0.0233822
0.0241858
0.0241517
0.0230035
0.0241858
0.0241512
0.0229455
0.0241855
0.0241454
0.0229166
0.0241848
0.0241296
0.022718
0.0241848
0.0241292
0.0226891
0.0241849
0.0241312
0.0227486
0.024185
0.0241345
0.022779
0.0241842
0.0241171
0.0225434
0.0241668
0.0239341
0.021389
0.024165
0.0239214
0.0213587
0.0241687
0.0239482
0.0214192
0.0241693
0.0239526
0.0214494
0.0241742
0.0239936
0.0216514
0.0241745
0.0239962
0.0216791
0.0241742
0.0239931
0.0216268
0.0241731
0.0239839
0.0215968
0.024161
0.023895
0.0212013
0.0241551
0.023857
0.0211083
0.0241428
0.0237865
0.0208529
0.0241493
0.0238232
0.0209583
0.0241349
0.0237455
0.0206948
0.0240709
0.0234674
0.019909
0.0240678
0.0234556
0.0198743
0.0240299
0.0233149
0.0194841
0.0239239
0.0229632
0.0186855
0.0239006
0.0229039
0.0183546
0.0241869
0.0241805
0.0237192
0.0241866
0.0241722
0.0234725
0.0241867
0.0241758
0.0234998
0.0241866
0.024172
0.0234467
0.0241866
0.0241719
0.0234154
0.0241857
0.0241486
0.0229686
0.0241858
0.0241488
0.0229937
0.0241552
0.0238631
0.0212954
0.0241546
0.0238592
0.0212671
0.0240781
0.0235138
0.0202177
0.0241065
0.0236268
0.0205375
0.0241095
0.0236393
0.0205664
0.0241003
0.023601
0.0204674
0.024104
0.0236162
0.0205113
0.0240891
0.0235568
0.0203224
0.0238002
0.0227597
0.0187685
0.0241871
0.024187
0.0240908
)
;

boundaryField
{
    topAndBottom
    {
        type            zeroGradient;
    }
    inlet
    {
        type            fixedValue;
        value           uniform 0;
    }
    outlet
    {
        type            zeroGradient;
    }
    wing
    {
        type            calculated;
        value           uniform -0.00924328;
    }
    front
    {
        type            empty;
    }
    back
    {
        type            empty;
    }
}


// ************************************************************************* //
