/*--------------------------------*- C++ -*----------------------------------*\
| =========                 |                                                 |
| \\      /  F ield         | OpenFOAM: The Open Source CFD Toolbox           |
|  \\    /   O peration     | Version:  5.x                                   |
|   \\  /    A nd           | Web:      www.OpenFOAM.org                      |
|    \\/     M anipulation  |                                                 |
\*---------------------------------------------------------------------------*/
FoamFile
{
    version     2.0;
    format      ascii;
    class       volScalarField;
    location    "500";
    object      Y;
}
// * * * * * * * * * * * * * * * * * * * * * * * * * * * * * * * * * * * * * //

dimensions      [0 0 0 0 0 0 0];

internalField   nonuniform List<scalar> 
6584
(
0.00632995
0.00632995
0.00632995
0.00632995
0.00632995
0.00632995
0.00632995
0.00632995
0.00632995
0.00632995
0.00632995
0.00632995
0.00632995
0.00632995
0.00632995
0.00632995
0.00632995
0.00632995
0.00632995
0.00632995
0.00632995
0.00632995
0.00632995
0.00632995
0.0063299
0.0063299
0.0063299
0.0063299
0.0063299
0.0063299
0.0063299
0.0063299
0.0063299
0.0063299
0.0063299
0.0063299
0.0063299
0.0063299
0.0063299
0.0063299
0.0063299
0.0063299
0.0063299
0.0063299
0.0063299
0.0063299
0.0063299
0.0063299
0.00632985
0.00632985
0.00632985
0.00632985
0.00632985
0.00632985
0.00632985
0.00632985
0.00632985
0.00632988
0.00632988
0.00632988
0.00632988
0.00632988
0.00632988
0.00632985
0.00632985
0.00632985
0.00632985
0.00632985
0.00632985
0.00632985
0.00632985
0.00632985
0.0063298
0.0063298
0.0063298
0.0063298
0.0063298
0.00632981
0.00632981
0.00632981
0.00632981
0.00632983
0.00632983
0.00632983
0.00632983
0.00632983
0.00632983
0.00632983
0.00632981
0.00632981
0.00632981
0.00632981
0.00632981
0.0063298
0.0063298
0.0063298
0.00632976
0.00632976
0.00632976
0.00632976
0.00632976
0.00632976
0.00632976
0.00632976
0.00632978
0.00632978
0.00632978
0.00632978
0.00632978
0.00632978
0.00632978
0.00632978
0.00632978
0.00632976
0.00632976
0.00632976
0.00632976
0.00632976
0.00632976
0.00632976
0.00632971
0.00632971
0.00632971
0.00632971
0.00632971
0.00632971
0.00632971
0.00632973
0.00632973
0.00632973
0.00632974
0.00632974
0.00632974
0.00632974
0.00632973
0.00632973
0.00632973
0.00632971
0.00632971
0.00632971
0.00632971
0.00632971
0.00632971
0.00632971
0.00632966
0.00632966
0.00632966
0.00632966
0.00632966
0.00632966
0.00632966
0.00632968
0.00632968
0.00632968
0.00632969
0.0063297
0.0063297
0.00632969
0.0063297
0.00632968
0.00632968
0.00632966
0.00632966
0.00632966
0.00632966
0.00632966
0.00632966
0.00632966
0.00632961
0.00632961
0.00632961
0.00632961
0.00632961
0.00632961
0.00632961
0.00632964
0.00632963
0.00632963
0.00632964
0.00632965
0.00632965
0.00632965
0.00632964
0.00632964
0.00632961
0.00632961
0.00632961
0.00632961
0.00632961
0.00632961
0.00632961
0.00632956
0.00632956
0.00632956
0.00632956
0.00632956
0.00632956
0.00632956
0.00632959
0.00632959
0.00632959
0.0063296
0.0063296
0.0063296
0.0063296
0.00632959
0.00632959
0.00632956
0.00632956
0.00632956
0.00632956
0.00632956
0.00632956
0.00632956
0.00632951
0.00632951
0.00632951
0.00632951
0.00632951
0.00632951
0.00632951
0.00632954
0.00632954
0.00632954
0.00632955
0.00632956
0.00632956
0.00632956
0.00632954
0.00632954
0.00632952
0.00632952
0.00632951
0.00632951
0.00632951
0.00632951
0.00632951
0.00632946
0.00632946
0.00632946
0.00632946
0.00632946
0.00632947
0.00632947
0.00632949
0.00632949
0.00632949
0.0063295
0.00632951
0.00632952
0.00632951
0.0063295
0.0063295
0.00632947
0.00632947
0.00632947
0.00632947
0.00632946
0.00632946
0.00632946
0.00632941
0.00632942
0.00632942
0.00632942
0.00632942
0.00632942
0.00632942
0.00632944
0.00632944
0.00632945
0.00632946
0.00632946
0.00632947
0.00632947
0.00632945
0.00632945
0.00632942
0.00632942
0.00632942
0.00632942
0.00632942
0.00632942
0.00632942
0.00632937
0.00632937
0.00632937
0.00632937
0.00632937
0.00632937
0.00632937
0.00632939
0.0063294
0.0063294
0.00632941
0.00632942
0.00632943
0.00632942
0.0063294
0.0063294
0.00632937
0.00632937
0.00632937
0.00632937
0.00632937
0.00632937
0.00632937
0.00632932
0.00632932
0.00632932
0.00632932
0.00632932
0.00632932
0.00632932
0.00632932
0.00632935
0.00632935
0.00632936
0.00632936
0.0060996
0.00632937
0.00632937
0.00632936
0.00632935
0.00632933
0.00632932
0.00632932
0.00632932
0.00632932
0.00632932
0.00632932
0.00632927
0.00632927
0.00632927
0.00632927
0.00632927
0.00632927
0.00632927
0.00632927
0.0063293
0.0063293
0.00632931
0.00632931
0.00627508
0.00632932
0.00632931
0.00632931
0.00632928
0.00632928
0.00632927
0.00632927
0.00632927
0.00632927
0.00632927
0.00632927
0.00632922
0.00632922
0.00632922
0.00632922
0.00632922
0.00632922
0.00632922
0.00632922
0.00632925
0.00632925
0.00632925
0.00632926
0.00627935
0.00632926
0.00632926
0.00632926
0.00632923
0.00632923
0.00632922
0.00632922
0.00632922
0.00632922
0.00632922
0.00632922
0.00632917
0.00632917
0.00632917
0.00632917
0.00632917
0.00632917
0.00632917
0.00632917
0.00632918
0.0063292
0.0063292
0.00632875
0.00630586
0.00632921
0.00632921
0.00632921
0.00632918
0.00632918
0.00632918
0.00632917
0.00632917
0.00632917
0.00632917
0.00632917
0.00632912
0.00632912
0.00632912
0.00632912
0.00632912
0.00632912
0.00632913
0.00632913
0.00632913
0.00632913
0.00632915
0.00632837
0.0063064
0.00632916
0.00632914
0.00632914
0.00632913
0.00632913
0.00632913
0.00632913
0.00632912
0.00632912
0.00632912
0.00632912
0.00632907
0.00632907
0.00632907
0.00632907
0.00632908
0.00632908
0.00632908
0.00632908
0.00632908
0.00632908
0.006329
0.00631694
0.00631814
0.00632909
0.00632909
0.00632909
0.00632908
0.00632908
0.00632908
0.00632908
0.00632907
0.00632907
0.00632907
0.00632907
0.00632903
0.00632903
0.00632903
0.00632903
0.00632903
0.00632903
0.00632903
0.00632903
0.00632903
0.00632903
0.00632888
0.0063169
0.00631817
0.00632904
0.00632904
0.00632904
0.00632903
0.00632903
0.00632903
0.00632903
0.00632903
0.00632902
0.00632902
0.00632902
0.00632898
0.00632898
0.00632898
0.00632898
0.00632898
0.00632898
0.00632898
0.00632898
0.00632898
0.00632898
0.00632877
0.00631686
0.0063182
0.00632899
0.00632899
0.00632899
0.00632899
0.00632898
0.00632898
0.00632898
0.00632898
0.00632898
0.00632897
0.00632897
0.00632893
0.00632893
0.00632893
0.00632893
0.00632893
0.00632893
0.00632893
0.00632893
0.00632893
0.00632893
0.00632867
0.00631682
0.00631821
0.00632894
0.00632894
0.00632894
0.00632894
0.00632893
0.00632893
0.00632893
0.00632893
0.00632893
0.00632893
0.00632892
0.00632888
0.00632888
0.00632888
0.00632888
0.00632888
0.00632888
0.00632888
0.00632888
0.00632889
0.00632888
0.00632857
0.00631677
0.00631822
0.0063289
0.00632889
0.00632889
0.00632889
0.00632889
0.00632888
0.00632888
0.00632888
0.00632888
0.00632888
0.00632887
0.00632883
0.00632883
0.00632883
0.00632883
0.00632883
0.00632883
0.00632883
0.00632884
0.00632884
0.00632883
0.00632847
0.00631673
0.00631822
0.00632885
0.00632885
0.00632884
0.00632884
0.00632884
0.00632883
0.00632883
0.00632883
0.00632883
0.00632883
0.00632883
0.00632878
0.00632878
0.00632878
0.00632878
0.00632878
0.00632878
0.00632879
0.00632879
0.00632879
0.00632878
0.00632838
0.00631669
0.00631821
0.0063288
0.0063288
0.00632879
0.00632879
0.00632879
0.00632878
0.00632878
0.00632878
0.00632878
0.00632878
0.00632878
0.00632873
0.00632873
0.00632873
0.00632873
0.00632874
0.00632874
0.00632874
0.00632874
0.00632874
0.00632873
0.00632828
0.00631665
0.00631821
0.00632875
0.00632875
0.00632875
0.00632874
0.00632874
0.00632873
0.00632873
0.00632873
0.00632873
0.00632873
0.00632873
0.00632868
0.00632868
0.00632869
0.00632869
0.00632869
0.00632869
0.00632869
0.00632869
0.00632869
0.00632868
0.00632819
0.0063166
0.00631821
0.0063287
0.0063287
0.0063287
0.00632869
0.00632869
0.00632869
0.00632868
0.00632868
0.00632868
0.00632868
0.00632868
0.00632864
0.00632864
0.00632864
0.00632864
0.00632864
0.00632864
0.00632864
0.00632864
0.00632864
0.00632863
0.00632809
0.00631656
0.0063182
0.00632865
0.00632865
0.00632865
0.00632864
0.00632864
0.00632864
0.00632863
0.00632863
0.00632863
0.00632863
0.00632863
0.00632859
0.00632859
0.00632859
0.00632859
0.00632859
0.00632859
0.00632859
0.00632859
0.0063286
0.00632858
0.006328
0.00631652
0.0063182
0.0063286
0.0063286
0.0063286
0.00632859
0.00632859
0.00632859
0.00632859
0.00632858
0.00632858
0.00632858
0.00632858
0.00632854
0.00632854
0.00632854
0.00632854
0.00632854
0.00632854
0.00632854
0.00632855
0.00632855
0.00632853
0.0063279
0.00631648
0.00631819
0.00632856
0.00632855
0.00632855
0.00632855
0.00632854
0.00632854
0.00632854
0.00632853
0.00632853
0.00632853
0.00632853
0.00632849
0.00632849
0.00632849
0.00632849
0.00632849
0.00632849
0.0063285
0.0063285
0.0063285
0.00632848
0.00632781
0.00631644
0.00631818
0.00632851
0.00632851
0.0063285
0.0063285
0.00632849
0.00632849
0.00632849
0.00632848
0.00632848
0.00632848
0.00632848
0.00632844
0.00632844
0.00632844
0.00632844
0.00632844
0.00632845
0.00632845
0.00632845
0.00632845
0.00632843
0.00632772
0.00631639
0.00631817
0.00632846
0.00632846
0.00632845
0.00632845
0.00632844
0.00632844
0.00632844
0.00632844
0.00632843
0.00632843
0.00632843
0.00632839
0.00632839
0.00632839
0.00632839
0.0063284
0.0063284
0.0063284
0.0063284
0.0063284
0.00632838
0.00632763
0.00631635
0.00631815
0.00632841
0.00632841
0.0063284
0.0063284
0.0063284
0.00632839
0.00632839
0.00632839
0.00632838
0.00632838
0.00632838
0.00632834
0.00632834
0.00632834
0.00632835
0.00632835
0.00632835
0.00632835
0.00632835
0.00632835
0.00632833
0.00632754
0.00631631
0.00631814
0.00632836
0.00632836
0.00632836
0.00632835
0.00632835
0.00632834
0.00632834
0.00632834
0.00632834
0.00632833
0.00632833
0.0063283
0.0063283
0.0063283
0.0063283
0.0063283
0.0063283
0.0063283
0.0063283
0.00632831
0.00632828
0.00632746
0.00631627
0.00631812
0.00632831
0.00632831
0.00632831
0.0063283
0.0063283
0.00632829
0.00632829
0.00632829
0.00632829
0.00632828
0.00632828
0.00632825
0.00632825
0.00632825
0.00632825
0.00632825
0.00632825
0.00632825
0.00632826
0.00632826
0.00632823
0.00632737
0.00631622
0.00631811
0.00632827
0.00632826
0.00632826
0.00632825
0.00632825
0.00632824
0.00632824
0.00632824
0.00632824
0.00632824
0.00632823
0.00632961
0.00632961
0.00632965
0.00632956
0.00632957
0.0063296
0.00632952
0.00632952
0.00632956
0.00632947
0.00632948
0.00632952
0.00632942
0.00632943
0.00632947
0.00632937
0.00621256
0.00609284
0.00632938
0.00632943
0.00632965
0.0063297
0.00632965
0.0063297
0.00632961
0.00632961
0.00632965
0.00632962
0.00632965
0.00632961
0.00632961
0.00632965
0.00632956
0.00632956
0.0063296
0.00632958
0.00632958
0.0063296
0.00632958
0.0063296
0.00632957
0.00632957
0.0063296
0.00632952
0.00632952
0.00632956
0.00632954
0.00632954
0.00632956
0.0063295
0.00632955
0.00632952
0.00632952
0.00632956
0.00632947
0.00632947
0.00632951
0.00632949
0.00632949
0.00632951
0.00632948
0.00632946
0.00632948
0.00632948
0.00632951
0.00632945
0.00632947
0.00632943
0.00632943
0.00632947
0.00632941
0.00632943
0.00632932
0.00624878
0.00620908
0.00622411
0.00632933
0.00632938
0.0063296
0.00632962
0.00632962
0.00632962
0.0063296
0.00632965
0.00632962
0.0063296
0.00632962
0.00632962
0.00632962
0.0063296
0.00632956
0.00632958
0.00632958
0.00632958
0.00632956
0.0063296
0.00632958
0.00632955
0.00632958
0.00632958
0.00632958
0.00632956
0.0063296
0.00632958
0.00632959
0.00632952
0.00632953
0.00632953
0.00632954
0.00632951
0.00632956
0.00632954
0.00632946
0.0063295
0.00632954
0.00632954
0.00632952
0.00632956
0.00632954
0.00632954
0.00632949
0.00632947
0.00632951
0.00632949
0.00632947
0.00632948
0.0063295
0.0063295
0.00632948
0.00632952
0.0063295
0.0063295
0.00632944
0.00632942
0.00632947
0.00632945
0.00632943
0.00632945
0.00632947
0.00632946
0.00632946
0.00632939
0.00632937
0.00632942
0.0063294
0.00632938
0.0063294
0.00632963
0.00632963
0.00632965
0.00632963
0.00632964
0.00632942
0.00632942
0.00632946
0.00632945
0.00632945
0.00632947
0.006329
0.0063287
0.00632938
0.00632938
0.00632942
0.00632965
0.00632963
0.00632965
0.00632962
0.00632963
0.00632947
0.00632949
0.00632949
0.00632882
0.00632897
0.00632933
0.00632935
0.00632898
0.00632916
0.00632864
0.00632799
0.00632945
0.00632945
0.00632943
0.00632935
0.00632936
0.00632943
0.00632941
0.00632941
0.00632967
0.00632967
0.00632965
0.00632965
0.00632967
0.00632967
0.00632963
0.00632963
0.00632963
0.00632965
0.00632963
0.00632964
0.00632959
0.00632959
0.00632954
0.00632954
0.00632948
0.00632948
0.00632946
0.00632813
0.00632946
0.00632919
0.00632903
0.00632909
0.00632922
0.00632942
0.00632962
0.00632961
0.00632961
0.00632962
0.00632961
0.00632961
0.00632962
0.00632963
0.00632963
0.00632963
0.00632962
0.00632961
0.00632961
0.00632957
0.00632957
0.00632959
0.00632959
0.00632957
0.00632957
0.00632957
0.00632957
0.00632958
0.00632956
0.00632957
0.00632957
0.00632959
0.00632959
0.0063296
0.00632958
0.00632959
0.00632959
0.00632953
0.00632952
0.00632955
0.00632955
0.00632944
0.00632945
0.00632953
0.00632953
0.00632954
0.00632952
0.00632953
0.00632953
0.00632955
0.00632955
0.00632956
0.00632954
0.00632955
0.00632955
0.00632885
0.00632948
0.00632915
0.00632905
0.00632929
0.00632916
0.00632948
0.0063295
0.00632907
0.0063295
0.00632948
0.00632948
0.00632951
0.00632951
0.00632952
0.0063295
0.00632951
0.00632951
0.00632928
0.00632932
0.00632946
0.00632935
0.00632929
0.00632938
0.00632936
0.00632945
0.00632917
0.00632927
0.00632944
0.00632878
0.00632906
0.00632821
0.00632872
0.00632944
0.00632782
0.00632933
0.00632932
0.00631053
0.00632936
0.00632933
0.00624129
0.00632916
0.0063292
0.00632964
0.00632937
0.00632937
0.00632942
0.0063294
0.0063294
0.00632941
0.00621003
0.00632929
0.00632937
0.00632964
0.00632942
0.00632944
0.00632944
0.00632712
0.0063272
0.00622566
0.00632923
0.00632915
0.00632738
0.00632767
0.00632764
0.00632914
0.0060012
0.00632966
0.00632966
0.00632965
0.00632965
0.00632966
0.00632966
0.00632959
0.00632959
0.00632958
0.00632958
0.0063296
0.00632959
0.00632955
0.00632955
0.00632954
0.00632956
0.00632955
0.00632955
0.00632952
0.00632955
0.00632948
0.00632946
0.00632494
0.0063238
0.00632942
0.00632924
0.00632931
0.00632936
0.00632934
0.0062517
0.00632964
0.00632963
0.00632965
0.0063296
0.0063296
0.0063296
0.00632961
0.00632962
0.00632962
0.0063296
0.00632961
0.00632961
0.00632957
0.00632957
0.00632956
0.00632958
0.00632957
0.00632957
0.00632957
0.00632957
0.00632958
0.00632955
0.00632956
0.00632956
0.00632958
0.00632958
0.00632958
0.00632956
0.00632957
0.00632957
0.00632958
0.00632958
0.00632956
0.00632956
0.00632956
0.00632954
0.00632953
0.00632953
0.00632953
0.00632953
0.00632953
0.00632955
0.00632955
0.00632955
0.00632953
0.00632954
0.00632954
0.00632945
0.00632947
0.00632953
0.00632954
0.00632954
0.00632952
0.00632952
0.00632952
0.00632955
0.00632956
0.00632956
0.00632954
0.00632954
0.00632954
0.00632948
0.00632922
0.00632928
0.00632918
0.00632912
0.00632948
0.00632949
0.00632949
0.0063295
0.00632948
0.00632949
0.00632949
0.00632943
0.0063294
0.00632939
0.0063294
0.00632941
0.00632943
0.00632828
0.00632834
0.00632941
0.00632939
0.0063294
0.0063282
0.00632826
0.00632622
0.00632522
0.00632964
0.00632964
0.00632964
0.00632455
0.00632889
0.00632542
0.00632576
0.00632576
0.00632886
0.00632964
0.00632964
0.00632964
0.00632964
0.00632964
0.00632878
0.00632886
0.00632736
0.0063272
0.00632934
0.00632801
0.00632791
0.00632823
0.00632803
0.00632934
0.00632903
0.00632907
0.00632841
0.0063283
0.00632936
0.0063285
0.00632833
0.0063277
0.00632783
0.00632963
0.00632963
0.00632963
0.00632962
0.00632963
0.00632962
0.00632958
0.00632959
0.00632952
0.00632954
0.00632948
0.00632947
0.00632829
0.00632928
0.00632923
0.00632933
0.00632929
0.00632825
0.00632909
0.00632903
0.00632921
0.00632912
0.00632913
0.00632702
0.00632748
0.00632612
0.00632678
0.00632911
0.00632315
0.00632418
0.00632961
0.00632962
0.00632961
0.00632962
0.00632962
0.00632962
0.0063296
0.0063296
0.00632961
0.0063296
0.00632963
0.00632963
0.00632962
0.00632963
0.00632962
0.00632961
0.0063296
0.00632961
0.00632961
0.00632962
0.00632962
0.00632961
0.00632961
0.00632962
0.00632961
0.00632961
0.00632957
0.00632957
0.00632957
0.00632957
0.00632956
0.00632958
0.00632957
0.00632955
0.00632955
0.00632956
0.00632956
0.00632956
0.00632956
0.00632956
0.00632959
0.00632959
0.0063296
0.00632959
0.00632958
0.00632958
0.00632959
0.00632958
0.00632959
0.00632958
0.00632959
0.00632956
0.00632957
0.00632957
0.00632957
0.00632957
0.00632956
0.00632957
0.00632957
0.00632952
0.00632953
0.00632953
0.0063295
0.0063295
0.00632949
0.0063295
0.00632949
0.00632949
0.0063295
0.00632949
0.00632954
0.00632955
0.00632955
0.00632954
0.00632953
0.00632955
0.00632954
0.0063295
0.0063295
0.00632952
0.00632951
0.00632954
0.00632954
0.00632954
0.00632943
0.00632946
0.00632953
0.00632953
0.00632953
0.00632952
0.00632953
0.00632953
0.00632955
0.00632955
0.00632955
0.00632954
0.00632955
0.00632955
0.00632895
0.00632907
0.00632948
0.00632948
0.00632948
0.00632948
0.00632901
0.00632924
0.00632947
0.00632946
0.00632948
0.00632947
0.00632922
0.00632949
0.00632949
0.00632949
0.00632949
0.00632915
0.00632949
0.00632949
0.00632949
0.00632949
0.00632916
0.00632915
0.0063292
0.00632948
0.00632889
0.00632905
0.006329
0.00632886
0.00632905
0.00632948
0.00632907
0.00632911
0.0063293
0.00632737
0.00632757
0.00632783
0.00632736
0.0063293
0.00632734
0.00632921
0.00632759
0.00632923
0.00632848
0.00632936
0.00632933
0.00632938
0.00632937
0.00632852
0.00632759
0.00632771
0.00632837
0.0063284
0.00632792
0.00632817
0.0063268
0.00632644
0.00632966
0.00632966
0.00632969
0.0063294
0.0063294
0.00632938
0.00632965
0.00632965
0.00632964
0.00632964
0.00632965
0.00632965
0.00632967
0.00632967
0.00632965
0.0063296
0.00632959
0.00632959
0.00632958
0.00632958
0.00632958
0.0063295
0.00632955
0.00632951
0.00632951
0.0063295
0.00632939
0.00632936
0.00632946
0.0063293
0.00632933
0.00632947
0.00632961
0.00632961
0.0063296
0.0063296
0.0063296
0.0063296
0.00632962
0.00632962
0.00632962
0.0063296
0.00632959
0.0063296
0.00632956
0.00632958
0.00632958
0.00632958
0.00632956
0.00632956
0.00632956
0.00632958
0.00632958
0.00632958
0.00632952
0.00632952
0.00632952
0.00632951
0.00632952
0.00632952
0.00632946
0.00632941
0.00632941
0.0063295
0.00632954
0.00632954
0.00632954
0.00632956
0.00632956
0.00632956
0.00632954
0.00632954
0.00632954
0.00632951
0.00632951
0.00632951
0.00632951
0.00632951
0.00632952
0.00632947
0.00632947
0.00632948
0.00632419
0.00632418
0.00632938
0.00632939
0.00632941
0.00632417
0.00632418
0.00632932
0.00632932
0.00632939
0.00632963
0.00632963
0.0063288
0.00632853
0.0063286
0.00632895
0.00632899
0.00632838
0.00632845
0.00632866
0.0063286
0.00632914
0.00632743
0.00632725
0.00632809
0.00632862
0.00632853
0.00632936
0.00632966
0.00632966
0.00632965
0.00632963
0.00632963
0.00632963
0.00632963
0.00632962
0.00632962
0.00632963
0.00632964
0.00632964
0.00632959
0.00632959
0.00632959
0.00632959
0.00632959
0.00632959
0.00632953
0.00632954
0.00632938
0.00632939
0.00632948
0.00632947
0.00632934
0.00632936
0.00632845
0.00632847
0.00632876
0.00632872
0.00632813
0.0063285
0.00632854
0.00632947
0.00632934
0.00632937
0.00632962
0.00632961
0.00632961
0.00632961
0.00632962
0.00632962
0.00632962
0.0063296
0.0063296
0.00632961
0.00632961
0.00632961
0.00632963
0.00632963
0.00632963
0.00632963
0.00632963
0.00632963
0.00632962
0.00632962
0.00632962
0.00632959
0.00632959
0.00632959
0.0063296
0.0063296
0.00632956
0.00632957
0.00632959
0.00632959
0.00632959
0.00632958
0.00632959
0.00632959
0.00632952
0.00632952
0.00632952
0.00632944
0.00632945
0.00632955
0.00632955
0.00632955
0.00632955
0.00632955
0.00632955
0.0063289
0.00632914
0.00632937
0.00632938
0.00632931
0.00632931
0.00632903
0.0063295
0.00632951
0.00632951
0.00632923
0.00632921
0.00632936
0.00632936
0.00632909
0.0063293
0.0063293
0.00632921
0.00632922
0.00632951
0.00632951
0.00632951
0.0063295
0.0063295
0.00632951
0.00632932
0.00632945
0.00632945
0.00632946
0.00632946
0.00632931
0.00632892
0.00632936
0.00632939
0.00632937
0.00632936
0.00632896
0.00632832
0.00632888
0.00632882
0.00632763
0.00632749
0.00632794
0.00632218
0.00632487
0.00632486
0.00632493
0.00632936
0.00632877
0.00632866
0.00632884
0.00632879
0.00632933
0.00631997
0.00631999
0.0063276
0.00632795
0.00632923
0.00632964
0.00632964
0.00632964
0.00632707
0.00632708
0.00632628
0.00632418
0.00618069
0.00632755
0.00632698
0.00632708
0.00632662
0.00632682
0.00632764
0.00600127
0.00632085
0.0063265
0.00632965
0.00632965
0.00632964
0.00632958
0.00632958
0.00632958
0.0063296
0.0063296
0.0063296
0.00632959
0.0063296
0.00632951
0.00632955
0.0063292
0.00632924
0.00632919
0.00632918
0.00632946
0.00632934
0.00632933
0.0063247
0.00632199
0.00632203
0.0063229
0.00632262
0.00632438
0.0063296
0.0063296
0.0063296
0.0063296
0.0063296
0.0063296
0.00632956
0.00632957
0.00632957
0.00632957
0.00632956
0.00632956
0.00632956
0.00632942
0.00632942
0.00632946
0.00632948
0.00632953
0.00632954
0.00632953
0.00632955
0.00632956
0.00632955
0.00632954
0.00632954
0.00632954
0.00632918
0.00632926
0.00632923
0.00632929
0.00632928
0.00632919
0.00632416
0.0063242
0.00632448
0.00632416
0.00632823
0.00632675
0.00632672
0.0063223
0.00632238
0.00632593
0.00632318
0.0063237
0.00632222
0.00632263
0.00632557
0.00632964
0.00632963
0.00632963
0.00632964
0.00632964
0.00632964
0.00632964
0.00632964
0.00632964
0.00632964
0.00632525
0.00632747
0.00632735
0.00632776
0.00632761
0.00632535
0.00632645
0.00632692
0.00632669
0.00632726
0.00632714
0.00632614
0.00632964
0.00632964
0.00632964
0.00632963
0.00632963
0.00632964
0.00632963
0.00632876
0.00632892
0.00632866
0.00632869
0.00632732
0.00632727
0.00632874
0.00632877
0.00632796
0.00632832
0.00632832
0.00632901
0.00632825
0.00632817
0.00632829
0.00632911
0.0063285
0.00632838
0.00632741
0.0063276
0.0063285
0.0063268
0.00632689
0.0063266
0.00632666
0.00632819
0.00632716
0.00632721
0.00632772
0.00632619
0.00632641
0.00632585
0.00632599
0.00632776
0.00632963
0.00632963
0.00632963
0.00632962
0.00632962
0.00632962
0.00632959
0.00632959
0.00632959
0.00632958
0.00632959
0.00632959
0.00632959
0.00632959
0.00632952
0.00632954
0.00632927
0.00632928
0.00632925
0.00632925
0.00632948
0.00632939
0.00632939
0.00632933
0.00632934
0.00632947
0.00632929
0.00632854
0.00632845
0.00632818
0.00632868
0.00632863
0.00632907
0.00632864
0.00632861
0.00632883
0.00632872
0.00632905
0.00632919
0.0063288
0.00632884
0.00632863
0.00632872
0.00632916
0.00632855
0.00632634
0.006328
0.0063279
0.0063232
0.00632362
0.00632962
0.00632961
0.00632961
0.00632961
0.00632962
0.00632962
0.00632962
0.0063296
0.0063296
0.0063296
0.0063296
0.0063296
0.00632961
0.0063296
0.00632963
0.00632963
0.00632963
0.00632963
0.00632962
0.00632962
0.00632963
0.00632961
0.00632961
0.00632961
0.0063296
0.00632961
0.00632961
0.00632961
0.00632961
0.00632962
0.00632962
0.00632962
0.00632962
0.00632962
0.00632962
0.00632961
0.00632961
0.00632961
0.00632961
0.00632957
0.00632956
0.00632957
0.00632957
0.00632957
0.00632957
0.00632957
0.00632955
0.00632955
0.00632956
0.00632956
0.00632959
0.00632959
0.00632959
0.00632959
0.00632959
0.00632959
0.0063296
0.0063296
0.0063296
0.00632959
0.00632959
0.0063296
0.00632959
0.00632959
0.00632958
0.00632958
0.00632958
0.00632957
0.00632958
0.00632958
0.00632959
0.00632958
0.00632959
0.00632958
0.00632958
0.00632958
0.00632956
0.00632957
0.0063295
0.00632946
0.00632948
0.00632943
0.00632944
0.0063295
0.00632949
0.00632948
0.00632948
0.00632949
0.00632949
0.00632936
0.00632938
0.00632936
0.00632935
0.00632949
0.00632949
0.00632941
0.00632942
0.0063294
0.00632941
0.00632949
0.00632953
0.00632953
0.00632954
0.00632954
0.0063295
0.0063295
0.00632952
0.00632952
0.00632944
0.00632946
0.00632955
0.00632955
0.00632955
0.00632954
0.00632955
0.00632954
0.00632893
0.00632935
0.00632937
0.00632912
0.006329
0.00632932
0.00632934
0.00632928
0.00632925
0.00632949
0.00632941
0.00632941
0.0063295
0.0063294
0.00632938
0.00632941
0.00632941
0.0063295
0.00632935
0.00632931
0.00632928
0.00632929
0.00632912
0.00632922
0.00632925
0.00632917
0.00632937
0.00632936
0.00632938
0.00632937
0.00632919
0.00632894
0.00632903
0.00632895
0.00632885
0.00632884
0.00632888
0.00632905
0.00632931
0.0063293
0.00632934
0.00632933
0.00632907
0.00632744
0.0063284
0.00632843
0.00632835
0.00632838
0.00632751
0.00632765
0.00632864
0.0063287
0.00632848
0.00632856
0.00632746
0.00632722
0.00632792
0.0063279
0.00632807
0.00632799
0.00632774
0.00632826
0.00632832
0.00632797
0.00632812
0.00632781
0.00632896
0.00632892
0.00632842
0.00632755
0.00632785
0.00632441
0.00632453
0.00632802
0.00632621
0.00632587
0.00632665
0.00632651
0.00632811
0.00632489
0.00632481
0.00632084
0.00632142
0.00632976
0.00632976
0.00632978
0.00632976
0.00632976
0.00632978
0.00632976
0.00632976
0.00632978
0.00632976
0.00632976
0.00632978
0.00632971
0.00632971
0.00632973
0.00632971
0.00632971
0.00632974
0.00632971
0.0063297
0.00632974
0.0063297
0.00632971
0.00632974
0.00632971
0.00632971
0.00632974
0.00632971
0.00632971
0.00632973
0.00632966
0.00632966
0.00632969
0.00632966
0.00632965
0.00632969
0.00632968
0.00632968
0.0063297
0.00632968
0.00632968
0.0063297
0.00632968
0.00632968
0.00632969
0.00632966
0.00632966
0.00632968
0.00632961
0.00632961
0.00632965
0.00632963
0.00632963
0.00632964
0.00632964
0.00632964
0.00632965
0.00632963
0.00632963
0.00632965
0.00632961
0.00632961
0.00632964
0.00632956
0.00632956
0.0063296
0.00632959
0.00632959
0.0063296
0.00632959
0.00632959
0.0063296
0.00632959
0.00632959
0.0063296
0.00632957
0.00632957
0.00632959
0.00632952
0.00632952
0.00632955
0.00632954
0.00632954
0.00632955
0.00632955
0.00632955
0.00632956
0.00632954
0.00632954
0.00632956
0.00632952
0.00632952
0.00632955
0.00632947
0.00632947
0.00632951
0.00632949
0.00632949
0.00632951
0.00632951
0.00632951
0.00632951
0.0063295
0.0063295
0.00632952
0.00632948
0.00632948
0.0063295
0.00632942
0.00632942
0.00632946
0.00632946
0.00632946
0.00632947
0.00632946
0.00632946
0.00632947
0.00632943
0.00632943
0.00632945
0.00632937
0.00632937
0.00632941
0.00632941
0.00632941
0.00632942
0.00632938
0.00632938
0.00632941
0.00632932
0.00632932
0.00632935
0.00632932
0.00632932
0.00632936
0.00632935
0.00632934
0.00632936
0.00612244
0.00632513
0.00632592
0.00632933
0.00632934
0.00632937
0.00632933
0.00632933
0.00632936
0.00632927
0.00632927
0.0063293
0.00632927
0.00632927
0.00632931
0.00632927
0.00628444
0.00628483
0.00627841
0.00632928
0.00632932
0.00632929
0.00632929
0.00632932
0.00632928
0.00632929
0.00632931
0.00632923
0.00632922
0.00632925
0.00632896
0.00630552
0.00628436
0.00630554
0.00632923
0.00632927
0.00632924
0.00632924
0.00632926
0.00632961
0.00632961
0.00632961
0.00632961
0.00632962
0.00632961
0.00632965
0.00632964
0.00632964
0.00632956
0.00632957
0.00632957
0.00632957
0.00632957
0.00632956
0.0063296
0.00632959
0.0063296
0.00632952
0.00632952
0.00632952
0.00632953
0.00632953
0.00632952
0.00632956
0.00632955
0.00632955
0.00632947
0.00632948
0.00632948
0.00632949
0.00632949
0.00632948
0.00632952
0.00632951
0.00632951
0.00632944
0.00632944
0.00632943
0.00632947
0.00632947
0.00632947
0.00632937
0.00632939
0.00632939
0.00617351
0.00631661
0.00631439
0.00627105
0.00627106
0.0060013
0.00632943
0.00632942
0.00632942
0.00632965
0.00632967
0.00632967
0.00632965
0.00632965
0.00632964
0.0063297
0.00632968
0.00632968
0.00632964
0.00632965
0.00632966
0.00632966
0.00632965
0.0063297
0.00632968
0.00632968
0.00632961
0.00632962
0.00632962
0.00632962
0.00632962
0.00632961
0.00632964
0.00632963
0.00632963
0.00632963
0.00632963
0.00632962
0.00632965
0.00632964
0.00632964
0.00632961
0.00632963
0.00632963
0.00632962
0.00632962
0.00632961
0.00632965
0.00632963
0.00632963
0.00632956
0.00632957
0.00632957
0.00632958
0.00632957
0.00632956
0.0063296
0.00632959
0.00632958
0.00632958
0.00632959
0.00632959
0.00632958
0.00632958
0.00632958
0.0063296
0.0063296
0.0063296
0.0063296
0.0063296
0.0063296
0.00632957
0.00632958
0.00632958
0.00632958
0.00632958
0.00632957
0.0063296
0.00632959
0.00632959
0.00632952
0.00632953
0.00632953
0.00632953
0.00632953
0.00632952
0.00632955
0.00632954
0.00632954
0.00632954
0.00632955
0.00632954
0.00632954
0.00632954
0.00632954
0.00632956
0.00632955
0.00632955
0.00632952
0.00632954
0.00632954
0.00632953
0.00632954
0.00632952
0.00632956
0.00632955
0.00632954
0.00632947
0.00632948
0.00632948
0.00632949
0.00632948
0.00632947
0.00632951
0.00632949
0.00632949
0.00632949
0.0063295
0.0063295
0.0063295
0.0063295
0.00632949
0.00632951
0.00632951
0.00632951
0.00632948
0.0063294
0.00632941
0.00632948
0.0063295
0.0063295
0.00632949
0.00632949
0.00632948
0.00632951
0.0063295
0.0063295
0.00632945
0.0063294
0.00632941
0.00632946
0.00632946
0.00632947
0.00632943
0.00632944
0.00632945
0.00632944
0.00632944
0.00632943
0.00632947
0.00632946
0.00632946
0.00632941
0.0063294
0.0063294
0.00632942
0.00632942
0.00632942
0.00632932
0.00632934
0.00632933
0.00625075
0.00632933
0.0063293
0.00632914
0.00632905
0.00620103
0.00632927
0.00632929
0.00621391
0.00632935
0.00632935
0.00632933
0.00632937
0.00632935
0.00632936
0.00632961
0.00632961
0.0063296
0.00632963
0.00632962
0.00632961
0.00632962
0.00632962
0.00632962
0.00632962
0.00632962
0.00632962
0.00632964
0.00632964
0.00632965
0.00632962
0.00632963
0.00632963
0.0063296
0.0063296
0.0063296
0.00632962
0.00632962
0.00632962
0.00632962
0.00632962
0.00632962
0.00632962
0.00632962
0.00632962
0.0063296
0.00632961
0.0063296
0.00632956
0.00632956
0.00632956
0.00632958
0.00632958
0.00632958
0.00632957
0.00632957
0.00632958
0.00632958
0.00632958
0.00632958
0.00632956
0.00632956
0.00632956
0.00632958
0.00632958
0.00632958
0.00632958
0.00632957
0.00632958
0.00632958
0.00632958
0.00632958
0.0063296
0.0063296
0.0063296
0.00632958
0.00632958
0.00632958
0.00632959
0.00632959
0.00632958
0.00632952
0.00632952
0.00632952
0.00632953
0.00632953
0.00632953
0.00632953
0.00632953
0.00632953
0.00632953
0.00632953
0.00632953
0.00632951
0.00632952
0.00632952
0.00632956
0.00632955
0.00632956
0.00632954
0.00632954
0.00632954
0.00632954
0.00632953
0.00632953
0.00632952
0.00632952
0.00632952
0.00632955
0.00632955
0.00632954
0.00632949
0.00632949
0.00632949
0.00632947
0.00632947
0.00632947
0.00632951
0.00632951
0.00632951
0.00632949
0.0063295
0.0063295
0.00632947
0.00632946
0.00632946
0.00632942
0.00632943
0.00632948
0.0063295
0.00632949
0.00632949
0.00632949
0.00632949
0.0063295
0.00632948
0.00632948
0.00632948
0.00632952
0.00632952
0.00632952
0.0063295
0.0063295
0.0063295
0.00632951
0.00632951
0.0063295
0.00632944
0.00632944
0.00632944
0.00632942
0.00632942
0.00632942
0.00632946
0.00632946
0.00632947
0.00632945
0.00632945
0.00632945
0.00632943
0.00632942
0.00632942
0.00632941
0.00632942
0.00632945
0.00632947
0.00632947
0.00632948
0.00632946
0.00632946
0.00632946
0.00632946
0.00632946
0.00632946
0.00632938
0.00632937
0.00632938
0.00632931
0.00632936
0.00632938
0.00632941
0.00632941
0.00632942
0.00632939
0.00632932
0.00632931
0.00632963
0.00632963
0.00632964
0.00632963
0.00632964
0.00632963
0.00632965
0.00632964
0.00632964
0.00632964
0.00632964
0.00632964
0.00632944
0.00632944
0.00632942
0.00632946
0.00632945
0.00632945
0.00632945
0.00632945
0.00632945
0.00632946
0.00632945
0.00632945
0.00632946
0.00632946
0.00632946
0.00632897
0.00632849
0.00632856
0.00632797
0.0063281
0.00632876
0.00632938
0.0063294
0.0063294
0.00632964
0.00632964
0.00632964
0.00632963
0.00632963
0.00632963
0.00632964
0.00632964
0.00632965
0.00632963
0.00632964
0.00632963
0.00632964
0.00632964
0.00632963
0.00632948
0.00632948
0.00632947
0.00632949
0.00632948
0.00632948
0.00632948
0.00632948
0.00632949
0.00632933
0.00632916
0.00632915
0.00632922
0.00632921
0.00632935
0.00632857
0.00632772
0.00632784
0.00632945
0.00632945
0.00632945
0.00632944
0.00632944
0.00632945
0.00632943
0.00632944
0.00632944
0.00632936
0.00632924
0.00632923
0.00632928
0.00632927
0.00632936
0.00632942
0.00632942
0.00632943
0.00632941
0.00632941
0.00632942
0.00632942
0.00632942
0.00632941
0.00632967
0.00632966
0.00632966
0.00632966
0.00632966
0.00632967
0.00632965
0.00632966
0.00632966
0.00632965
0.00632965
0.00632965
0.00632967
0.00632966
0.00632966
0.00632966
0.00632966
0.00632967
0.00632963
0.00632963
0.00632963
0.00632964
0.00632964
0.00632965
0.00632963
0.00632963
0.00632963
0.00632964
0.00632964
0.00632964
0.00632937
0.00632939
0.00632946
0.00632947
0.00632946
0.00632946
0.00632917
0.0063289
0.00632893
0.00632863
0.00632868
0.00632906
0.00632916
0.00632937
0.00632937
0.00632938
0.00632938
0.00632918
0.00632942
0.00632941
0.00632941
0.00632961
0.00632962
0.00632962
0.00632961
0.00632961
0.00632961
0.00632962
0.00632962
0.00632962
0.00632963
0.00632963
0.00632963
0.00632963
0.00632963
0.00632963
0.00632961
0.00632961
0.00632961
0.00632961
0.00632961
0.00632961
0.00632957
0.00632957
0.00632957
0.00632957
0.00632957
0.00632957
0.00632959
0.00632959
0.00632959
0.00632959
0.00632959
0.00632959
0.00632957
0.00632957
0.00632957
0.00632957
0.00632957
0.00632957
0.00632958
0.00632958
0.00632958
0.00632956
0.00632956
0.00632956
0.00632957
0.00632957
0.00632957
0.00632957
0.00632957
0.00632957
0.00632959
0.00632959
0.00632959
0.0063296
0.0063296
0.00632959
0.0063296
0.0063296
0.0063296
0.00632959
0.00632958
0.00632958
0.00632959
0.00632959
0.00632959
0.00632959
0.00632959
0.00632959
0.00632953
0.00632953
0.00632953
0.00632952
0.00632952
0.00632952
0.00632955
0.00632955
0.00632955
0.00632954
0.00632954
0.00632955
0.00632953
0.00632953
0.00632953
0.00632953
0.00632953
0.00632953
0.00632954
0.00632954
0.00632954
0.00632952
0.00632952
0.00632952
0.00632953
0.00632953
0.00632953
0.00632952
0.00632953
0.00632953
0.00632955
0.00632955
0.00632955
0.00632956
0.00632956
0.00632956
0.00632954
0.00632954
0.00632954
0.00632955
0.00632955
0.00632955
0.00632948
0.00632948
0.00632948
0.00632928
0.00632941
0.00632941
0.00632938
0.00632939
0.00632917
0.00632948
0.00632947
0.00632948
0.0063295
0.0063295
0.0063295
0.00632945
0.00632945
0.00632948
0.00632948
0.00632945
0.00632945
0.00632951
0.00632951
0.00632951
0.00632951
0.00632951
0.00632951
0.00632952
0.00632952
0.00632952
0.0063295
0.0063295
0.0063295
0.00632951
0.00632951
0.00632951
0.00632951
0.00632951
0.00632951
0.00632928
0.006329
0.00632899
0.00632913
0.00632911
0.00632932
0.00632946
0.00632946
0.00632946
0.00632934
0.00632943
0.00632943
0.00632942
0.00632942
0.0063293
0.00632937
0.00632944
0.00632944
0.00632945
0.00632945
0.00632937
0.00632945
0.00632945
0.00632945
0.00632918
0.0063287
0.00632868
0.00632897
0.00632893
0.00632926
0.00632942
0.00632942
0.00632944
0.00632883
0.00632914
0.00632912
0.00632926
0.00632925
0.00632903
0.00632909
0.00632905
0.00632864
0.00632944
0.00632943
0.00632943
0.00632933
0.00632888
0.00632885
0.0063289
0.0063289
0.00632933
0.00632936
0.00632929
0.00632928
0.00632915
0.00632803
0.00632821
0.00632896
0.00632899
0.00632921
0.00632938
0.00632939
0.00632937
0.00632941
0.0063294
0.0063294
0.0063294
0.0063294
0.0063294
0.00632942
0.00632941
0.00632941
0.00631987
0.0063195
0.00620562
0.0063293
0.00632872
0.00632873
0.00632902
0.00632873
0.00632931
0.00632943
0.00632943
0.00632942
0.00632944
0.00632943
0.00632943
0.00632943
0.00632944
0.00632944
0.00629973
0.00628122
0.00619493
0.00632918
0.00632819
0.00632821
0.00632794
0.0063281
0.00632916
0.00632863
0.00631635
0.0063134
0.0063281
0.00632825
0.00632914
0.00600122
0.00617747
0.00622602
0.00632966
0.00632965
0.00632965
0.00632966
0.00632966
0.00632966
0.00632965
0.00632965
0.00632965
0.00632965
0.00632965
0.00632965
0.00632966
0.00632965
0.00632966
0.00632965
0.00632965
0.00632966
0.00632959
0.00632959
0.00632959
0.00632959
0.00632959
0.00632959
0.00632958
0.00632958
0.00632958
0.0063296
0.0063296
0.00632959
0.00632955
0.00632954
0.00632954
0.00632954
0.00632954
0.00632955
0.00632954
0.00632954
0.00632954
0.00632955
0.00632955
0.00632956
0.00632955
0.00632955
0.00632955
0.00632955
0.00632955
0.00632955
0.00632939
0.0063294
0.00632948
0.00632941
0.00632941
0.00632941
0.0063293
0.00632938
0.00632938
0.00632938
0.00632938
0.00632931
0.00632935
0.00632932
0.00632931
0.00632921
0.00632928
0.00632935
0.00625284
0.00632639
0.00632494
0.00632964
0.00632964
0.00632964
0.00632964
0.00632964
0.00632964
0.00632965
0.00632964
0.00632964
0.0063296
0.0063296
0.0063296
0.00632961
0.00632962
0.00632962
0.00632962
0.00632962
0.00632962
0.00632962
0.00632962
0.00632962
0.00632961
0.00632961
0.0063296
0.00632961
0.00632961
0.00632961
0.00632961
0.00632961
0.00632961
0.00632957
0.00632956
0.00632956
0.00632957
0.00632957
0.00632957
0.00632956
0.00632956
0.00632956
0.00632958
0.00632958
0.00632958
0.00632957
0.00632957
0.00632957
0.00632957
0.00632957
0.00632957
0.00632957
0.00632957
0.00632958
0.00632957
0.00632957
0.00632957
0.00632958
0.00632958
0.00632957
0.00632956
0.00632956
0.00632956
0.00632956
0.00632956
0.00632956
0.00632956
0.00632956
0.00632956
0.00632958
0.00632958
0.00632958
0.00632958
0.00632958
0.00632958
0.00632958
0.00632958
0.00632958
0.00632957
0.00632958
0.00632958
0.00632958
0.00632958
0.00632958
0.00632956
0.00632956
0.00632956
0.00632956
0.00632956
0.00632956
0.00632953
0.00632953
0.00632954
0.00632953
0.00632953
0.00632953
0.00632953
0.00632953
0.00632953
0.00632953
0.00632953
0.00632953
0.00632953
0.00632953
0.00632953
0.00632953
0.00632953
0.00632953
0.00632955
0.00632955
0.00632955
0.00632955
0.00632955
0.00632955
0.00632955
0.00632955
0.00632955
0.00632953
0.00632954
0.00632953
0.00632954
0.00632954
0.00632954
0.00632954
0.00632954
0.00632954
0.00632954
0.00632954
0.00632953
0.00632954
0.00632954
0.00632954
0.00632952
0.00632952
0.00632952
0.00632952
0.00632952
0.00632952
0.00632956
0.00632956
0.00632956
0.00632956
0.00632956
0.00632956
0.00632954
0.00632954
0.00632954
0.00632954
0.00632954
0.00632954
0.00632946
0.00632946
0.00632948
0.00632924
0.00632939
0.00632939
0.00632941
0.0063294
0.00632926
0.00632948
0.00632943
0.00632944
0.00632949
0.00632949
0.00632949
0.00632949
0.00632949
0.00632949
0.0063295
0.00632949
0.0063295
0.00632948
0.00632948
0.00632948
0.00632949
0.00632948
0.00632948
0.00632948
0.00632948
0.00632949
0.00632943
0.00632944
0.00632944
0.00632939
0.00632943
0.00632943
0.00632944
0.00632944
0.00632939
0.0063294
0.00632942
0.00632942
0.00632943
0.00632942
0.00632941
0.00632943
0.00632943
0.00632943
0.0063283
0.00632686
0.00632683
0.00632695
0.00632689
0.00632831
0.00632941
0.00632941
0.00632941
0.0063294
0.00632941
0.00632941
0.00632942
0.00632941
0.0063294
0.00632681
0.00632678
0.00632825
0.00632964
0.00632964
0.00632964
0.00632835
0.00632842
0.00632893
0.00632881
0.0063282
0.00632828
0.00632964
0.00632964
0.00632964
0.00632964
0.00632964
0.00632964
0.00632964
0.00632963
0.00632964
0.00632918
0.00632917
0.00632934
0.00632798
0.00632879
0.00632881
0.00632814
0.00632888
0.00632891
0.00632883
0.00632885
0.00632807
0.00632935
0.0063292
0.00632919
0.00632926
0.00632925
0.00632936
0.00632847
0.006329
0.00632902
0.00632894
0.00632897
0.00632841
0.00632963
0.00632963
0.00632963
0.00632963
0.00632963
0.00632963
0.00632962
0.00632962
0.00632962
0.00632962
0.00632962
0.00632962
0.00632959
0.00632959
0.00632959
0.00632926
0.00632896
0.00632901
0.00632888
0.00632892
0.00632924
0.00632932
0.00632911
0.00632913
0.00632905
0.00632908
0.0063293
0.00632882
0.00632887
0.00632915
0.00632722
0.00632835
0.00632827
0.00632847
0.00632842
0.00632736
0.00632818
0.00632809
0.00632655
0.00632908
0.00632873
0.00632878
0.00632961
0.00632961
0.00632961
0.00632961
0.00632961
0.00632961
0.00632962
0.00632962
0.00632962
0.00632962
0.00632962
0.00632962
0.0063296
0.0063296
0.0063296
0.00632961
0.00632961
0.00632961
0.0063296
0.00632961
0.00632961
0.00632963
0.00632962
0.00632962
0.00632963
0.00632963
0.00632963
0.00632962
0.00632962
0.00632962
0.00632961
0.00632961
0.00632961
0.00632962
0.00632961
0.00632961
0.00632961
0.00632961
0.00632961
0.00632961
0.00632961
0.00632961
0.00632957
0.00632957
0.00632957
0.00632957
0.00632957
0.00632957
0.00632957
0.00632957
0.00632957
0.00632956
0.00632956
0.00632956
0.00632956
0.00632956
0.00632956
0.00632957
0.00632956
0.00632956
0.00632958
0.00632959
0.00632959
0.00632958
0.00632959
0.00632958
0.00632959
0.00632959
0.00632959
0.00632957
0.00632957
0.00632957
0.00632957
0.00632957
0.00632957
0.00632957
0.00632957
0.00632957
0.00632956
0.00632957
0.00632956
0.00632957
0.00632957
0.00632957
0.00632957
0.00632957
0.00632957
0.00632952
0.00632953
0.00632952
0.00632953
0.00632953
0.00632953
0.00632953
0.00632953
0.00632953
0.00632955
0.00632955
0.00632955
0.00632955
0.00632955
0.00632955
0.00632955
0.00632955
0.00632955
0.00632954
0.00632954
0.00632954
0.00632954
0.00632954
0.00632954
0.00632954
0.00632954
0.00632954
0.00632953
0.00632953
0.00632953
0.00632953
0.00632953
0.00632953
0.00632953
0.00632953
0.00632953
0.00632952
0.00632953
0.00632952
0.00632953
0.00632953
0.00632952
0.00632953
0.00632953
0.00632953
0.00632955
0.00632955
0.00632955
0.00632955
0.00632955
0.00632955
0.00632955
0.00632955
0.00632955
0.00632955
0.00632955
0.00632955
0.00632948
0.00632946
0.00632945
0.00632946
0.00632946
0.00632948
0.00632948
0.00632945
0.00632945
0.00632945
0.00632945
0.00632948
0.0063294
0.00632941
0.00632926
0.00632947
0.00632946
0.00632946
0.00632947
0.00632946
0.00632946
0.00632946
0.00632946
0.00632947
0.00632919
0.00632939
0.0063294
0.00632941
0.00632941
0.00632949
0.00632949
0.00632944
0.00632944
0.00632945
0.00632945
0.00632949
0.00632949
0.00632942
0.00632941
0.00632943
0.00632943
0.00632949
0.00632948
0.00632945
0.00632946
0.00632944
0.00632944
0.00632948
0.00632904
0.00632902
0.00632929
0.00632931
0.00632908
0.00632906
0.00632877
0.00632873
0.0063292
0.00632924
0.00632889
0.00632883
0.00632935
0.00632921
0.00632922
0.00632916
0.00632918
0.00632934
0.00632938
0.00632927
0.00632928
0.00632924
0.00632926
0.00632937
0.00632858
0.00632902
0.00632899
0.00632841
0.00632717
0.00632704
0.00632727
0.00632729
0.00632844
0.00632676
0.00632447
0.00632433
0.00632401
0.00632426
0.00632661
0.00632966
0.00632967
0.00632967
0.00632967
0.00632967
0.00632966
0.00632939
0.0063294
0.0063294
0.00632938
0.00632939
0.00632939
0.00632965
0.00632965
0.00632965
0.00632965
0.00632965
0.00632965
0.00632964
0.00632965
0.00632965
0.00632965
0.00632964
0.00632964
0.00632965
0.00632965
0.00632965
0.00632965
0.00632965
0.00632965
0.00632967
0.00632967
0.00632967
0.00632965
0.00632966
0.00632966
0.00632959
0.00632959
0.00632959
0.00632951
0.00632951
0.0063295
0.00632931
0.00632942
0.00632941
0.00632942
0.00632942
0.00632932
0.00632947
0.00632946
0.00632946
0.00632961
0.00632961
0.00632961
0.0063296
0.0063296
0.0063296
0.0063296
0.0063296
0.0063296
0.00632962
0.00632962
0.00632962
0.00632962
0.00632962
0.00632962
0.00632962
0.00632962
0.00632962
0.0063296
0.0063296
0.0063296
0.0063296
0.0063296
0.00632959
0.0063296
0.0063296
0.0063296
0.00632958
0.00632958
0.00632958
0.00632952
0.00632952
0.00632952
0.00632952
0.00632952
0.00632952
0.00632952
0.00632952
0.00632952
0.00632951
0.00632952
0.00632951
0.00632952
0.00632952
0.00632952
0.00632952
0.00632952
0.00632952
0.00632951
0.00632951
0.00632951
0.00632951
0.00632951
0.00632951
0.00632951
0.00632952
0.00632951
0.00632947
0.00632947
0.00632947
0.00632948
0.00632947
0.00632947
0.00632939
0.0063294
0.00632939
0.0063294
0.0063294
0.00632939
0.0063294
0.0063294
0.0063294
0.00632932
0.00632938
0.00632938
0.00632937
0.00632937
0.00632932
0.00632858
0.00632906
0.00632907
0.00632903
0.00632904
0.00632855
0.00632936
0.00632927
0.00632926
0.00632966
0.00632966
0.00632966
0.00632966
0.00632966
0.00632966
0.00632965
0.00632965
0.00632965
0.00632964
0.00632964
0.00632963
0.00632964
0.00632964
0.00632964
0.00632963
0.00632964
0.00632964
0.00632946
0.00632946
0.00632947
0.00632935
0.00632943
0.00632943
0.00632943
0.00632943
0.00632936
0.00632963
0.00632963
0.00632963
0.00632963
0.00632963
0.00632963
0.00632959
0.00632959
0.00632959
0.00632959
0.00632959
0.00632959
0.00632959
0.00632959
0.00632959
0.00632959
0.00632959
0.0063296
0.00632959
0.00632959
0.00632959
0.00632952
0.00632952
0.00632952
0.00632952
0.00632952
0.00632952
0.00632952
0.00632952
0.00632952
0.0063295
0.0063295
0.0063295
0.00632951
0.00632951
0.0063295
0.00632951
0.00632951
0.00632951
0.0063295
0.0063295
0.0063295
0.00632942
0.00632943
0.00632934
0.00632931
0.00632942
0.00632942
0.00632919
0.00632917
0.00632887
0.0063293
0.00632931
0.00632939
0.006329
0.00632923
0.00632921
0.00632929
0.00632929
0.00632936
0.00632874
0.00632911
0.00632913
0.00632909
0.0063291
0.0063287
0.00632882
0.00632915
0.00632916
0.00632914
0.00632915
0.00632881
0.00632772
0.00632858
0.00632853
0.00632868
0.00632863
0.00632784
0.00632922
0.00632901
0.00632904
0.00632455
0.00631424
0.00632021
0.00631163
0.00631264
0.00632427
0.00618697
0.00627512
0.0062712
0.00615079
0.00616015
0.00600124
0.00632655
0.00628615
0.00626059
0.0063173
0.00630507
0.0063265
0.00632965
0.00632965
0.00632965
0.00632965
0.00632965
0.00632965
0.00632964
0.00632965
0.00632965
0.00632981
0.00632981
0.00632983
0.00632981
0.00632981
0.00632983
0.00632981
0.00632981
0.00632983
0.00632981
0.00632981
0.00632983
0.00632976
0.00632976
0.00632978
0.00632976
0.00632976
0.00632978
0.00632971
0.00632971
0.00632973
0.00632973
0.00632973
0.00632974
0.00632973
0.00632973
0.00632974
0.00632971
0.00632971
0.00632973
0.00632966
0.00632966
0.00632968
0.00632968
0.00632968
0.00632969
0.00632969
0.00632969
0.0063297
0.00632966
0.00632966
0.00632968
0.00632961
0.00632961
0.00632963
0.00632964
0.00632964
0.00632965
0.00632961
0.00632961
0.00632964
0.00632956
0.00632956
0.00632959
0.0063296
0.0063296
0.0063296
0.00632957
0.00632957
0.00632959
0.00632952
0.00632952
0.00632954
0.00632955
0.00632955
0.00632956
0.00632952
0.00632952
0.00632954
0.00632947
0.00632947
0.00632949
0.00632951
0.00632951
0.00632952
0.00632947
0.00632947
0.0063295
0.00632942
0.00632942
0.00632944
0.00632945
0.00632945
0.00632946
0.00632947
0.00632947
0.00632947
0.00632943
0.00632943
0.00632945
0.00632937
0.00632937
0.0063294
0.0063294
0.0063294
0.00632941
0.00632941
0.00632941
0.00632942
0.00632938
0.00632938
0.0063294
0.00632932
0.00632932
0.00632935
0.00632935
0.00632935
0.00632936
0.00610718
0.00627161
0.00627104
0.00632936
0.00632936
0.00632937
0.00632933
0.00632933
0.00632935
0.00632927
0.00632927
0.0063293
0.0063293
0.00632927
0.0063293
0.00627634
0.00632902
0.00632902
0.00632931
0.00632931
0.00632932
0.00632928
0.00632928
0.0063293
0.00632923
0.00632922
0.00632925
0.00632924
0.00632924
0.00632926
0.00632918
0.00632917
0.0063292
0.00632855
0.00630548
0.0063055
0.00630614
0.00632918
0.00632921
0.00632919
0.00632919
0.00632921
0.00632942
0.00632943
0.00632943
0.00632939
0.00632939
0.00632938
0.00632965
0.00632966
0.00632966
0.0063297
0.00632969
0.00632969
0.00632961
0.00632961
0.00632961
0.00632961
0.00632961
0.00632961
0.00632957
0.00632957
0.00632956
0.0063296
0.0063296
0.0063296
0.00632957
0.00632957
0.00632957
0.00632952
0.00632952
0.00632952
0.00632956
0.00632955
0.00632955
0.00632952
0.00632953
0.00632953
0.00632951
0.00632951
0.00632951
0.0063295
0.0063295
0.00632949
0.00632948
0.00632949
0.00632949
0.00631208
0.00630974
0.006206
0.00632938
0.00632937
0.00632937
0.00632962
0.00632962
0.00632962
0.0063296
0.0063296
0.0063296
0.0063296
0.0063296
0.0063296
0.0063295
0.0063295
0.0063295
0.0063295
0.0063295
0.0063295
0.00632946
0.00632946
0.00632946
0.00632939
0.00632939
0.00632939
0.0063294
0.0063294
0.0063294
0.0063294
0.0063294
0.0063294
0.00632963
0.00632963
0.00632963
0.00632965
0.00632965
0.00632964
0.00632942
0.00632943
0.00632943
0.00632945
0.00632945
0.00632945
0.00632947
0.00632946
0.00632946
0.0063294
0.0063294
0.00632939
0.00632942
0.00632941
0.00632941
0.00632964
0.00632965
0.00632965
0.00632963
0.00632963
0.00632963
0.00632947
0.00632947
0.00632947
0.00632949
0.00632949
0.00632949
0.00632945
0.00632945
0.00632945
0.00632943
0.00632943
0.00632943
0.00632943
0.00632943
0.00632943
0.00632967
0.00632967
0.00632967
0.00632965
0.00632965
0.00632965
0.00632967
0.00632967
0.00632967
0.00632964
0.00632964
0.00632965
0.00632912
0.00632929
0.00632928
0.00632933
0.00632933
0.00632921
0.00632938
0.00632943
0.00632943
0.00632943
0.00632943
0.00632936
0.00632937
0.00632939
0.00632939
0.0063294
0.0063294
0.0063294
0.00632965
0.00632965
0.00632965
0.00632925
0.00632934
0.00632934
0.00632963
0.00632964
0.00632963
0.00632965
0.00632964
0.00632964
0.00632939
0.00632942
0.00632942
0.00632943
0.00632943
0.00632939
0.00632969
0.00632968
0.00632968
0.0063294
0.0063294
0.0063294
0.00632967
0.00632967
0.00632967
0.00632965
0.00632966
0.00632965
0.0063296
0.0063296
0.0063296
0.00632959
0.0063296
0.0063296
0.00632951
0.00632951
0.00632951
0.00632951
0.00632951
0.00632951
0.00632961
0.00632961
0.00632961
0.0063296
0.00632961
0.00632961
0.00632947
0.00632947
0.00632947
0.0063294
0.00632939
0.00632939
0.00632965
0.00632965
0.00632965
0.00632972
0.00632972
0.00632971
0.00632971
0.00632972
0.00632972
0.00632972
0.00632972
0.0063297
0.00632974
0.00632973
0.00632973
0.0063297
0.00632972
0.00632972
0.00632972
0.00632972
0.00632971
0.00632974
0.00632973
0.00632973
0.00632971
0.00632972
0.00632972
0.00632966
0.00632967
0.00632967
0.00632967
0.00632967
0.00632966
0.00632969
0.00632968
0.00632968
0.00632969
0.00632969
0.00632968
0.00632968
0.00632968
0.00632968
0.00632969
0.00632968
0.00632968
0.0063297
0.00632969
0.00632969
0.00632963
0.00632964
0.00632964
0.00632959
0.00632959
0.00632959
0.00632954
0.00632955
0.00632955
0.0063295
0.00632951
0.00632951
0.00632946
0.00632946
0.00632946
0.00632933
0.00632934
0.00632932
0.00632936
0.00632935
0.00632935
0.00632935
0.00632935
0.00632935
0.00632936
0.00632936
0.00632936
0.00627501
0.00627328
0.00611474
0.006325
0.00631234
0.00631293
0.0063123
0.0063123
0.00632501
0.00632934
0.00632935
0.00632935
0.00632935
0.00632935
0.00632934
0.00632937
0.00632936
0.00632936
0.00632931
0.0063293
0.0063293
0.0063292
0.00632924
0.00632928
0.00628454
0.00632726
0.00632677
0.00632839
0.0063278
0.00628467
0.006329
0.00632901
0.00627742
0.0063293
0.00632929
0.00632928
0.00632932
0.00632931
0.00632931
0.00632961
0.00632961
0.00632961
0.00632957
0.00632957
0.00632957
0.00632956
0.00632957
0.00632957
0.0063296
0.0063296
0.0063296
0.0063296
0.0063296
0.0063296
0.00632953
0.00632953
0.00632953
0.00632952
0.00632952
0.00632952
0.00632956
0.00632956
0.00632956
0.00632955
0.00632956
0.00632956
0.00632952
0.00632952
0.00632952
0.00632951
0.00632951
0.00632951
0.00632938
0.00632938
0.00632937
0.00632939
0.00632938
0.00632938
0.00632938
0.00632939
0.00632939
0.00626775
0.00626518
0.00616727
0.00600961
0.00615159
0.0061487
0.00632966
0.00632966
0.00632965
0.00632967
0.00632967
0.00632967
0.00632967
0.00632967
0.00632967
0.00632969
0.00632969
0.0063297
0.00632968
0.00632969
0.00632969
0.00632968
0.00632968
0.00632968
0.00632969
0.00632969
0.0063297
0.00632968
0.00632969
0.00632969
0.00632969
0.00632969
0.00632968
0.00632962
0.00632962
0.00632962
0.00632964
0.00632964
0.00632963
0.00632962
0.00632963
0.00632963
0.00632962
0.00632962
0.00632962
0.00632962
0.00632962
0.00632963
0.00632958
0.00632957
0.00632957
0.00632959
0.00632959
0.00632958
0.00632958
0.00632958
0.00632958
0.00632953
0.00632953
0.00632953
0.00632954
0.00632955
0.00632954
0.00632953
0.00632953
0.00632954
0.00632949
0.00632948
0.00632948
0.0063295
0.0063295
0.00632949
0.0063295
0.0063295
0.0063295
0.0063295
0.0063295
0.0063295
0.00632949
0.0063295
0.0063295
0.00632949
0.00632949
0.0063295
0.0063294
0.00632944
0.00632944
0.00632944
0.00632944
0.0063294
0.00632354
0.00632222
0.00624997
0.00632932
0.00632901
0.00632912
0.00632912
0.00632739
0.0063277
0.00632657
0.00632701
0.00632908
0.00620333
0.00630746
0.00630554
0.00632875
0.00632876
0.00632928
0.00621742
0.00632048
0.00632019
0.00632937
0.00632937
0.00632938
0.00632936
0.00632936
0.00632936
0.00632962
0.00632962
0.00632962
0.00632962
0.00632962
0.00632961
0.00632962
0.00632962
0.00632962
0.00632962
0.00632962
0.00632962
0.00632958
0.00632958
0.00632958
0.00632957
0.00632958
0.00632958
0.0063296
0.0063296
0.0063296
0.00632959
0.00632959
0.00632959
0.00632958
0.00632959
0.00632959
0.00632954
0.00632954
0.00632954
0.00632953
0.00632954
0.00632953
0.00632955
0.00632955
0.00632955
0.00632954
0.00632955
0.00632955
0.00632949
0.00632949
0.00632949
0.00632949
0.00632949
0.00632949
0.00632949
0.00632949
0.00632949
0.0063295
0.00632949
0.00632949
0.0063295
0.0063295
0.0063295
0.00632949
0.00632949
0.00632949
0.0063295
0.0063295
0.0063295
0.00632951
0.00632951
0.00632951
0.0063295
0.0063295
0.0063295
0.00632941
0.00632944
0.00632944
0.00632944
0.00632944
0.00632941
0.00632946
0.00632946
0.00632946
0.00632946
0.00632946
0.00632946
0.00632946
0.00632946
0.00632946
0.00632938
0.00632939
0.00632939
0.00632937
0.00632938
0.00632938
0.00632939
0.00632939
0.00632938
0.00632932
0.00632936
0.00632936
0.00632938
0.00632937
0.00632933
0.00632939
0.00632938
0.00632939
0.00632932
0.00632937
0.00632937
0.00632936
0.00632936
0.00632931
0.00632964
0.00632963
0.00632963
0.00632964
0.00632964
0.00632964
0.00632945
0.00632945
0.00632945
0.00632946
0.00632946
0.00632946
0.00632964
0.00632964
0.00632964
0.00632963
0.00632963
0.00632963
0.00632964
0.00632963
0.00632963
0.00632963
0.00632963
0.00632964
0.00632948
0.00632948
0.00632948
0.00632948
0.00632948
0.00632948
0.00632944
0.00632945
0.00632945
0.00632944
0.00632944
0.00632944
0.00632967
0.00632967
0.00632967
0.00632966
0.00632967
0.00632967
0.00632967
0.00632967
0.00632966
0.00632967
0.00632967
0.00632966
0.00632965
0.00632965
0.00632965
0.00632966
0.00632966
0.00632966
0.00632966
0.00632966
0.00632966
0.00632967
0.00632967
0.00632967
0.00632966
0.00632967
0.00632967
0.00632967
0.00632967
0.00632966
0.00632966
0.00632967
0.00632967
0.00632967
0.00632967
0.00632966
0.00632967
0.00632967
0.00632967
0.00632963
0.00632963
0.00632963
0.00632963
0.00632963
0.00632963
0.00632964
0.00632964
0.00632964
0.00632938
0.00632944
0.00632943
0.00632944
0.00632944
0.00632939
0.00632931
0.0063293
0.00632914
0.00632919
0.00632932
0.00632931
0.00632961
0.00632961
0.00632961
0.00632962
0.00632962
0.00632961
0.00632961
0.00632961
0.00632961
0.00632961
0.00632961
0.00632961
0.00632948
0.00632948
0.00632948
0.0063295
0.0063295
0.0063295
0.0063295
0.0063295
0.0063295
0.00632943
0.00632943
0.00632938
0.00632937
0.00632943
0.00632943
0.00632887
0.00632918
0.00632918
0.00632917
0.00632917
0.00632886
0.00632893
0.0063292
0.00632919
0.00632919
0.00632919
0.00632891
0.00632811
0.00632877
0.00632873
0.00632882
0.0063288
0.00632818
0.00632855
0.00632932
0.00632936
0.00632893
0.00632874
0.00632768
0.0063281
0.00632876
0.00632876
0.00632965
0.00632966
0.00632966
0.00632966
0.00632966
0.00632965
0.00632965
0.00632965
0.00632965
0.00632965
0.00632965
0.00632965
0.00632965
0.00632966
0.00632966
0.00632965
0.00632966
0.00632966
0.00632966
0.00632966
0.00632965
0.00632935
0.00632935
0.0063293
0.00632964
0.00632964
0.00632964
0.00632964
0.00632964
0.00632964
0.00632942
0.00632942
0.00632939
0.00632939
0.00632943
0.00632943
0.00632985
0.00632985
0.00632988
0.00632985
0.00632985
0.00632988
0.00632985
0.00632985
0.00632988
0.00632985
0.00632985
0.00632988
0.00632981
0.00632981
0.00632983
0.00632981
0.00632981
0.00632983
0.00632976
0.00632976
0.00632978
0.00632976
0.00632976
0.00632978
0.00632973
0.00632973
0.00632974
0.00632968
0.00632968
0.0063297
0.00632964
0.00632964
0.00632965
0.00632959
0.00632959
0.0063296
0.00632955
0.00632954
0.00632956
0.0063295
0.0063295
0.00632951
0.00632945
0.00632945
0.00632946
0.00632942
0.00632942
0.00632943
0.00632941
0.00632941
0.00632942
0.00632936
0.00632936
0.00632936
0.0063293
0.0063293
0.00632931
0.00632922
0.00632923
0.00632925
0.00632923
0.00632923
0.00632926
0.00632918
0.00632918
0.0063292
0.00632919
0.00632919
0.00632921
0.00632913
0.00632911
0.00632914
0.00632826
0.00630545
0.00630546
0.00630671
0.00632913
0.00632916
0.00632914
0.00632914
0.00632916
0.00632937
0.00632938
0.00632938
0.00632965
0.00632964
0.00632964
0.00632948
0.00632948
0.00632947
0.00632943
0.00632944
0.00632944
0.00624932
0.00632103
0.00632012
0.00632095
0.00632073
0.00622066
0.00632937
0.00632937
0.00632937
0.00632938
0.00632938
0.00632938
0.00632943
0.00632943
0.00632942
0.00632946
0.00632946
0.00632946
0.00632941
0.00632941
0.00632941
0.00632942
0.00632942
0.00632942
0.00632944
0.00632944
0.00632944
0.00632966
0.00632966
0.00632966
0.00632976
0.00632977
0.00632977
0.00632977
0.00632977
0.00632976
0.00632976
0.00632977
0.00632977
0.00632977
0.00632977
0.00632976
0.00632971
0.00632972
0.00632972
0.00632974
0.00632973
0.00632973
0.00632971
0.00632971
0.0063297
0.0063297
0.00632971
0.00632971
0.00632972
0.00632972
0.00632971
0.00632967
0.00632967
0.00632966
0.00632966
0.00632966
0.00632966
0.00632968
0.00632969
0.00632969
0.0063297
0.00632969
0.00632969
0.00632966
0.00632967
0.00632967
0.00632962
0.00632962
0.00632961
0.00632965
0.00632963
0.00632963
0.00632961
0.00632962
0.00632962
0.00632957
0.00632957
0.00632956
0.0063296
0.00632959
0.00632959
0.00632959
0.00632959
0.00632959
0.0063296
0.0063296
0.0063296
0.00632957
0.00632958
0.00632958
0.00632953
0.00632953
0.00632952
0.00632955
0.00632954
0.00632954
0.00632955
0.00632955
0.00632954
0.00632956
0.00632956
0.00632956
0.00632952
0.00632953
0.00632953
0.00632948
0.00632948
0.00632947
0.0063295
0.00632949
0.00632949
0.00632951
0.00632951
0.0063295
0.00632952
0.00632951
0.00632951
0.00632948
0.00632949
0.00632949
0.00632946
0.00632944
0.00632945
0.00632943
0.00632944
0.00632944
0.00632941
0.00632941
0.00632942
0.00632932
0.00632934
0.00632934
0.00632935
0.00632935
0.00632935
0.00632928
0.00632929
0.00632927
0.00632929
0.0063293
0.0063293
0.00632961
0.00632961
0.00632962
0.00632948
0.00632948
0.00632949
0.00632965
0.00632966
0.00632965
0.00632962
0.00632962
0.00632961
0.00632963
0.00632962
0.00632962
0.00632957
0.00632957
0.00632957
0.00632958
0.00632958
0.00632958
0.00632953
0.00632953
0.00632952
0.00632954
0.00632953
0.00632953
0.00632948
0.00632948
0.00632948
0.0063295
0.00632949
0.00632949
0.00632945
0.00632944
0.00632945
0.00632934
0.00632933
0.00632933
0.00632873
0.00632888
0.00632931
0.00632928
0.00632877
0.00632878
0.00632934
0.00632935
0.00632935
0.00632937
0.00632937
0.00632936
0.00632962
0.00632962
0.00632962
0.00632949
0.00632949
0.00632949
0.00632937
0.00632937
0.00632938
0.00632963
0.00632963
0.00632964
0.00632963
0.00632963
0.00632963
0.00632944
0.00632943
0.00632943
0.00632945
0.00632945
0.00632945
0.00632964
0.00632964
0.00632964
0.00632965
0.00632965
0.00632965
0.00632948
0.00632948
0.00632948
0.00632949
0.00632949
0.00632949
0.00632948
0.00632948
0.00632948
0.00632945
0.00632945
0.00632944
0.00632945
0.00632945
0.00632945
0.00632944
0.00632944
0.00632944
0.00632942
0.00632942
0.00632942
0.00632941
0.00632941
0.00632942
0.00632966
0.00632967
0.00632967
0.00632967
0.00632967
0.00632967
0.00632943
0.00632943
0.00632943
0.00632944
0.00632944
0.00632943
0.00632967
0.00632967
0.00632967
0.00632966
0.00632966
0.00632966
0.0063297
0.00632971
0.00632971
0.00632971
0.00632971
0.0063297
0.00632967
0.00632967
0.00632967
0.00632966
0.00632966
0.00632966
0.00632985
0.00632985
0.00632988
0.00632985
0.00632985
0.00632988
0.00632981
0.00632981
0.00632983
0.00632976
0.00632976
0.00632978
0.00632971
0.00632971
0.00632973
0.00632973
0.00632973
0.00632974
0.00632971
0.00632971
0.00632973
0.00632966
0.00632966
0.00632968
0.00632969
0.00632969
0.0063297
0.00632966
0.00632966
0.00632968
0.00632961
0.00632961
0.00632964
0.00632961
0.00632961
0.00632964
0.00632956
0.00632956
0.00632959
0.00632957
0.00632957
0.00632959
0.00632951
0.00632952
0.00632954
0.00632952
0.00632952
0.00632954
0.00632947
0.00632947
0.00632949
0.00632947
0.00632947
0.00632949
0.00632942
0.00632942
0.00632944
0.00632942
0.00632942
0.00632945
0.00632937
0.00632937
0.00632939
0.00632938
0.00632937
0.0063294
0.00632936
0.00632936
0.00632937
0.00632933
0.00632933
0.00632935
0.00632924
0.00632912
0.00632916
0.00628044
0.00632899
0.00632899
0.00632919
0.00632918
0.00632921
0.0063297
0.00632969
0.00632969
0.00632938
0.00632939
0.00632939
0.00632942
0.00632941
0.00632941
0.00632977
0.00632977
0.00632976
0.00632976
0.00632977
0.00632977
0.00632972
0.00632972
0.00632971
0.00632974
0.00632973
0.00632973
0.00632971
0.00632972
0.00632972
0.00632969
0.00632968
0.00632968
0.00632968
0.00632969
0.00632969
0.00632964
0.00632964
0.00632963
0.00632965
0.00632965
0.00632965
0.00632943
0.00632943
0.00632942
0.00632946
0.00632946
0.00632946
0.00632947
0.00632947
0.00632947
0.00632939
0.00632938
0.00632937
0.00632941
0.0063294
0.0063294
0.00632938
0.00632939
0.0063294
0.00632932
0.00632931
0.00632931
0.00632635
0.00632612
0.0062843
0.00632927
0.00632926
0.00632926
0.0063294
0.0063294
0.0063294
0.0063294
0.0063294
0.0063294
0.00632969
0.00632969
0.00632968
0.00632915
0.00631637
0.00604114
0.00632905
0.00631477
0.00603694
0.00632831
0.00630521
0.00598087
0.0063283
0.00630512
0.0059769
0.00631927
0.00624872
0.00575217
0.00632963
0.00632943
0.00626903
0.00632961
0.00632831
0.00622982
0.0063296
0.00632808
0.00622491
0.00631952
0.00624986
0.00575718
0.00626422
0.00610371
0.00541875
0.00632963
0.0063291
0.00626474
0.00632927
0.0063185
0.00606463
0.00632927
0.00631857
0.00606883
0.00632891
0.00631231
0.00601039
0.00632891
0.00631237
0.00600871
0.0063275
0.00629765
0.00594573
0.00632768
0.00629929
0.00594995
0.00630053
0.00617547
0.0055437
0.00630171
0.00617978
0.00555916
0.00615117
0.00597022
0.00541561
0.00632964
0.0063296
0.00630357
0.00632952
0.00632491
0.00616493
0.00632955
0.00632573
0.00617638
0.00632952
0.0063248
0.00616078
0.00632915
0.00631643
0.00605077
0.00632903
0.00631429
0.00602638
0.00632865
0.00630893
0.00599344
0.00632786
0.00630094
0.00596603
0.00632251
0.00626581
0.00583184
0.00632963
0.00632954
0.00628383
0.0063181
0.00624342
0.00573811
0.00630294
0.00618449
0.00558126
0.00630211
0.00618125
0.00556469
0.0062871
0.00614678
0.00557219
0.00632898
0.00631363
0.00601462
0.00632902
0.00631462
0.00602823
0.00632912
0.00631627
0.00604408
0.00632912
0.00631615
0.00603288
0.00632923
0.00631842
0.00606549
0.00632913
0.00631649
0.0060488
0.00632923
0.00631839
0.00606212
0.00632897
0.00631362
0.00601136
0.00632883
0.00631136
0.0059989
0.00632868
0.0063093
0.00598272
0.00632882
0.00631127
0.00599442
0.00632823
0.00630405
0.00594907
0.00632834
0.00630528
0.00596157
0.00632862
0.00630852
0.00597811
0.00632851
0.00630711
0.00596616
0.00632806
0.00630236
0.00594475
0.00632318
0.00626857
0.0058165
0.00632045
0.0062544
0.00577173
0.00630299
0.00618472
0.00558673
0.00632955
0.00632577
0.00618039
0.00632956
0.00632621
0.00619411
0.00632956
0.00632624
0.00619828
0.00632918
0.00631698
0.00605503
0.00632935
0.00632035
0.00608034
0.00632902
0.00631413
0.00602218
0.00632865
0.00630894
0.00599616
0.00632712
0.00629461
0.00593435
0.00632776
0.0063
0.00596179
0.00631948
0.00625143
0.00579101
0.00632112
0.00625905
0.00580877
0.00631987
0.00625322
0.00579535
0.00632208
0.00626367
0.00582743
0.0063212
0.00625929
0.00581293
0.00631298
0.00622502
0.00571842
0.00630837
0.00620852
0.00567947
0.00630763
0.00620599
0.00567461
0.00628508
0.00614154
0.00556706
0.00627752
0.00612261
0.00555114
0.00632941
0.00632175
0.00610051
0.00632941
0.00632176
0.00610342
0.00632915
0.00631634
0.00604335
0.00632941
0.00632169
0.0060965
0.00632937
0.00632071
0.00609222
0.00632903
0.00631432
0.00603271
0.00632838
0.006306
0.00598507
0.00632673
0.00629165
0.00591716
0.00632674
0.00629168
0.00592026
0.0063283
0.00630513
0.00597442
0.00632646
0.00628961
0.0059129
0.00632618
0.00628767
0.00590862
0.00631611
0.00623477
0.00571605
0.00631655
0.00623666
0.00572117
0.00631909
0.00624807
0.00574718
0.00631566
0.00623288
0.00571092
0.0063152
0.00623099
0.00570577
0.00632963
0.00632944
0.00627277
0.00630487
0.00619717
0.00565376
0.00630386
0.00619382
0.00564885
0.00632961
0.00632864
0.00623455
0.00632962
0.00632925
0.00625927
0.0063296
0.00632806
0.00622073
0.00631981
0.00625128
0.00576218
0.00628028
0.00612365
0.00542352
0.00632962
0.00632908
0.00625903
0.00632947
0.00632324
0.00612352
0.00632926
0.00631848
0.00606132
0.00632929
0.00631901
0.00607313
0.00632891
0.00631235
0.00601379
0.00632874
0.00631012
0.00600454
0.00632743
0.00629721
0.00594152
0.00632772
0.00629963
0.00595414
0.00632547
0.00628287
0.00588926
0.00630547
0.00619899
0.00565839
0.00630637
0.00620179
0.0056656
0.00632964
0.00632961
0.00630603
0.00632964
0.0063296
0.00630208
0.00630088
0.00617671
0.0055484
0.0063013
0.00617823
0.00555367
0.00632954
0.00632569
0.00616935
0.00632954
0.00632572
0.00617299
0.00632951
0.00632477
0.00615541
0.00632942
0.00632192
0.0061116
0.00632941
0.0063218
0.00610723
0.00632915
0.00631636
0.00604656
0.00632936
0.00632037
0.00608295
0.00632936
0.00632043
0.00608823
0.00632903
0.00631427
0.00602889
0.00632854
0.00630768
0.00598926
0.00632687
0.00629273
0.00592845
0.00632677
0.00629191
0.0059245
0.00632802
0.00630237
0.00597025
0.00632586
0.00628547
0.0059
0.00632598
0.00628633
0.00590431
0.00632307
0.00626892
0.00583959
0.00632305
0.00626885
0.00583624
0.0063174
0.00624037
0.00573093
0.00631699
0.00623856
0.00572622
0.00631853
0.00624539
0.00574242
0.00631429
0.00622724
0.0056957
0.00631474
0.00622908
0.00570064
0.00631387
0.00622555
0.00569126
0.00630274
0.00618371
0.00557573
0.00630245
0.0061826
0.00557021
0.00632963
0.00632947
0.0062789
0.00630085
0.00618445
0.00563223
0.00630219
0.00618853
0.00563963
0.00630298
0.00619102
0.00564404
0.00632962
0.0063287
0.00624522
0.00632961
0.00632866
0.00623824
0.00632962
0.00632874
0.0062499
0.00632962
0.00632876
0.00625447
0.0063296
0.00632802
0.00621471
0.00632948
0.00632397
0.00613635
0.00632898
0.0063137
0.00601888
0.00632899
0.00631397
0.00602356
0.00632912
0.00631621
0.0060398
0.00632912
0.00631619
0.0060364
0.00632916
0.00631705
0.00605352
0.00632923
0.00631834
0.00605821
0.00632897
0.00631359
0.00600814
0.00632886
0.00631196
0.00600353
0.00632882
0.00631118
0.00598731
0.00632882
0.00631125
0.00599122
0.00632824
0.00630409
0.00595231
0.00632826
0.00630431
0.00595695
0.00632862
0.00630842
0.00597364
0.00632862
0.00630841
0.00597071
0.00632788
0.00630059
0.00594089
0.00632013
0.00625281
0.00576712
0.00630301
0.00618486
0.00559121
0.00632956
0.0063262
0.00619088
0.00632955
0.00632598
0.00618432
0.00632956
0.00632651
0.00620265
0.00632944
0.0063225
0.00611597
0.00632947
0.00632321
0.00612027
0.00632926
0.0063185
0.00605924
0.00632935
0.00632033
0.00607737
0.00632893
0.00631274
0.006018
0.00632866
0.00630911
0.00600036
0.00632742
0.0062971
0.00593792
0.00632772
0.00629967
0.00595755
0.00632582
0.0062853
0.0058957
0.00632582
0.00628527
0.00589289
0.00632502
0.00628015
0.00588319
0.00631916
0.00625001
0.00578708
0.00632095
0.00625842
0.00580432
0.00632034
0.00625537
0.00579984
0.00632148
0.00626065
0.00581933
0.00632174
0.00626196
0.00582317
0.00630914
0.00621121
0.00568429
0.00630695
0.00620373
0.0056699
0.0062828
0.00613594
0.00556157
0.00628027
0.0061297
0.00555616
0.00632964
0.00632962
0.00631227
0.00632964
0.00632963
0.00631663
0.00632964
0.00632963
0.00631602
0.00628426
0.00612572
0.00545788
0.00628426
0.00612562
0.00545255
0.00632955
0.00632617
0.00618791
0.00632951
0.00632496
0.00615535
0.00632956
0.00632632
0.00619248
0.00632949
0.00632425
0.0061505
0.00632566
0.00628339
0.00586981
0.00632428
0.00627472
0.00583676
0.00632224
0.00626336
0.00579737
0.00632421
0.00627441
0.00583197
0.00632214
0.00626297
0.00579247
0.00621428
0.00604876
0.00549663
0.00632961
0.0063285
0.00623322
0.0063296
0.00632789
0.00622893
0.00631133
0.00621882
0.00569991
0.00631509
0.0062331
0.00573847
0.0063149
0.0062325
0.00573381
0.00631116
0.00621843
0.00569575
0.00630994
0.00621414
0.00568879
0.00632963
0.00632957
0.00629087
0.00632964
0.00632958
0.00629505
0.0059243
0.00574347
0.00545969
0.00629377
0.00616412
0.00559528
0.00630689
0.00619895
0.00563046
0.00630681
0.00619874
0.00562511
0.00630558
0.0061943
0.00560882
0.00628516
0.00612829
0.00546691
0.00628398
0.00612436
0.0054357
0.0063295
0.0063244
0.00614867
0.00632314
0.00626926
0.0058437
0.0063234
0.00627072
0.00584995
0.00632447
0.00627688
0.00586222
0.00626958
0.00610513
0.00550083
0.00632963
0.0063293
0.00627043
0.00631209
0.00621851
0.00567382
0.00632963
0.00632956
0.00628921
0.00632963
0.00632954
0.00628309
0.00629843
0.00617719
0.00561745
0.0062923
0.00616004
0.00559
0.00629776
0.00617533
0.00561293
0.00629679
0.00617301
0.00560535
0.00632963
0.00632927
0.0062633
0.00632952
0.00632508
0.00616865
0.00632952
0.00632531
0.00617353
0.00632958
0.00632731
0.00621048
0.00632958
0.00632715
0.00620575
0.00632516
0.00628022
0.00585596
0.00632487
0.00627838
0.00585118
0.0063229
0.006267
0.005812
0.006321
0.00625711
0.00577874
0.00630952
0.00620881
0.00564838
0.00631149
0.00621614
0.00566855
0.00631003
0.00621069
0.00565293
0.00630501
0.00619229
0.00560363
0.00628652
0.00613242
0.00547288
0.00628397
0.00612468
0.00543417
0.00632962
0.00632857
0.00624688
0.00632962
0.00632858
0.00625042
0.00632947
0.00632351
0.00613288
0.00632948
0.00632372
0.00614428
0.00632947
0.00632344
0.00612725
0.0063248
0.00627882
0.00587916
0.00632452
0.00627701
0.00586643
0.0063125
0.00622318
0.005714
0.00626712
0.00609977
0.00549493
0.00629891
0.00616997
0.00553077
0.00628416
0.00612541
0.00546171
0.00628417
0.00612517
0.0054466
0.00627217
0.00610976
0.00552597
0.00627226
0.00610998
0.00553124
0.00627189
0.00610933
0.00552024
0.00627139
0.00610828
0.00551505
0.00632955
0.00632613
0.00618184
0.00629312
0.00615182
0.0054973
0.00629449
0.00615592
0.00550271
0.00632951
0.00632501
0.00616004
0.00632958
0.00632709
0.00619733
0.00632948
0.00632405
0.00614568
0.00632942
0.00632255
0.00611818
0.00632943
0.00632262
0.00612298
0.00632933
0.00632035
0.00608471
0.00632933
0.00632037
0.00608817
0.00632942
0.00632251
0.00611406
0.00632942
0.0063225
0.00611087
0.00632926
0.00631909
0.00608003
0.00632924
0.0063186
0.00607566
0.00632582
0.00628448
0.00587645
0.00632599
0.00628563
0.00588046
0.00632696
0.00629268
0.00590773
0.00632691
0.00629223
0.00590303
0.00632708
0.00629368
0.00591242
0.00632725
0.00629507
0.0059171
0.00632563
0.00628322
0.00586542
0.00632443
0.0062756
0.00584158
0.00632242
0.0062643
0.00580227
0.00632411
0.00627405
0.00582742
0.00632187
0.00626162
0.00578762
0.00628824
0.00613711
0.00548424
0.00629155
0.00614708
0.00549241
0.00632961
0.00632851
0.00623631
0.00632961
0.00632853
0.00624004
0.0063296
0.00632786
0.00622289
0.00631863
0.00624767
0.00577629
0.00631877
0.00624829
0.00578054
0.00631164
0.00621992
0.0057045
0.00631852
0.00624752
0.00577176
0.00631778
0.00624414
0.0057672
0.00631538
0.00623424
0.00574312
0.00631449
0.00623098
0.00572934
0.00626495
0.006099
0.00550494
0.00629971
0.00617273
0.00553591
0.00629725
0.00616444
0.00551963
0.0062981
0.00616723
0.00552524
0.00632964
0.00632962
0.00630939
0.00632964
0.00632959
0.0062996
0.00632963
0.00632957
0.00629334
0.00629528
0.00616841
0.00560049
0.00630777
0.00620241
0.00563582
0.00630851
0.00620516
0.0056408
0.00630649
0.00619761
0.00561967
0.00630608
0.00619613
0.00561423
0.00628385
0.00612407
0.00546089
0.00628402
0.00612457
0.00544066
0.00632951
0.00632476
0.00615285
0.00632366
0.0062721
0.00585372
0.00632399
0.00627395
0.0058579
0.00627608
0.00611962
0.00554258
0.00627452
0.00611592
0.00553712
0.00627019
0.00610576
0.00550641
0.00632963
0.00632932
0.00627485
0.00632963
0.00632952
0.00627964
0.00631264
0.0062207
0.00567902
0.00631312
0.00622259
0.00568387
0.00629636
0.00616158
0.005514
0.00629544
0.0061587
0.00550835
0.00629922
0.00617953
0.0056224
0.00630005
0.00618205
0.00562747
0.00628963
0.00615303
0.00558015
0.00629091
0.00615632
0.00558487
0.00632952
0.00632503
0.006164
0.00632955
0.0063261
0.00617816
0.00632958
0.00632712
0.00620133
0.00632948
0.006324
0.00614145
0.00632948
0.00632392
0.00613233
0.00632944
0.006323
0.00612777
0.00632933
0.00632047
0.00609654
0.00632933
0.0063204
0.006092
0.00632934
0.00632072
0.00610134
0.00632936
0.00632126
0.00610613
0.00632924
0.00631847
0.00606915
0.00632649
0.00628917
0.00588963
0.00632621
0.00628714
0.00588495
0.00632679
0.00629143
0.0058943
0.0063269
0.00629214
0.00589897
0.00632768
0.0062987
0.00593021
0.00632772
0.00629912
0.0059345
0.00632767
0.00629862
0.0059264
0.0063275
0.00629714
0.00592175
0.00632556
0.00628291
0.0058607
0.00632462
0.00627684
0.00584639
0.00632264
0.00626556
0.00580717
0.00632369
0.00627143
0.00582333
0.00632138
0.006259
0.00578295
0.00631106
0.00621453
0.00566326
0.00631055
0.00621263
0.00565799
0.0063044
0.00619008
0.00559896
0.00628708
0.00613373
0.00547878
0.00628318
0.00612404
0.0054293
0.00632962
0.0063286
0.00625485
0.00632959
0.00632728
0.00621562
0.0063296
0.00632785
0.00621995
0.00632958
0.00632725
0.00621152
0.00632958
0.00632724
0.00620657
0.00632947
0.00632352
0.0061359
0.00632948
0.00632356
0.00613985
0.00632463
0.00627777
0.00587483
0.00632453
0.00627714
0.00587046
0.00631204
0.00622144
0.00570926
0.00631672
0.00623971
0.00575821
0.00631721
0.00624173
0.00576263
0.0063157
0.00623556
0.00574747
0.00631631
0.006238
0.00575419
0.00631386
0.00622838
0.00572526
0.00626569
0.00609922
0.0054891
0.00632964
0.00632963
0.00631421
)
;

boundaryField
{
    topAndBottom
    {
        type            slip;
    }
    inlet
    {
        type            fixedValue;
        value           uniform 0.00633;
    }
    outlet
    {
        type            zeroGradient;
    }
    wing
    {
        type            groovyBC;
        refValue        uniform 0.00179731;
        refGradient     uniform 0;
        valueFraction   uniform 1;
        value           uniform 0.00179731;
        valueExpression "YSat*rh";
        gradientExpression "0";
        fractionExpression "1";
        evaluateDuringConstruction 0;
        cyclicSlave     0;
        variables       "rh=0.7;";
        timelines       (
);
        lookuptables    (
);
        lookuptables2D  (
);
    }
    front
    {
        type            empty;
    }
    back
    {
        type            empty;
    }
}


// ************************************************************************* //
