/*--------------------------------*- C++ -*----------------------------------*\
| =========                 |                                                 |
| \\      /  F ield         | OpenFOAM: The Open Source CFD Toolbox           |
|  \\    /   O peration     | Version:  5.x                                   |
|   \\  /    A nd           | Web:      www.OpenFOAM.org                      |
|    \\/     M anipulation  |                                                 |
\*---------------------------------------------------------------------------*/
FoamFile
{
    version     2.0;
    format      ascii;
    class       volScalarField;
    location    "600";
    object      massFlux;
}
// * * * * * * * * * * * * * * * * * * * * * * * * * * * * * * * * * * * * * //

dimensions      [0 0 0 0 0 0 0];

internalField   nonuniform List<scalar> 
6584
(
0.0241908
0.0241908
0.0241908
0.0241908
0.0241908
0.0241908
0.0241908
0.0241908
0.0241908
0.0241908
0.0241908
0.0241908
0.0241908
0.0241908
0.0241908
0.0241908
0.0241908
0.0241908
0.0241908
0.0241908
0.0241908
0.0241908
0.0241908
0.0241908
0.0241902
0.0241902
0.0241902
0.0241902
0.0241902
0.0241902
0.0241903
0.0241903
0.0241903
0.0241903
0.0241903
0.0241903
0.0241903
0.0241903
0.0241903
0.0241903
0.0241903
0.0241903
0.0241902
0.0241902
0.0241902
0.0241902
0.0241902
0.0241902
0.0241897
0.0241897
0.0241897
0.0241897
0.0241897
0.0241897
0.0241897
0.0241897
0.0241897
0.02419
0.02419
0.02419
0.02419
0.02419
0.02419
0.0241897
0.0241897
0.0241897
0.0241897
0.0241897
0.0241897
0.0241897
0.0241897
0.0241897
0.0241891
0.0241891
0.0241891
0.0241891
0.0241891
0.0241891
0.0241891
0.0241891
0.0241891
0.0241894
0.0241894
0.0241894
0.0241894
0.0241894
0.0241894
0.0241894
0.0241891
0.0241891
0.0241891
0.0241891
0.0241891
0.0241891
0.0241891
0.0241891
0.0241885
0.0241885
0.0241885
0.0241885
0.0241885
0.0241885
0.0241885
0.0241885
0.0241888
0.0241888
0.0241888
0.0241888
0.0241888
0.0241888
0.0241888
0.0241888
0.0241888
0.0241885
0.0241885
0.0241885
0.0241885
0.0241885
0.0241885
0.0241885
0.0241879
0.0241879
0.0241879
0.0241879
0.0241879
0.0241879
0.0241879
0.0241882
0.0241882
0.0241882
0.0241883
0.0241883
0.0241883
0.0241883
0.0241882
0.0241882
0.0241882
0.0241879
0.0241879
0.0241879
0.0241879
0.0241879
0.0241879
0.0241879
0.0241873
0.0241873
0.0241873
0.0241873
0.0241873
0.0241873
0.0241873
0.0241876
0.0241876
0.0241876
0.0241877
0.0241878
0.0241878
0.0241877
0.0241878
0.0241876
0.0241876
0.0241873
0.0241873
0.0241873
0.0241873
0.0241873
0.0241873
0.0241873
0.0241867
0.0241867
0.0241867
0.0241867
0.0241867
0.0241867
0.0241867
0.024187
0.024187
0.024187
0.0241872
0.0241872
0.0241872
0.0241872
0.0241871
0.0241871
0.0241868
0.0241868
0.0241867
0.0241867
0.0241867
0.0241867
0.0241867
0.0241861
0.0241862
0.0241862
0.0241862
0.0241862
0.0241862
0.0241862
0.0241865
0.0241865
0.0241865
0.0241866
0.0241866
0.0241866
0.0241866
0.0241865
0.0241865
0.0241862
0.0241862
0.0241862
0.0241862
0.0241862
0.0241862
0.0241862
0.0241856
0.0241856
0.0241856
0.0241856
0.0241856
0.0241856
0.0241856
0.0241859
0.0241859
0.0241859
0.024186
0.0241861
0.0241861
0.0241861
0.0241859
0.0241859
0.0241856
0.0241856
0.0241856
0.0241856
0.0241856
0.0241856
0.0241856
0.024185
0.024185
0.024185
0.024185
0.024185
0.024185
0.024185
0.0241853
0.0241853
0.0241853
0.0241855
0.0241855
0.0241856
0.0241856
0.0241854
0.0241854
0.0241851
0.024185
0.024185
0.024185
0.024185
0.024185
0.024185
0.0241844
0.0241844
0.0241844
0.0241844
0.0241844
0.0241844
0.0241844
0.0241847
0.0241847
0.0241848
0.0241849
0.024185
0.0241851
0.024185
0.0241848
0.0241848
0.0241845
0.0241844
0.0241844
0.0241844
0.0241844
0.0241844
0.0241844
0.0241838
0.0241838
0.0241838
0.0241838
0.0241838
0.0241838
0.0241838
0.0241841
0.0241842
0.0241842
0.0241843
0.0241844
0.0241845
0.0241844
0.0241843
0.0241842
0.0241839
0.0241839
0.0241838
0.0241838
0.0241838
0.0241838
0.0241838
0.0241832
0.0241832
0.0241832
0.0241832
0.0241832
0.0241833
0.0241833
0.0241833
0.0241836
0.0241836
0.0241837
0.0241838
0.0227748
0.0241839
0.0241839
0.0241837
0.0241836
0.0241833
0.0241833
0.0241833
0.0241833
0.0241832
0.0241832
0.0241832
0.0241826
0.0241826
0.0241826
0.0241827
0.0241827
0.0241827
0.0241827
0.0241827
0.024183
0.024183
0.0241831
0.0241831
0.0238585
0.0241833
0.0241831
0.0241831
0.0241828
0.0241827
0.0241827
0.0241827
0.0241827
0.0241827
0.0241826
0.0241826
0.0241821
0.0241821
0.0241821
0.0241821
0.0241821
0.0241821
0.0241821
0.0241821
0.0241824
0.0241824
0.0241824
0.0241825
0.0238846
0.0241826
0.0241825
0.0241825
0.0241822
0.0241822
0.0241821
0.0241821
0.0241821
0.0241821
0.0241821
0.0241821
0.0241815
0.0241815
0.0241815
0.0241815
0.0241815
0.0241815
0.0241815
0.0241815
0.0241815
0.0241818
0.0241818
0.0241788
0.0240421
0.024182
0.024182
0.0241819
0.0241816
0.0241816
0.0241815
0.0241815
0.0241815
0.0241815
0.0241815
0.0241815
0.0241809
0.0241809
0.0241809
0.0241809
0.0241809
0.0241809
0.0241809
0.0241809
0.0241809
0.024181
0.0241812
0.024176
0.0240452
0.0241814
0.0241811
0.024181
0.024181
0.024181
0.0241809
0.0241809
0.0241809
0.0241809
0.0241809
0.0241809
0.0241803
0.0241803
0.0241803
0.0241803
0.0241803
0.0241803
0.0241803
0.0241803
0.0241804
0.0241804
0.0241798
0.0241041
0.0241147
0.0241805
0.0241805
0.0241805
0.0241804
0.0241804
0.0241804
0.0241803
0.0241803
0.0241803
0.0241803
0.0241803
0.0241797
0.0241797
0.0241797
0.0241797
0.0241797
0.0241797
0.0241798
0.0241798
0.0241798
0.0241798
0.0241788
0.0241036
0.0241147
0.0241799
0.0241799
0.0241799
0.0241798
0.0241798
0.0241798
0.0241797
0.0241797
0.0241797
0.0241797
0.0241797
0.0241791
0.0241791
0.0241791
0.0241791
0.0241792
0.0241792
0.0241792
0.0241792
0.0241792
0.0241792
0.0241778
0.0241031
0.0241146
0.0241793
0.0241793
0.0241793
0.0241792
0.0241792
0.0241792
0.0241792
0.0241791
0.0241791
0.0241791
0.0241791
0.0241785
0.0241786
0.0241786
0.0241786
0.0241786
0.0241786
0.0241786
0.0241786
0.0241786
0.0241786
0.0241769
0.0241026
0.0241144
0.0241788
0.0241787
0.0241787
0.0241787
0.0241786
0.0241786
0.0241786
0.0241785
0.0241785
0.0241785
0.0241785
0.024178
0.024178
0.024178
0.024178
0.024178
0.024178
0.024178
0.024178
0.024178
0.024178
0.024176
0.024102
0.0241142
0.0241782
0.0241782
0.0241781
0.0241781
0.024178
0.024178
0.024178
0.024178
0.0241779
0.0241779
0.0241779
0.0241774
0.0241774
0.0241774
0.0241774
0.0241774
0.0241774
0.0241774
0.0241774
0.0241775
0.0241774
0.0241751
0.0241015
0.0241139
0.0241776
0.0241776
0.0241775
0.0241775
0.0241774
0.0241774
0.0241774
0.0241774
0.0241773
0.0241773
0.0241773
0.0241768
0.0241768
0.0241768
0.0241768
0.0241768
0.0241768
0.0241768
0.0241769
0.0241769
0.0241768
0.0241742
0.024101
0.0241136
0.024177
0.024177
0.0241769
0.0241769
0.0241769
0.0241768
0.0241768
0.0241768
0.0241768
0.0241767
0.0241767
0.0241762
0.0241762
0.0241762
0.0241762
0.0241762
0.0241762
0.0241763
0.0241763
0.0241763
0.0241762
0.0241733
0.0241004
0.0241134
0.0241764
0.0241764
0.0241764
0.0241763
0.0241763
0.0241762
0.0241762
0.0241762
0.0241762
0.0241761
0.0241761
0.0241756
0.0241756
0.0241756
0.0241756
0.0241757
0.0241757
0.0241757
0.0241757
0.0241757
0.0241757
0.0241724
0.0240999
0.0241131
0.0241758
0.0241758
0.0241758
0.0241757
0.0241757
0.0241756
0.0241756
0.0241756
0.0241756
0.0241756
0.0241755
0.024175
0.024175
0.0241751
0.0241751
0.0241751
0.0241751
0.0241751
0.0241751
0.0241751
0.0241751
0.0241715
0.0240994
0.0241128
0.0241753
0.0241752
0.0241752
0.0241751
0.0241751
0.0241751
0.024175
0.024175
0.024175
0.024175
0.024175
0.0241745
0.0241745
0.0241745
0.0241745
0.0241745
0.0241745
0.0241745
0.0241745
0.0241746
0.0241745
0.0241707
0.0240989
0.0241125
0.0241747
0.0241747
0.0241746
0.0241746
0.0241745
0.0241745
0.0241744
0.0241744
0.0241744
0.0241744
0.0241744
0.0241739
0.0241739
0.0241739
0.0241739
0.0241739
0.0241739
0.0241739
0.024174
0.024174
0.0241739
0.0241698
0.0240983
0.0241122
0.0241741
0.0241741
0.024174
0.024174
0.0241739
0.0241739
0.0241738
0.0241738
0.0241738
0.0241738
0.0241738
0.0241733
0.0241733
0.0241733
0.0241733
0.0241733
0.0241733
0.0241734
0.0241734
0.0241734
0.0241733
0.024169
0.0240978
0.0241119
0.0241735
0.0241735
0.0241734
0.0241734
0.0241733
0.0241733
0.0241733
0.0241732
0.0241732
0.0241732
0.0241732
0.0241727
0.0241727
0.0241727
0.0241727
0.0241727
0.0241728
0.0241728
0.0241728
0.0241728
0.0241727
0.0241681
0.0240973
0.0241115
0.0241729
0.0241729
0.0241729
0.0241728
0.0241727
0.0241727
0.0241727
0.0241726
0.0241726
0.0241726
0.0241726
0.0241721
0.0241721
0.0241721
0.0241721
0.0241722
0.0241722
0.0241722
0.0241722
0.0241722
0.0241721
0.0241673
0.0240968
0.0241112
0.0241723
0.0241723
0.0241723
0.0241722
0.0241722
0.0241721
0.0241721
0.024172
0.024172
0.024172
0.024172
0.0241715
0.0241715
0.0241716
0.0241716
0.0241716
0.0241716
0.0241716
0.0241716
0.0241717
0.0241715
0.0241665
0.0240962
0.0241109
0.0241718
0.0241717
0.0241717
0.0241716
0.0241716
0.0241715
0.0241715
0.0241715
0.0241714
0.0241714
0.0241714
0.024171
0.024171
0.024171
0.024171
0.024171
0.024171
0.024171
0.0241711
0.0241711
0.0241709
0.0241656
0.0240957
0.0241105
0.0241712
0.0241712
0.0241711
0.024171
0.024171
0.0241709
0.0241709
0.0241709
0.0241708
0.0241708
0.0241708
0.0241704
0.0241704
0.0241704
0.0241704
0.0241704
0.0241704
0.0241705
0.0241705
0.0241705
0.0241703
0.0241648
0.0240952
0.0241102
0.0241706
0.0241706
0.0241705
0.0241704
0.0241704
0.0241703
0.0241703
0.0241703
0.0241703
0.0241702
0.0241702
0.0241867
0.0241867
0.0241872
0.0241862
0.0241862
0.0241866
0.0241856
0.0241857
0.0241861
0.0241851
0.0241852
0.0241856
0.0241845
0.0241846
0.0241851
0.0241839
0.0234584
0.0227305
0.024184
0.0241846
0.0241873
0.0241878
0.0241873
0.0241878
0.0241867
0.0241867
0.0241872
0.0241869
0.0241872
0.0241867
0.0241868
0.0241872
0.0241862
0.0241862
0.0241866
0.0241864
0.0241864
0.0241866
0.0241864
0.0241866
0.0241862
0.0241862
0.0241866
0.0241856
0.0241856
0.0241861
0.0241859
0.0241859
0.0241861
0.0241856
0.0241861
0.0241857
0.0241857
0.0241861
0.0241851
0.0241851
0.0241855
0.0241853
0.0241853
0.0241856
0.0241853
0.0241853
0.0241852
0.0241852
0.0241856
0.0241849
0.0241851
0.0241846
0.0241846
0.024185
0.0241843
0.0241846
0.0241833
0.023684
0.0234363
0.0235515
0.0241834
0.024184
0.0241866
0.0241869
0.0241869
0.0241869
0.0241866
0.0241872
0.0241869
0.0241866
0.0241869
0.0241869
0.0241869
0.0241866
0.0241861
0.0241863
0.0241864
0.0241864
0.0241861
0.0241866
0.0241864
0.0241861
0.0241864
0.0241864
0.0241864
0.0241861
0.0241866
0.0241864
0.0241865
0.0241856
0.0241858
0.0241858
0.0241858
0.0241856
0.0241861
0.0241859
0.0241853
0.0241856
0.0241859
0.0241859
0.0241856
0.0241861
0.0241859
0.024186
0.0241853
0.0241851
0.0241856
0.0241853
0.0241851
0.0241853
0.0241854
0.0241854
0.0241851
0.0241856
0.0241854
0.0241854
0.0241847
0.0241845
0.024185
0.0241848
0.0241846
0.0241848
0.0241851
0.0241849
0.0241849
0.0241841
0.0241838
0.0241844
0.0241842
0.024184
0.0241843
0.024187
0.0241869
0.0241872
0.024187
0.0241871
0.0241845
0.0241845
0.024185
0.0241848
0.0241848
0.024185
0.0241821
0.0241804
0.024184
0.024184
0.0241845
0.0241872
0.024187
0.0241872
0.0241869
0.024187
0.0241851
0.0241853
0.0241853
0.0241811
0.024182
0.024184
0.024184
0.0241821
0.0241831
0.0241801
0.0241765
0.0241848
0.0241849
0.0241846
0.024184
0.024184
0.0241846
0.0241843
0.0241843
0.0241875
0.0241875
0.0241872
0.0241872
0.0241875
0.0241875
0.024187
0.024187
0.024187
0.0241872
0.024187
0.0241871
0.0241865
0.0241865
0.0241859
0.0241859
0.0241853
0.0241853
0.024185
0.0241773
0.024185
0.0241831
0.0241822
0.0241826
0.0241833
0.0241844
0.0241869
0.0241868
0.0241867
0.0241868
0.0241867
0.0241867
0.0241869
0.024187
0.024187
0.024187
0.0241869
0.0241867
0.0241868
0.0241862
0.0241862
0.0241865
0.0241865
0.0241862
0.0241862
0.0241862
0.0241863
0.0241864
0.0241862
0.0241863
0.0241862
0.0241865
0.0241865
0.0241866
0.0241864
0.0241865
0.0241865
0.0241857
0.0241857
0.024186
0.024186
0.0241852
0.0241853
0.0241858
0.0241858
0.0241859
0.0241857
0.0241858
0.0241857
0.024186
0.024186
0.0241861
0.0241859
0.024186
0.024186
0.0241814
0.0241852
0.0241832
0.0241826
0.0241839
0.0241832
0.0241852
0.0241855
0.0241827
0.0241854
0.0241852
0.0241852
0.0241855
0.0241856
0.0241856
0.0241854
0.0241855
0.0241855
0.0241837
0.0241839
0.0241849
0.0241843
0.0241839
0.0241844
0.0241843
0.0241849
0.0241832
0.0241837
0.0241847
0.0241809
0.0241825
0.0241777
0.0241806
0.0241847
0.0241755
0.0241837
0.0241836
0.0240707
0.024184
0.0241837
0.0236612
0.0241828
0.0241831
0.0241871
0.0241839
0.0241839
0.0241844
0.0241842
0.0241842
0.0241844
0.0234637
0.0241833
0.0241839
0.0241871
0.0241845
0.0241847
0.0241847
0.0241708
0.0241712
0.0235467
0.0241831
0.0241825
0.0241723
0.024174
0.024174
0.0241827
0.022144
0.0241873
0.0241873
0.0241872
0.0241872
0.0241873
0.0241873
0.0241865
0.0241865
0.0241864
0.0241864
0.0241866
0.0241866
0.024186
0.024186
0.0241859
0.0241861
0.024186
0.024186
0.0241858
0.024186
0.0241853
0.0241853
0.0241597
0.0241532
0.0241844
0.0241834
0.0241838
0.0241837
0.0241835
0.0237011
0.0241871
0.024187
0.0241872
0.0241867
0.0241867
0.0241866
0.0241868
0.0241868
0.0241869
0.0241867
0.0241868
0.0241867
0.0241862
0.0241862
0.0241861
0.0241864
0.0241863
0.0241863
0.0241863
0.0241863
0.0241863
0.0241861
0.0241861
0.0241862
0.0241864
0.0241864
0.0241864
0.0241861
0.0241863
0.0241863
0.0241863
0.0241864
0.0241861
0.0241862
0.0241862
0.0241858
0.0241857
0.0241857
0.0241858
0.0241858
0.0241858
0.024186
0.024186
0.0241861
0.0241858
0.0241859
0.0241859
0.0241852
0.0241854
0.0241858
0.0241858
0.0241859
0.0241857
0.0241857
0.0241857
0.0241861
0.0241861
0.0241861
0.0241859
0.024186
0.0241859
0.0241852
0.0241836
0.024184
0.0241835
0.0241831
0.0241853
0.0241853
0.0241853
0.0241854
0.0241852
0.0241853
0.0241852
0.0241846
0.0241844
0.0241844
0.0241843
0.0241844
0.0241846
0.0241775
0.0241778
0.0241843
0.0241842
0.0241843
0.0241771
0.0241774
0.0241669
0.0241613
0.024187
0.0241871
0.0241871
0.0241575
0.0241815
0.0241623
0.0241642
0.0241642
0.0241813
0.0241871
0.0241871
0.0241871
0.0241871
0.0241871
0.0241809
0.0241813
0.0241721
0.0241712
0.024184
0.024176
0.0241755
0.0241773
0.0241761
0.024184
0.0241824
0.0241826
0.0241788
0.0241782
0.024184
0.0241789
0.0241779
0.0241741
0.0241749
0.0241869
0.0241869
0.024187
0.0241869
0.0241869
0.0241869
0.0241864
0.0241865
0.0241858
0.024186
0.0241853
0.0241853
0.0241781
0.0241839
0.0241836
0.0241841
0.0241839
0.0241779
0.0241828
0.0241825
0.0241835
0.024183
0.0241828
0.0241712
0.0241738
0.0241662
0.0241699
0.0241827
0.0241496
0.0241554
0.0241868
0.0241868
0.0241867
0.0241869
0.0241868
0.0241868
0.0241867
0.0241866
0.0241867
0.0241867
0.0241869
0.0241869
0.0241869
0.0241869
0.0241869
0.0241867
0.0241867
0.0241867
0.0241867
0.0241868
0.0241869
0.0241867
0.0241868
0.0241868
0.0241868
0.0241867
0.0241862
0.0241863
0.0241863
0.0241863
0.0241862
0.0241863
0.0241863
0.0241861
0.024186
0.0241862
0.0241861
0.0241862
0.0241861
0.0241862
0.0241865
0.0241865
0.0241866
0.0241865
0.0241864
0.0241863
0.0241865
0.0241864
0.0241864
0.0241864
0.0241865
0.0241862
0.0241863
0.0241863
0.0241863
0.0241863
0.0241862
0.0241862
0.0241863
0.0241857
0.0241858
0.0241858
0.0241856
0.0241855
0.0241856
0.0241856
0.0241855
0.0241855
0.0241855
0.0241855
0.024186
0.024186
0.024186
0.0241859
0.0241858
0.024186
0.0241859
0.0241857
0.0241856
0.0241858
0.0241857
0.0241859
0.0241859
0.0241859
0.0241852
0.0241854
0.0241858
0.0241858
0.0241858
0.0241857
0.0241857
0.0241858
0.024186
0.0241861
0.0241861
0.0241859
0.024186
0.024186
0.024182
0.0241827
0.0241852
0.0241852
0.0241853
0.0241852
0.0241824
0.0241837
0.0241851
0.024185
0.0241851
0.0241851
0.0241835
0.0241854
0.0241854
0.0241855
0.0241854
0.0241832
0.0241853
0.0241853
0.0241854
0.0241853
0.0241833
0.0241833
0.0241835
0.0241852
0.0241817
0.0241827
0.0241823
0.0241815
0.0241826
0.0241853
0.0241828
0.024183
0.0241838
0.0241722
0.0241734
0.0241749
0.0241722
0.0241838
0.024172
0.0241834
0.0241736
0.0241834
0.0241792
0.0241843
0.0241842
0.0241844
0.0241843
0.0241795
0.0241742
0.0241749
0.024178
0.0241782
0.0241754
0.0241769
0.0241701
0.0241681
0.0241873
0.0241873
0.0241878
0.0241843
0.0241842
0.024184
0.0241872
0.0241872
0.0241872
0.0241871
0.0241872
0.0241872
0.0241875
0.0241875
0.0241872
0.0241866
0.0241865
0.0241865
0.0241864
0.0241864
0.0241864
0.0241857
0.024186
0.0241856
0.0241855
0.0241855
0.0241848
0.0241847
0.0241853
0.0241841
0.0241842
0.0241851
0.0241867
0.0241868
0.0241867
0.0241866
0.0241867
0.0241867
0.0241869
0.0241868
0.0241868
0.0241866
0.0241865
0.0241866
0.0241861
0.0241864
0.0241863
0.0241863
0.0241861
0.0241861
0.0241861
0.0241864
0.0241864
0.0241864
0.0241857
0.0241857
0.0241856
0.0241856
0.0241856
0.0241856
0.0241853
0.024185
0.024185
0.0241856
0.0241859
0.0241859
0.0241859
0.0241861
0.0241861
0.0241861
0.0241859
0.0241859
0.0241859
0.0241855
0.0241855
0.0241856
0.0241856
0.0241856
0.0241856
0.024185
0.024185
0.0241851
0.0241532
0.0241531
0.0241841
0.0241842
0.0241843
0.0241531
0.0241531
0.0241838
0.0241837
0.0241841
0.024187
0.024187
0.024181
0.0241793
0.0241798
0.0241819
0.0241821
0.0241784
0.0241789
0.02418
0.0241797
0.024183
0.0241733
0.0241723
0.0241771
0.0241796
0.0241791
0.024184
0.0241873
0.0241873
0.0241872
0.024187
0.024187
0.024187
0.024187
0.0241869
0.0241869
0.024187
0.0241871
0.0241871
0.0241865
0.0241865
0.0241865
0.0241865
0.0241865
0.0241865
0.0241859
0.0241859
0.0241847
0.0241848
0.0241853
0.0241853
0.0241845
0.0241846
0.0241791
0.0241792
0.0241809
0.0241806
0.0241772
0.0241794
0.0241796
0.024185
0.0241843
0.0241844
0.0241868
0.0241868
0.0241868
0.0241867
0.0241869
0.0241868
0.0241868
0.0241866
0.0241866
0.0241867
0.0241867
0.0241867
0.024187
0.024187
0.0241869
0.024187
0.024187
0.024187
0.0241869
0.0241868
0.0241868
0.0241865
0.0241865
0.0241866
0.0241866
0.0241866
0.0241862
0.0241863
0.0241865
0.0241866
0.0241866
0.0241864
0.0241865
0.0241865
0.0241857
0.0241856
0.0241857
0.0241852
0.0241853
0.024186
0.024186
0.024186
0.024186
0.024186
0.024186
0.0241816
0.0241831
0.0241845
0.0241846
0.0241842
0.0241842
0.0241825
0.0241854
0.0241855
0.0241855
0.0241838
0.0241837
0.0241846
0.0241846
0.0241829
0.0241842
0.0241842
0.0241837
0.0241837
0.0241855
0.0241856
0.0241856
0.0241855
0.0241855
0.0241855
0.0241841
0.0241849
0.0241849
0.024185
0.0241849
0.0241841
0.0241817
0.0241842
0.0241844
0.0241842
0.0241842
0.0241819
0.0241783
0.0241815
0.0241812
0.0241744
0.0241737
0.0241762
0.024141
0.0241572
0.0241571
0.0241576
0.024184
0.0241804
0.0241798
0.0241808
0.0241806
0.0241838
0.0241326
0.0241327
0.0241744
0.0241763
0.0241833
0.0241871
0.0241871
0.0241871
0.0241704
0.0241705
0.0241653
0.0241524
0.0232615
0.0241733
0.0241699
0.0241705
0.0241678
0.0241689
0.0241738
0.0221451
0.024135
0.0241684
0.0241873
0.0241872
0.0241871
0.0241864
0.0241864
0.0241864
0.0241866
0.0241866
0.0241866
0.0241866
0.0241866
0.0241857
0.024186
0.0241836
0.0241839
0.0241836
0.0241835
0.0241853
0.0241846
0.0241845
0.0241583
0.0241434
0.0241438
0.0241484
0.0241469
0.0241565
0.0241866
0.0241866
0.0241867
0.0241866
0.0241866
0.0241866
0.0241861
0.0241863
0.0241863
0.0241863
0.0241862
0.0241862
0.0241862
0.0241851
0.024185
0.0241853
0.0241855
0.0241858
0.0241858
0.0241858
0.0241861
0.0241861
0.0241861
0.0241859
0.0241859
0.0241859
0.0241835
0.024184
0.0241838
0.0241841
0.0241841
0.0241835
0.0241529
0.0241532
0.0241549
0.024153
0.0241772
0.0241685
0.0241683
0.0241458
0.0241462
0.0241652
0.0241504
0.0241532
0.024145
0.0241473
0.0241632
0.024187
0.024187
0.024187
0.024187
0.0241871
0.0241871
0.0241871
0.0241871
0.0241871
0.0241871
0.0241614
0.0241736
0.024173
0.0241753
0.0241744
0.024162
0.0241681
0.0241706
0.0241693
0.0241725
0.0241718
0.0241663
0.0241871
0.0241871
0.0241871
0.024187
0.024187
0.024187
0.024187
0.0241808
0.0241817
0.0241801
0.0241803
0.024172
0.0241716
0.0241804
0.0241806
0.0241757
0.024178
0.0241781
0.0241822
0.0241776
0.0241771
0.0241778
0.0241828
0.0241791
0.0241784
0.0241732
0.0241743
0.0241793
0.0241699
0.0241703
0.0241688
0.0241691
0.0241776
0.0241718
0.0241721
0.0241743
0.0241652
0.0241665
0.0241631
0.024164
0.0241745
0.0241869
0.0241869
0.0241869
0.0241869
0.0241869
0.0241869
0.0241865
0.0241864
0.0241864
0.0241864
0.0241865
0.0241865
0.0241865
0.0241865
0.0241858
0.024186
0.024184
0.0241841
0.0241839
0.024184
0.0241853
0.0241848
0.0241848
0.0241845
0.0241845
0.0241853
0.0241842
0.0241796
0.0241791
0.0241775
0.0241804
0.0241801
0.0241827
0.0241802
0.02418
0.0241813
0.0241807
0.0241826
0.0241834
0.0241811
0.0241814
0.0241802
0.0241807
0.0241832
0.0241797
0.0241675
0.0241766
0.024176
0.0241499
0.0241523
0.0241868
0.0241868
0.0241868
0.0241868
0.0241868
0.0241868
0.0241868
0.0241867
0.0241866
0.0241866
0.0241866
0.0241866
0.0241867
0.0241867
0.0241869
0.0241869
0.0241869
0.024187
0.0241869
0.0241869
0.0241869
0.0241867
0.0241867
0.0241867
0.0241867
0.0241867
0.0241867
0.0241867
0.0241867
0.0241868
0.0241868
0.0241868
0.0241868
0.0241868
0.0241868
0.0241868
0.0241868
0.0241868
0.0241868
0.0241862
0.0241862
0.0241863
0.0241863
0.0241863
0.0241863
0.0241863
0.0241861
0.0241861
0.0241862
0.0241861
0.0241865
0.0241865
0.0241865
0.0241865
0.0241865
0.0241865
0.0241866
0.0241866
0.0241866
0.0241865
0.0241866
0.0241866
0.0241866
0.0241865
0.0241864
0.0241864
0.0241864
0.0241863
0.0241863
0.0241864
0.0241864
0.0241864
0.0241865
0.0241864
0.0241864
0.0241864
0.0241862
0.0241863
0.0241856
0.0241853
0.0241854
0.0241851
0.0241852
0.0241856
0.0241855
0.0241854
0.0241855
0.0241856
0.0241855
0.0241846
0.0241848
0.0241846
0.0241846
0.0241855
0.0241855
0.024185
0.0241851
0.0241849
0.024185
0.0241855
0.0241859
0.0241859
0.024186
0.024186
0.0241856
0.0241856
0.0241858
0.0241858
0.0241852
0.0241853
0.024186
0.024186
0.0241861
0.024186
0.024186
0.024186
0.0241819
0.0241844
0.0241845
0.024183
0.0241823
0.0241843
0.0241843
0.0241841
0.0241839
0.0241854
0.0241849
0.0241849
0.0241854
0.0241849
0.0241847
0.0241849
0.0241849
0.0241854
0.0241846
0.0241843
0.024184
0.0241841
0.0241831
0.0241837
0.0241839
0.0241834
0.0241845
0.0241845
0.0241846
0.0241846
0.0241834
0.024182
0.0241825
0.024182
0.0241814
0.0241814
0.0241816
0.0241827
0.0241842
0.0241841
0.0241844
0.0241843
0.0241828
0.0241726
0.0241784
0.0241786
0.0241781
0.0241783
0.0241731
0.0241739
0.0241798
0.0241802
0.0241789
0.0241793
0.0241727
0.0241713
0.0241756
0.0241755
0.0241765
0.024176
0.0241745
0.0241776
0.024178
0.0241759
0.0241768
0.0241749
0.024182
0.0241818
0.0241789
0.024174
0.0241757
0.0241545
0.0241552
0.024176
0.0241653
0.0241633
0.0241679
0.0241671
0.0241765
0.0241574
0.0241569
0.0241376
0.0241409
0.0241885
0.0241885
0.0241888
0.0241885
0.0241885
0.0241888
0.0241885
0.0241885
0.0241888
0.0241885
0.0241885
0.0241888
0.0241879
0.0241879
0.0241882
0.0241879
0.0241879
0.0241883
0.0241879
0.0241879
0.0241883
0.0241879
0.0241879
0.0241883
0.0241879
0.0241879
0.0241883
0.0241879
0.0241879
0.0241882
0.0241873
0.0241873
0.0241878
0.0241873
0.0241873
0.0241877
0.0241876
0.0241876
0.0241878
0.0241875
0.0241876
0.0241878
0.0241876
0.0241876
0.0241877
0.0241873
0.0241873
0.0241876
0.0241868
0.0241867
0.0241872
0.024187
0.024187
0.0241872
0.0241871
0.0241871
0.0241872
0.024187
0.024187
0.0241872
0.0241868
0.0241868
0.0241871
0.0241862
0.0241862
0.0241866
0.0241864
0.0241864
0.0241866
0.0241866
0.0241866
0.0241866
0.0241865
0.0241865
0.0241867
0.0241862
0.0241862
0.0241865
0.0241856
0.0241856
0.024186
0.0241859
0.0241859
0.024186
0.024186
0.024186
0.0241861
0.024186
0.024186
0.0241862
0.0241857
0.0241857
0.024186
0.024185
0.0241851
0.0241855
0.0241853
0.0241853
0.0241855
0.0241855
0.0241855
0.0241856
0.0241854
0.0241854
0.0241856
0.0241851
0.0241851
0.0241854
0.0241845
0.0241845
0.0241849
0.0241849
0.0241849
0.024185
0.0241849
0.0241849
0.0241851
0.0241846
0.0241846
0.0241849
0.0241839
0.0241839
0.0241843
0.0241843
0.0241843
0.0241845
0.024184
0.024184
0.0241843
0.0241833
0.0241833
0.0241836
0.0241833
0.0241833
0.0241837
0.0241836
0.0241835
0.0241838
0.0229229
0.0241592
0.0241639
0.0241834
0.0241834
0.0241839
0.0241834
0.0241834
0.0241837
0.0241827
0.0241827
0.024183
0.0241827
0.0241827
0.0241831
0.0241827
0.0239041
0.0239062
0.023879
0.0241828
0.0241833
0.0241828
0.0241829
0.0241833
0.0241828
0.0241828
0.0241831
0.0241821
0.0241821
0.0241824
0.0241803
0.0240338
0.0239037
0.0240402
0.0241822
0.0241827
0.0241823
0.0241823
0.0241826
0.0241867
0.0241868
0.0241868
0.0241868
0.0241868
0.0241867
0.0241872
0.0241871
0.0241871
0.0241862
0.0241862
0.0241862
0.0241863
0.0241863
0.0241862
0.0241867
0.0241866
0.0241866
0.0241856
0.0241857
0.0241857
0.0241858
0.0241858
0.0241857
0.0241861
0.0241861
0.0241861
0.0241851
0.0241851
0.0241851
0.0241852
0.0241853
0.0241852
0.0241857
0.0241856
0.0241856
0.0241847
0.0241847
0.0241846
0.0241851
0.024185
0.024185
0.0241838
0.0241841
0.0241841
0.0232155
0.0241057
0.0240913
0.0238334
0.0238334
0.0221456
0.0241846
0.0241845
0.0241845
0.0241872
0.0241875
0.0241875
0.0241872
0.0241872
0.0241871
0.0241878
0.0241876
0.0241875
0.0241872
0.0241872
0.0241873
0.0241873
0.0241873
0.0241878
0.0241876
0.0241876
0.0241867
0.0241869
0.0241869
0.0241869
0.0241869
0.0241867
0.0241871
0.024187
0.024187
0.0241869
0.0241869
0.0241869
0.0241872
0.0241871
0.0241871
0.0241867
0.024187
0.0241869
0.0241869
0.0241869
0.0241868
0.0241872
0.024187
0.024187
0.0241862
0.0241863
0.0241863
0.0241864
0.0241863
0.0241862
0.0241866
0.0241864
0.0241864
0.0241864
0.0241865
0.0241865
0.0241864
0.0241864
0.0241864
0.0241866
0.0241866
0.0241866
0.0241866
0.0241866
0.0241866
0.0241862
0.0241864
0.0241864
0.0241864
0.0241864
0.0241862
0.0241866
0.0241865
0.0241865
0.0241856
0.0241858
0.0241858
0.0241858
0.0241858
0.0241856
0.024186
0.0241859
0.0241859
0.0241859
0.024186
0.024186
0.0241859
0.0241859
0.0241859
0.0241861
0.0241861
0.0241861
0.0241857
0.0241859
0.0241859
0.0241858
0.0241858
0.0241857
0.0241861
0.024186
0.024186
0.0241851
0.0241852
0.0241852
0.0241853
0.0241852
0.0241851
0.0241855
0.0241854
0.0241853
0.0241854
0.0241854
0.0241854
0.0241854
0.0241854
0.0241853
0.0241856
0.0241855
0.0241855
0.0241853
0.0241848
0.0241849
0.0241852
0.0241854
0.0241854
0.0241853
0.0241853
0.0241852
0.0241856
0.0241854
0.0241854
0.0241849
0.0241845
0.0241846
0.024185
0.024185
0.0241851
0.0241846
0.0241848
0.0241848
0.0241847
0.0241848
0.0241846
0.024185
0.0241849
0.0241849
0.0241843
0.0241843
0.0241843
0.0241845
0.0241845
0.0241845
0.0241832
0.0241835
0.0241834
0.0236955
0.0241834
0.0241831
0.0241824
0.0241818
0.0233859
0.0241831
0.0241833
0.0234882
0.0241836
0.0241836
0.0241834
0.0241839
0.0241837
0.0241837
0.0241867
0.0241867
0.0241867
0.0241869
0.0241868
0.0241868
0.0241868
0.0241868
0.0241869
0.0241868
0.0241868
0.0241869
0.0241871
0.0241871
0.0241872
0.0241869
0.0241869
0.024187
0.0241866
0.0241866
0.0241866
0.0241869
0.0241869
0.0241869
0.0241869
0.0241868
0.0241868
0.0241868
0.0241869
0.0241869
0.0241867
0.0241867
0.0241867
0.0241862
0.0241862
0.0241861
0.0241864
0.0241863
0.0241863
0.0241863
0.0241863
0.0241864
0.0241863
0.0241863
0.0241863
0.0241861
0.0241861
0.0241861
0.0241864
0.0241864
0.0241864
0.0241864
0.0241863
0.0241863
0.0241863
0.0241863
0.0241864
0.0241866
0.0241866
0.0241866
0.0241864
0.0241864
0.0241864
0.0241865
0.0241865
0.0241864
0.0241856
0.0241856
0.0241856
0.0241858
0.0241858
0.0241858
0.0241858
0.0241858
0.0241858
0.0241858
0.0241858
0.0241858
0.0241856
0.0241856
0.0241856
0.0241861
0.0241861
0.0241861
0.0241858
0.0241859
0.0241859
0.0241859
0.0241858
0.0241858
0.0241857
0.0241857
0.0241857
0.024186
0.024186
0.0241859
0.0241853
0.0241852
0.0241853
0.024185
0.0241851
0.0241851
0.0241856
0.0241856
0.0241856
0.0241853
0.0241854
0.0241854
0.0241851
0.024185
0.024185
0.0241849
0.024185
0.0241853
0.0241854
0.0241853
0.0241853
0.0241853
0.0241854
0.0241854
0.0241852
0.0241852
0.0241852
0.0241856
0.0241856
0.0241856
0.0241854
0.0241854
0.0241854
0.0241855
0.0241855
0.0241854
0.0241847
0.0241847
0.0241847
0.0241845
0.0241845
0.0241845
0.024185
0.024185
0.024185
0.0241848
0.0241848
0.0241848
0.0241846
0.0241846
0.0241845
0.0241846
0.0241846
0.0241848
0.0241851
0.0241851
0.0241851
0.0241849
0.024185
0.024185
0.024185
0.024185
0.0241849
0.024184
0.0241839
0.024184
0.0241835
0.0241838
0.024184
0.0241844
0.0241844
0.0241844
0.0241841
0.0241837
0.0241836
0.024187
0.024187
0.024187
0.024187
0.0241871
0.024187
0.0241872
0.0241871
0.0241871
0.0241871
0.0241871
0.0241871
0.0241847
0.0241846
0.0241845
0.0241849
0.0241848
0.0241848
0.0241848
0.0241849
0.0241849
0.0241849
0.0241848
0.0241848
0.024185
0.0241849
0.0241849
0.0241819
0.0241793
0.0241797
0.0241764
0.0241771
0.0241808
0.024184
0.0241842
0.0241843
0.0241871
0.0241871
0.0241872
0.024187
0.024187
0.024187
0.0241871
0.0241871
0.0241872
0.024187
0.0241871
0.024187
0.024187
0.024187
0.024187
0.0241852
0.0241852
0.0241851
0.0241853
0.0241852
0.0241852
0.0241852
0.0241852
0.0241853
0.024184
0.0241829
0.0241829
0.0241832
0.0241832
0.024184
0.0241797
0.024175
0.0241756
0.0241848
0.0241848
0.0241848
0.0241847
0.0241847
0.0241849
0.0241846
0.0241847
0.0241847
0.024184
0.0241833
0.0241833
0.0241835
0.0241835
0.024184
0.0241845
0.0241845
0.0241845
0.0241843
0.0241844
0.0241844
0.0241844
0.0241844
0.0241843
0.0241875
0.0241874
0.0241874
0.0241874
0.0241874
0.0241875
0.0241872
0.0241873
0.0241873
0.0241873
0.0241873
0.0241872
0.0241875
0.0241874
0.0241874
0.0241874
0.0241874
0.0241875
0.024187
0.024187
0.024187
0.0241871
0.0241871
0.0241872
0.024187
0.024187
0.024187
0.0241871
0.0241871
0.024187
0.0241844
0.0241845
0.0241849
0.024185
0.024185
0.024185
0.024183
0.0241815
0.0241817
0.02418
0.0241803
0.0241824
0.024183
0.0241842
0.0241842
0.0241842
0.0241842
0.0241831
0.0241845
0.0241844
0.0241844
0.0241868
0.0241868
0.0241868
0.0241867
0.0241867
0.0241867
0.0241869
0.0241869
0.0241869
0.024187
0.024187
0.024187
0.024187
0.024187
0.024187
0.0241867
0.0241867
0.0241867
0.0241868
0.0241868
0.0241868
0.0241862
0.0241862
0.0241863
0.0241862
0.0241862
0.0241862
0.0241865
0.0241865
0.0241865
0.0241865
0.0241865
0.0241865
0.0241863
0.0241863
0.0241863
0.0241863
0.0241863
0.0241863
0.0241864
0.0241863
0.0241864
0.0241862
0.0241862
0.0241862
0.0241863
0.0241862
0.0241862
0.0241862
0.0241862
0.0241862
0.0241865
0.0241865
0.0241865
0.0241866
0.0241866
0.0241865
0.0241866
0.0241866
0.0241866
0.0241864
0.0241864
0.0241864
0.0241865
0.0241865
0.0241865
0.0241865
0.0241865
0.0241865
0.0241857
0.0241857
0.0241857
0.0241857
0.0241857
0.0241857
0.024186
0.024186
0.024186
0.0241859
0.0241859
0.024186
0.0241858
0.0241858
0.0241858
0.0241858
0.0241858
0.0241858
0.0241859
0.0241859
0.0241859
0.0241857
0.0241857
0.0241857
0.0241858
0.0241857
0.0241857
0.0241857
0.0241857
0.0241858
0.0241861
0.0241861
0.024186
0.0241861
0.0241861
0.0241861
0.024186
0.0241859
0.0241859
0.024186
0.024186
0.024186
0.0241852
0.0241852
0.0241852
0.0241839
0.0241847
0.0241847
0.0241846
0.0241846
0.0241833
0.0241851
0.0241851
0.0241851
0.0241854
0.0241854
0.0241854
0.024185
0.024185
0.0241852
0.0241852
0.024185
0.024185
0.0241855
0.0241855
0.0241855
0.0241856
0.0241856
0.0241855
0.0241856
0.0241856
0.0241856
0.0241855
0.0241855
0.0241854
0.0241855
0.0241855
0.0241855
0.0241855
0.0241855
0.0241855
0.0241837
0.0241821
0.024182
0.0241828
0.0241826
0.0241839
0.0241849
0.0241849
0.0241849
0.0241842
0.0241847
0.0241847
0.0241847
0.0241847
0.024184
0.0241843
0.0241848
0.0241847
0.0241848
0.0241848
0.0241843
0.0241848
0.0241848
0.0241849
0.0241832
0.0241803
0.0241802
0.0241818
0.0241817
0.0241836
0.0241846
0.0241846
0.0241847
0.0241812
0.024183
0.0241828
0.0241836
0.0241835
0.0241823
0.0241827
0.0241825
0.0241802
0.0241848
0.0241847
0.0241846
0.0241837
0.0241811
0.0241809
0.0241812
0.0241811
0.0241837
0.024184
0.0241835
0.0241835
0.0241828
0.0241768
0.0241778
0.0241818
0.024182
0.0241832
0.024184
0.0241841
0.0241839
0.0241843
0.0241842
0.0241842
0.0241842
0.0241843
0.0241842
0.0241844
0.0241843
0.0241843
0.024128
0.0241258
0.023436
0.0241834
0.0241801
0.0241801
0.0241819
0.0241802
0.0241835
0.0241846
0.0241846
0.0241845
0.0241847
0.0241846
0.0241846
0.0241846
0.0241846
0.0241847
0.0240035
0.0238887
0.0233531
0.0241827
0.0241768
0.024177
0.0241751
0.0241762
0.0241826
0.0241798
0.0241066
0.0240892
0.0241772
0.0241779
0.0241827
0.0221444
0.0232551
0.0235559
0.0241873
0.0241873
0.0241873
0.0241873
0.0241873
0.0241873
0.0241872
0.0241873
0.0241872
0.0241872
0.0241872
0.0241872
0.0241873
0.0241873
0.0241873
0.0241873
0.0241873
0.0241873
0.0241865
0.0241865
0.0241864
0.0241865
0.0241865
0.0241865
0.0241864
0.0241864
0.0241864
0.0241866
0.0241866
0.0241866
0.024186
0.0241859
0.0241859
0.0241859
0.0241859
0.024186
0.0241859
0.0241859
0.0241859
0.0241861
0.0241861
0.0241861
0.024186
0.024186
0.024186
0.024186
0.024186
0.024186
0.0241848
0.0241848
0.0241853
0.0241844
0.0241843
0.0241844
0.0241837
0.0241842
0.0241842
0.0241841
0.0241842
0.0241837
0.0241837
0.0241834
0.0241834
0.0241827
0.0241831
0.0241836
0.023708
0.0241647
0.0241554
0.0241871
0.0241871
0.0241871
0.0241871
0.0241871
0.024187
0.0241872
0.0241871
0.0241871
0.0241867
0.0241866
0.0241867
0.0241868
0.0241868
0.0241868
0.0241868
0.0241868
0.0241868
0.0241869
0.0241869
0.0241869
0.0241867
0.0241867
0.0241867
0.0241868
0.0241867
0.0241867
0.0241867
0.0241867
0.0241868
0.0241862
0.0241862
0.0241862
0.0241862
0.0241862
0.0241862
0.0241861
0.0241862
0.0241862
0.0241863
0.0241863
0.0241864
0.0241863
0.0241863
0.0241863
0.0241863
0.0241863
0.0241863
0.0241863
0.0241863
0.0241863
0.0241863
0.0241863
0.0241863
0.0241863
0.0241863
0.0241863
0.0241861
0.0241861
0.0241861
0.0241861
0.0241861
0.0241861
0.0241861
0.0241861
0.0241861
0.0241864
0.0241864
0.0241864
0.0241864
0.0241864
0.0241864
0.0241864
0.0241864
0.0241864
0.0241863
0.0241863
0.0241863
0.0241864
0.0241863
0.0241863
0.0241862
0.0241862
0.0241861
0.0241862
0.0241862
0.0241862
0.0241858
0.0241858
0.0241858
0.0241857
0.0241858
0.0241858
0.0241858
0.0241858
0.0241857
0.0241858
0.0241858
0.0241858
0.0241858
0.0241858
0.0241858
0.0241858
0.0241858
0.0241858
0.024186
0.0241861
0.0241861
0.024186
0.024186
0.024186
0.0241861
0.0241861
0.0241861
0.0241858
0.0241859
0.0241858
0.0241859
0.0241859
0.0241859
0.0241859
0.0241859
0.0241859
0.0241859
0.0241859
0.0241858
0.0241859
0.0241859
0.0241859
0.0241857
0.0241857
0.0241857
0.0241857
0.0241857
0.0241857
0.0241861
0.0241861
0.0241861
0.0241861
0.0241861
0.0241861
0.0241859
0.0241859
0.0241859
0.0241859
0.0241859
0.0241859
0.024185
0.024185
0.0241852
0.0241837
0.0241847
0.0241846
0.0241847
0.0241847
0.0241839
0.0241853
0.024185
0.024185
0.0241853
0.0241853
0.0241853
0.0241853
0.0241853
0.0241853
0.0241854
0.0241854
0.0241854
0.0241852
0.0241852
0.0241852
0.0241853
0.0241852
0.0241852
0.0241852
0.0241852
0.0241853
0.0241846
0.0241846
0.0241847
0.0241844
0.0241846
0.0241846
0.0241847
0.0241847
0.0241844
0.0241844
0.0241845
0.0241844
0.0241846
0.0241845
0.0241844
0.0241845
0.0241845
0.0241846
0.0241776
0.0241691
0.024169
0.0241696
0.0241693
0.0241777
0.0241843
0.0241844
0.0241844
0.0241842
0.0241843
0.0241843
0.0241844
0.0241844
0.0241843
0.0241688
0.0241687
0.0241773
0.0241871
0.0241871
0.0241871
0.0241785
0.0241789
0.0241817
0.0241811
0.0241777
0.0241781
0.0241871
0.0241871
0.0241871
0.0241871
0.0241871
0.0241871
0.024187
0.024187
0.0241871
0.024183
0.024183
0.024184
0.0241759
0.0241807
0.0241808
0.0241768
0.0241812
0.0241814
0.0241809
0.024181
0.0241764
0.024184
0.0241831
0.0241831
0.0241834
0.0241834
0.024184
0.0241787
0.0241819
0.024182
0.0241816
0.0241817
0.0241784
0.024187
0.024187
0.0241869
0.024187
0.024187
0.024187
0.0241869
0.0241869
0.0241869
0.0241869
0.0241869
0.0241869
0.0241865
0.0241865
0.0241865
0.0241838
0.024182
0.0241823
0.0241816
0.0241818
0.0241837
0.0241841
0.0241829
0.024183
0.0241825
0.0241827
0.024184
0.0241811
0.0241813
0.0241829
0.0241723
0.0241785
0.0241781
0.0241792
0.0241789
0.0241731
0.0241776
0.0241771
0.0241686
0.0241825
0.0241806
0.0241809
0.0241868
0.0241868
0.0241868
0.0241867
0.0241868
0.0241868
0.0241869
0.0241868
0.0241869
0.0241868
0.0241868
0.0241868
0.0241866
0.0241866
0.0241867
0.0241867
0.0241867
0.0241867
0.0241867
0.0241867
0.0241867
0.0241869
0.0241869
0.0241869
0.0241869
0.0241869
0.0241869
0.0241869
0.0241869
0.0241869
0.0241867
0.0241867
0.0241867
0.0241868
0.0241868
0.0241868
0.0241868
0.0241868
0.0241868
0.0241867
0.0241868
0.0241868
0.0241862
0.0241862
0.0241862
0.0241863
0.0241863
0.0241862
0.0241863
0.0241863
0.0241863
0.0241862
0.0241862
0.0241862
0.0241862
0.0241862
0.0241862
0.0241862
0.0241862
0.0241862
0.0241864
0.0241864
0.0241865
0.0241864
0.0241864
0.0241864
0.0241865
0.0241865
0.0241864
0.0241863
0.0241863
0.0241863
0.0241863
0.0241863
0.0241863
0.0241863
0.0241863
0.0241863
0.0241862
0.0241862
0.0241862
0.0241862
0.0241862
0.0241862
0.0241863
0.0241862
0.0241862
0.0241857
0.0241857
0.0241857
0.0241858
0.0241857
0.0241857
0.0241858
0.0241858
0.0241858
0.024186
0.024186
0.024186
0.024186
0.024186
0.024186
0.024186
0.024186
0.024186
0.0241859
0.0241859
0.0241859
0.0241859
0.0241859
0.0241859
0.0241859
0.0241859
0.0241859
0.0241858
0.0241858
0.0241858
0.0241858
0.0241858
0.0241858
0.0241858
0.0241858
0.0241858
0.0241857
0.0241857
0.0241857
0.0241857
0.0241857
0.0241857
0.0241858
0.0241857
0.0241858
0.024186
0.024186
0.024186
0.0241861
0.0241861
0.0241861
0.024186
0.024186
0.024186
0.024186
0.024186
0.024186
0.0241852
0.024185
0.024185
0.024185
0.024185
0.0241852
0.0241852
0.024185
0.024185
0.024185
0.024185
0.0241852
0.0241847
0.0241847
0.0241838
0.0241851
0.024185
0.024185
0.0241851
0.024185
0.024185
0.024185
0.024185
0.0241851
0.0241834
0.0241846
0.0241846
0.0241849
0.0241849
0.0241854
0.0241853
0.024185
0.024185
0.024185
0.024185
0.0241853
0.0241854
0.0241849
0.0241849
0.024185
0.024185
0.0241853
0.0241852
0.024185
0.024185
0.024185
0.024185
0.0241853
0.0241822
0.0241821
0.0241838
0.0241839
0.0241825
0.0241824
0.0241807
0.0241805
0.0241833
0.0241835
0.0241814
0.024181
0.0241842
0.0241834
0.0241835
0.0241831
0.0241833
0.0241842
0.0241844
0.0241837
0.0241838
0.0241836
0.0241837
0.0241843
0.0241798
0.0241823
0.0241821
0.0241782
0.0241709
0.0241702
0.0241715
0.0241717
0.0241784
0.0241699
0.0241575
0.0241567
0.0241549
0.0241563
0.024169
0.0241873
0.0241875
0.0241875
0.0241875
0.0241875
0.0241873
0.0241842
0.0241842
0.0241842
0.024184
0.0241841
0.0241841
0.0241872
0.0241872
0.0241872
0.0241872
0.0241872
0.0241872
0.0241871
0.0241872
0.0241872
0.0241872
0.0241872
0.0241871
0.0241872
0.0241872
0.0241872
0.0241872
0.0241872
0.0241872
0.0241874
0.0241874
0.0241875
0.0241873
0.0241873
0.0241874
0.0241865
0.0241866
0.0241865
0.0241855
0.0241855
0.0241855
0.0241841
0.0241848
0.0241847
0.0241848
0.0241848
0.0241842
0.0241851
0.024185
0.024185
0.0241868
0.0241867
0.0241867
0.0241866
0.0241866
0.0241866
0.0241867
0.0241867
0.0241866
0.0241868
0.0241869
0.0241869
0.0241868
0.0241868
0.0241868
0.0241869
0.0241868
0.0241868
0.0241866
0.0241866
0.0241866
0.0241866
0.0241866
0.0241866
0.0241866
0.0241866
0.0241866
0.0241864
0.0241864
0.0241864
0.0241857
0.0241857
0.0241857
0.0241857
0.0241857
0.0241857
0.0241856
0.0241856
0.0241856
0.0241856
0.0241856
0.0241856
0.0241856
0.0241856
0.0241856
0.0241856
0.0241856
0.0241856
0.0241855
0.0241855
0.0241855
0.0241856
0.0241856
0.0241855
0.0241856
0.0241856
0.0241856
0.024185
0.0241851
0.0241851
0.0241851
0.0241851
0.0241851
0.0241841
0.0241842
0.0241841
0.0241843
0.0241842
0.0241841
0.0241842
0.0241842
0.0241843
0.0241838
0.0241841
0.0241841
0.024184
0.0241841
0.0241837
0.0241794
0.0241822
0.0241823
0.024182
0.0241821
0.0241792
0.024184
0.0241835
0.0241834
0.0241873
0.0241873
0.0241873
0.0241873
0.0241873
0.0241873
0.0241872
0.0241872
0.0241872
0.0241871
0.024187
0.024187
0.0241871
0.0241871
0.0241871
0.024187
0.024187
0.0241871
0.024185
0.024185
0.024185
0.0241843
0.0241848
0.0241848
0.0241848
0.0241848
0.0241844
0.024187
0.024187
0.024187
0.024187
0.024187
0.0241869
0.0241865
0.0241865
0.0241865
0.0241865
0.0241865
0.0241865
0.0241865
0.0241865
0.0241866
0.0241865
0.0241865
0.0241866
0.0241864
0.0241865
0.0241865
0.0241857
0.0241857
0.0241857
0.0241857
0.0241857
0.0241856
0.0241857
0.0241857
0.0241857
0.0241855
0.0241855
0.0241855
0.0241855
0.0241855
0.0241855
0.0241856
0.0241856
0.0241856
0.0241855
0.0241855
0.0241855
0.0241847
0.0241847
0.0241842
0.024184
0.0241847
0.0241847
0.0241832
0.0241831
0.0241814
0.0241839
0.0241839
0.0241844
0.0241821
0.0241835
0.0241834
0.0241836
0.0241836
0.024184
0.0241803
0.0241825
0.0241826
0.0241824
0.0241824
0.0241801
0.0241807
0.0241827
0.0241827
0.0241826
0.0241827
0.0241807
0.0241751
0.0241798
0.0241795
0.0241803
0.02418
0.0241757
0.0241832
0.0241821
0.0241822
0.0241548
0.0240918
0.0241285
0.0240754
0.0240818
0.024153
0.0233021
0.0238503
0.0238254
0.0230903
0.0231479
0.0221447
0.0241687
0.0239267
0.0237705
0.0241148
0.0240413
0.0241685
0.0241873
0.0241872
0.0241872
0.0241872
0.0241872
0.0241872
0.0241872
0.0241872
0.0241872
0.0241891
0.0241891
0.0241894
0.0241891
0.0241891
0.0241894
0.0241891
0.0241891
0.0241894
0.0241891
0.0241891
0.0241894
0.0241885
0.0241885
0.0241888
0.0241885
0.0241885
0.0241888
0.0241879
0.0241879
0.0241882
0.0241882
0.0241882
0.0241883
0.0241882
0.0241882
0.0241883
0.0241879
0.0241879
0.0241882
0.0241873
0.0241873
0.0241876
0.0241876
0.0241876
0.0241877
0.0241877
0.0241877
0.0241878
0.0241873
0.0241873
0.0241876
0.0241867
0.0241867
0.024187
0.0241871
0.0241871
0.0241872
0.0241868
0.0241868
0.0241871
0.0241862
0.0241862
0.0241865
0.0241866
0.0241866
0.0241867
0.0241862
0.0241862
0.0241865
0.0241856
0.0241856
0.0241859
0.0241861
0.0241861
0.0241861
0.0241857
0.0241857
0.0241859
0.024185
0.024185
0.0241853
0.0241856
0.0241856
0.0241856
0.0241851
0.0241851
0.0241854
0.0241844
0.0241845
0.0241847
0.0241848
0.0241848
0.0241849
0.024185
0.024185
0.0241851
0.0241845
0.0241845
0.0241848
0.0241839
0.0241839
0.0241842
0.0241842
0.0241842
0.0241843
0.0241843
0.0241843
0.0241844
0.024184
0.024184
0.0241842
0.0241833
0.0241833
0.0241836
0.0241836
0.0241836
0.0241837
0.0228242
0.0238374
0.0238335
0.0241837
0.0241837
0.0241839
0.0241834
0.0241834
0.0241837
0.0241827
0.0241827
0.024183
0.024183
0.0241828
0.024183
0.0238663
0.0241815
0.0241816
0.0241831
0.0241832
0.0241833
0.0241828
0.0241828
0.0241831
0.0241821
0.0241821
0.0241824
0.0241823
0.0241823
0.0241826
0.0241815
0.0241815
0.0241818
0.0241773
0.0240334
0.0240336
0.0240437
0.0241816
0.0241819
0.0241817
0.0241817
0.024182
0.0241845
0.0241846
0.0241846
0.0241841
0.0241841
0.024184
0.0241873
0.0241873
0.0241873
0.0241878
0.0241877
0.0241877
0.0241868
0.0241868
0.0241867
0.0241867
0.0241868
0.0241868
0.0241862
0.0241862
0.0241862
0.0241866
0.0241866
0.0241866
0.0241862
0.0241863
0.0241863
0.0241857
0.0241857
0.0241856
0.0241861
0.024186
0.024186
0.0241857
0.0241858
0.0241858
0.0241855
0.0241855
0.0241855
0.0241854
0.0241854
0.0241853
0.0241852
0.0241852
0.0241852
0.0240763
0.0240611
0.0234169
0.024184
0.0241839
0.0241839
0.0241869
0.0241869
0.0241869
0.0241866
0.0241867
0.0241867
0.0241866
0.0241866
0.0241866
0.0241854
0.0241854
0.0241854
0.0241854
0.0241854
0.0241854
0.0241849
0.0241849
0.0241849
0.0241841
0.0241841
0.0241841
0.0241842
0.0241842
0.0241842
0.0241842
0.0241842
0.0241842
0.024187
0.024187
0.0241869
0.0241872
0.0241872
0.0241872
0.0241845
0.0241846
0.0241846
0.0241848
0.0241848
0.0241848
0.024185
0.024185
0.024185
0.0241842
0.0241842
0.024184
0.0241845
0.0241843
0.0241843
0.0241871
0.0241872
0.0241872
0.0241869
0.024187
0.024187
0.0241851
0.0241851
0.0241851
0.0241853
0.0241853
0.0241853
0.0241848
0.0241848
0.0241849
0.0241846
0.0241846
0.0241846
0.0241845
0.0241845
0.0241846
0.0241875
0.0241875
0.0241875
0.0241872
0.0241873
0.0241873
0.0241875
0.0241875
0.0241875
0.0241871
0.0241871
0.0241872
0.0241828
0.0241837
0.0241837
0.0241839
0.0241839
0.0241833
0.0241844
0.0241847
0.0241846
0.0241847
0.0241847
0.0241843
0.0241839
0.024184
0.024184
0.0241842
0.0241843
0.0241843
0.0241872
0.0241872
0.0241872
0.0241835
0.024184
0.0241839
0.024187
0.024187
0.024187
0.0241872
0.0241872
0.0241872
0.0241844
0.0241845
0.0241845
0.0241846
0.0241846
0.0241844
0.0241878
0.0241876
0.0241876
0.0241843
0.0241842
0.0241842
0.0241875
0.0241874
0.0241874
0.0241872
0.0241873
0.0241873
0.0241866
0.0241866
0.0241866
0.0241865
0.0241866
0.0241866
0.0241855
0.0241855
0.0241856
0.0241855
0.0241855
0.0241855
0.0241867
0.0241867
0.0241868
0.0241867
0.0241867
0.0241867
0.0241851
0.0241851
0.024185
0.0241842
0.0241842
0.0241841
0.0241872
0.0241872
0.0241872
0.024188
0.024188
0.0241879
0.0241879
0.024188
0.024188
0.024188
0.024188
0.0241879
0.0241883
0.0241882
0.0241882
0.0241879
0.024188
0.024188
0.024188
0.024188
0.0241879
0.0241883
0.0241882
0.0241882
0.0241879
0.024188
0.024188
0.0241873
0.0241874
0.0241874
0.0241875
0.0241874
0.0241873
0.0241877
0.0241876
0.0241876
0.0241876
0.0241876
0.0241876
0.0241875
0.0241876
0.0241876
0.0241876
0.0241876
0.0241876
0.0241878
0.0241877
0.0241877
0.024187
0.0241871
0.0241871
0.0241865
0.0241865
0.0241865
0.024186
0.024186
0.024186
0.0241854
0.0241855
0.0241855
0.0241849
0.024185
0.024185
0.0241834
0.0241834
0.0241833
0.0241837
0.0241836
0.0241836
0.0241836
0.0241836
0.0241836
0.0241838
0.0241837
0.0241837
0.0238589
0.023848
0.0228732
0.0241585
0.0240833
0.0240868
0.0240829
0.0240829
0.0241585
0.0241835
0.0241836
0.0241836
0.0241836
0.0241836
0.0241835
0.0241839
0.0241838
0.0241837
0.0241831
0.024183
0.024183
0.0241822
0.0241825
0.0241828
0.0239046
0.0241696
0.0241663
0.0241771
0.0241732
0.0239053
0.0241812
0.0241813
0.023873
0.024183
0.024183
0.0241828
0.0241832
0.0241831
0.0241831
0.0241867
0.0241867
0.0241867
0.0241862
0.0241862
0.0241863
0.0241862
0.0241862
0.0241862
0.0241866
0.0241866
0.0241867
0.0241866
0.0241866
0.0241866
0.0241857
0.0241858
0.0241858
0.0241857
0.0241857
0.0241857
0.0241861
0.0241861
0.0241862
0.0241861
0.0241861
0.0241861
0.0241856
0.0241856
0.0241857
0.0241856
0.0241856
0.0241856
0.0241839
0.0241839
0.0241839
0.0241841
0.024184
0.024184
0.024184
0.024184
0.0241841
0.0238033
0.0237866
0.0231755
0.0222008
0.023098
0.0230785
0.0241874
0.0241873
0.0241872
0.0241875
0.0241874
0.0241874
0.0241874
0.0241874
0.0241875
0.0241877
0.0241877
0.0241878
0.0241876
0.0241876
0.0241876
0.0241876
0.0241876
0.0241876
0.0241877
0.0241877
0.0241878
0.0241876
0.0241876
0.0241876
0.0241877
0.0241877
0.0241876
0.0241869
0.0241868
0.0241868
0.0241871
0.0241871
0.024187
0.0241869
0.0241869
0.0241869
0.0241869
0.0241869
0.0241869
0.0241869
0.0241869
0.0241869
0.0241864
0.0241863
0.0241863
0.0241865
0.0241865
0.0241864
0.0241863
0.0241863
0.0241864
0.0241858
0.0241858
0.0241858
0.024186
0.024186
0.0241859
0.0241858
0.0241858
0.0241859
0.0241853
0.0241852
0.0241852
0.0241854
0.0241854
0.0241853
0.0241854
0.0241854
0.0241854
0.0241854
0.0241854
0.0241854
0.0241853
0.0241854
0.0241854
0.0241853
0.0241853
0.0241854
0.0241846
0.0241848
0.0241848
0.0241848
0.0241848
0.0241846
0.0241463
0.0241377
0.0236909
0.0241833
0.0241812
0.024182
0.0241823
0.0241715
0.0241736
0.0241662
0.0241691
0.024182
0.0234002
0.0240463
0.0240337
0.0241802
0.0241802
0.0241832
0.0235101
0.0241317
0.02413
0.0241838
0.0241839
0.0241839
0.0241837
0.0241838
0.0241837
0.0241868
0.0241868
0.0241868
0.0241868
0.0241868
0.0241868
0.0241868
0.0241869
0.0241868
0.0241869
0.0241869
0.0241869
0.0241864
0.0241864
0.0241864
0.0241863
0.0241863
0.0241863
0.0241866
0.0241866
0.0241866
0.0241865
0.0241865
0.0241865
0.0241864
0.0241865
0.0241865
0.0241859
0.0241859
0.0241859
0.0241858
0.0241858
0.0241858
0.024186
0.024186
0.024186
0.0241859
0.024186
0.024186
0.0241853
0.0241853
0.0241852
0.0241853
0.0241853
0.0241853
0.0241853
0.0241853
0.0241853
0.0241854
0.0241853
0.0241853
0.0241854
0.0241854
0.0241854
0.0241853
0.0241854
0.0241854
0.0241854
0.0241854
0.0241855
0.0241855
0.0241855
0.0241855
0.0241854
0.0241855
0.0241855
0.0241846
0.0241848
0.0241848
0.0241847
0.0241848
0.0241846
0.0241849
0.0241849
0.0241849
0.024185
0.024185
0.024185
0.024185
0.024185
0.024185
0.024184
0.024184
0.024184
0.024184
0.024184
0.024184
0.0241841
0.0241841
0.024184
0.0241835
0.0241838
0.0241837
0.0241839
0.0241838
0.0241836
0.0241841
0.024184
0.0241841
0.0241837
0.0241839
0.024184
0.0241839
0.0241839
0.0241836
0.024187
0.024187
0.024187
0.0241871
0.0241871
0.0241871
0.0241849
0.0241848
0.0241848
0.0241849
0.0241849
0.0241849
0.0241871
0.0241871
0.0241871
0.024187
0.024187
0.0241869
0.0241871
0.024187
0.024187
0.024187
0.024187
0.024187
0.0241852
0.0241851
0.0241851
0.0241852
0.0241852
0.0241852
0.0241847
0.0241848
0.0241848
0.0241847
0.0241847
0.0241847
0.0241875
0.0241875
0.0241875
0.0241874
0.0241874
0.0241874
0.0241874
0.0241874
0.0241874
0.0241874
0.0241874
0.0241874
0.0241872
0.0241873
0.0241872
0.0241873
0.0241873
0.0241873
0.0241873
0.0241873
0.0241873
0.0241875
0.0241875
0.0241875
0.0241874
0.0241874
0.0241874
0.0241874
0.0241874
0.0241874
0.0241874
0.0241874
0.0241874
0.0241874
0.0241874
0.0241874
0.0241875
0.0241875
0.0241875
0.024187
0.024187
0.024187
0.024187
0.024187
0.024187
0.0241871
0.0241871
0.0241871
0.0241845
0.0241848
0.0241848
0.0241848
0.0241848
0.0241845
0.0241838
0.0241838
0.0241829
0.0241832
0.0241839
0.0241839
0.0241868
0.0241868
0.0241868
0.0241868
0.0241868
0.0241868
0.0241867
0.0241867
0.0241867
0.0241867
0.0241867
0.0241867
0.0241852
0.0241852
0.0241852
0.0241854
0.0241854
0.0241854
0.0241854
0.0241854
0.0241854
0.0241847
0.0241847
0.0241844
0.0241843
0.0241847
0.0241847
0.024181
0.0241828
0.0241828
0.0241828
0.0241828
0.0241809
0.0241813
0.0241829
0.0241828
0.0241829
0.0241829
0.0241812
0.0241772
0.0241808
0.0241805
0.024181
0.0241809
0.0241776
0.0241791
0.0241836
0.0241838
0.0241813
0.0241801
0.0241737
0.0241772
0.0241807
0.0241807
0.0241873
0.0241873
0.0241873
0.0241873
0.0241873
0.0241873
0.0241872
0.0241872
0.0241872
0.0241873
0.0241872
0.0241872
0.0241873
0.0241873
0.0241873
0.0241873
0.0241873
0.0241873
0.0241873
0.0241873
0.0241873
0.0241837
0.0241837
0.0241834
0.0241871
0.0241871
0.0241871
0.0241871
0.0241871
0.0241871
0.0241846
0.0241846
0.0241844
0.0241844
0.0241846
0.0241846
0.0241897
0.0241897
0.02419
0.0241897
0.0241897
0.02419
0.0241897
0.0241897
0.02419
0.0241897
0.0241897
0.02419
0.0241891
0.0241891
0.0241894
0.0241891
0.0241891
0.0241894
0.0241885
0.0241885
0.0241888
0.0241885
0.0241885
0.0241888
0.0241882
0.0241882
0.0241883
0.0241876
0.0241876
0.0241878
0.024187
0.0241871
0.0241872
0.0241865
0.0241865
0.0241866
0.024186
0.024186
0.0241861
0.0241854
0.0241854
0.0241855
0.0241849
0.0241849
0.024185
0.0241845
0.0241845
0.0241845
0.0241843
0.0241843
0.0241844
0.0241837
0.0241837
0.0241838
0.024183
0.024183
0.0241831
0.0241821
0.0241821
0.0241824
0.0241822
0.0241822
0.0241825
0.0241815
0.0241815
0.0241818
0.0241817
0.0241817
0.024182
0.0241809
0.0241808
0.0241811
0.024175
0.0240331
0.0240333
0.0240468
0.024181
0.0241813
0.0241811
0.0241811
0.0241814
0.0241839
0.0241839
0.024184
0.0241872
0.0241871
0.0241871
0.0241851
0.0241851
0.0241851
0.0241846
0.0241847
0.0241847
0.0236871
0.0241298
0.0241236
0.0241345
0.0241332
0.0235303
0.0241838
0.0241839
0.0241839
0.024184
0.024184
0.024184
0.0241846
0.0241845
0.0241845
0.024185
0.0241849
0.0241849
0.0241843
0.0241843
0.0241843
0.0241845
0.0241845
0.0241845
0.0241847
0.0241847
0.0241847
0.0241873
0.0241874
0.0241874
0.0241885
0.0241886
0.0241886
0.0241886
0.0241886
0.0241885
0.0241885
0.0241886
0.0241886
0.0241886
0.0241886
0.0241885
0.0241879
0.024188
0.024188
0.0241883
0.0241882
0.0241882
0.024188
0.024188
0.0241879
0.0241879
0.024188
0.024188
0.0241881
0.024188
0.0241879
0.0241875
0.0241875
0.0241873
0.0241874
0.0241874
0.0241873
0.0241876
0.0241876
0.0241876
0.0241878
0.0241877
0.0241877
0.0241873
0.0241875
0.0241875
0.0241869
0.0241869
0.0241867
0.0241872
0.024187
0.024187
0.0241868
0.0241869
0.0241869
0.0241863
0.0241863
0.0241862
0.0241866
0.0241865
0.0241865
0.0241865
0.0241865
0.0241865
0.0241867
0.0241866
0.0241866
0.0241862
0.0241864
0.0241864
0.0241858
0.0241858
0.0241856
0.024186
0.0241859
0.0241859
0.024186
0.024186
0.024186
0.0241861
0.0241861
0.0241861
0.0241857
0.0241858
0.0241858
0.0241852
0.0241852
0.024185
0.0241855
0.0241853
0.0241853
0.0241855
0.0241855
0.0241854
0.0241856
0.0241856
0.0241856
0.0241851
0.0241853
0.0241853
0.0241849
0.0241848
0.0241848
0.0241846
0.0241847
0.0241847
0.0241843
0.0241844
0.0241844
0.0241833
0.0241834
0.0241834
0.0241836
0.0241836
0.0241836
0.0241828
0.0241829
0.0241827
0.0241829
0.024183
0.024183
0.0241868
0.0241868
0.0241868
0.0241852
0.0241852
0.0241853
0.0241873
0.0241873
0.0241872
0.0241868
0.0241868
0.0241867
0.0241869
0.0241869
0.0241869
0.0241863
0.0241863
0.0241862
0.0241864
0.0241863
0.0241863
0.0241858
0.0241858
0.0241857
0.0241859
0.0241858
0.0241858
0.0241852
0.0241852
0.0241852
0.0241854
0.0241853
0.0241853
0.0241848
0.0241848
0.0241848
0.0241835
0.0241834
0.0241834
0.0241793
0.0241804
0.0241832
0.0241831
0.0241802
0.0241802
0.0241835
0.0241836
0.0241836
0.0241838
0.0241838
0.0241837
0.0241869
0.0241869
0.0241869
0.0241853
0.0241853
0.0241853
0.0241839
0.0241839
0.024184
0.024187
0.024187
0.0241871
0.0241869
0.024187
0.024187
0.0241847
0.0241846
0.0241846
0.0241848
0.0241848
0.0241848
0.0241871
0.0241871
0.0241871
0.0241872
0.0241872
0.0241872
0.0241851
0.0241851
0.0241852
0.0241853
0.0241853
0.0241853
0.0241852
0.0241852
0.0241852
0.0241848
0.0241848
0.0241847
0.0241849
0.0241848
0.0241848
0.0241847
0.0241847
0.0241847
0.0241845
0.0241845
0.0241845
0.0241844
0.0241844
0.0241844
0.0241874
0.0241874
0.0241874
0.0241875
0.0241875
0.0241875
0.0241846
0.0241845
0.0241845
0.0241847
0.0241847
0.0241846
0.0241874
0.0241874
0.0241875
0.0241873
0.0241873
0.0241874
0.0241879
0.024188
0.024188
0.024188
0.024188
0.0241879
0.0241875
0.0241874
0.0241874
0.0241874
0.0241873
0.0241873
0.0241897
0.0241897
0.02419
0.0241897
0.0241897
0.02419
0.0241891
0.0241891
0.0241894
0.0241885
0.0241885
0.0241888
0.0241879
0.0241879
0.0241882
0.0241882
0.0241882
0.0241883
0.0241879
0.0241879
0.0241882
0.0241873
0.0241873
0.0241876
0.0241877
0.0241877
0.0241878
0.0241873
0.0241873
0.0241876
0.0241867
0.0241867
0.024187
0.0241868
0.0241868
0.0241871
0.0241862
0.0241862
0.0241865
0.0241862
0.0241862
0.0241865
0.0241856
0.0241856
0.0241859
0.0241856
0.0241856
0.0241859
0.024185
0.024185
0.0241853
0.0241851
0.0241851
0.0241853
0.0241844
0.0241844
0.0241847
0.0241845
0.0241845
0.0241848
0.0241839
0.0241839
0.0241842
0.0241839
0.0241839
0.0241842
0.0241837
0.0241837
0.0241838
0.0241834
0.0241833
0.0241836
0.0241824
0.0241815
0.0241818
0.0238909
0.024181
0.0241811
0.0241816
0.0241816
0.0241819
0.0241878
0.0241877
0.0241877
0.024184
0.0241841
0.0241841
0.0241844
0.0241843
0.0241843
0.0241886
0.0241886
0.0241885
0.0241885
0.0241886
0.0241886
0.024188
0.024188
0.0241879
0.0241883
0.0241882
0.0241882
0.0241879
0.0241881
0.0241881
0.0241878
0.0241876
0.0241876
0.0241876
0.0241877
0.0241877
0.0241871
0.0241871
0.024187
0.0241872
0.0241872
0.0241872
0.0241846
0.0241846
0.0241845
0.024185
0.024185
0.0241849
0.0241851
0.024185
0.024185
0.024184
0.024184
0.0241839
0.0241843
0.0241842
0.0241842
0.024184
0.0241841
0.0241842
0.0241833
0.0241832
0.0241831
0.0241634
0.0241614
0.0239034
0.0241827
0.0241825
0.0241825
0.0241842
0.0241842
0.0241842
0.0241843
0.0241842
0.0241842
0.0241877
0.0241877
0.0241876
0.0241835
0.024104
0.022368
0.0241829
0.0240941
0.0223412
0.0241783
0.0240348
0.0219827
0.0241782
0.0240342
0.0219573
0.0241225
0.0236837
0.0204942
0.0241869
0.0241856
0.0238085
0.0241868
0.0241787
0.0235616
0.0241867
0.0241773
0.0235306
0.024124
0.0236908
0.020527
0.0237878
0.0227877
0.0182959
0.0241869
0.0241836
0.0237817
0.0241843
0.0241173
0.0225177
0.0241843
0.0241177
0.0225444
0.024182
0.0240788
0.0221717
0.024182
0.0240792
0.022161
0.0241732
0.0239879
0.0217573
0.0241743
0.0239981
0.0217845
0.0240092
0.0232326
0.0191235
0.0240162
0.0232585
0.0192258
0.0230814
0.0219348
0.0182751
0.0241871
0.0241868
0.0240245
0.0241861
0.0241573
0.0231538
0.0241863
0.0241624
0.0232261
0.0241861
0.0241566
0.0231276
0.0241836
0.0241044
0.0224294
0.0241828
0.024091
0.0222739
0.0241804
0.0240579
0.0220633
0.0241754
0.0240082
0.0218877
0.0241427
0.023792
0.0210235
0.024187
0.0241864
0.0239008
0.0241153
0.0236509
0.0204022
0.0240233
0.0232866
0.0193718
0.0240185
0.0232674
0.0192623
0.0239373
0.0230741
0.0193338
0.0241825
0.0240872
0.0221942
0.0241828
0.0240934
0.0222815
0.0241835
0.0241037
0.0223828
0.0241834
0.0241029
0.0223112
0.0241842
0.024117
0.0225196
0.0241835
0.0241051
0.022413
0.0241841
0.0241169
0.0224981
0.0241825
0.0240872
0.0221734
0.0241816
0.0240731
0.0220934
0.0241806
0.0240603
0.0219896
0.0241815
0.0240725
0.0220647
0.0241778
0.0240276
0.021773
0.0241785
0.0240352
0.0218535
0.0241802
0.0240554
0.0219599
0.0241795
0.0240466
0.0218831
0.0241767
0.0240171
0.0217452
0.0241466
0.023807
0.0209141
0.0241298
0.023719
0.0206221
0.0240235
0.0232879
0.0194074
0.0241863
0.0241626
0.0232514
0.0241864
0.0241654
0.0233379
0.0241864
0.0241656
0.0233642
0.0241838
0.0241078
0.0224565
0.0241849
0.0241288
0.0226177
0.0241827
0.0240901
0.022247
0.0241804
0.0240579
0.0220806
0.0241709
0.0239691
0.0216843
0.0241748
0.0240024
0.0218605
0.0241246
0.0237043
0.0207588
0.0241345
0.0237509
0.020874
0.024127
0.0237152
0.020787
0.0241402
0.0237788
0.020995
0.0241349
0.0237522
0.020901
0.0240864
0.0235444
0.0202873
0.0240597
0.0234454
0.0200336
0.0240554
0.0234301
0.020002
0.0239255
0.023042
0.0193005
0.0238808
0.0229248
0.0191966
0.0241853
0.0241375
0.0227458
0.0241853
0.0241376
0.0227643
0.0241836
0.0241038
0.0223821
0.0241853
0.0241371
0.0227204
0.024185
0.0241311
0.0226932
0.0241828
0.0240913
0.0223142
0.0241787
0.0240396
0.0220097
0.0241685
0.0239509
0.0215737
0.0241685
0.0239511
0.0215935
0.0241782
0.0240343
0.0219415
0.0241668
0.0239383
0.0215463
0.0241651
0.0239263
0.0215187
0.0241032
0.0235972
0.0202576
0.0241059
0.0236089
0.0202912
0.0241214
0.0236798
0.0204616
0.0241004
0.0235855
0.020224
0.0240977
0.0235738
0.0201902
0.024187
0.0241858
0.0238319
0.0240396
0.0233776
0.019866
0.0240337
0.0233573
0.019834
0.0241868
0.0241808
0.0235913
0.0241869
0.0241846
0.0237467
0.0241867
0.0241772
0.0235043
0.0241258
0.0236996
0.0205597
0.0238863
0.0229115
0.0183276
0.0241869
0.0241835
0.0237459
0.0241857
0.0241468
0.0228918
0.0241843
0.0241171
0.0224966
0.0241845
0.0241204
0.0225718
0.024182
0.0240791
0.0221934
0.0241809
0.0240652
0.0221343
0.0241728
0.0239853
0.0217303
0.0241746
0.0240002
0.0218114
0.0241607
0.0238967
0.021394
0.024043
0.0233883
0.0198962
0.0240481
0.0234049
0.0199433
0.0241871
0.0241869
0.0240397
0.0241871
0.0241868
0.024015
0.0240113
0.02324
0.0191546
0.0240137
0.0232492
0.0191895
0.0241862
0.0241621
0.0231817
0.0241863
0.0241623
0.0232047
0.024186
0.0241563
0.0230937
0.0241853
0.0241386
0.0228163
0.0241853
0.0241378
0.0227885
0.0241836
0.024104
0.0224026
0.0241849
0.0241289
0.0226342
0.0241849
0.0241293
0.0226678
0.0241828
0.0240909
0.0222899
0.0241797
0.0240501
0.0220365
0.0241693
0.0239575
0.0216463
0.0241687
0.0239524
0.0216209
0.0241764
0.0240171
0.0219147
0.0241631
0.0239127
0.0214631
0.0241639
0.023918
0.0214909
0.0241462
0.0238112
0.0210734
0.0241461
0.0238108
0.021052
0.0241111
0.023632
0.0203552
0.0241086
0.0236207
0.0203243
0.024118
0.0236631
0.0204304
0.0240921
0.0235506
0.0201241
0.0240948
0.023562
0.0201565
0.0240895
0.0235402
0.020095
0.0240222
0.023282
0.0193353
0.0240205
0.0232755
0.0192988
0.024187
0.0241859
0.0238703
0.0240164
0.0233008
0.0197255
0.0240241
0.0233254
0.0197739
0.0240286
0.0233404
0.0198026
0.0241868
0.0241812
0.0236584
0.0241868
0.0241809
0.0236145
0.0241868
0.0241814
0.0236879
0.0241869
0.0241816
0.0237166
0.0241867
0.0241769
0.0234664
0.0241858
0.0241517
0.0229707
0.0241825
0.0240877
0.0222215
0.0241826
0.0240894
0.0222515
0.0241834
0.0241033
0.0223554
0.0241834
0.0241031
0.0223338
0.0241837
0.0241085
0.0224432
0.0241841
0.0241165
0.0224732
0.0241825
0.024087
0.0221527
0.0241818
0.0240768
0.0221232
0.0241815
0.024072
0.022019
0.0241815
0.0240724
0.0220441
0.0241778
0.0240279
0.0217939
0.0241779
0.0240292
0.0218237
0.0241802
0.0240548
0.0219312
0.0241802
0.0240547
0.0219124
0.0241756
0.024006
0.0217203
0.0241278
0.0237091
0.020592
0.0240237
0.0232887
0.0194364
0.0241864
0.0241653
0.0233176
0.0241863
0.0241639
0.0232762
0.0241864
0.0241673
0.0233917
0.0241855
0.0241422
0.022844
0.0241857
0.0241466
0.0228712
0.0241843
0.0241173
0.0224834
0.0241849
0.0241286
0.0225988
0.0241822
0.0240815
0.0222203
0.0241804
0.0240589
0.0221075
0.0241727
0.0239846
0.0217072
0.0241746
0.0240004
0.0218332
0.0241629
0.0239118
0.0214354
0.0241629
0.0239117
0.0214174
0.024158
0.02388
0.0213548
0.0241227
0.0236957
0.0207333
0.0241335
0.0237473
0.0208452
0.0241298
0.0237284
0.0208161
0.0241366
0.0237604
0.0209425
0.0241381
0.0237684
0.0209674
0.0240642
0.0234617
0.0200651
0.0240515
0.0234165
0.0199713
0.0239121
0.0230076
0.0192647
0.0238971
0.0229689
0.0192294
0.0241871
0.024187
0.0240788
0.0241871
0.024187
0.0241063
0.0241871
0.024187
0.0241024
0.0239107
0.0229243
0.0185552
0.0239108
0.0229238
0.0185199
0.0241864
0.0241654
0.0232972
0.024186
0.0241578
0.0230912
0.0241864
0.0241663
0.023326
0.0241859
0.0241534
0.0230605
0.0241619
0.023899
0.0212606
0.0241533
0.0238452
0.0210459
0.0241408
0.0237746
0.0207894
0.0241529
0.0238433
0.0210148
0.0241402
0.0237723
0.0207575
0.0234971
0.0224647
0.0188453
0.0241868
0.0241798
0.023584
0.0241867
0.024176
0.023557
0.0240769
0.0235076
0.0201668
0.0240987
0.0235932
0.0204179
0.0240977
0.0235899
0.0203875
0.024076
0.0235057
0.0201398
0.0240689
0.0234795
0.0200944
0.024187
0.0241866
0.0239448
0.024187
0.0241867
0.0239711
0.0216485
0.0204759
0.0185881
0.023976
0.0231793
0.0194846
0.024047
0.0233755
0.0196949
0.0240466
0.0233742
0.0196601
0.0240393
0.0233472
0.0195527
0.0239162
0.0229402
0.0186145
0.0239091
0.0229158
0.0184075
0.0241859
0.0241541
0.0230511
0.0241466
0.0238131
0.0211
0.0241482
0.023822
0.0211405
0.0241547
0.02386
0.0212198
0.0238375
0.0228235
0.0188701
0.024187
0.0241849
0.0238167
0.0240786
0.0234966
0.0199803
0.024187
0.0241865
0.0239348
0.024187
0.0241864
0.0238965
0.0240026
0.0232577
0.0196292
0.0239675
0.0231546
0.0194502
0.0239989
0.0232468
0.0195998
0.0239936
0.0232335
0.0195502
0.0241869
0.0241847
0.023772
0.0241861
0.0241586
0.0231754
0.0241861
0.0241601
0.0232062
0.0241866
0.0241725
0.0234397
0.0241866
0.0241715
0.0234098
0.0241588
0.0238794
0.0211707
0.0241569
0.0238679
0.0211397
0.0241449
0.0237972
0.0208848
0.0241332
0.0237358
0.0206679
0.0240631
0.0234367
0.0198129
0.024075
0.0234819
0.0199457
0.0240662
0.0234483
0.0198429
0.0240358
0.0233348
0.0195184
0.0239244
0.0229661
0.0186541
0.023909
0.0229178
0.0183971
0.0241868
0.0241802
0.0236697
0.0241868
0.0241803
0.023692
0.0241857
0.0241485
0.0229511
0.0241858
0.0241498
0.0230233
0.0241857
0.0241481
0.0229155
0.0241567
0.0238718
0.0213288
0.0241549
0.0238608
0.0212468
0.0240836
0.0235334
0.0202586
0.023823
0.0227905
0.0188317
0.0239995
0.0231989
0.0190379
0.0239101
0.0229223
0.0185804
0.0239102
0.022921
0.0184804
0.0238506
0.0228478
0.0190341
0.0238507
0.0228487
0.0190667
0.0238496
0.0228463
0.0189968
0.0238471
0.0228407
0.018963
0.0241863
0.0241652
0.0232588
0.0239647
0.0230871
0.0188161
0.023973
0.0231126
0.018852
0.0241861
0.0241581
0.0231209
0.0241865
0.0241711
0.0233567
0.0241858
0.0241522
0.0230299
0.0241854
0.0241428
0.0228553
0.0241855
0.0241432
0.0228858
0.0241848
0.0241291
0.0226423
0.0241848
0.0241292
0.0226643
0.0241854
0.0241426
0.0228291
0.0241854
0.0241425
0.0228089
0.0241844
0.0241212
0.0226124
0.0241842
0.0241182
0.0225845
0.0241628
0.0239058
0.0213037
0.0241639
0.023913
0.0213297
0.0241699
0.0239568
0.0215061
0.0241696
0.0239541
0.0214757
0.0241706
0.023963
0.0215365
0.0241717
0.0239717
0.0215667
0.0241617
0.023898
0.0212321
0.0241542
0.0238507
0.0210773
0.0241418
0.0237804
0.0208214
0.0241523
0.0238411
0.0209852
0.0241385
0.0237639
0.0207258
0.0239348
0.0229949
0.0187295
0.0239551
0.0230576
0.0187837
0.0241868
0.0241798
0.0236034
0.0241868
0.02418
0.0236268
0.0241867
0.0241758
0.0235191
0.0241196
0.0236818
0.0206632
0.0241204
0.0236853
0.0206908
0.0240786
0.0235139
0.0201967
0.024119
0.0236809
0.0206343
0.0241146
0.0236601
0.0206047
0.0241004
0.0235999
0.0204481
0.0240953
0.0235808
0.0203584
0.0238105
0.0227867
0.0188995
0.0240043
0.0232159
0.0190719
0.0239895
0.023165
0.0189641
0.0239946
0.0231821
0.0190013
0.0241871
0.0241869
0.0240608
0.0241871
0.0241868
0.0239997
0.024187
0.0241866
0.0239606
0.0239848
0.0232054
0.0195186
0.0240524
0.023397
0.0197302
0.0240569
0.0234141
0.019763
0.0240447
0.0233674
0.0196242
0.0240423
0.0233583
0.0195884
0.0239081
0.0229138
0.0185745
0.0239092
0.0229171
0.0184409
0.024186
0.0241563
0.0230775
0.0241497
0.0238305
0.0211649
0.0241517
0.0238418
0.0211919
0.0238729
0.0229077
0.0191407
0.0238639
0.0228852
0.0191051
0.0238406
0.0228264
0.0189065
0.024187
0.024185
0.0238445
0.024187
0.0241863
0.0238745
0.024082
0.0235101
0.0200145
0.0240849
0.0235218
0.0200464
0.0239842
0.0231474
0.0189268
0.0239787
0.0231297
0.0188894
0.0240071
0.0232716
0.0196615
0.0240118
0.0232866
0.0196945
0.0239521
0.0231121
0.0193859
0.0239594
0.023132
0.0194167
0.0241861
0.0241583
0.023146
0.0241863
0.024165
0.0232356
0.0241865
0.0241713
0.0233819
0.0241858
0.0241519
0.0230031
0.0241858
0.0241513
0.0229452
0.0241855
0.0241456
0.0229162
0.0241848
0.0241298
0.0227176
0.0241848
0.0241294
0.0226887
0.0241849
0.0241314
0.0227481
0.024185
0.0241347
0.0227786
0.0241842
0.0241174
0.022543
0.024167
0.023935
0.0213891
0.0241652
0.0239224
0.0213588
0.0241688
0.0239491
0.0214193
0.0241695
0.0239535
0.0214495
0.0241743
0.0239943
0.0216514
0.0241746
0.0239969
0.021679
0.0241743
0.0239938
0.0216268
0.0241732
0.0239846
0.0215968
0.0241612
0.0238962
0.0212015
0.0241554
0.0238584
0.0211085
0.0241432
0.0237883
0.0208533
0.0241497
0.0238248
0.0209586
0.0241355
0.0237476
0.0206954
0.0240724
0.023472
0.0199109
0.0240693
0.0234603
0.0198762
0.0240321
0.0233212
0.0194876
0.0239278
0.022974
0.0186933
0.0239041
0.0229138
0.0183647
0.0241869
0.0241804
0.0237197
0.0241866
0.0241721
0.0234734
0.0241867
0.0241757
0.0235006
0.0241866
0.0241719
0.0234476
0.0241865
0.0241718
0.0234164
0.0241857
0.0241486
0.0229702
0.0241858
0.0241488
0.0229952
0.0241556
0.0238653
0.0213009
0.024155
0.0238615
0.0212726
0.0240809
0.023523
0.0202278
0.0241083
0.023633
0.0205462
0.0241112
0.0236453
0.020575
0.0241023
0.0236078
0.0204764
0.0241058
0.0236226
0.0205201
0.0240915
0.0235649
0.0203319
0.0238148
0.0227878
0.0187936
0.0241871
0.024187
0.0240908
)
;

boundaryField
{
    topAndBottom
    {
        type            zeroGradient;
    }
    inlet
    {
        type            fixedValue;
        value           uniform 0;
    }
    outlet
    {
        type            zeroGradient;
    }
    wing
    {
        type            calculated;
        value           uniform -0.00924328;
    }
    front
    {
        type            empty;
    }
    back
    {
        type            empty;
    }
}


// ************************************************************************* //
