/*--------------------------------*- C++ -*----------------------------------*\
| =========                 |                                                 |
| \\      /  F ield         | OpenFOAM: The Open Source CFD Toolbox           |
|  \\    /   O peration     | Version:  5.x                                   |
|   \\  /    A nd           | Web:      www.OpenFOAM.org                      |
|    \\/     M anipulation  |                                                 |
\*---------------------------------------------------------------------------*/
FoamFile
{
    version     2.0;
    format      ascii;
    class       volScalarField;
    location    "600";
    object      p;
}
// * * * * * * * * * * * * * * * * * * * * * * * * * * * * * * * * * * * * * //

dimensions      [0 2 -2 0 0 0 0];

internalField   nonuniform List<scalar> 
6584
(
32.305
31.1268
30.0829
29.4306
29.1145
29.2424
29.7881
30.7725
31.8569
32.8053
32.6395
30.3197
25.0805
17.1252
7.57521
-2.22025
-11.2087
-19.0992
-25.7449
-31.2886
-35.8743
-39.7427
-42.8938
-45.7694
32.0784
30.961
29.8696
29.2031
28.8503
28.9774
29.5556
30.7017
32.0412
33.4205
33.7047
31.6958
26.3592
17.9123
7.79112
-2.6098
-11.8664
-19.8499
-26.4464
-31.8968
-36.3663
-40.1641
-43.2084
-46.1499
31.5889
30.4788
29.2954
28.5575
28.1076
28.2076
28.8707
30.4722
32.4042
34.6156
37.2505
37.2169
32.6539
23.2923
11.3186
-3.97562
-13.8798
-22.0257
-28.4393
-33.5769
-37.7212
-41.2706
-44.0829
-46.9635
30.9485
29.774
28.4514
27.5626
26.9253
26.8798
27.5758
29.622
33.0717
36.9638
42.7306
45.9822
41.9198
29.127
12.8493
-2.01141
-17.3137
-25.6154
-31.5774
-36.12
-39.7283
-42.847
-45.3251
-47.9988
30.2118
28.9035
27.3878
26.2365
25.2715
24.8299
25.257
27.3306
30.9525
38.596
49.2415
59.501
57.127
36.8268
12.1644
-6.85785
-19.5203
-31.146
-36.104
-39.4929
-42.2912
-44.7652
-46.8088
-49.139
29.4279
27.9194
26.1569
24.6099
23.1275
21.8165
21.4371
22.4015
26.9708
35.6253
52.2667
82.0791
92.544
53.7954
6.06701
-17.6547
-29.5178
-38.4468
-41.7627
-43.5314
-45.259
-46.8862
-48.4085
-50.2708
28.6662
26.9071
24.8677
22.8254
20.6906
18.2083
16.4603
16.1344
16.7784
22.5728
44.1982
101.631
183.448
57.4428
-9.75212
-38.4812
-44.0441
-47.7996
-48.298
-47.9562
-48.3705
-48.9955
-49.9478
-51.2503
28.0034
25.9762
23.6726
21.1128
18.2739
14.5008
10.7625
8.24846
2.37034
-3.43708
-0.532545
30.4199
-27.827
-67.7101
-70.7845
-63.0196
-58.0592
-54.9333
-52.2344
-51.2313
-50.8145
-51.2153
-51.9237
27.5076
25.2394
22.7383
19.7533
16.3257
11.4978
5.85134
0.60419
-12.1478
-33.4125
-65.072
-145.61
-254.681
-148.453
-105.675
-81.7157
-66.9597
-60.3
-55.5745
-53.3414
-52.0322
-51.9938
-52.1532
27.2229
24.7865
22.2061
19.0071
15.3091
10.088
3.48227
-3.56388
-19.4358
-47.7095
-95.1652
-204.284
-362.5
-197.493
-125.764
-92.8846
-71.7729
-62.9321
-57.1723
-54.2271
-52.3744
-52.1009
-51.84
27.1571
24.6555
22.1355
18.9912
15.4372
10.6449
4.45518
-2.58655
-16.1087
-38.84
-76.4258
-150.721
-320.892
-188.835
-121.873
-92.0855
-70.8627
-62.0281
-56.5787
-53.6253
-51.6938
-51.4403
-50.9487
27.277
24.8168
22.4755
19.6194
16.5553
12.803
8.12802
2.70722
-4.86044
-14.7964
-28.6926
-43.9237
-194.62
-136.903
-98.3977
-80.4804
-64.6674
-57.868
-53.8873
-51.5947
-50.0257
-50.0335
-49.5201
27.5181
25.1827
23.0844
20.6432
18.229
15.703
12.9123
9.81512
8.30294
10.2875
17.3165
46.237
-59.0247
-73.4546
-67.5774
-63.3034
-55.2952
-51.631
-49.6773
-48.4767
-47.5852
-48.0104
-47.6596
27.8039
25.6393
23.7858
21.7675
19.9697
18.4957
17.2996
18.02
18.1192
26.9582
41.0153
83.0629
177.726
23.2332
-25.5922
-40.8057
-46.2394
-45.2397
-44.7228
-44.735
-44.7568
-44.6541
-45.568
-45.5074
28.0644
26.0789
24.4248
22.749
21.3985
20.5704
20.2734
21.5439
23.5276
31.68
44.0495
64.8833
70.201
31.9252
-5.50897
-23.3337
-32.1012
-36.1233
-38.2104
-39.7555
-40.8844
-41.5213
-42.9125
-43.2091
28.2485
26.4235
24.9024
23.4578
22.3587
21.8245
21.8111
23.2773
25.1585
30.4815
38.2496
43.7974
39.5642
20.8771
1.68946
-13.7829
-24.5068
-29.2612
-32.735
-35.2212
-37.1932
-38.4462
-40.2332
-40.9019
28.3274
26.6307
25.1769
23.8611
22.8473
22.3718
22.2386
23.4674
24.8384
26.9426
29.9045
30.1936
27.4734
16.3046
2.60926
-8.92228
-18.6076
-24.1035
-28.2636
-31.3102
-33.8558
-35.5639
-37.6568
-38.6687
28.2916
26.6873
25.2465
23.979
22.9301
22.3491
21.9084
22.3845
23.0732
23.7144
23.8336
23.5216
17.5891
11.3691
-0.333411
-7.92539
-14.6407
-20.4098
-24.7242
-28.0642
-30.9436
-32.9666
-35.2633
-36.573
28.1453
26.6007
25.1345
23.8612
22.7089
21.9471
21.1614
20.9976
20.5421
20.7137
17.3405
17.9648
13.0862
4.5798
0.0171295
-7.23434
-12.7802
-17.9579
-22.0571
-25.4566
-28.4736
-30.6941
-33.1051
-34.6585
27.9018
26.3902
24.8765
23.5683
22.2866
21.3411
20.2287
19.663
18.4006
18.1755
15.1458
14.3703
10.2664
3.73028
-0.458978
-6.81711
-11.4769
-16.1955
-20.0265
-23.3722
-26.4038
-28.7375
-31.1959
-32.941
27.578
26.08
24.5089
23.1539
21.7385
20.634
19.2382
18.3917
16.6464
15.949
12.9242
11.2716
7.68179
2.62015
-1.11265
-6.55344
-10.5461
-14.892
-18.4505
-21.6983
-24.6756
-27.068
-29.5274
-31.419
27.1916
25.6942
24.0635
22.6601
21.1186
19.8837
18.2575
17.1923
15.1458
14.0933
11.085
9.16131
5.89344
1.60599
-1.69446
-6.42711
-9.93096
-13.932
-17.2236
-20.3526
-23.236
-25.6516
-28.0813
-30.0818
26.7596
25.2547
23.5676
22.1197
20.4664
19.1285
17.3258
16.0963
13.8718
12.5886
9.66722
7.61882
4.59544
0.830766
-2.17349
-6.37359
-9.51512
-13.2117
-16.2619
-19.2669
-22.0369
-24.4528
-26.8343
-28.9133
26.2971
24.7805
23.0429
21.5568
19.8095
18.3927
16.4608
15.111
12.7901
11.3477
8.52459
6.41223
3.58229
0.20865
-2.57548
-6.35622
-9.22283
-12.6579
-15.4987
-18.3842
-21.0357
-23.4381
-25.7616
-27.8948
25.8167
24.2869
22.5059
20.9889
19.1652
17.6895
15.6666
14.2288
11.8635
10.3103
7.5875
5.45673
2.77757
-0.301
-2.91303
-6.35814
-9.01266
-12.2237
-14.8854
-17.6601
-20.1957
-22.5763
-24.838
-27.0069
25.3289
23.786
21.9691
20.4279
18.5444
17.0257
14.9419
13.4401
11.0641
9.4359
6.80681
4.68497
2.12959
-0.716973
-3.19461
-6.36965
-8.85852
-11.8778
-14.3875
-17.0604
-19.4868
-21.8405
-24.0407
-26.2307
24.8421
23.2871
21.4414
19.8818
17.953
16.4035
14.282
12.7345
10.3696
8.69329
6.14945
4.05324
1.60814
-1.0608
-3.43133
-6.38721
-8.74399
-11.598
-13.9783
-16.5588
-18.8848
-21.2091
-23.3501
-25.5491
24.3627
22.7969
20.9287
19.3553
17.3936
15.8226
13.6809
12.1017
9.76018
8.05579
5.59208
3.53059
1.1763
-1.35506
-3.62922
-6.40343
-8.6521
-11.3639
-13.6342
-16.1319
-18.3672
-20.6605
-22.7465
-24.945
23.8959
22.3203
20.4349
18.8512
16.8669
15.2808
13.1324
11.532
9.22041
7.50127
5.1117
3.08683
0.811338
-1.60319
-3.79508
-6.41797
-8.57624
-11.1646
-13.3402
-15.7625
-17.9164
-20.1776
-22.2127
-24.4037
23.4454
21.8606
19.9625
18.3704
16.3718
14.7751
12.6293
11.015
8.73858
7.0136
4.69226
2.70441
0.498518
-1.81493
-3.93565
-6.43012
-8.51127
-10.9912
-13.0846
-15.4373
-17.5179
-19.7455
-21.7339
-23.9112
23.0139
21.4195
19.5123
17.9124
15.9061
14.3018
12.1646
10.5412
8.30343
6.57874
4.3208
2.36969
0.226477
-1.99836
-4.05601
-6.43915
-8.45325
-10.8362
-12.8575
-15.1451
-17.1598
-19.3519
-21.2976
-23.4552
22.6041
20.9982
19.0852
17.4761
15.4681
13.856
11.734
10.1041
7.90687
6.18558
3.98723
2.07162
-0.0142999
-2.15991
-4.16059
-6.44488
-8.39976
-10.6945
-12.6521
-14.8771
-16.8326
-18.9865
-20.8932
-23.025
22.2165
20.5946
18.6793
17.057
15.0529
13.4297
11.3312
9.69371
7.54048
5.82289
3.68266
1.80028
-0.231527
-2.30445
-4.25309
-6.44682
-8.3494
-10.5605
-12.4623
-14.6244
-16.5272
-18.6382
-20.5094
-22.6077
21.8588
20.2144
18.3011
16.6591
14.6656
13.0264
10.9593
9.30972
7.20505
5.48725
3.40323
1.54832
-0.430197
-2.43463
-4.33609
-6.44481
-8.30279
-10.4329
-12.2877
-14.3853
-16.2433
-18.3058
-20.1465
-22.2027
21.5078
19.8223
17.9211
16.2405
14.2763
12.6015
10.5878
8.90823
6.87321
5.14357
3.13179
1.30086
-0.62232
-2.55916
-4.41887
-6.43515
-8.25858
-10.295
-12.1144
-14.1319
-15.9553
-17.9514
-19.7686
-21.7622
21.2683
19.5434
17.6595
15.9405
14.0101
12.2974
10.3365
8.62237
6.64811
4.89247
2.91534
1.06734
-0.786466
-2.65078
-4.4795
-6.42336
-8.22963
-10.1909
-11.9935
-13.9451
-15.7519
-17.6914
-19.4982
-21.436
-130.088
-249.814
-18.2277
-203.186
-388.08
-276.451
-162.292
-359.075
-394.338
-57.2988
-221.974
-344.745
37.2931
-70.5931
-202.927
83.3389
199.771
193.696
31.5589
-53.4284
52.0466
184.167
12.0899
79.6002
-50.6654
-113.871
23.6797
-190.734
84.8785
-231.124
-144.184
-67.2401
-92.4132
-183.21
-128.056
-180.915
-262.621
-218.269
-482.083
-391.908
-356.97
-217.164
-167.477
-85.1086
-149.411
-184.19
-196.575
-275.246
-289.579
-531.983
-540.17
-332.849
-220.941
-224.895
-41.5733
-55.2897
-139.006
-112.264
-135.933
-202.584
-355.027
-453.154
-212.064
-165.44
-211.147
-151.021
-243.94
-74.5948
-89.0565
-146.692
47.9327
-34.521
72.012
72.6472
181.007
68.7672
47.3543
35.3198
-209.675
-115.859
-70.1992
-128.168
-225.889
95.8837
-109.14
-384.323
-215.184
-157.902
-205.683
-374.543
-288.296
-267.012
-188.896
-276.871
-298.915
-234.384
-276.018
-534.367
-486.73
-354.689
-471.414
-528.902
-380.917
-467.207
-338.939
-211.706
-269.011
-190.089
-279.021
-217.374
-298.28
-283.425
-457.758
-527.598
-390.644
-525.033
-446.219
-532.406
-528.787
-396.135
-129.96
-59.4511
-211.647
-140.326
-250.731
-348.372
-277.335
-344.512
-249.6
-440.933
-351.259
-295.301
20.0461
66.985
-49.9188
12.3084
-47.316
-138.098
-236.96
-149.666
-144.689
115.398
129.366
72.0882
112.522
97.0955
55.446
-46.2694
-95.9426
84.6729
-77.7922
227.028
7.34885
31.6061
-43.0942
-5.64915
9.39055
-50.2313
31.1576
-26.7426
20.0029
-27.4572
-71.0588
192.682
-64.1367
67.2353
-177.961
-122.947
-59.2107
-126.142
-98.5829
-99.1559
-57.4793
60.7677
83.6315
-51.7468
-12.8783
-34.5924
-88.4967
-125.764
-137.129
-50.4504
86.581
114.787
-38.6021
38.8204
-7.14535
307.732
198.387
124.862
117.68
194.927
309.337
-115.499
-79.4735
-125.43
203.554
-87.0066
-39.2182
-447.511
-438.677
-547.16
-545.94
-399.329
-407.17
-188.726
-156.093
-197.084
91.9433
39.2012
-28.2328
27.5961
3.62176
-199.807
-180.06
-246.355
-204.936
-249.834
-193.3
-193.177
-74.6693
-30.1951
-92.3866
-188.587
-316.424
-307.093
-290.559
-290.576
-254.968
-256.7
-512.952
-512.293
-507.311
-433.176
-410.17
-453.879
-439.161
-509.479
-429.295
-360.759
-321.226
-401.763
-372.034
-435.502
-254.11
-248.822
-299.55
-297.133
-496.881
-499.651
-497.041
-431.569
-449.503
-400.67
-424.323
-493.166
-540.813
-462.309
-457.155
-454.213
-461.791
-541.302
-104.247
-99.5596
-104.502
-146.353
-57.671
-99.0146
-89.5126
-181.758
-151.111
-171.441
-296.744
-303.952
-400.195
-363.361
-392.043
-322.075
-353.162
-393.791
31.8437
58.2341
-21.7956
-13.7938
-52.0122
25.0719
-8.68733
-12.9002
-7.49515
27.4146
-86.0406
-88.874
-35.7218
-150.231
-95.574
-99.402
-94.2122
150.241
167.596
220.984
118.314
144.188
239.907
136.457
96.7619
431.998
38.1092
69.1976
39.7614
68.1058
99.6523
70.0537
115.878
87.8735
99.4506
288.624
63.2064
16.8078
6.0169
79.0995
88.1027
254.748
169.865
165.34
92.8672
104.647
144.923
144.259
220.618
468.259
325.25
223.088
266.249
346.512
477.646
-247.379
-205.736
-223.716
-471.566
-419.081
-413.967
-287.448
-241.09
-233.795
-244.404
-244.886
-289.39
-541.091
-542.158
-374.106
-434.409
119.05
104.76
15.6324
35.2077
79.2788
127.417
104.422
119.505
0.518075
-51.2375
179.466
-356.731
-387.27
-414.723
-284.751
-235.733
-169.597
-306.299
-253.654
-306.678
-281.516
-238.862
-245.87
-225.966
-238.423
-278.518
-284.038
-306.914
-298.112
-325.335
-324.019
-295.231
-295.377
-289.049
-267.705
-527.964
-497.816
-487.43
-456.695
-448.09
-492.165
-483.367
-522.099
-227.673
-213.563
-246.288
-269.77
-289.633
-308.035
-300.874
-330.428
-326.724
-312.128
-323.357
-290.205
-476.442
-517.268
-514.474
-477.453
-485.655
-433.807
-438.938
-465.095
-536.81
-499
-492.344
-490.373
-495.395
-536.687
-270.137
-280.664
-258.855
-357.431
-343.87
-329.632
-301.028
-278.507
-311.283
-234.486
-267.193
-287.873
41.6115
55.6756
29.2981
79.3565
60.3262
48.1675
164.201
172.881
91.2177
108.035
86.0408
151.811
161.998
139.983
124.896
34.6533
322.056
84.5107
41.645
5.24224
9.55704
43.4861
-0.280265
-3.19911
67.2387
60.1877
272.151
7.87774
28.7716
-82.4221
-74.0364
71.4099
76.6776
70.504
76.1572
69.0379
88.0134
78.7628
73.2794
-34.2705
-28.271
-57.2806
-64.9348
98.1351
103.025
91.3119
109.499
126.108
-185.643
-159.968
-81.6264
-240.02
-182.169
-208.886
-467.782
-420.211
-543.232
-546.402
-379.841
-428.276
-182.33
-178.503
-198.58
-151.854
-171.922
-173.878
-233.793
-255.12
-205.144
-225.693
70.2217
91.3274
110.458
50.6098
82.5549
63.9095
89.3639
54.0754
-224.902
-196.507
-218.687
-158.399
-187.961
-216.576
-244.969
-256.425
-224.797
-240.83
-145.346
-109.855
-148.318
-160.028
-174.992
-359.376
-379.442
-349.162
-360.401
-311.411
-258.153
-352.219
-325.603
-269.455
-306.991
-348.99
-316.764
-310.522
-284.583
-314.03
-320.603
-308.768
-309.913
-330.128
-328.605
-319.988
-326.865
-295.432
-322.108
-317.302
-279.002
-289.843
-260.251
-274.366
-299.988
-305.947
-292.321
-299.297
-266.519
-287.558
-280.621
-527.424
-497.94
-470.898
-458.455
-492.591
-519.979
-482.615
-472.127
-270.221
-284.488
-264.823
-294.355
-279.765
-314.567
-299.487
-256.153
-235.821
-274.335
-260.882
-331.39
-330.177
-299.487
-334.692
-338.421
-330.818
-336.002
-328.998
-316.194
-335.431
-331.775
-293.727
-325.685
-329.99
-481.575
-509.638
-461.996
-471.97
-508.946
-473.789
-444.967
-456.333
-501.666
-498.229
-539.285
-538.691
-498.939
-499.63
-121.781
-121.09
-117.502
-101.164
-140.35
-123.294
-129.431
-74.8273
-73.1204
-59.5907
-95.694
-78.6949
-81.1891
-207.047
-190.197
-229.145
-212.699
-166.982
-162.417
-145.843
-184.817
-168.008
-174.862
-308.051
-288.635
-277.296
-290.151
-307.707
-261.359
-281.754
-313.671
-322.918
-336.434
-313.635
44.1829
50.2731
40.1513
66.547
54.3042
48.0266
68.7804
8.43595
34.6994
13.5901
-127.367
-124.11
-145.067
-95.2767
-117.357
-119.324
-119.034
-126.953
177.1
196.911
132.441
147.405
179.276
146.993
-2.36445
-43.7462
1.34569
5.25322
48.108
77.9772
631.181
471.887
399.869
470.049
526.962
648.724
65.8432
156.188
96.3478
-176.781
-201.411
-241.297
-477.863
-480.44
-485.452
-538.118
-540.189
-178.463
-156.349
-174.965
-454.994
-449.074
-447.563
-252.021
-230.785
-224.496
-177.785
-137.037
-169.826
-250.476
-236.419
-216.034
-246.203
-293.052
-257.917
-241.222
-266.468
-254.428
-530.304
-491.826
-496.503
-491.183
-512.747
-510.048
-525.893
-439.829
-431.107
-455.468
-237.956
-205.899
-187.019
-229.801
-246.654
-231.157
-463.068
-461.142
-457.409
-524.761
-521.829
-503.823
-507.124
-534.01
-517.272
-515.324
-510.734
-514.061
-532.805
-200.622
-209.45
-224.386
-423.626
-409.997
-422.209
-199.009
-189.651
-223.108
171.962
172.791
135.383
115.601
95.969
171.918
172.293
90.8195
119.871
80.617
-66.4828
-45.7636
-93.9512
-56.6433
-62.2572
-63.3362
-46.0027
-45.2611
-50.943
-11.3933
-16.6039
-18.1694
-87.393
-80.7946
-81.2583
123.336
107.717
101.574
180.911
296.372
238.962
-138.039
-155.845
-135.005
-103.526
-256.162
-236.953
-55.9936
22.4085
38.4501
-459.753
-462.112
-454.774
-431.462
-446.206
-452.76
-551.092
-546.507
-406.94
-399.699
-392.115
-415.178
-421.384
-414.916
-195.95
-201.295
-154.769
-161.314
-161.825
-206.572
-212.015
-217.66
-223.413
-203.511
-208.616
-238.043
-238.867
-245.093
-181.817
-192.118
-214.091
-268.15
-273.696
-249.878
-253.018
-250.025
-52.3097
-98.5998
-129.66
-115.589
-107.908
-118.904
-172.731
-288.919
-278.155
-278.285
-269.896
-243.444
-277.785
-278.657
-516.352
-511.677
-398.904
-386.125
-409.843
-451.823
-421.619
-410.801
-236.689
-251.458
-265.21
-491.227
-501.562
-523.55
-523.361
-540.81
-542.592
-523.821
-523.571
-109.444
-110.187
-108.94
-103.145
-145.436
-140.149
-141.894
-188.004
-204.099
-192.021
-201.168
-196.037
-231.995
-227.782
-156.08
-156.129
-150.711
-191.334
-186.729
-387.152
-398.465
-417.681
-376.013
-364.423
-375.739
-29.3302
-28.3382
-18.3857
-49.8993
-38.9107
-34.9185
-65.6416
-69.5867
-88.1641
-41.8082
-56.463
-58.1184
-143.309
-141.228
-147.937
-103.398
-95.3487
-146.115
198.83
201.238
213.257
144.212
132.465
143.085
128.872
157.614
147.067
138.184
222.005
185.833
116.87
134.448
117.738
209.031
394.224
118.09
81.7545
84.7439
201.456
210.328
238.509
96.0647
96.0281
91.2746
105.329
100.542
100.092
232.99
195.7
184.346
323.638
471.846
415.013
-476.222
-477.36
-474.575
-421.533
-423.425
-417.082
-435.722
-424.597
-541.413
-539.881
-381.047
-385.033
-365.167
-373.261
-440.819
-441.243
-434.718
111.959
117.6
124.955
106.083
111.782
106.214
-395.869
-394.131
-385.168
-410.511
-402.535
-405.612
-527.69
-494.571
-497.631
-498.024
-523.556
-507.808
-505.676
-470.445
-464.858
-469.987
-524.104
-496.335
-500.429
-519.177
-520.234
-518.56
-534.995
-535.46
-516.777
-518.598
-351.882
-352.523
-358.085
-340.905
-346.428
-347.475
174.48
177.006
163.718
167.465
155.782
162.184
158.159
147.566
139.3
134.718
142.003
146.444
130.062
134.425
129.975
18.4236
-3.65477
-14.5081
52.0634
265.602
224.163
297.866
106.197
138.945
188.378
19.828
18.2382
8.40052
37.6856
28.3271
30.2536
-17.5752
-15.6214
-25.3328
-1.04103
-9.54592
-9.10383
90.3686
106.387
48.0542
-52.4439
-84.3484
-8.80964
-16.3023
-88.9909
-69.0845
-67.9889
-75.1008
72.7438
74.4846
65.5392
68.3239
71.3787
-33.899
-39.6402
-40.2177
-15.2837
-9.9247
-21.5639
-22.8202
-20.6909
-28.0244
-54.5228
-48.7747
-50.3498
-47.2781
-56.0623
-32.8357
-40.0507
-73.2971
-72.9657
-64.583
114.658
115.862
110.454
127.972
121.685
120.187
-193.563
-164.334
-160.198
-228.962
-237.259
-217.169
-463.718
-461.923
-468.192
-473.887
-444.167
-441.887
-455.189
-448.23
-547.824
-548.413
-398.796
-404.93
-389.061
-393.561
-385.658
-393.526
-388.056
-429.695
-425.15
-422.032
-414.204
-180.613
-189.661
-167.627
-167.886
-174.536
-241.845
-243.234
-234.581
-255.892
-251.146
-249.063
-211.892
-213.037
-206.767
-226.818
-218.422
-218.292
-219.103
60.9169
56.0248
46.1241
77.368
65.4527
-214.83
-225.035
-232.62
-231.132
-220.172
-204.014
-214.019
-261.723
-263.978
-271.026
-266.96
-252.362
-250.224
-258.616
-147.062
-130.818
-141.885
-103.48
-183.274
-172.416
-163.41
-369.456
-352.063
-341.087
-374.929
-364.806
-378.887
-382.893
-370.643
-293.014
-295.391
-313.983
-279.254
-294.338
-276.645
-340.418
-326.617
-332.944
-337.122
-317.981
-321.204
-310.378
-313.754
-313.734
-312.333
-311.494
-329.058
-327.826
-321.202
-323.695
-284.602
-290.083
-284.062
-292.147
-291.368
-287.742
-264.095
-277.158
-274.552
-284.154
-280.451
-268.601
-280.734
-282.915
-301.381
-303.444
-302.329
-309.447
-306.125
-303.476
-294.993
-298.291
-294.883
-303.274
-303.364
-297.995
-520.869
-505.439
-290.116
-292.046
-294.512
-280.707
-287.366
-285.351
-309.967
-297.446
-301.43
-304.717
-250.063
-252.658
-259.456
-238.981
-245.306
-243.013
-269.507
-270.393
-274.857
-263.592
-266.625
-265.066
-335.314
-337.123
-333.782
-337.122
-323.564
-319.266
-332.598
-331.327
-485.699
-504.749
-540.913
-523.155
-521.841
-520.731
-522.605
-541.198
-114.854
-120.542
-114.864
-115.951
-136.51
-134.221
-127.264
-214
-207.044
-201.291
-206.712
-212.86
-223.549
-228.755
-233.498
-218.699
-223.599
-217.993
-224.383
-220.676
-167.963
-161.875
-161.313
-181.87
-174.079
-301.986
-297.438
-304.186
-283.676
-290.698
-295.875
-298.17
-303.207
-266.842
-267.288
-260.964
-274.419
-327.941
-326.233
-334.064
-310.811
-318.224
-320.658
46.7017
45.1615
48.9749
37.3094
41.4547
43.6545
64.4851
60.2873
62.8172
52.9517
56.9687
58.6976
63.6829
6.0516
11.2799
-4.66329
0.907293
29.4504
27.6087
32.3031
16.8334
24.0945
23.099
-126.109
-134.034
-135.581
-111.169
-135.51
181.392
187.458
138.112
145.027
135.141
153.598
148.42
142.497
153.053
159.763
168.826
155.12
52.2443
68.973
54.8306
75.6458
84.0215
60.7797
81.8717
61.1431
48.7938
50.3574
24.745
24.3612
30.3908
40.8384
43.6098
49.0687
85.0396
73.6069
104.253
166.074
94.7596
165.19
85.5259
66.5994
60.1471
9.62454
20.0058
-1.85629
-17.4581
-7.62477
11.1477
10.776
36.1986
14.5369
41.8596
84.6916
100.132
163.706
142.218
266.48
186.57
149.123
56.0286
22.7976
34.6112
-49.227
-49.4024
-30.7825
-19.2445
-41.6348
-1.37282
-17.29
-20.9677
0.729029
6.10938
9.71613
39.249
-116.693
-107.707
-53.7659
-129.6
-97.8168
-72.5891
-43.3966
-76.26
-53.1847
-77.1962
-96.4135
-81.7505
-159.343
-179.461
-164.82
-311.687
-245.394
-198.979
-190.862
-139.49
-121.317
-45.9747
-71.347
-78.5881
-94.8607
-115.743
-116.97
-203.754
-226.757
-227.288
-363.83
-291.647
-284.032
-196.578
-151.201
-149.809
-27.8217
-36.2285
-64.3502
-65.9788
-77.4347
-90.7956
-138.514
-150.483
-164.651
-278.505
-236.485
-263.734
-152.43
-129.745
-143.973
-1.59716
4.72698
-25.5835
-30.7295
-30.4057
-45.1079
-141.483
-132.212
-172.961
-88.7976
-89.8937
-110.873
19.7835
31.7707
13.2394
-16.6273
-39.3514
-62.3341
-34.9182
-50.4582
-69.137
30.3719
37.1963
33.8476
45.4835
64.5259
71.9613
80.2329
98.3704
115.82
128.761
130.5
138.45
33.4585
1.07497
-17.4253
-12.6849
-23.3172
-35.1881
31.6012
36.9534
37.9198
41.714
46.7184
59.6618
48.2209
48.5481
75.1221
45.8753
32.2855
43.1502
26.0425
10.4398
3.34428
-0.166062
-10.3203
-15.5932
33.7862
36.4165
41.3427
34.0209
36.9799
42.3002
32.5621
23.3063
28.998
18.9922
10.1324
11.3797
-147.787
-127.948
-112.207
-219.521
-244.454
-292.042
-2.50741
-40.7619
-51.8347
-225.847
-222.5
-200.046
-379.288
-420.113
-435.333
-305.843
-344.099
-299.926
-178.147
-190.611
-172.739
-371.749
-411.423
-388.492
-438.37
-444.581
-397.919
-59.7641
-74.4649
-70.9555
-240.137
-260.475
-230.768
-379.524
-352.731
-329.17
-88.5806
-86.0178
-66.7201
-211.799
-189.88
-183.282
117.28
107.001
72.2848
222.382
203.025
185.816
182.824
180.159
218.892
-47.9292
-29.3346
-36.7996
109.295
165.459
93.93
742.499
642.892
653.695
157.121
191.724
265.829
743.788
775.977
35.295
58.5989
32.6325
131.379
153.814
74.6746
-63.7467
-43.0578
-34.3381
-59.8401
-50.7677
-77.2258
6.02488
-22.0905
-39.4131
-157.391
-170.301
-228.186
107.88
62.0642
46.4235
-184.014
-126.139
-146.973
-118.708
-125.614
-157.862
-61.8368
-92.7892
-92.8085
-114.166
-107.261
-86.2797
-169.028
-131.051
-139.194
-99.8612
-117.915
-161.683
-202.252
-191.842
-170.916
-257.935
-244.293
-249.234
-203.875
-212.208
-225.265
-401.691
-410.944
-399.479
-282.399
-253.976
-326.239
-204.579
-233.329
-248.367
-187.368
-212.86
-188.037
-102.097
-110.605
-91.3157
-173.07
-133.782
-122.81
-142.327
-140.473
-178.691
-218.744
-223.902
-201.018
-280.4
-262.65
-258.241
-272.631
-272.972
-290.351
-274.101
-286.498
-359.099
-226.653
-258.125
-250.106
-257.525
-260.789
-228.239
-47.1547
-62.662
-54.1462
-92.4725
-72.9496
-53.7421
-108.382
-91.4524
-104.859
-120.602
-135.722
-125.564
-165.193
-147.431
-123.488
-194.771
-186.175
-194.18
-361.846
-370.026
-361.693
-187.133
-223.241
-262.637
-182.788
-201.674
-180.316
-237.39
-220.988
-198.344
-164.047
-171.003
-150.961
-247.069
-240.452
-237.739
-88.3572
-112.301
-124.448
-107.905
-112.017
-89.5862
-157.65
-134.345
-127.302
37.8137
46.7903
57.6224
-31.2214
-17.5906
-21.6393
77.9497
92.3717
77.5293
105.896
96.7746
79.652
156.941
136.446
133.212
69.4124
82.0366
103.07
48.3441
72.2679
59.3815
82.015
75.5908
45.7103
-200.119
-185.023
-194.964
-84.0346
-126.587
-164.785
-92.3544
-105.215
-79.3973
-148.161
-177.623
-150.113
64.7976
71.0429
109.858
-124.707
-100.304
-86.2774
-375.818
-385.326
-393.585
-224.816
-242.058
-232.315
-168.659
-206.038
-190.649
-234.819
-220.2
-193.412
-340.013
-324.94
-344.474
-286.49
-270.554
-271.943
-253.504
-257.541
-271.214
-195.449
-217.489
-210.713
-280.216
-286.538
-283.962
-308.435
-307.401
-296.924
-281.821
-279.291
-272.449
-392.19
-414.487
-368.143
-476.47
-469.676
-463.27
-403.174
-372.376
-357.22
-460.816
-454.398
-462.706
-320.704
-354.753
-384.281
-220.655
-211.542
-203.37
-252.934
-247.213
-261.916
-182.204
-201.798
-211.253
-276.956
-285.858
-289.719
-220.82
-225.843
-221.59
-300.203
-310.193
-309.127
-293.618
-296.704
-285.03
-434.373
-418.607
-382.403
-440.635
-443.023
-450.963
-398.555
-444.145
-438.72
-119.632
-121.445
-138.063
-60.1099
-70.0696
-69.1731
-207.069
-210.152
-215.509
-143.605
-160.2
-150.718
-256.873
-260.254
-253.754
-353.853
-347.225
-342.27
-302.91
-271.55
-258.941
-324.998
-317.415
-329.423
-244.547
-256.654
-262.321
-435.669
-430.868
-434.596
-341.388
-353.068
-370.008
-312.608
-342.832
-313.444
27.5571
30.8642
23.1236
71.1687
64.7913
60.7483
-40.3625
-39.8576
-50.0641
15.0789
6.67702
4.19034
-60.2456
-58.59
-44.8638
-144.229
-123.639
-125.09
-224.265
-220.253
-232.409
-144.87
-178.156
-187.166
-163.89
-168.476
-147.521
126.375
155.5
140.846
154.306
158.206
126.621
79.1723
83.8784
77.2847
84.3768
126.659
129.916
-50.8205
-20.4314
-20.3642
-24.0103
-20.2447
-69.6763
52.9222
16.7692
3.16814
260.628
203.219
181.463
2.57963
1.21448
16.8689
-34.584
-16.0839
-8.08102
-2.98889
-16.3569
-17.951
-14.9404
-14.0292
0.540014
-46.0585
-29.5786
-23.4089
22.6109
25.4929
34.676
-25.5678
-17.989
-18.8773
-4.85448
-20.112
-5.33093
149.32
163.109
214.638
-100.169
-69.6429
-36.3992
-39.8873
-48.9416
15.3996
-147.059
-73.7729
-77.4571
-87.186
-83.3154
-126.551
-87.2128
-81.2239
-60.7535
-114.618
-89.807
-96.8007
-84.8095
-89.8347
-105.238
64.3355
66.589
63.4909
85.2697
81.8321
79.7946
-42.5825
-41.3167
-33.4816
-126.757
-106.223
-107.018
-99.471
-100.209
-133.847
-60.8303
-89.5518
-87.041
90.6004
92.1125
88.5465
117.398
112.71
109.857
-2.54929
-20.4894
-41.6224
16.3307
-1.0189
8.48707
-21.3388
-12.0473
3.65273
267.753
317.747
422.31
190.35
279.065
245.545
209.696
279.434
181.999
144.271
178.955
147.229
247.945
291.246
189.073
427.536
332.605
271.373
-77.9622
-149.402
-119.374
82.0046
85.6588
139.104
-70.763
-36.5493
-48.7295
2.89461
11.7516
-34.6309
-197.152
-177.586
-177.231
-204.407
-206.653
-200.124
84.1103
90.4716
97.2988
43.2055
51.9882
47.464
-5.14176
-12.928
-27.3008
16.151
1.59588
2.78992
-8.96744
-3.96538
9.58761
-207.009
-185.434
-165.229
-205.243
-231.355
-213.229
-176.2
-159.778
-171.488
-58.1285
-80.3539
-94.659
-59.5835
-70.4973
-40.7805
-329.984
-341
-328.845
-293.872
-306.855
-319.025
-298.828
-297.07
-287.917
-293.039
-301.614
-300.043
-262.428
-259.353
-250.404
-261.018
-267.851
-264.962
-491.651
-488.726
-504.511
-426.076
-445.363
-453.078
-429.781
-436.649
-418.382
-449.547
-471.606
-476.559
-459.779
-466.035
-444.85
-512.474
-496.977
-494.072
-418.4
-410.199
-422.587
-348.38
-367.468
-379.837
-340.016
-354.327
-335.423
-392.474
-412.076
-421.278
-391.378
-402.181
-382.795
-441.6
-430.998
-422.938
-259.195
-263.502
-257.091
-245.574
-250.047
-254.414
-310.572
-310.839
-298.846
-297.174
-308.262
-309.37
-479.604
-483.239
-500.425
-438.054
-461.502
-453.872
-474.611
-468.546
-444.28
-408.742
-426.177
-415.328
-445.486
-436.25
-416.872
-487.756
-471.377
-475.665
-461.468
-486.49
-487.801
-480.743
-484.122
-459.919
-457.696
-483.777
-479.818
-487.814
-486.547
-460.438
-101.006
-115.808
-109.326
-63.5502
-63.2692
-57.6827
-97.5107
-91.8492
-93.457
-79.2199
-80.6764
-91.5467
-161.127
-165.885
-182.505
-300.581
-294.308
-290.685
-310.136
-313.595
-307.043
-395.034
-400.439
-406.168
-373.147
-386.035
-375.619
-405.914
-396.187
-382.932
-332.537
-342.711
-331.477
-364.806
-353.844
-343.017
-387.85
-382.167
-387.621
36.1422
38.193
33.8997
60.6399
57.5757
55.1138
-20.4702
-29.9826
-30.9747
-18.9349
-20.0178
-14.7019
-52.3853
-46.643
-46.3202
11.5565
9.95171
18.5997
-8.71121
0.796875
6.73514
-4.18369
-2.09529
-11.1921
-2.11165
-0.521693
-5.97138
29.1962
24.5576
22.954
-85.3486
-71.9825
-72.9814
-81.3045
-80.9888
-88.3128
-36.5739
-44.5914
-43.4663
-95.3596
-102.865
-103.088
-112.453
-111.855
-99.3929
155.895
169.395
160.194
188.091
172.931
161.364
123.347
126.241
121.751
126.049
140.646
165.599
103.193
109.396
104.348
63.4519
51.1557
56.8584
30.5523
41.8847
59.9325
90.5132
79.8991
87.8347
61.3065
70.8645
79.9795
108.405
116.789
126.762
93.0087
107.981
99.5124
125.733
111.667
97.3999
44.3865
39.3037
50.6392
14.2903
27.2068
38.0081
17.1329
21.7014
9.69834
230.075
257.504
322.335
174.116
194.76
190.081
176.999
188.397
172.437
149.494
163.032
156.85
169.774
173.241
151.779
305.266
221.862
218.816
428.683
470.432
583.943
325.194
387.855
375.284
339.373
418.649
306.757
298.386
342.023
307.064
398.625
463.034
351.165
597.067
509.086
449.794
-233.236
-239.12
-252.938
-213.588
-225.541
-219.401
-235.621
-230.473
-216.829
-406.498
-419.256
-429.263
-269.224
-266.463
-284.49
-240.638
-254.403
-256.606
-246.999
-250.746
-235.625
-246.55
-260.062
-259.406
-258.72
-259.399
-243.987
-290.272
-272.424
-271.344
-382.811
-377.381
-368.366
22.7705
35.2911
27.238
53.6831
43.7013
30.2571
67.9615
56.1336
66.4143
121.629
130.853
148.243
111.583
121.544
112.911
133.192
123.489
113.605
-6.28035
31.6794
32.6789
37.2769
34.5182
-12.395
128.587
83.0602
71.3171
-368.807
-377.289
-368.082
-266.983
-244.352
-260.937
-213.186
-227.968
-250.054
-180.755
-205.376
-193.413
-290.399
-307.792
-324.257
-270.543
-290.133
-273.363
-327.015
-307.253
-287.87
-266.585
-268.893
-284.218
-243.09
-255.591
-252.932
-258.862
-257.119
-242.625
-231.957
-243.905
-239.622
-250.565
-247.087
-233.309
-275.026
-260.922
-264.089
-291.033
-288.677
-280.915
-304.471
-296.743
-298.569
-292.649
-294.754
-300.935
-324.554
-313.218
-314.051
-311.859
-312.731
-324.474
-297.417
-306.764
-305.564
-292.948
-288.222
-290.508
-283.938
-286.108
-290.822
-271.429
-277.262
-274.833
-476.966
-472.974
-481.288
-450.158
-462.149
-466.927
-488.063
-502.435
-505.239
-497.459
-500.252
-487.609
-224.622
-236.783
-241.886
-224.358
-230.5
-217.641
-254.252
-240.838
-234.207
-277.001
-281.185
-272.161
-295.233
-287.616
-283.603
-295.908
-292.022
-302.177
-311.273
-310.699
-299.32
-330.207
-317.262
-317.662
-315.056
-316.281
-328.46
-315.867
-302.415
-299.282
-308.651
-305.682
-319.682
-289.059
-299.984
-302.458
-479.302
-495.283
-491.854
-501.77
-498.91
-484.344
-449.666
-444.082
-435.863
-457.787
-450.456
-455.855
-495.719
-510.952
-512.842
-507.309
-509.618
-496.065
-491.214
-507.677
-505.161
-511.873
-510.324
-495.347
-273.936
-267.098
-263.82
-272.703
-269.146
-276.334
-255.878
-262.266
-265.328
-335.983
-340.505
-334.157
-293.759
-306.027
-312.643
-289.545
-297.17
-285.595
-320.076
-308.62
-300.521
-244.327
-250.706
-239.515
-273.892
-262.179
-255.703
-275.083
-268.933
-281.268
45.3481
38.2403
34.6813
45.3651
42.1654
49.224
26.8309
34.7019
41.6295
72.7382
68.6173
75.1027
55.8822
62.1818
66.1492
54.5998
58.4556
52.0318
166.637
171.318
169.536
176.693
173.634
169.403
96.6101
90.0243
84.1362
100.399
95.158
102.22
81.5586
88.3239
93.0393
168.128
165.986
159.249
133.34
144.489
85.215
6.80555
16.1464
13.995
-11.3079
-10.8393
-2.27874
61.0311
110.347
106.919
236.35
171.534
184.136
-5.51553
-29.5034
12.2393
72.4881
69.4366
66.9592
73.6885
71.0009
73.8056
84.6294
83.084
86.5889
76.6993
79.8088
81.5687
76.934
78.6726
75.4525
99.7867
95.6939
93.767
98.58
97.4802
101.697
90.1053
93.68
94.6012
-136.177
-147.437
-171.338
-92.613
-121.618
-110.887
-221.62
-237.846
-259.775
-193.655
-217.357
-203.009
-436.344
-441.157
-425.741
-185.36
-187.468
-180.265
-200.579
-194.366
-192.074
-158.6
-159.92
-153.183
-173.702
-166.746
-165.303
77.0121
84.224
78.6751
96.809
91.192
84.2128
104.426
97.6837
103.405
75.655
65.9999
71.9294
54.4286
60.5594
69.5114
-204.543
-213.774
-207.383
-226.237
-219.796
-211.775
-169.31
-182.552
-171.804
-199.957
-191.995
-178.943
-248.667
-263.28
-259.823
-230.635
-240.735
-232.898
-254.957
-246.955
-235.562
-134.311
-148.378
-162.926
-124.024
-135.014
-121.406
-160.159
-147.382
-134.793
-337.516
-351.181
-360.526
-281.811
-294.847
-283.482
-321.368
-307.163
-294.076
-330.764
-319.194
-335.012
-315.883
-304.3
-305.46
-300.611
-302.669
-313.567
-287.594
-295.353
-293.046
-304.465
-302.866
-292.998
-320.128
-308.894
-310.488
-306.317
-307.518
-318.45
-272.815
-270.202
-262.514
-285.66
-279.474
-281.906
-273.904
-276.825
-283.124
-465.79
-478.293
-482.113
-470.227
-474.548
-463.987
-499.216
-484.964
-480.651
-503.29
-499.977
-515.905
-477.975
-491.544
-494.973
-485.101
-488.605
-476.9
-275.235
-270.821
-266.314
-279.38
-275.25
-279.944
-262.201
-268.171
-272.334
-331.097
-317.488
-317.206
-317.535
-317.579
-330.476
-300.64
-311.278
-311.123
-304.906
-306.464
-294.208
-326.757
-312.693
-311.035
-315.968
-314.426
-328.216
-464.255
-479.361
-475.619
-487.468
-483.695
-469.777
-504.316
-487.277
-491.565
-461.505
-466.501
-481.092
-447.837
-460.979
-455.732
-470.985
-466.542
-453.789
-499.597
-515.64
-516.241
-513.959
-515.398
-501.031
-498.373
-514.997
-513.898
-515.973
-516.142
-501.143
-111.838
-113.235
-118.81
-102.27
-107.784
-106.492
-134.828
-136.724
-142.203
-124.854
-130.966
-129.129
-74.0899
-68.5026
-69.3415
-66.7186
-68.5159
-74.0685
-90.1235
-91.1903
-96.7563
-79.7432
-85.5172
-84.4467
-87.7356
-86.0753
-80.0469
-195.387
-200.886
-195.617
-156.885
-159.076
-165.23
-147.663
-153.226
-151.315
-179.417
-184.366
-189.978
-171.385
-178.17
-173.788
-283.529
-287.64
-280.975
-327.495
-320.68
-317.223
46.1408
42.1765
40.1885
51.7614
54.0203
50.1198
10.1559
4.78928
3.15352
18.5376
20.471
15.6018
-131.31
-132.529
-125.227
-146.372
-139.522
-138.222
-103.042
-103.19
-95.8472
-117.977
-110.492
-109.955
-111.235
-110.533
-118.308
182.444
186.79
180.926
205.846
194.637
188.699
166.494
178.142
199.064
153.577
164.701
156.363
-17.6999
5.8349
46.7346
-24.8408
-12.4717
-34.1929
60.7222
43.713
31.6923
60.1975
53.5007
71.6659
595.54
629.986
682.983
468.654
540.761
531.201
459.74
533.602
446.459
530.616
619.265
633.138
582.544
617.8
538.649
709.99
688.209
635.808
149.415
109.238
119.878
62.6112
87.7759
154.448
-234.088
-220.008
-227.067
-184.775
-177.269
-168.324
-245.307
-242.765
-249.365
-228.853
-235.893
-238.213
-230.898
-233.606
-226.808
-162.517
-174.382
-189.556
-245.81
-234.872
-240.685
-225.7
-231.852
-241.451
-263.312
-249.716
-232.001
-280.094
-265.089
-278.239
-243.479
-254.917
-268.68
-250.639
-247.035
-235.688
-262.56
-253.24
-257.031
-243.512
-249.354
-258.654
-459.284
-451.926
-445.398
-226.97
-219.522
-229.443
-200.945
-210.28
-217.203
-195.005
-202.507
-192.765
-235.527
-232.046
-226.426
-242.864
-237.646
-241.293
-227.271
-231.084
-235.863
-214.384
-209.95
-205.437
-220.815
-215.374
-219.391
-419.478
-423.923
-429.367
-195.777
-207.978
-211.544
-227.945
-216.456
-212.395
129.546
121.8
127.326
109.067
115.779
122.809
102.661
108.821
102.629
101.358
88.7543
78.6416
105.178
97.4225
111.191
117.88
115.551
120.519
106.098
110.775
112.677
106.283
108.358
103.866
214.164
200.561
165.05
293.003
240.882
251.531
182.926
218.836
273.661
-30.4435
-31.6152
-62.189
38.6935
-0.25471
-5.93669
-5.63087
0.952074
43.0985
-219.947
-213.265
-211.145
-216.41
-214.955
-221.799
-201.723
-208.347
-209.952
-108.237
-89.702
-80.5168
-113.245
-98.6932
-118.329
-276.071
-267.873
-271.019
-260.653
-264.505
-273.418
-248.294
-256.494
-253.163
-416.574
-405.742
-397.534
-442.407
-434.947
-446.752
-240.815
-245.272
-240.201
-255.948
-252.427
-247.812
-261.612
-257.07
-260.501
-193.291
-188.866
-184.018
-199.677
-194.816
-198.817
-412.21
-407.644
-412.5
-369.897
-375.064
-381.664
-30.2675
-24.7091
-23.8562
-40.6665
-41.2251
-35.4217
-66.2316
-74.1455
-73.6344
-88.8019
-81.7142
-79.1989
-50.7725
-51.5636
-59.3702
133.773
130.136
126.702
138.744
134.226
138.282
125.382
130.08
134.214
154.431
148.582
152.615
141.333
146.016
151.131
122.824
116.574
110.624
127.547
121.969
128.548
108.774
114.574
119.557
213.608
233.435
215.554
218.064
230.511
213.575
268.654
240.843
225.081
205.83
212.287
260.921
191.209
205.367
187.03
202.205
208.701
190.918
376.764
365.573
319.256
470.903
411.317
421.425
353.488
389.33
452.081
45.8256
49.4015
44.7006
52.1274
52.1701
45.1566
48.7384
42.1753
36.6526
32.7362
22.9313
21.3783
37.7897
44.2495
43.1728
10.279
-1.6498
2.10107
22.378
25.0206
29.8925
89.073
97.6971
88.1404
106.475
99.2055
87.2351
-26.6813
-32.095
-24.2761
10.0057
9.35797
18.245
37.0204
46.5275
53.9219
205.332
197.2
177.923
-53.3812
-53.3404
-41.7813
-5.39205
-12.2049
-1.22034
-56.5922
-60.8045
-34.019
-89.0309
-79.2636
-66.1272
-17.0843
-28.6193
-21.8406
-275.909
-252.75
-233.14
-118.478
-100.35
-91.0636
-19.0807
-30.4787
-31.5756
-365.591
-337.356
-333.907
-126.856
-107.13
-105.807
-11.1299
-18.1994
-25.705
-307.79
-289.813
-301.386
-111.887
-97.4828
-104.107
1.86837
0.251199
-9.1446
-15.9858
-16.1937
-31.489
-176.903
-170.895
-187.073
-83.0978
-77.044
-88.0566
13.9586
16.2101
8.94635
25.892
32.9784
23.1432
54.4742
62.2281
53.348
-53.1692
-54.3292
-65.4741
21.8281
25.1942
21.6436
44.3809
51.6222
49.6118
160.663
158.224
170.526
29.3358
14.0456
7.04972
-30.7804
-35.7528
-44.3347
25.0566
27.937
27.0749
58.4791
62.8337
70.2195
62.252
54.8096
60.2342
30.1774
21.2234
21.3196
-17.6997
-23.3687
-29.1897
28.9005
31.6557
34.4149
2.36031
-4.95661
-7.03732
26.75
27.8495
31.9086
26.4324
25.0273
30.9367
21.9484
18.247
20.8801
13.6979
7.48294
8.66183
43.5688
32.9671
27.5056
24.5656
37.8276
44.7578
65.9461
87.3298
70.0458
180.065
198.872
205.797
-97.2658
-84.8742
-101.253
-212.001
-188.89
-204.535
-179.787
-160.558
-166.021
-112.464
-126.356
-141.208
-328.613
-320.835
-348.949
-158.305
-143.185
-136.959
-164.924
-167.259
-184.315
-311.977
-320.827
-343.326
-126.618
-118.466
-128.342
-145.696
-140.81
-131.569
-203.042
-218.65
-229.257
171.829
160.047
163.563
49.2903
52.6293
41.1605
-102.871
-119.993
-134.258
-363.974
-353.375
-365.97
-388.448
-378.29
-369.296
-338.212
-333.073
-338.566
-345.521
-351
-357.697
-147.762
-159.801
-162.222
120.497
128.128
123.753
119.426
114.119
106.572
67.1916
76.8256
66.1274
-74.3909
-64.4206
-84.4604
73.0743
52.6088
58.4235
11.4816
-1.74385
-3.87342
1.46211
-0.692461
7.34624
-50.2719
-41.3622
-41.149
-39.8923
-31.6208
-17.7841
-67.8562
-48.3876
-54.481
33.037
20.8071
52.9428
-165.309
-136.249
-147.002
-68.3532
-67.2944
-58.6544
-122.239
-112.951
-116.348
-124.473
-123.703
-135.752
-52.929
-65.1665
-62.7956
-26.3055
-29.971
-42.5044
306.269
336.487
345.176
146.364
175.14
148.985
347.616
342.394
309.075
165.499
148.657
174.625
-20.5117
-21.5169
-29.6104
25.3697
16.4176
19.2572
20.6259
18.7242
23.518
-9.98422
-4.60529
-3.43421
46.2967
40.7528
32.7888
77.37
70.27
61.6808
258.786
298.703
247.91
42.7802
42.7125
32.2742
-24.2831
-11.5836
-36.6943
150.568
123.565
140.447
52.5183
50.7874
55.6091
27.3276
31.9446
33.6097
15.3681
3.78431
-9.86355
17.3181
28.6524
15.9667
90.8068
78.5214
53.355
76.7749
93.0725
119.555
-186.849
-198.742
-190.303
-213.376
-206.042
-192.464
-172.085
-178.996
-186.823
-162.302
-170.557
-163.297
-149.872
-161.492
-149.696
-181.739
-171.744
-158.462
-200.529
-204.643
-193.062
71.8102
84.4542
91.9272
204.799
223.481
268.928
82.2874
71.148
70.9773
120.893
109.222
96.5986
125.067
119.632
147.926
93.333
105.507
108.709
139.965
113.093
122.879
79.0608
96.8885
107.614
77.2872
86.0478
72.4907
40.4924
43.241
59.3731
19.9997
35.4693
27.1794
78.9387
48.7203
30.3027
68.0349
60.517
85.3841
159.004
139.473
139.25
248.981
221.595
234.089
174.333
198.996
218.646
164.433
180.472
161.689
-113.044
-86.8489
-86.3549
-285.981
-270.173
-294.86
-337.177
-338.228
-365.988
-263.407
-276.933
-293.562
-138.284
-154.655
-159.164
69.0528
59.4268
57.0087
59.6346
60.5446
71.5908
104.526
96.1124
91.5691
103.236
100.306
110.696
144.714
148.187
146.637
131.106
137.82
127.54
150.407
144.865
134.338
20.8007
18.4661
33.3934
-4.57498
6.18816
9.99355
-6.97533
0.795749
-9.54026
53.9336
50.685
55.0874
50.1506
56.0519
52.971
56.1932
55.6274
49.9099
69.4792
62.6541
65.5772
43.6013
48.6043
53.4184
35.3496
43.0471
38.2441
54.4094
48.5738
38.99
-278.502
-262.792
-277.348
-426.162
-408.884
-400.623
-417.336
-410.407
-430.568
-319.656
-305.034
-289.833
-328.802
-314.769
-331.832
-404.585
-388.483
-392.503
-374.33
-379.282
-396.307
-441.643
-422.861
-417.436
-425.118
-421.43
-443.075
-371.123
-358.759
-364.58
-341.792
-348.471
-361.64
115.985
102.658
103.892
94.2487
99.506
112.751
78.3182
88.1279
83.0644
213.64
212.35
205.56
202.281
214.338
206.426
160.124
109.742
86.0771
135.841
126.931
159.171
84.3133
103.171
112.735
169.234
184.935
169.324
220.489
202.703
181.184
234.252
222.496
247.731
141.577
122.548
117.24
124.105
124.297
148.482
80.5999
101.365
97.9275
-52.1792
-70.4848
-79.5726
-17.8956
-16.3919
-35.2399
-190.539
-179.996
-160.281
-216.044
-196.851
-209.272
-176.298
-164.708
-139.173
-150.336
-158.725
-175.622
-151.881
-134.32
-145.506
-338.726
-311.337
-299.478
-155.756
-152.002
-166.683
-181.956
-163.247
-162.42
-352.218
-328.304
-333.606
-85.9465
-75.4769
-80.1519
-116.638
-107.193
-97.6338
-159.191
-150.079
-155.472
-140.085
-145.055
-153.559
-127.533
-136.188
-131.157
-246.219
-234.102
-248.952
-164.393
-162.795
-169.357
-149.51
-156.175
-157.695
103.352
94.7773
94.6601
90.0147
93.5606
102.074
149.045
155.504
165.993
135.803
145.734
141.108
149.912
150.432
146.682
90.7462
82.9822
76.5503
91.904
90.2074
98.5051
81.2565
65.8118
64.0444
64.1482
65.3975
78.491
-137.441
-123.578
-112.234
-150.353
-135.46
-149.702
-169.146
-158.204
-167.961
-139.275
-151.352
-161.165
-400.425
-384.09
-373.566
-397.757
-388.27
-407.243
-392.63
-383.773
-395.493
-365.588
-349.829
-337.018
-368.183
-356.572
-374.796
-430.162
-411.337
-412.884
-400.955
-403.851
-424.242
-443.648
-423.833
-422.027
-419.135
-419.089
-441.191
-127.031
-125.014
-119.714
-135.719
-130.638
-132.627
-149.049
-146.31
-141.328
-156.928
-151.969
-154.691
-292.803
-285.355
-293.832
-320.026
-326.187
-331.571
-364.212
-357.903
-363.085
-333.456
-323.744
-331.119
-304.882
-312.847
-323.212
-137.401
-135.935
-142.877
-120.963
-129.145
-130.578
-155.966
-158.362
-146.763
-181.453
-169.958
-167.213
-174.858
-171.821
-183.757
134.63
131.402
122.249
150.733
140.844
144.425
132.263
136.908
145.987
158.311
147.129
144.856
146.574
146.927
158.504
97.2984
101.701
90.8706
131.114
115.353
111.202
117.894
117.755
131.954
-16.54
-42.2576
-50.4939
31.007
29.2067
5.8047
-16.3719
-7.96931
-6.51196
-32.2432
-32.9296
-24.2148
-42.427
-10.8179
-3.40424
-122.432
-128.715
-155.403
-73.0875
-101.269
-98.1469
-113.469
-105.978
-74.5707
-85.2326
-75.9522
-77.6074
-106.506
-103.628
-94.3997
-99.7279
-111.743
-111.946
-74.6461
-75.7898
-87.8521
289.823
313.263
288.293
355.898
333.761
305.032
379.57
363.151
395.617
272.83
246.318
246.054
248.581
206.959
172.338
241.277
229.299
271.171
167.84
195.752
209.185
268.334
246.326
228.545
253.867
251.239
281.014
185.508
220.368
220.942
409.765
372.457
383.017
314.978
344.689
372.261
292.745
320.854
296.498
-106.136
-103.397
-79.7914
-141.376
-121.451
-127.774
79.2873
112.239
124.182
-190.715
-189.128
-195.448
-176.053
-182.658
-184.18
-6.34264
-14.6558
-13.1375
11.2508
9.38687
0.70016
-200.003
-189.79
-198.263
-174.701
-183.975
-193.198
-225.356
-215.171
-222.114
-203.277
-210.919
-219.734
-114.069
-108.203
-110.132
-171.456
-167.619
-162.647
-178.235
-173.367
-177.124
9.65438
14.717
16.3184
1.60809
0.0033464
5.29942
165.902
160.525
164.685
154.709
158.492
163.115
181.856
174.432
181.07
166.984
171.934
177.453
148.807
140.563
131.942
154.996
145.294
156.326
119.217
116.041
115.153
181.085
189.807
197.014
174.282
166.208
157.617
514.283
485.867
442.929
529.835
524.762
564.957
384.92
334.906
290.398
365.049
360.943
411.287
423.835
405.372
439.785
592.709
543.75
540.146
478.335
515.862
553.976
139.889
137.023
141.299
41.6552
14.4285
5.46213
105.352
96.7285
70.594
43.2952
47.6034
49.155
37.5772
35.5193
39.9319
40.1625
41.0783
37.371
41.5646
40.2594
35.5786
37.1703
32.705
28.8076
26.2651
19.8345
17.8776
38.4649
41.6041
39.6643
12.8129
4.2898
5.72027
29.6331
32.6187
34.0335
-11.3585
-18.1951
-13.2366
56.8291
43.7082
43.1899
-19.9644
-27.6993
-19.1261
-88.1068
-85.3781
-67.8863
-165.909
-149.784
-133.319
-201.238
-180.202
-174.246
-179.039
-163.337
-169.233
-120.969
-115.199
-127.746
-43.74
-49.0039
-63.7571
-59.0594
-61.8816
-74.5294
83.9058
91.5881
92.8589
43.3004
46.5504
48.908
25.1202
27.1086
27.7842
-10.8974
-16.0279
-19.6911
25.4939
26.8043
29.1119
2.53236
-2.89885
-3.70818
21.9664
21.3091
24.3333
23.8418
14.3458
20.5942
10.74
17.9887
16.196
9.50853
5.98816
5.95139
92.4877
90.9528
80.1253
18.14
1.41854
3.4649
-67.6182
-63.8392
-52.9206
-77.634
-93.2811
-90.9895
85.3898
88.0197
86.3409
83.1931
83.7333
82.4798
135.049
137.17
128.593
92.3188
104.114
104.518
22.4251
17.9143
27.0675
-41.7414
-30.7711
-31.0558
34.2581
22.2182
29.3888
56.8949
53.1687
60.6443
14.0556
21.6936
24.2155
-13.3143
3.48355
18.3075
80.1197
71.375
67.7938
72.6547
73.8769
83.8971
77.9989
68.1707
70.6117
54.2905
61.6609
69.8453
58.1856
60.1314
52.3364
67.2839
69.6314
78.1862
146.328
147.754
164.629
162.22
144.925
145.322
16.1092
27.8652
22.9219
21.2948
17.497
8.88559
57.2595
46.295
33.9753
117.972
120.456
104.096
132.17
137.626
152.166
-52.9771
-39.4633
-33.1972
-28.3495
-21.9054
-33.4113
-0.720556
-11.8772
-14.8557
-119.678
-101.142
-108.693
-70.7917
-56.0921
-62.2099
-41.6373
-51.2307
-63.3722
-229.349
-249.639
-264.521
-215.843
-234.021
-217.415
-170.884
-158.936
-179.605
-75.9987
-61.8245
-59.6003
-63.0384
-64.9468
-78.7932
-288.77
-312.888
-312.542
-308.609
-312.299
-290.591
-177.181
-177.555
-200.29
-46.4456
-39.3563
-31.5748
-53.2712
-47.6731
-56.0966
-245.181
-260.447
-248.835
-281.693
-271.992
-257.258
-141.551
-151.596
-166.348
-22.5915
-13.93
-15.0055
-87.6623
-101.014
-104.73
-24.0033
-37.12
-29.8392
50.8393
51.8062
44.7502
84.8264
88.578
81.3767
50.812
47.1491
44.7374
20.5625
20.0025
28.1411
-263.503
-251.459
-232.383
-248.83
-244.552
-254.135
129.826
110.065
94.8394
-163.958
-175.959
-196.951
-132.11
-154.658
-146.654
-272.36
-296.4
-304.037
-276.611
-287.972
-267.212
-277.866
-298.384
-291.169
-309.204
-305.13
-285.896
-198.893
-208.67
-194.652
-235.782
-222.748
-212.797
-107.472
-107.787
-123.122
86.4101
82.8992
86.4525
78.6322
85.9963
83.5304
70.9748
76.0667
69.0695
67.6366
61.7679
61.8221
42.3287
53.5017
52.923
-99.7917
-109.06
-92.9328
-265.278
-274.24
-282.045
129.317
137.152
136.393
-39.5701
-40.6088
-17.0569
-76.1465
-58.514
-53.6046
-0.29009
9.72574
12.934
-19.4219
-20.3388
-9.68851
-27.3359
-17.5196
-44.7126
38.3268
8.92739
-5.99443
-72.689
-73.6877
-83.1304
-106.7
-109.857
-118.616
-92.0537
-100.919
-97.9431
-111.761
-112.071
-100.374
-135.212
-123.573
-122.578
-88.9583
-77.0358
-76.9119
-7.33863
-19.6057
-14.569
19.6336
13.8494
2.07829
216.647
217.785
189.072
229.435
243.78
262.761
40.7864
47.8258
50.8932
31.0877
27.8503
35.1158
34.8907
19.4297
28.5046
139.259
110.904
120.386
156.317
141.581
132.71
124.198
136.342
151.413
65.8176
58.5589
70.0198
135.366
126.221
146.999
36.5315
38.0027
35.8455
12.4363
6.2285
4.93148
-3.92192
-10.2493
-8.80386
-24.3021
-28.9821
-25.1375
19.2589
20.261
24.3096
53.9119
60.4901
59.0144
-36.1141
-38.7558
-33.3643
12.1177
10.8219
15.9858
105.85
120.704
117.709
-53.2999
-52.452
-44.8929
3.68007
-0.544013
5.1941
-73.0434
-67.4433
-59.2243
-2.66435
-9.07123
-5.37758
-88.8415
-79.2607
-72.9306
-4.21711
-10.7601
-10.8062
-94.216
-83.5302
-81.3047
-0.623413
-5.29733
-8.72975
-87.4758
-78.9549
-81.2732
6.16271
4.13934
-0.79781
-72.2596
-67.7545
-73.2918
13.3982
13.5406
8.98345
-54.4549
-53.9334
-60.632
-17.6315
-23.6999
-32.1018
-38.6356
-41.012
-47.2273
40.8352
40.4686
45.0419
29.3852
41.3634
39.9264
-7.30669
-11.7605
-13.9305
99.8126
102.318
83.3597
12.5362
3.42396
13.1133
33.9302
42.0507
47.5245
62.6811
59.5247
64.9982
42.1825
37.439
45.1247
44.1744
37.7097
35.04
30.9561
30.4526
19.8587
-11.3832
-6.03361
4.7187
30.2179
24.9856
29.8081
39.0165
43.5082
62.0568
-89.0026
-87.7282
-109.705
-42.9859
-66.9601
-72.7931
-4.84875
-5.46824
2.87167
-146.037
-150.074
-134.09
-179.939
-165.173
-160.185
26.8538
22.0511
27.4443
9.91135
16.99
20.7941
-40.2476
-50.9472
-46.2664
11.9848
12.8811
6.80741
45.5915
45.6478
32.9379
34.002
30.0503
28.3008
4.98027
-3.53222
-14.5058
54.0499
47.4771
54.7354
89.1187
76.4414
73.6624
-547.886
-550.048
-555.766
-558.78
-567.685
-591.342
-547.534
-546.019
-552.928
-542.236
-541.567
-546.449
-100.92
-101.128
-101.7
-159.039
-140.681
-191.191
-240.236
-232.326
-261.064
-237.703
-230.547
-251.753
-105.911
-105.713
-106.18
209.864
192.15
139.771
-183.608
-178
-240.679
-526.398
-524.228
-528.706
-528.537
-527.341
-536.273
-560.805
-560.664
-565.989
-562.637
-564.445
-569.998
-513.652
-517.657
-532.128
-514.578
-517.996
-528.367
88.318
87.9697
87.9007
80.4377
80.2267
80.452
294.267
302.18
257.804
420.914
411.896
341.93
-436.605
-442.32
-467.117
-412.291
-406.208
-414.629
-436.848
-434.801
-445.796
-543.519
-543.901
-554.03
-556.043
-557.184
-561.96
-556.831
-557.371
-562.922
-533.392
-532.678
-542.401
-354.318
-359.459
-373.159
-69.5579
-66.298
-135.689
-85.7131
-85.7608
-87.9299
75.1692
76.3167
79.4966
78.3168
78.105
78.4744
39.0001
39.6369
38.8782
-336.867
-336.659
-339.068
-343.046
-349.1
-365.414
-328.881
-327.48
-330.45
-336.982
-340.033
-346.874
-325.784
-322.552
-325.452
-331.409
-330.816
-336.917
-326.923
-326.343
-329.634
-339.481
-340.484
-343.181
-347.153
-347.705
-354.442
-353.259
-359.359
-376.364
-344.557
-344.169
-347.699
-327.674
-328.225
-331.909
-343.349
-346.414
-359.237
-347.622
-347.842
-354.696
-346.612
-352.691
-368.228
-329.516
-334.223
-349.035
-180.133
-180.265
-182.913
-125.265
-124.744
-125.604
72.6863
75.7014
81.5583
-414.471
-407.721
-424.346
-384.856
-379.841
-389.341
-386.939
-382.736
-400.827
-546.025
-555.086
-579.404
-520.956
-517.654
-522.541
-563.815
-570.098
-586.095
-559.052
-557.768
-563.945
-500.768
-503.484
-522.123
-522.74
-520.179
-524.613
-286.92
-285.705
-287.523
-313.717
-314.034
-315.949
-296.33
-296.047
-300.144
-344.808
-345.037
-351.172
-318.732
-318.707
-319.835
-186.036
-185.899
-187.477
-128.937
-128.145
-129.877
-120.673
-120.005
-120.856
53.8725
53.5841
51.2059
93.0932
95.9451
97.2975
-498.116
-498.661
-502.858
-493.439
-492.063
-496.167
-543.052
-543.215
-547.422
-507.085
-512.09
-525.91
-513.203
-518.314
-537.162
-555.794
-556.185
-565.661
-556.957
-559.889
-575.928
-470.106
-469.222
-473.073
-474.445
-471.898
-475.51
-539.856
-540.932
-546.583
-470.459
-474.939
-490.792
-462.661
-463.266
-473.652
-57.1055
-56.7989
-57.0465
-63.0017
-62.5906
-62.9549
-96.0189
-96.4449
-97.317
-51.2055
-50.9894
-51.1681
-45.3343
-45.1576
-45.2763
-103.48
-101.039
-141.062
-89.754
-90.4157
-92.2348
-82.9641
-84.1725
-87.7195
-239.281
-216.819
-233.174
-206.552
-173.948
-208.983
-237.912
-229.557
-242.172
-111.344
-110.891
-111.483
190.985
186.385
176.047
-180.55
-174.365
-195.899
-489.729
-489.114
-505.39
-529.3
-529.033
-533.14
-532.154
-538.216
-560.343
-562.312
-561.782
-569.779
-572.896
-583.546
-611.571
-506.771
-506.503
-513.427
-514.116
-514.268
-517.759
-435.975
-440.677
-457.481
-98.1302
-97.9333
-98.3561
-105.65
-105.243
-105.698
364.386
340.253
224.942
167.603
160.158
-2.09782
85.4809
85.1931
85.2703
82.8714
82.6545
82.8126
-425.547
-427.857
-441.434
-415.754
-413.246
-419.979
-434.931
-433.609
-438.344
-494.303
-494.483
-507.084
-491.95
-489.532
-495.291
-540.616
-539.015
-543.727
-508.31
-507.472
-511.012
-511.191
-510.084
-518.274
-553.539
-552.686
-557.68
-560.975
-567.584
-587.012
-484.417
-484.383
-490.415
-479.597
-475.566
-479.845
-544.129
-552.392
-576.878
-444.315
-442.764
-445.497
-452.01
-449.976
-454.421
-359.332
-359.133
-361.319
-354.961
-355.441
-358.046
-77.7259
-77.1943
-77.7875
-69.7083
-69.4135
-70.0913
-92.6371
-94.7562
-99.7975
-34.0269
-33.8772
-33.9737
-39.5814
-39.4327
-39.5288
-28.4593
-28.1747
-28.2167
75.3459
75.2343
76.4274
76.4924
76.2498
76.8552
-79.8643
-65.9051
-142.668
-58.3497
-57.7448
-58.0134
-66.4315
-65.8123
-66.4062
-74.793
-74.6534
-76.0814
-206.307
-196.642
-223.197
-207.835
-206.672
-228.015
-200.347
-185.072
-208.496
-207.11
-192.365
-236.434
-238.484
-237.878
-250.394
-292.468
-292.819
-295.905
-336.398
-335.328
-338.302
-339.404
-339.469
-345.866
-329.593
-329.116
-331.553
-332.305
-333.058
-335.753
-334.83
-339.427
-354.64
-330.156
-332.509
-340.459
-344.048
-347.273
-353.842
-350.602
-357.292
-374.189
-349.506
-353.591
-362.918
-345.552
-346.604
-350.07
-330.175
-329.718
-333.264
-335.221
-334.451
-339.83
-343.629
-343.353
-347.304
-342.784
-343.899
-347.859
-324.512
-325.331
-336.522
-117.706
-117.231
-118.119
64.2678
65.3252
65.9906
-390.043
-387.49
-395.27
-404.141
-410.581
-430.736
-385.778
-384.296
-417.153
-494.557
-498.342
-517.369
-489.431
-487.941
-496.638
-534.078
-535.506
-540.033
-525.763
-527.501
-537.946
-567.261
-572.688
-591.759
-566.286
-567.2
-579.713
-501.871
-501.395
-508.156
-517.12
-515.887
-519.318
-439.487
-439.123
-441.863
-436.013
-436.429
-439.819
-424.65
-426.212
-433.315
-279.596
-278.577
-279.833
-309.922
-311.749
-316.813
-306.327
-309.923
-320.351
-327.261
-325.93
-327.681
-334.73
-333.206
-335.808
-139.615
-140.585
-145.387
-113.014
-112.578
-113.17
67.7466
68.9814
68.361
80.4339
82.5381
82.8415
690.42
720.631
725.727
818.807
898.409
976.521
863.979
946.663
1017.56
178.18
179.427
183.15
175.948
175.695
177.196
-268.747
-265.843
-276.916
-288.693
-291.463
-303.306
-269.744
-273.817
-297.646
-293.152
-296.08
-311.05
-237.707
-237.706
-238.994
-200.209
-200.119
-201.204
-154.026
-154.097
-154.881
-195.869
-196.368
-197.72
-149.613
-150.181
-151.296
237.897
229.368
219.528
-299.252
-289.238
-304.674
-315.484
-318.815
-359.586
-158.659
-159.178
-159.863
-208.954
-208.965
-209.653
-204.112
-204.655
-205.68
-153.825
-154.664
-155.857
-151.416
-155.012
-161.291
-35.613
-9.77104
-119.934
45.0388
36.1549
-63.7907
275.21
271.485
-223.78
-1.5673
-2.19281
-4.9301
37.3205
38.5493
39.7606
44.3191
47.3965
52.9319
52.4898
52.5111
53.0202
169.511
171.868
174.667
177.516
176.175
175.803
-462.404
-466.99
-489.362
-363.686
-363.425
-364.949
-373.832
-371.798
-374.562
-394.358
-396.541
-402.511
149.02
146.961
146.223
-152.899
-134.505
-180.245
-9.31358
-8.91423
-8.89687
44.9345
53.4471
-41.638
-4.34446
-4.78683
-54.607
-33.3457
-33.3474
-33.5553
9.15799
9.5318
8.5875
-26.7956
-27.0976
-27.5083
-19.9063
-19.9745
-20.4857
-157.878
-155.731
-193.434
-280.833
-277.692
-286.4
-285.332
-286.493
-306.35
-265.094
-257.671
-285.049
-260.064
-251.815
-265.113
-229.235
-232.459
-242.637
-220.445
-220.055
-224.093
-171.552
-170.645
-172.422
-134.098
-133.737
-136.318
17.4292
17.7458
17.9002
-3.78359
-3.34216
-3.07607
12.1431
12.2624
12.4807
56.3091
56.464
56.835
166.222
170.686
176.628
179.85
177.609
176.353
-248.244
-237.672
-255.688
-244.281
-232.086
-262.058
-468.123
-467.759
-472.515
-464.112
-465.87
-484.366
-478.539
-483.445
-496.032
-414.944
-412.531
-416.675
-396.89
-397.128
-399.415
-176.657
-176.362
-177.579
154.251
148.528
141.459
95.6428
94.678
93.041
180.317
186.188
195.685
175.735
175.359
176.191
134.009
138.919
147.898
124.044
125.275
127.735
137.196
138.786
143.701
139.064
138.62
140.599
-263.947
-262.178
-267.112
128.131
127.897
126.488
122.423
122.562
122.409
-282.121
-280.93
-285.441
-260.44
-258.29
-268.08
-291.013
-289.466
-295.863
-303.666
-301.58
-305.274
-305.592
-303.774
-310.562
-318.67
-320.777
-325.845
-314.591
-314.976
-317.701
-305.662
-305.043
-308.463
-308.896
-309.651
-313.344
-325.956
-332.271
-349.233
-323.464
-323.496
-330.6
-246.171
-244.58
-246.411
-252.887
-251.407
-254.27
-282.47
-281.2
-283.541
-277.629
-277.279
-279.298
-289.696
-288.325
-292.483
-298.921
-300.358
-310.229
-234.565
-234.38
-236.308
-205.528
-204.935
-206.193
-159.021
-158.611
-159.422
-192.686
-194.207
-197.967
-146.424
-148.43
-152.887
143.62
145.647
146.033
135.67
136.451
135.334
-297.162
-280.401
-303.628
-265.241
-270.079
-298.985
-315.802
-313.386
-327.379
-265.605
-265.981
-267.414
-271.472
-271.364
-272.197
-163.666
-163.687
-164.211
-260.706
-261.763
-264.406
-258.092
-262.169
-272.358
-214.969
-214.727
-215.508
-200.433
-202.481
-206.916
182.642
170.914
148.815
90.5924
90.3139
89.736
105.872
105.974
105.828
100.916
100.819
100.311
655.66
671.796
655.792
248.462
240.864
116.418
137.743
131.702
67.5793
-12.0825
-15.1741
-21.3509
30.6521
31.3296
31.6217
22.4629
23.191
23.3493
46.7204
47.2835
49.3154
49.0438
48.9182
49.695
173.752
176.694
180.519
176.364
175.709
176.035
-452.659
-448.396
-455.053
-383.085
-382.462
-388.239
-392.946
-397.82
-412.175
109.914
117.921
126.791
117.734
119.889
124.038
140.172
140.22
140.818
-146.132
-127.486
-194.03
-133.06
-97.3484
-167.999
-15.5381
-15.3976
-15.5849
-22.9446
-22.5154
-22.5626
111.073
111.171
111.121
116.543
116.616
116.555
-40.0232
-39.812
-40.0175
-48.1422
-48.0294
-48.4504
29.2597
29.7732
29.3371
19.209
19.585
19.0509
-279.445
-276.212
-281.232
-281.494
-275.832
-285.905
-256.795
-250.795
-259.232
-291.478
-289.714
-293.814
-307.137
-307.358
-320.196
-310.02
-312.334
-328.641
-311.575
-309.905
-313.345
-311.936
-311.124
-313.718
-314.869
-314.909
-322.773
-317.625
-324.412
-343.309
-318.986
-318.164
-320.712
-270.028
-273.5
-284.556
-261.605
-261.783
-268.037
-273.1
-276.293
-284.209
-274.17
-274.757
-277.027
-308.631
-306.904
-310.327
-311.077
-310.885
-314.568
-305.275
-304.583
-307.871
-304.419
-307.498
-318.747
-231.639
-232.73
-237.104
-211.988
-210.917
-212.757
-164.65
-163.84
-164.91
-189.682
-192.579
-201.934
-141.902
-143.897
-149.944
2.27518
3.16474
4.5877
7.26983
7.53545
8.06464
60.7363
61.3527
61.8825
157.286
161.445
166.522
181.92
175.432
166.598
-237.478
-223.761
-274.131
-355.666
-358.279
-394.233
-342.354
-330.029
-343.167
-357.521
-353.789
-373.489
-354.147
-351.504
-359.591
-462.654
-460.358
-465.367
-461.405
-458.461
-466.424
-406.857
-404.722
-407.11
-401.083
-400.083
-402.068
-169.443
-169.157
-169.845
-238.702
-237.663
-239.319
-248.349
-248.396
-252.249
-222.601
-222.188
-222.784
-230.897
-229.895
-230.926
-195.112
-197.005
-203.028
167.952
164.003
159.242
818.864
887.102
939.748
)
;

boundaryField
{
    topAndBottom
    {
        type            calculated;
        value           nonuniform List<scalar> 
72
(
33.2171
-46.6806
32.9888
-47.06
32.4986
-47.873
31.8578
-48.9081
31.121
-50.0482
30.337
-51.1799
29.5752
-52.1593
28.9124
-52.8326
28.4165
-53.0621
28.1319
-52.749
28.0661
-51.8576
28.186
-50.429
28.4272
-48.5686
28.713
-46.4166
28.9735
-44.12
29.1577
-41.8147
29.2366
-39.5819
29.2009
-37.4873
29.0548
-35.5739
28.8113
-33.8573
28.4876
-32.336
28.1014
-30.9992
27.6695
-29.8311
27.2071
-28.8131
26.7268
-27.9254
26.2391
-27.1496
25.7524
-26.4677
25.2731
-25.8631
24.8064
-25.3212
24.356
-24.8281
23.9246
-24.3715
23.5148
-23.9406
23.1272
-23.5227
22.7697
-23.1171
22.4187
-22.676
22.1792
-22.3491
)
;
    }
    inlet
    {
        type            calculated;
        value           nonuniform List<scalar> 
24
(
32.3044
31.1256
30.0816
29.4292
29.1131
29.2413
29.7874
30.772
31.8563
32.8047
32.6389
30.3191
25.0799
17.1246
7.57471
-2.22067
-11.209
-19.0993
-25.7445
-31.2875
-35.8724
-39.7403
-42.8913
-45.7679
)
;
    }
    outlet
    {
        type            calculated;
        value           nonuniform List<scalar> 
24
(
20.9947
19.1726
17.3504
15.525
13.6963
11.8673
10.0401
8.21465
6.38917
4.5637
2.73822
0.912754
-0.912751
-2.73822
-4.5637
-6.38917
-8.21465
-10.0401
-11.8656
-13.6911
-15.5166
-17.342
-19.1675
-20.993
)
;
    }
    wing
    {
        type            calculated;
        value           nonuniform List<scalar> 
375
(
-555.76
-591.337
-552.923
-546.444
-101.709
-191.183
-261.072
-251.761
-106.189
139.76
-240.671
-528.7
-536.267
-565.984
-569.992
-532.122
-528.361
87.8905
80.4419
257.796
341.937
-467.11
-414.623
-445.789
-554.025
-561.954
-562.916
-542.395
-373.152
-135.698
-87.9386
79.4866
78.4644
38.888
-339.075
-365.422
-330.457
-346.881
-325.459
-336.925
-329.642
-343.188
-354.449
-376.371
-347.707
-331.917
-359.245
-354.703
-368.235
-349.042
-182.921
-125.612
81.5483
-424.339
-389.334
-400.821
-579.399
-522.536
-586.089
-563.939
-522.117
-524.607
-287.516
-315.942
-300.137
-351.165
-319.828
-187.469
-129.868
-120.847
51.2157
97.3075
-502.852
-496.161
-547.416
-525.904
-537.156
-565.656
-575.923
-473.067
-475.504
-546.578
-490.786
-473.646
-57.0554
-62.9637
-97.3257
-51.1771
-45.2853
-141.054
-92.2259
-87.7106
-233.182
-208.992
-242.18
-111.491
176.036
-195.891
-505.384
-533.135
-560.337
-569.773
-611.566
-513.421
-517.753
-457.475
-98.3473
-105.689
224.934
-2.10622
85.2602
82.8025
-441.428
-419.972
-438.338
-507.078
-495.285
-543.722
-511.006
-518.268
-557.674
-587.006
-490.409
-479.839
-576.873
-445.491
-454.415
-361.312
-358.039
-77.7963
-70.1002
-99.8062
-33.9828
-39.5379
-28.2258
76.4173
76.8451
-142.66
-58.0043
-66.3972
-76.0725
-223.206
-228.023
-208.504
-236.442
-250.402
-295.912
-338.309
-345.873
-331.56
-335.76
-354.647
-340.466
-353.849
-374.196
-362.925
-350.077
-333.271
-339.837
-347.311
-347.866
-336.529
-118.127
65.9807
-395.264
-430.73
-417.146
-517.363
-496.632
-540.027
-537.941
-591.754
-579.707
-508.15
-519.312
-441.857
-439.813
-433.309
-279.825
-316.806
-320.344
-327.674
-335.801
-145.379
-113.162
68.3709
82.8515
725.721
976.518
1017.56
183.139
177.185
-276.924
-303.314
-297.654
-311.057
-239.002
-201.212
-154.89
-197.728
-151.304
219.538
-304.667
-359.579
-159.855
-209.645
-205.672
-155.848
-161.283
-119.942
-63.7993
-223.777
-4.92058
39.7509
52.9222
53.0104
174.656
175.792
-489.356
-364.942
-374.555
-402.504
146.234
-180.254
-8.90615
-41.6301
-54.5991
-33.546
8.59708
-27.499
-20.4763
-193.442
-286.408
-306.358
-285.057
-265.121
-242.645
-224.101
-172.43
-136.327
17.8907
-3.0854
12.4712
56.8252
176.617
176.342
-255.68
-262.05
-472.509
-484.36
-496.026
-416.669
-399.408
-177.571
141.47
93.0307
195.674
176.18
147.908
127.746
143.711
140.609
-267.12
126.478
122.398
-285.449
-268.088
-295.871
-305.282
-310.569
-325.853
-317.708
-308.471
-313.352
-349.24
-330.607
-246.419
-254.277
-283.548
-279.305
-292.49
-310.237
-236.316
-206.201
-159.43
-197.975
-152.896
146.022
135.324
-303.621
-298.978
-327.372
-267.407
-272.19
-164.203
-264.399
-272.35
-215.5
-206.908
148.825
89.7258
105.818
100.301
655.798
116.426
67.5871
-21.3415
31.6121
23.3398
49.3057
49.6853
180.509
176.024
-455.047
-388.233
-412.168
126.802
124.048
140.829
-194.038
-168.008
-15.5942
-22.5717
111.111
116.545
-40.0083
-48.4412
29.3469
19.0605
-281.24
-285.913
-259.24
-293.821
-320.204
-328.649
-313.352
-313.726
-322.78
-343.316
-320.719
-284.563
-268.045
-284.216
-277.034
-310.334
-314.575
-307.878
-318.754
-237.112
-212.765
-164.918
-201.942
-149.953
4.57833
8.05523
61.8727
166.511
166.587
-274.124
-394.226
-343.16
-373.482
-359.584
-465.361
-466.418
-407.104
-402.061
-169.836
-239.311
-252.241
-222.776
-230.919
-203.02
159.253
939.752
)
;
    }
    front
    {
        type            empty;
    }
    back
    {
        type            empty;
    }
}


// ************************************************************************* //
