/*--------------------------------*- C++ -*----------------------------------*\
| =========                 |                                                 |
| \\      /  F ield         | OpenFOAM: The Open Source CFD Toolbox           |
|  \\    /   O peration     | Version:  5.x                                   |
|   \\  /    A nd           | Web:      www.OpenFOAM.org                      |
|    \\/     M anipulation  |                                                 |
\*---------------------------------------------------------------------------*/
FoamFile
{
    version     2.0;
    format      ascii;
    class       volScalarField;
    location    "400";
    object      p;
}
// * * * * * * * * * * * * * * * * * * * * * * * * * * * * * * * * * * * * * //

dimensions      [0 2 -2 0 0 0 0];

internalField   nonuniform List<scalar> 
6584
(
20.9982
19.1737
17.3488
15.5242
13.6996
11.8751
10.0507
8.22673
6.40304
4.57927
2.75492
0.929398
-0.89769
-2.72621
-4.55556
-6.3851
-8.21429
-10.043
-11.8714
-13.6994
-15.5272
-17.3542
-19.1804
-21.0056
20.9997
19.1781
17.3544
15.5301
13.7058
11.8803
10.0535
8.22808
6.40419
4.5807
2.75664
0.931295
-0.89585
-2.72467
-4.55442
-6.38476
-8.21531
-10.0456
-11.8758
-13.7051
-15.5332
-17.3603
-19.1852
-21.0068
21.0001
19.1813
17.361
15.5383
13.7143
11.8889
10.06
8.23103
6.40586
5.03809
3.21538
1.39114
-0.435562
-2.26485
-4.09571
-6.38849
-8.22357
-10.0559
-11.8861
-13.7146
-15.5415
-17.3666
-19.1881
-21.0078
21.0001
19.1819
17.3633
15.5434
13.7211
11.8968
10.0682
8.23781
6.40998
5.04038
3.2194
1.39692
-0.429555
-2.26139
-4.10085
-5.93955
-8.23956
-10.07
-11.8977
-13.7241
-15.5485
-17.3701
-19.1895
-21.0086
20.9997
19.1817
17.3635
15.5452
13.7253
11.9027
10.0773
8.25263
6.87509
5.04518
3.22502
1.40521
-0.420528
-2.26518
-4.12005
-5.96347
-7.79639
-10.0828
-11.9079
-13.7316
-15.5527
-17.3721
-19.1907
-21.0093
20.9993
19.1814
17.3632
15.5451
13.7267
11.9068
10.0858
8.71979
6.89655
5.0728
3.47039
1.64791
-0.1735
-2.04898
-4.14405
-5.98242
-7.81049
-10.0936
-11.9164
-13.7367
-15.5554
-17.3737
-19.1918
-21.01
20.9989
19.1809
17.3628
15.5446
13.7263
11.9075
10.088
8.722
6.90294
5.08748
3.50422
1.80226
-0.0130356
-2.07172
-3.9378
-6.00189
-7.82499
-10.1033
-11.9226
-13.7402
-15.5577
-17.3752
-19.1928
-21.0106
20.9985
19.1804
17.3622
15.5439
13.7254
11.9064
10.0874
8.72222
6.90007
5.07921
3.49192
1.80829
-2.02582
-3.975
-6.02189
-7.83798
-10.1097
-11.9267
-13.7429
-15.5596
-17.3764
-19.1937
-21.0111
20.9982
19.18
17.3617
15.5432
13.7243
11.9047
10.0848
8.71951
6.89351
5.06318
3.45799
1.71923
-2.14264
-4.01524
-6.03756
-7.84507
-10.1117
-11.9283
-13.7447
-15.5609
-17.3773
-19.1942
-21.0112
20.9979
19.1796
17.3613
15.5425
13.7235
11.9037
10.083
8.71621
6.88676
5.05157
3.43693
1.68145
-2.19377
-4.03656
-6.04398
-7.84695
-10.1097
-11.9261
-13.7438
-15.5611
-17.3775
-19.1943
-21.0111
20.9978
19.1793
17.3609
15.5421
13.7231
11.9032
10.0824
8.71464
6.88466
5.05049
3.43816
1.69506
-2.16832
-4.02627
-6.03635
-7.84093
-10.1035
-11.9201
-13.7392
-15.5592
-17.3772
-19.194
-21.0108
20.9978
19.1793
17.3608
15.5421
13.7231
11.9036
10.0829
8.71497
6.88706
5.0581
3.45571
1.73807
-2.09713
-3.992
-6.01709
-7.82775
-10.0933
-11.9114
-13.7316
-15.5538
-17.3749
-19.1933
-21.0101
20.9979
19.1794
17.361
15.5424
13.7236
11.9047
10.0845
8.71702
6.8919
5.06866
3.4766
1.78446
-2.02164
-3.94934
-5.99201
-7.80993
-10.0796
-11.9
-13.722
-15.5459
-17.3708
-19.192
-21.0092
20.998
19.1796
17.3613
15.5428
13.7243
11.9059
10.0861
8.26396
6.89603
5.07396
3.48205
1.77699
0.0608184
-2.06834
-3.91037
-5.96414
-7.78974
-10.0632
-11.8866
-13.7106
-15.5377
-17.365
-19.1889
-21.008
20.9982
19.1797
17.3615
15.5431
13.7248
11.9064
10.0855
8.2595
6.89175
5.0577
3.4598
1.64724
-0.172972
-2.0337
-4.10676
-5.94092
-8.22564
-10.0518
-11.8777
-13.7024
-15.5302
-17.3573
-19.1823
-21.0053
20.9983
19.1798
17.3616
15.5432
13.7248
11.9059
10.0829
8.2513
6.8758
5.04934
3.22868
1.63523
-0.194905
-2.25878
-4.09814
-5.93257
-8.21891
-10.046
-11.872
-13.7
-15.5259
-17.3517
-19.1768
-21.0024
20.9984
19.1799
17.3614
15.5429
13.7243
11.9042
10.0785
8.24609
6.41548
5.04748
3.22417
1.39907
-0.425887
-2.26055
-4.09614
-5.92768
-8.21259
-10.0394
-11.8665
-13.6945
-15.5216
-17.348
-19.1753
-21.0009
20.9984
19.1798
17.3612
15.5424
13.7232
11.9011
10.0731
8.24153
6.41381
4.59014
3.22104
1.39682
-0.433961
-2.26284
-4.55101
-6.38077
-8.20873
-10.0359
-11.863
-13.6905
-15.5173
-17.3441
-19.1715
-20.9988
20.9984
19.1795
17.3607
15.5417
13.722
11.8978
10.0678
8.23829
6.41198
4.58793
2.75986
0.937407
-0.890626
-2.72353
-4.54966
-6.37908
-8.2064
-10.0336
-11.8605
-13.6876
-15.5144
-17.3415
-19.1684
-20.9968
20.9983
19.1792
17.3602
15.5409
13.7208
11.8951
10.0644
8.2366
6.41067
4.58649
2.75895
0.934972
-0.892461
-2.72289
-4.54889
-6.37784
-8.20462
-10.0318
-11.8584
-13.6854
-15.5123
-17.3393
-19.166
-20.9953
20.9981
19.1789
17.3595
15.54
13.7195
11.8931
10.0622
8.23538
6.40971
4.58532
2.75812
0.93299
-0.894077
-2.7227
-4.54855
-6.37691
-8.20331
-10.0304
-11.8568
-13.6836
-15.5105
-17.3374
-19.164
-20.994
20.9979
19.1785
17.3588
15.539
13.7182
11.8917
10.0608
8.23441
6.40867
4.58435
2.75736
0.931885
-0.894904
-2.72272
-4.54842
-6.37629
-8.20238
-10.0294
-11.8556
-13.6823
-15.5091
-17.3359
-19.1623
-20.9928
20.9977
19.178
17.3581
15.5381
13.717
11.8905
10.0596
8.23324
6.40776
4.58358
2.75685
0.931174
-0.895429
-2.72272
-4.54835
-6.37582
-8.20169
-10.0286
-11.8546
-13.6812
-15.5079
-17.3345
-19.1608
-20.9919
20.9974
19.1776
17.3574
15.5371
13.7158
11.8892
10.0585
8.23217
6.40695
4.58277
2.75645
0.930672
-0.895805
-2.72273
-4.54831
-6.37544
-8.20119
-10.0279
-11.8538
-13.6804
-15.5069
-17.3334
-19.1597
-20.9911
20.9972
19.1771
17.3566
15.5361
13.7146
11.8881
10.0575
8.23117
6.40603
4.58196
2.75612
0.930292
-0.896067
-2.72273
-4.54827
-6.37516
-8.20078
-10.0274
-11.8531
-13.6797
-15.5061
-17.3325
-19.1586
-20.9904
20.9969
19.1766
17.3559
15.5352
13.7134
11.887
10.0566
8.23023
6.4051
4.5812
2.75532
0.929608
-0.896622
-2.72298
-4.54846
-6.37512
-8.20069
-10.0272
-11.853
-13.6795
-15.5056
-17.3318
-19.1578
-20.9898
20.9966
19.1762
17.3552
15.5344
13.7124
11.886
10.0557
8.22941
6.40421
4.57978
2.7539
0.928249
-0.897818
-2.72401
-4.54947
-6.37596
-8.20147
-10.0279
-11.8536
-13.6799
-15.5058
-17.3319
-19.1578
-20.9896
20.9963
19.1757
17.3546
15.5335
13.7113
11.885
10.0549
8.2286
6.40296
4.57801
2.7522
0.926518
-0.899519
-2.72562
-4.55105
-6.37739
-8.20285
-10.0292
-11.8548
-13.681
-15.5068
-17.3329
-19.1587
-20.9899
20.9961
19.1752
17.354
15.5327
13.7104
11.8841
10.0542
8.22741
6.40131
4.57631
2.75052
0.92483
-0.901181
-2.7272
-4.5526
-6.37882
-8.20423
-10.0305
-11.856
-13.6822
-15.5079
-17.3339
-19.1597
-20.9903
20.9958
19.1748
17.3534
15.532
13.7095
11.8831
10.053
8.22573
6.39969
4.57463
2.74888
0.923178
-0.902806
-2.72875
-4.55414
-6.38023
-8.20562
-10.0318
-11.8573
-13.6834
-15.509
-17.3349
-19.1606
-20.9906
20.9956
19.1744
17.3528
15.5313
13.7086
11.8817
10.0511
8.22406
6.39806
4.57295
2.74725
0.921555
-0.904404
-2.73028
-4.55565
-6.38166
-8.20702
-10.0331
-11.8585
-13.6845
-15.5101
-17.336
-19.1616
-20.991
20.9954
19.1741
17.3523
15.5306
13.7071
11.8793
10.0491
8.22238
6.39644
4.57131
2.74564
0.919951
-0.90598
-2.73179
-4.55715
-6.38305
-8.2084
-10.0344
-11.8598
-13.6857
-15.5112
-17.3371
-19.1627
-20.9914
20.9952
19.1737
17.3518
15.5296
13.7046
11.8765
10.0471
8.2207
6.39484
4.56966
2.74404
0.918369
-0.907538
-2.73329
-4.55862
-6.38447
-8.20978
-10.0357
-11.8611
-13.6869
-15.5124
-17.3382
-19.1638
-20.9918
20.995
19.1734
17.3513
15.528
13.7016
11.8736
10.0451
8.21902
6.39324
4.56803
2.74243
0.916802
-0.909085
-2.73476
-4.56009
-6.38586
-8.21116
-10.037
-11.8623
-13.6882
-15.5136
-17.3393
-19.1648
-20.9922
20.9949
19.1731
17.3509
15.5265
13.6989
11.8709
10.0431
8.21733
6.3916
4.56637
2.74081
0.915258
-0.910615
-2.7362
-4.56155
-6.38721
-8.21255
-10.0383
-11.8636
-13.6894
-15.5148
-17.3405
-19.1659
-20.9925
20.9948
19.1729
17.3506
15.5255
13.697
11.8686
10.0412
8.21565
6.39004
4.56472
2.73918
0.913711
-0.912152
-2.73762
-4.56299
-6.3886
-8.21394
-10.0396
-11.865
-13.6906
-15.516
-17.3416
-19.1671
-20.993
1.72788
-1.91407
-1.79398
1.68314
-1.97998
-1.92746
1.69115
-1.95914
-1.98216
1.73182
-1.88617
-1.95176
1.77994
-1.80382
-1.87575
1.79028
0.187188
0.0659058
-1.73528
-1.79424
1.81768
0.217067
-1.77683
-1.70909
3.46617
1.9621
2.03101
-1.03511
-0.890622
-2.13082
-3.55974
-3.52043
3.44005
1.91965
1.95419
1.69857
0.921928
0.949132
-1.2067
-1.16392
-2.19141
-3.59383
-3.57114
3.43589
1.92502
1.91805
1.68115
0.905756
0.903333
-1.24313
-1.24863
-2.17531
-3.5901
-3.59661
3.45045
1.96104
1.9285
1.70904
0.955348
0.931679
-1.12968
-1.1829
-2.10677
-3.55471
-3.58345
-1.00272
-1.07843
-2.0306
-3.50682
-3.54316
-0.903853
-0.944941
1.65122
0.162899
0.177683
-0.0646307
-1.56624
-1.72722
0.953943
1.00415
1.75953
0.8854
0.833002
0.993316
0.89525
-1.1605
-1.07608
-1.86736
-1.15629
-1.2137
0.904065
0.918532
1.69351
0.829611
0.811874
0.82856
0.8309
-1.24423
-1.21208
-1.96528
-1.26654
-1.28463
-1.21652
-1.2627
-1.95789
0.928376
0.90839
1.68276
0.815676
0.840371
0.812235
0.813418
-1.1884
-1.23905
-1.97628
-1.27864
-1.24471
-1.28767
-1.28229
-1.97987
0.842741
0.87252
0.842764
0.838901
-1.08172
-1.12828
-1.91598
-1.18346
-1.16561
-1.24023
-1.18544
-1.92563
0.919835
0.947269
0.876997
0.91495
-0.9512
-0.996312
-1.15936
-1.11474
-1.84416
0.967718
0.939713
0.949591
0.966202
-0.852481
-0.899619
1.77162
1.01434
1.10083
-0.541095
-0.388543
3.47178
2.00413
1.96664
1.75739
1.02671
0.991462
-0.493053
-0.517661
-1.96556
-3.46181
-3.49476
0.615789
0.491799
-1.01296
-1.142
-1.84927
0.987092
0.959119
1.71437
0.421979
0.440299
0.522535
0.535135
0.437904
0.466816
-0.521526
-0.54476
-1.83395
-1.10838
-1.06469
0.53665
0.544506
-1.05874
-1.01897
-1.76666
0.222963
0.953882
1.00554
-0.872068
-0.745857
0.0956375
-0.56871
-0.977627
-0.619276
-0.458923
-0.60044
-0.956515
-1.18558
-1.18736
-1.25731
-1.25713
-1.15847
-1.15616
-1.02156
-0.629562
-1.0538
-0.468643
-0.490622
-0.575928
-0.552281
-0.926282
0.425127
0.858053
0.461761
0.481913
0.463652
0.850487
0.485031
0.5443
0.934575
0.477375
0.424104
-1.12584
-1.12137
0.81548
0.815564
0.842586
0.841598
-1.21799
-1.2149
-1.25789
-1.60799
-1.59787
-1.61881
-1.6109
-1.26098
-1.23717
-1.57384
-1.55441
-1.59383
-1.57921
-1.23776
0.827801
0.829654
0.810189
0.810849
-1.20094
-1.20565
-1.24774
-1.6057
-1.61635
-1.58714
-1.60138
-1.24347
-1.29597
-1.62365
-1.62066
-1.61908
-1.62339
-1.29597
0.42589
0.854541
0.477934
0.457057
0.49603
0.476229
0.85875
0.82324
0.460724
0.826899
-1.10453
-1.10687
-1.21257
-1.56549
-1.58151
-1.54315
-1.56006
-1.21137
0.498484
0.520146
0.893024
0.522333
0.495982
0.553032
0.527184
0.89872
0.471549
0.496277
-0.97027
-0.60123
-0.579395
-0.622287
-0.600734
-0.976911
-0.538192
0.52733
0.537749
0.195279
0.54553
0.525151
-0.0163283
-0.41642
-0.46613
-0.0495553
3.48607
2.13081
2.00831
1.79541
1.1303
1.11753
-0.0297299
-0.741338
-0.788231
0.427573
1.05777
1.03131
1.76358
0.302847
0.297346
0.171795
0.523137
0.505006
0.306458
0.319424
-0.365866
-0.402128
0.0330128
0.310794
0.621726
0.628427
-0.366832
-0.273086
0.17655
0.931391
1.29172
1.28086
-1.1899
-1.02774
-1.17225
0.902659
1.26474
1.26596
1.2656
1.26352
0.902405
-1.25186
-1.25337
-1.14258
-1.16237
-0.22828
-0.231644
-0.920345
-0.549552
-0.557516
0.882308
0.872434
0.200835
0.949397
0.556497
0.66658
-1.14362
-0.986969
-1.02083
-1.19597
-1.5113
-1.47725
-1.54691
-1.52037
-1.20659
0.907412
1.27038
1.26536
1.27911
1.27109
0.908991
0.821005
0.626679
0.654026
0.622287
0.621611
0.813722
0.656759
0.656399
0.835856
-1.23528
-1.2058
-1.26247
-1.42016
-1.39249
-1.44157
-1.43562
-1.27603
1.26814
1.27212
0.917103
0.82141
0.644529
0.621685
0.810702
0.621555
0.622498
0.617005
0.61618
0.811587
-1.18647
-1.22669
-1.26686
-1.43091
-1.43681
-1.37071
-1.40639
-1.24392
-1.29285
-1.44608
-1.44188
-1.4397
-1.44335
-1.29062
-1.09097
-0.917937
-0.916328
-0.982712
-0.963947
-1.1206
-1.19188
-1.52002
-1.53738
-1.49686
-1.51407
-1.18577
0.933438
0.573949
0.555517
0.617319
0.607731
0.937283
0.327608
0.328875
0.957457
0.626852
0.620461
0.329381
0.32814
-0.22292
-0.222102
-0.486284
-0.156979
-0.46226
-0.273553
-0.504688
-0.333217
-0.309584
-0.344745
-0.509362
0.555834
0.380415
0.482239
0.357923
0.536175
0.414072
0.424772
0.314239
0.306235
0.528868
0.35875
0.361641
0.359895
0.35666
0.529686
0.434774
0.44076
-0.529228
-0.529997
0.540807
0.373998
0.366783
0.316409
0.310765
-0.66433
-0.817789
-0.777664
-0.860494
-0.829543
-0.684925
-1.18516
-1.17702
-1.25404
-1.25606
-1.14836
-1.15658
-0.663431
-0.815509
-0.825819
-0.8027
-0.81373
-0.658487
-0.83527
-0.857953
-0.830609
-0.831865
-0.47789
-0.296681
-0.28954
-0.316643
-0.298226
-0.480521
-0.23707
-0.268358
0.452828
0.649567
0.640108
0.672632
0.654146
0.453662
0.618112
0.619819
0.635514
0.619577
0.510716
0.698362
0.678143
0.452106
0.447085
-0.969454
-0.979987
-1.13998
-0.927381
-0.891415
-0.870185
-0.916511
-0.898251
-1.10315
-0.949148
-0.962211
0.619026
0.621294
0.819532
0.560745
0.559146
0.598836
0.563231
0.562164
0.563439
0.560109
0.563052
0.813505
0.621743
0.619744
0.594832
0.588725
0.619872
0.603299
0.596272
0.60037
0.590199
0.594615
0.83654
0.655768
0.654161
-1.23246
-1.20761
-1.42625
-1.42038
-1.25776
-1.27298
-1.43477
-1.42736
0.651254
0.647172
0.823839
0.593027
0.593591
0.549978
0.588061
0.585488
0.597158
0.592392
0.587658
0.619758
0.621382
0.811188
0.562415
0.560094
0.56387
0.562503
0.555529
0.551868
0.559543
0.557207
0.81064
0.61728
0.619156
-1.18759
-1.22057
-1.42001
-1.4275
-1.26167
-1.23935
-1.40923
-1.41648
-1.44764
-1.44569
-1.29461
-1.29267
-1.44553
-1.44638
0.425732
0.461532
0.645257
0.651485
0.634089
0.64197
0.44906
0.489693
0.665122
0.641216
0.653712
0.661843
0.482093
0.613411
0.612295
0.606166
0.612976
0.469308
0.62699
0.632612
0.613087
0.624275
0.463961
-0.942682
-0.924453
-1.09493
-0.875163
-0.90195
-0.861935
-0.865575
-0.906251
-1.11604
-0.954406
-0.936797
0.505169
0.330147
0.334907
0.357966
0.330363
0.50855
0.314929
0.480813
0.337941
0.485113
-0.621033
-0.79122
-0.799314
-0.776737
-0.787697
-0.6129
-0.560281
-0.571257
0.331843
0.344985
0.314771
0.328598
-0.199157
-0.221437
-2.01156
-3.50766
-3.47695
-1.75838
-1.06887
-1.03677
0.361448
0.492768
0.479822
-0.0205383
0.0221485
0.292986
-1.74145
-1.00054
-0.996415
1.30856
1.29452
0.935051
-1.20079
-1.15895
-1.16578
-1.24755
-1.2502
1.28438
1.29182
0.941067
-1.14187
-1.134
-1.17633
-0.913651
-0.89658
-1.06767
0.971432
1.33035
1.31264
0.680004
0.682873
0.837737
-0.920378
-0.942846
-1.09763
0.851346
0.665682
0.678884
-1.24071
-1.17305
-1.17912
-1.21562
-1.34126
-1.33882
-1.2816
-1.38791
-1.38167
-1.2482
0.919674
1.27497
1.28112
0.65824
0.649586
0.835177
-1.19229
-1.15419
-1.1481
-1.23519
-1.27503
-1.33384
-1.33678
-1.2896
-1.3453
-1.34348
-1.3397
-1.34233
-1.28589
0.817364
0.670371
0.662965
-1.22394
-1.36188
-1.36792
-1.14005
-1.47326
-1.49095
0.215018
0.213103
0.63536
0.629002
0.959272
0.219947
0.217228
-0.551966
-0.534343
-0.884078
-0.528417
-0.478766
0.418089
0.388264
0.392009
0.441258
0.43517
0.379421
0.38393
0.411945
0.403424
0.460596
-0.498013
-0.488849
-0.540656
0.370905
0.372775
0.54135
-0.829738
-0.418615
-0.43914
-0.587961
-0.631641
-0.684603
-0.669767
-0.763094
-0.7467
-0.764728
-0.72519
-0.542574
-1.12951
-1.13282
-1.18321
-1.18601
-1.13231
-1.13454
-1.25875
-1.25725
-1.10454
-1.10235
-1.15759
-1.15305
-1.10012
-1.09909
-0.706242
-0.715331
-0.684374
-0.691034
-0.639184
-0.725061
-0.733821
-1.06421
-0.892837
-0.886314
0.426806
0.459615
0.517185
0.517389
0.546076
0.539625
0.477608
0.498896
0.502254
0.514301
0.497602
0.45802
0.698356
0.704192
0.518168
0.46543
0.40029
0.403483
0.426463
-0.79239
-0.781045
0.653822
0.659986
0.849547
0.50487
0.50741
-1.2222
-1.21201
-1.36596
-1.36021
-1.22847
-1.24382
-1.37555
-1.37056
0.833258
0.649619
0.651048
-1.19521
-1.21013
-1.35055
-1.35042
-1.2959
-1.29612
-1.35026
-1.35041
0.429233
0.478439
0.533224
0.534351
0.512703
0.511397
0.45279
0.674152
0.671854
0.820003
0.49614
0.492594
0.504198
0.510695
0.464397
0.51657
0.514915
0.488618
0.485735
-1.34988
-1.3553
-1.21892
-1.20111
-1.33851
-1.34475
0.504064
0.656286
0.664056
0.644253
0.64914
0.499018
-0.5903
-0.736475
-0.773733
-0.724091
-0.730502
-0.587946
-0.62019
-0.681001
-0.680885
-0.54143
-0.503027
-0.586486
0.187715
0.223851
0.236368
0.224644
0.552064
0.3824
0.373543
0.384992
0.383645
0.523468
-0.0627784
-0.0900289
-0.284916
-0.281428
-0.455427
0.398324
0.427171
0.364525
0.299277
0.296789
0.327575
0.328064
0.166506
0.319351
0.274934
0.271154
0.268448
0.272605
0.321114
0.101919
-0.153004
-0.188247
-0.329452
-0.0692124
-0.111364
-1.14735
-1.15279
-1.19516
-1.03147
-1.05974
-1.06305
-1.07098
-1.06436
-1.25059
-1.25144
-1.02808
-1.03576
-1.01385
-1.01992
-1.16917
-1.12542
-1.11727
-0.235739
-0.18149
-0.170984
-0.194012
-0.190003
-0.239628
-0.997215
-1.04167
-1.03446
-1.05911
-1.0508
-1.00922
-1.23756
-1.21435
-1.1809
-1.18047
-1.27869
-1.33645
-1.33395
-1.16499
-1.1598
-1.19217
-1.23233
-1.32711
-1.33068
-1.27153
-1.34806
-1.34666
-1.29113
-1.28869
-1.34458
-1.34626
-0.978749
-1.01835
-1.01213
-1.00974
-1.01572
-0.971475
0.211209
0.209617
0.224956
0.221664
0.329185
0.273514
0.275341
-0.119443
-0.121009
-0.220916
-0.157532
-0.166867
-0.162401
-0.15687
-0.219587
-0.433644
-0.450891
-0.508955
-0.376817
-0.194348
-0.273744
-0.23361
-0.339856
-0.315346
-0.246385
-0.322234
-0.379144
-0.387394
-0.373099
-0.374161
-0.313771
-0.359526
-0.394943
-0.398526
-0.396222
-0.40156
-0.354918
0.394128
0.461841
0.431867
0.377885
0.372593
0.394647
0.38726
0.414477
0.439176
0.393916
0.389187
0.311981
0.309259
0.414367
0.415941
0.361878
0.370942
0.374826
0.433389
0.359033
0.36454
0.344668
0.450792
0.379666
0.370048
-0.466966
-0.473475
-0.529254
-0.4266
-0.431833
-0.406728
-0.416884
-0.534277
-0.478862
-0.470584
0.313175
0.258972
0.263777
0.251042
0.254394
0.310749
-0.714317
-0.698704
-0.642868
-0.702677
-0.737587
-0.729037
-1.10324
-1.18209
-1.13557
-1.14152
-1.08565
-1.07857
-1.09892
-1.09297
-1.25676
-1.25764
-1.06003
-1.06704
-1.04406
-1.05235
-1.15364
-1.09654
-1.08947
-1.10989
-1.10359
-1.15306
-1.07199
-0.696676
-0.699367
-0.649339
-0.698406
-0.702713
-0.842212
-0.791592
-0.781554
-0.811493
-0.802317
-0.850587
-0.833114
-0.77751
-0.773608
-0.77411
-0.771386
-0.832305
-0.738676
-0.311606
-0.369938
-0.373282
-0.24661
-0.258021
0.421142
0.516267
0.51576
0.455537
0.461412
0.530011
0.521209
0.490924
0.494768
0.558504
0.556059
0.619102
0.490801
0.488814
0.39686
0.39594
0.456338
0.364372
0.431252
0.391272
0.397343
-0.975474
-1.02781
-1.02283
-1.03154
-1.03035
-0.974756
-0.946899
-0.937786
-0.883944
-0.833091
-0.847361
-0.820991
-0.825178
-0.877846
-0.906539
-0.859057
-0.866534
-0.899156
0.559461
0.558443
0.59345
0.543094
0.544697
0.531655
0.568251
0.562552
0.563049
0.561044
0.562077
0.589391
0.527696
0.530615
0.529956
0.52797
0.587953
0.618113
0.560676
0.56034
0.537496
0.556864
0.613119
0.507954
0.500057
0.597874
0.54212
0.540058
0.545917
0.544025
0.599317
0.591999
0.535075
0.532166
0.53779
0.535759
0.593142
-1.22677
-1.2083
0.594786
0.543188
0.545353
0.538859
0.540714
0.594628
0.553225
0.544447
0.536656
0.5705
0.58514
0.523755
0.527328
0.523427
0.521356
0.588967
0.59104
0.534994
0.536988
0.530617
0.533167
0.589573
0.562409
0.562036
0.564307
0.562716
0.554618
0.553331
0.559031
0.558993
-1.1901
-1.21515
-1.29575
-1.35017
-1.34924
-1.34793
-1.3493
-1.29472
0.430861
0.528024
0.531976
0.476148
0.449105
0.51329
0.519905
0.502845
0.499534
0.613037
0.554645
0.557017
0.610231
0.554886
0.5391
0.558295
0.558089
0.611701
0.509918
0.506181
0.514428
0.516726
0.467679
0.485618
0.500057
-0.939298
-0.994367
-0.996528
-0.983573
-0.989446
-0.9324
-0.885455
-0.89418
-0.856114
-0.824651
-0.820046
-0.858569
-0.945324
-0.996593
-1.00251
-0.995359
-0.994113
-0.938831
0.33042
0.38459
0.385527
0.38619
0.384938
0.331677
0.342522
0.403746
0.410825
0.38862
0.395019
0.332683
0.308862
0.366624
0.363765
0.367643
0.368446
0.340358
0.384637
0.386947
0.362612
0.368994
0.337169
-0.67782
-0.681162
-0.626015
-0.549686
-0.58115
0.20985
0.213158
0.321396
0.261582
0.250904
0.275971
0.273572
0.326178
0.22921
0.228158
-0.10222
-0.112849
3.23126
2.09568
2.31497
1.64269
0.278396
0.493674
-0.178984
-1.57117
-1.33858
-2.0425
-3.20537
-3.19428
5.08541
3.95399
4.16204
3.49994
2.13531
2.10137
1.68065
0.207685
0.284227
-0.0215354
-1.58673
-1.57864
-2.06082
-3.47
-3.44604
-3.9313
-5.07644
-5.06496
5.08467
3.94995
3.95603
3.49815
2.03898
2.1468
1.82757
1.16297
1.12819
0.0170793
-0.743865
-0.750434
-1.97234
-2.55767
-2.54463
-3.96521
-5.10107
-5.08773
5.07165
3.92454
3.94507
3.48405
3.0288
3.0392
1.79717
1.57316
1.58677
-2.07261
-2.74789
-2.71936
-4.00615
-5.12582
-5.11343
5.05622
3.90245
3.91786
3.45072
2.98735
2.99603
1.71142
1.4753
1.48369
-2.17043
-2.81634
-2.79386
-4.03429
-5.14403
-5.13646
5.04965
3.89784
3.89969
3.43517
2.97022
2.97177
1.68047
1.44292
1.44375
-2.19334
-2.83503
-2.83336
-4.03181
-5.14502
-5.14709
5.05356
3.90894
3.8995
3.44145
2.98006
2.97558
1.6993
1.46597
1.4611
-2.1439
-2.80082
-2.81695
-4.00205
-5.12727
-5.13816
5.06337
3.92626
3.91317
1.7445
1.51655
1.50907
-2.06792
-2.74091
-2.76438
-3.96007
-5.09853
-5.11364
5.07305
3.93918
3.93031
-1.9957
-2.57099
-2.5858
-3.91954
-5.06707
-5.08279
5.0681
4.1514
4.16162
3.46109
2.10271
2.11799
1.76872
1.096
1.10356
0.0308251
-0.307914
-0.35239
-2.03439
-3.42407
-3.45178
-4.11797
-5.03445
-5.05132
5.05138
4.14067
4.14372
3.23053
2.09324
2.10019
1.63777
0.267455
0.286112
-0.190668
-1.56969
-1.56772
-2.02952
-3.18027
-3.41857
-4.10056
-5.02032
-5.02463
3.22621
2.316
2.3184
1.39976
0.491969
0.262579
-0.422853
-1.34518
-1.57051
-2.2591
-3.17923
-3.17803
1.4932
1.50397
1.73758
-1.89883
-1.62879
-1.65275
-1.55905
-1.57983
-1.81205
1.44547
1.44813
1.68579
-1.97638
-1.71414
-1.72052
-1.65969
-1.67858
-1.93907
1.45658
1.45251
1.68781
-1.96574
-1.70326
-1.69197
-1.72154
-1.72309
-1.98289
1.50203
1.49559
1.72578
-1.89587
-1.6237
-1.66403
-1.6874
-1.67285
-1.94368
-1.81369
-1.5876
-1.57727
-1.65401
-1.6425
-1.8651
1.10818
1.13398
1.79768
0.160892
0.295311
0.288803
-0.0657331
-0.0950012
0.100167
-1.56708
-1.55672
-1.78466
1.11136
1.17284
1.82837
0.420964
0.452845
0.478068
0.900012
0.940432
0.263835
0.260377
0.353613
-1.76273
-1.52304
-1.53895
-0.993277
-0.993297
-1.73288
3.00615
3.01733
3.47509
1.99066
2.56053
2.54644
2.58854
2.57514
2.00099
-1.01794
-0.881658
-0.911398
-0.765239
-0.789951
-0.911385
-2.78648
-2.75737
-2.08824
-3.5471
-3.09712
-3.11328
-3.06375
-3.08013
-3.53379
2.97513
2.98035
3.44474
1.92991
2.51493
2.50893
2.53382
2.52325
1.93461
1.46161
1.46798
1.70463
0.92502
1.04498
1.0418
1.06923
1.06435
0.944782
-1.11518
-1.11531
-1.16634
-2.83308
-2.82026
-2.17732
-3.58843
-3.14958
-3.15627
-3.12781
-3.14009
-3.5809
2.97231
2.97043
3.43488
1.91825
2.5046
2.50735
2.50526
2.50386
1.91694
1.44414
1.44306
1.68046
0.90416
1.02575
1.02706
1.02486
1.02425
0.902788
-2.82291
-2.83173
-2.19054
-3.59465
-3.15765
-3.15214
-3.15985
-3.1603
-3.59697
2.99169
2.98554
3.44567
1.94553
2.52468
2.53248
2.51178
2.51766
1.94069
1.47693
1.47129
1.70404
0.944592
1.29533
1.30396
1.04931
1.05217
0.93438
-1.13253
-1.07065
-1.06887
-2.77244
-2.79338
-2.13495
-3.56551
-3.12246
-3.10959
-3.14414
-3.13417
-3.57523
-1.0091
-0.870401
-0.860661
-1.02312
-1.01956
-1.075
-2.60175
-2.61658
-2.05855
-3.51897
-3.06804
-3.05415
-3.09594
-3.08193
-3.53118
-0.909146
-0.794018
-0.788594
-0.831444
-0.824961
-0.938634
1.19872
1.09301
1.6538
0.190974
0.868436
0.860358
0.501804
0.497092
0.14653
-0.746643
-0.740314
-0.0389982
-1.57112
-0.977644
-1.09858
-1.02488
-0.985533
-1.70136
0.95911
1.0797
1.07423
1.3579
1.33603
0.97856
1.74804
1.51593
1.5293
0.874989
0.717802
0.73366
0.979424
0.869936
0.887296
0.774877
0.787403
0.906822
-1.15545
-1.10544
-1.1119
-1.02417
-1.03278
-1.08479
-1.64656
-1.66581
-1.88415
-1.17114
-1.27692
-1.26316
-1.33772
-1.32978
-1.22543
0.904995
1.02667
1.0256
1.03881
1.03576
0.914618
1.68915
1.45168
1.4562
0.826523
0.766225
0.769725
0.749215
0.749514
0.812889
0.771977
0.77361
0.833135
-1.70151
-1.71167
-1.97146
-1.26889
-1.31572
-1.3126
-1.22505
-1.35353
-1.3463
-1.31042
-1.30609
-1.25785
-1.94918
-1.68372
-1.69784
0.925178
1.04332
1.04624
1.02892
1.03096
0.911685
1.68492
1.449
1.44619
0.817147
0.755666
0.752341
0.780638
0.778295
0.838703
0.811257
0.748804
0.749124
0.749782
0.748376
0.812842
-1.71579
-1.70702
-1.97153
-1.29454
-1.29765
-1.24774
-1.9821
-1.72235
-1.71835
0.846833
0.701472
0.694553
0.755554
0.75175
0.868256
0.844539
0.784948
0.783081
0.69266
0.687064
0.835218
-1.08457
-1.02832
-1.02601
-1.07093
-1.07296
-1.12701
-1.6463
-1.62959
-1.90606
-1.1763
-1.31376
-1.31948
-1.27629
-1.28247
-1.17196
-1.2351
-1.2859
-1.2901
-1.32518
-1.33162
-1.19628
-1.93492
-1.66759
-1.65185
0.924613
0.813476
0.808363
0.837333
0.834231
0.944163
0.881987
0.76586
0.76025
0.803212
0.797765
0.909807
-0.957547
-0.844495
-0.837946
-0.85738
-0.848666
-0.989915
-1.1528
-1.26371
-1.27006
-1.44982
-1.46729
-1.13389
-1.85456
-1.63117
-1.62012
0.973446
0.646974
0.638002
0.612463
0.642266
0.969818
0.952694
0.84264
0.840029
-0.879417
-0.524677
-0.49651
1.5437
1.55856
1.78438
1.05009
1.38945
1.36531
1.36774
1.35107
1.0632
-0.312313
-0.343173
-0.412826
1.98927
2.55772
2.56543
2.54082
2.54935
1.98378
1.53126
1.52399
1.75098
1.01162
1.29725
1.30562
1.28003
1.28861
1.0064
-0.496023
-0.436094
-0.43352
-0.457994
-0.456956
-0.515026
-2.54395
-2.55724
-1.98785
0.596091
0.545728
0.569391
0.422051
0.433581
0.504724
-1.07016
-1.41441
-1.3795
-1.46564
-1.42742
-1.08986
-1.83063
-1.60228
-1.62479
0.974803
1.32121
1.27313
1.30767
1.31733
0.970861
1.71992
1.48906
1.48287
0.525566
0.470214
0.467791
0.477873
0.475331
0.532767
-0.526207
-0.468984
-0.462342
-1.60916
-1.59831
-1.82375
-1.08932
-1.42661
-1.44409
-1.35007
-1.42111
-1.08308
0.538609
0.482666
0.480439
0.487747
0.486659
0.543094
-1.04061
-1.32857
-1.33982
-1.30815
-1.31796
-1.03496
-1.77546
-1.54684
-1.53754
0.571145
0.60876
0.285279
1.02295
0.711019
0.676592
0.705811
0.719577
1.02293
-0.856172
-0.723978
-0.743059
-0.426013
-0.413996
-0.820266
0.153684
-0.273658
-0.297644
-0.834129
-0.870806
-0.998332
-0.521653
-0.663951
-0.635419
-0.653543
-0.636886
-0.582321
-0.934365
-0.816302
-0.840301
-0.88248
-0.87272
-1.01547
-1.05775
-1.00247
-0.999677
-0.472224
-0.413361
-0.410094
-0.431739
-0.42884
-0.487762
-0.566866
-0.710886
-0.717407
-0.697628
-0.70424
-0.563057
-0.932429
-0.81849
-0.812055
0.70248
0.713508
0.865977
0.843431
0.685062
0.698289
0.491439
0.557583
0.551286
0.610061
0.599239
0.533659
0.920126
0.802308
0.816888
-1.07413
-1.07893
-1.13159
-1.11487
-1.06311
-1.06883
0.751154
0.751855
0.816907
0.814408
0.750611
0.750917
0.780942
0.782615
0.8451
0.839392
0.778588
0.779787
-1.31814
-1.31535
-1.25543
-1.60478
-1.50014
-1.50324
-1.49363
-1.49622
-1.60141
-1.61643
-1.51116
-1.51318
-1.50605
-1.50875
-1.61387
-1.26478
-1.32455
-1.32119
-1.29021
-1.2871
-1.23519
-1.56784
-1.46424
-1.4701
-1.45076
-1.4578
-1.56147
-1.58921
-1.48511
-1.48967
-1.47532
-1.4803
-1.58442
-1.2386
-1.29288
-1.29063
0.769086
0.767999
0.826925
0.830505
0.771136
0.770225
0.74744
0.747777
0.810937
0.810275
0.747212
0.74738
-1.31131
-1.31522
-1.25214
-1.6096
-1.49983
-1.49555
-1.50749
-1.50387
-1.61327
-1.59212
-1.4845
-1.48278
-1.49135
-1.48777
-1.59697
-1.23957
-1.30355
-1.30732
-1.62314
-1.5166
-1.5167
-1.5148
-1.51598
-1.62223
-1.62108
-1.51311
-1.51064
-1.51614
-1.51502
-1.62265
0.73873
0.703944
0.850944
0.495199
0.551051
0.552875
0.535054
0.536002
0.474908
0.86343
0.746907
0.742179
0.831154
0.684576
0.675683
-1.05033
-1.04751
-1.10214
-1.10896
-1.05378
-1.05207
-1.26626
-1.26704
-1.21326
-1.57077
-1.46341
-1.4577
-1.47655
-1.46974
-1.57614
-1.54885
-1.44084
-1.43498
-1.45225
-1.44667
-1.55456
-1.20923
-1.26311
-1.26449
0.500462
0.443576
0.442895
0.464569
0.459986
0.516743
0.778728
0.772166
0.887405
0.516831
0.575704
0.580466
0.554303
0.55564
0.495745
0.542943
0.685645
0.691559
0.671572
0.678845
0.538921
0.904375
0.791765
0.785335
0.475018
0.418323
0.416252
0.44175
0.439469
0.493564
-0.857431
-0.851127
-0.963845
-0.598585
-0.656009
-0.658669
-0.636931
-0.640589
-0.58319
-0.660336
-0.66264
-0.601124
-0.983549
-0.870233
-0.863904
0.53033
0.388819
0.385278
0.401139
0.391572
0.534078
0.547364
0.490526
0.489068
-0.424471
-0.279827
-0.264124
-0.407099
-0.404328
-0.462517
2.13427
2.58259
2.58294
2.57226
2.57808
2.01866
1.12628
1.3474
1.35114
1.33885
1.34327
1.12181
-0.265149
-0.261048
-0.023196
-0.751808
-0.501097
-0.500478
-0.488718
-0.516574
-0.771024
1.04794
1.32774
1.3337
1.31359
1.32101
1.04422
1.76948
1.54481
1.53823
0.221223
0.231354
0.19752
0.515394
0.40445
0.383327
0.397311
0.400804
0.509109
-0.376677
-0.245085
-0.22437
-0.254056
-0.257932
-0.386084
0.112937
-0.0203018
-0.0497083
0.422768
0.48537
0.334253
0.631337
0.537607
0.52249
0.510223
0.53235
0.630594
-0.348213
-0.266514
-0.286646
-0.124649
-0.0693794
-0.278617
0.266557
0.0165763
0.0280544
1.05174
1.04819
0.928083
1.28719
1.16806
1.17177
1.16167
1.16493
1.28494
-1.16869
-1.11498
-1.11646
1.02423
1.02476
0.903186
1.26421
1.14484
1.14445
1.1469
1.14587
1.26592
1.26394
1.14438
1.14514
1.14403
1.14424
1.26465
0.902493
1.024
1.02391
-1.08224
-1.07574
-1.13713
-0.805699
-0.799676
-0.914568
-0.569165
-0.685127
-0.691291
-0.673293
-0.679049
-0.563314
0.880402
0.658927
0.6097
0.649329
0.653952
0.876529
0.209198
0.428451
0.423756
0.8335
0.851583
0.964576
0.59898
0.740141
0.71767
0.783416
0.763029
0.615796
-1.09107
-1.09796
-1.15008
-1.30063
-1.28924
-1.18422
-1.49974
-1.39413
-1.40537
-1.36982
-1.38252
-1.48959
-1.53887
-1.43452
-1.44288
-1.41569
-1.42555
-1.53028
-1.21617
-1.32068
-1.31103
1.02935
1.02785
0.906089
1.26775
1.14819
1.14991
1.14579
1.14705
1.26751
1.27548
1.15607
1.15896
1.15154
1.15382
1.27422
0.911264
1.03319
1.03102
0.757751
0.761864
0.824336
0.635682
0.698801
0.692783
0.710832
0.706087
0.647884
0.622048
0.686028
0.685973
0.686186
0.686038
0.621765
0.812615
0.749642
0.750024
0.657229
0.714694
0.713485
0.715578
0.715216
0.656949
0.833859
0.774628
0.775717
-1.31454
-1.31615
-1.26752
-1.41812
-1.37009
-1.3694
-1.43898
-1.38482
-1.38671
-1.38124
-1.38323
-1.43842
1.26867
1.15017
1.14858
1.15414
1.15223
1.27118
0.914569
1.03315
1.03538
0.762368
0.759488
0.820025
0.639724
0.696328
0.700857
0.686036
0.690661
0.630299
0.748227
0.748602
0.811634
0.621889
0.685434
0.685067
0.685961
0.685815
0.622566
0.61539
0.681837
0.683204
0.681733
0.681466
0.61554
0.811462
0.747508
0.747286
-1.43249
-1.37588
-1.37304
-1.38113
-1.37875
-1.43563
-1.3505
-1.34926
-1.40396
-1.24728
-1.29818
-1.2988
-1.44411
-1.39052
-1.39168
-1.38811
-1.38961
-1.44418
-1.44052
-1.38574
-1.38371
-1.38923
-1.38783
-1.44305
-1.03427
-1.03091
-1.08775
-0.914911
-0.974658
-0.978254
-0.970652
-0.972554
-0.915574
-1.12446
-1.07151
-1.06726
-1.30134
-1.30784
-1.19768
-1.52587
-1.41705
-1.41089
-1.42912
-1.42316
-1.53168
-1.50217
-1.3925
-1.38657
-1.40477
-1.39858
-1.50802
-1.17893
-1.28879
-1.29507
0.823227
0.818445
0.929136
0.566414
0.707654
0.712626
0.69692
0.70229
0.56342
0.614031
0.723911
0.727168
0.716633
0.720373
0.610892
0.94088
0.830888
0.827275
0.327382
0.267735
0.268828
0.267347
0.267015
0.327612
0.847161
0.844833
0.954626
0.624846
0.734721
0.737007
0.730015
0.73249
0.622871
0.27021
0.271876
0.328721
-0.437755
-0.373983
-0.404314
-0.446533
-0.440452
-0.499915
-0.512851
-0.456629
-0.452724
0.495071
0.520238
0.575741
0.52245
0.493025
0.44323
0.519089
0.449363
0.469672
0.472248
0.471414
0.526955
0.360641
0.416125
0.415654
0.355648
0.416179
0.41937
0.414994
0.414914
0.355116
0.531556
0.473783
0.472753
0.485
0.484033
0.539538
0.374057
0.42844
0.429147
0.423434
0.426687
0.372053
-0.805292
-0.751819
-0.76544
-0.723965
-0.738357
-0.792347
-0.850234
-0.799261
-0.809997
-0.778356
-0.789834
-0.840347
-1.1212
-1.12702
-1.18208
-0.817567
-0.757258
-0.757458
-0.76665
-0.760426
-0.820992
-0.806794
-0.750029
-0.744968
-0.757943
-0.755102
-0.810802
-0.418203
-0.41581
-0.474562
-0.297322
-0.356281
-0.35782
-0.350037
-0.3538
-0.294629
-0.360377
-0.36474
-0.303789
-0.484662
-0.424929
-0.420977
0.646167
0.581792
0.58391
0.578614
0.580733
0.643434
0.666155
0.602304
0.608941
0.588367
0.59497
0.659916
0.618233
0.553396
0.551482
0.629205
0.564756
0.573791
0.551938
0.556791
0.623516
0.573594
0.565105
0.500282
0.691093
0.628622
0.636105
0.615036
0.621644
0.685136
-1.13491
-1.08259
-1.08636
-1.05183
-1.05772
-1.10997
-0.953427
-1.00517
-0.999788
-1.01647
-1.01042
-0.957099
0.618649
0.686025
0.685757
0.688967
0.686933
0.619244
0.817322
0.752889
0.754888
0.750219
0.750523
0.814615
0.621201
0.686245
0.686325
0.685871
0.686029
0.620485
0.776562
0.777664
0.838611
0.655242
0.716214
0.715832
0.717062
0.716587
0.65478
-1.42333
-1.36931
-1.37098
-1.36844
-1.36858
-1.42263
-1.25453
-1.31352
-1.31335
-1.3312
-1.32786
-1.2688
-1.43166
-1.37705
-1.37942
-1.37271
-1.37499
-1.43053
0.650879
0.708847
0.709796
0.704426
0.707114
0.64956
0.824873
0.766455
0.764746
0.620796
0.684323
0.683738
0.684864
0.684611
0.621201
0.810368
0.747857
0.748129
0.747164
0.747296
0.81108
0.618319
0.682754
0.682231
0.683339
0.682996
0.61868
-1.4221
-1.36332
-1.36027
-1.36973
-1.36663
-1.42562
-1.25678
-1.3192
-1.32313
-1.29918
-1.30058
-1.23774
-1.41114
-1.35254
-1.35141
-1.35717
-1.3546
-1.41431
-1.4465
-1.39316
-1.39338
-1.39232
-1.39309
-1.44732
-1.4454
-1.3918
-1.39083
-1.393
-1.39282
-1.44711
0.647661
0.588083
0.585317
0.592174
0.590128
0.649723
0.635883
0.57422
0.573468
0.580906
0.576648
0.638556
0.546677
0.549206
0.493814
0.670685
0.605197
0.604848
0.655866
0.596063
0.594077
0.601926
0.59873
0.658715
0.476236
0.538355
0.542432
0.549419
0.551897
0.612508
0.628902
0.571611
0.570518
0.57332
0.57282
0.630953
0.615645
0.551222
0.548514
0.566848
0.558295
0.61986
-1.09849
-1.04328
-1.03865
-1.06187
-1.05704
-1.1122
0.446291
0.444493
0.502532
0.51266
0.454462
0.449538
0.420826
0.419059
0.477668
0.489719
0.433473
0.425911
-0.794231
-0.737389
-0.734233
-0.741378
-0.739277
-0.796676
-0.780301
-0.721857
-0.719115
-0.729927
-0.725443
-0.783691
-0.605392
-0.666628
-0.672225
0.336924
0.276917
0.270252
0.290208
0.285351
0.342453
-0.209946
-0.148614
-0.132632
-0.164447
-0.157351
-0.216511
-2.58536
-2.56974
-1.97946
-3.49619
-3.03444
-3.04796
-1.06025
-1.29044
-1.299
-1.27197
-1.28168
-1.04979
0.416781
0.441643
0.391032
0.498117
0.467124
0.454282
0.445696
0.473708
0.495122
0.0127132
0.126641
0.118581
0.116852
0.129378
0.0228855
0.322925
0.235456
0.212773
-1.01288
-1.26449
-1.2522
-1.29657
-1.28058
-0.959381
0.939429
1.0597
1.05547
0.937647
1.05522
1.05836
-0.908346
-0.963147
-0.967533
-0.953794
-0.95827
-0.902134
-1.07125
-1.0156
-1.01176
1.09198
1.08551
0.964879
0.680857
0.743174
0.740824
0.746849
0.744133
0.681496
-0.928495
-0.979366
-0.97072
-0.993656
-0.986718
-0.935584
-1.09041
-1.03911
-1.04574
0.789695
0.792902
0.854882
0.672019
0.732803
0.728494
0.739577
0.73615
0.676295
-1.25309
-1.30336
-1.29914
1.03789
1.04048
0.922302
1.27633
1.15878
1.15653
1.16395
1.16145
1.27943
0.653681
0.716582
0.71998
0.712607
0.714039
0.650717
0.836431
0.776126
0.774565
0.668405
0.728496
0.729701
0.723498
0.726163
0.666056
-1.27655
-1.28066
-1.22937
-1.25099
-1.25732
-1.14633
-1.38052
-1.37449
-1.48523
0.632991
0.743805
0.746036
0.739284
0.741691
0.631093
0.961949
0.851515
0.849265
-0.546699
-0.662501
-0.667907
-0.65173
-0.657435
-0.54133
0.370305
0.429084
0.430125
0.429123
0.428937
0.371254
0.542477
0.486068
0.485517
-0.696754
-0.709128
-0.842542
-0.427735
-0.572169
-0.560572
-0.610251
-0.588205
-0.443879
-0.751804
-0.693902
-0.708954
-0.659348
-0.678656
-0.7396
-0.562992
-0.619092
-0.598847
-1.00833
-1.00532
-1.06094
-0.890765
-0.947763
-0.950305
-0.942825
-0.945526
-0.889081
0.642957
0.652108
0.712955
0.525079
0.59078
0.581681
0.65418
0.71901
0.717734
0.724454
0.721145
0.656013
0.846573
0.784553
0.787143
-1.23228
-1.28509
-1.28064
-1.29691
-1.2936
-1.2402
0.773219
0.772225
0.832318
0.650101
0.711363
0.711831
0.710438
0.710893
0.6506
0.673342
0.733859
0.734933
0.731434
0.732303
0.672634
-1.21533
-1.2695
-1.27207
-1.25688
-1.25978
-1.20547
0.565392
0.570571
0.510467
0.496308
0.557554
0.560892
-0.6487
-0.652597
-0.594196
-0.716885
-0.714712
-0.769021
-0.585994
-0.643267
-0.646121
0.491641
0.491672
0.548593
0.380468
0.436469
0.437894
0.432098
0.43447
0.377378
0.384691
0.440887
0.441985
0.438961
0.440267
0.384389
-0.28227
-0.343737
-0.346437
-0.340769
-0.342106
-0.2816
-0.46028
-0.402358
-0.401205
0.32356
0.274964
0.274098
0.269337
0.275256
0.325365
0.178718
0.225631
0.21957
0.0128725
-0.00345751
0.104558
-0.165815
-0.091909
-0.0898253
-0.121555
-0.103771
-0.174146
-0.242528
-0.251687
-0.334941
-0.0748941
-0.167473
-0.158095
-0.202925
-0.18207
-0.0890516
3.22171
2.31145
2.30838
1.40074
0.488596
0.484349
-0.42545
-1.34155
-1.34456
-2.26174
-3.18534
-3.18003
5.05524
4.14427
4.13496
-4.13118
-5.05396
-5.04301
6.90181
5.99262
5.98306
1.65679
1.20115
1.19372
-0.166605
-0.632486
-0.6352
-5.99187
-6.90507
-6.89698
6.90204
5.99256
5.99432
3.5051
3.05449
3.05227
-0.00415354
-0.248189
-0.250821
-6.01238
-6.92213
-6.91362
6.89726
5.9842
5.98903
-2.04117
-2.26992
-2.25574
-6.03042
-6.93516
-6.92937
6.88963
5.97342
5.97848
-2.15315
-2.36782
-2.35813
-6.04239
-6.94298
-6.9399
6.88506
5.96816
5.96989
-2.19495
-2.40618
-2.40519
-6.04189
-6.94178
-6.94369
6.88539
5.97006
5.96834
-2.1607
-2.37622
-2.38268
-6.02783
-6.93051
-6.93731
6.88937
5.97643
5.97291
3.46116
3.00514
2.99832
-2.0874
-2.3103
-2.31929
-6.00502
-6.91175
-6.92181
6.89434
5.98327
5.98007
3.48084
3.02887
3.0239
1.78856
1.56556
1.56123
-5.97829
-6.88893
-6.90067
6.89593
5.98204
5.98484
3.47351
3.01575
3.02738
0.0512531
-0.0657375
-0.0632014
-2.05352
-2.51788
-2.53035
-5.94961
-6.86377
-6.87662
6.88367
5.96606
5.97461
1.64357
1.19052
1.1945
-0.178668
-0.643567
-0.640937
-2.03144
-2.49348
-2.49661
-5.93663
-6.85223
-6.85633
5.04846
4.13774
4.13907
-4.09741
-5.0146
-5.01652
3.22265
2.31176
2.31391
1.39792
0.484268
0.488869
-0.430594
-1.3465
-1.34552
-2.26179
-3.17958
-3.17975
1.55636
1.55086
1.77492
-1.74308
-1.51291
-1.50451
1.59807
1.60551
1.82444
0.444253
0.456586
0.228575
1.97108
2.20341
2.19468
-2.34757
-2.336
-2.11748
1.92244
2.15868
2.15485
2.18825
2.18056
1.94675
-2.40321
-2.39991
-2.18784
1.92233
2.15685
2.15824
2.15433
2.15191
1.9168
-2.3887
-2.39388
-2.18141
2.16201
2.16437
1.93208
0.951776
1.06845
1.07188
-2.32816
-2.33679
-2.11624
0.283776
0.278715
0.166988
-1.49501
-1.48521
-1.71717
1.12319
1.11441
0.994652
-1.26469
-1.25932
-1.20905
-1.2193
-1.2713
-1.26715
-1.18177
-1.23733
-1.23976
-1.24283
-1.24549
-1.18809
-1.22629
-1.23245
-1.12109
0.970295
0.8603
0.857918
0.855785
0.853507
0.963575
-0.78361
-0.778454
-0.893943
1.02521
1.14265
1.13257
1.20793
1.19891
1.08898
3.01817
3.01186
3.46658
1.02185
1.13437
1.13901
1.10655
1.1109
0.996192
-3.47219
-3.01506
-3.00355
-3.04031
-3.02719
-3.48308
-1.03152
-1.15095
-1.13352
-1.24869
-1.23365
-1.12597
0.983089
1.09861
1.10225
1.07546
1.07906
0.963019
-1.10194
-1.21402
-1.22016
-1.17786
-1.18415
-1.07091
-1.05257
-1.1661
-1.17246
0.34867
0.364847
0.241937
0.902574
0.912991
1.01433
0.114291
-0.0161787
-0.0314084
-0.479164
-0.54535
-0.531157
-0.57289
-0.630292
-0.633814
-0.609406
-0.613301
-0.555493
0.550219
0.606303
0.609159
0.584738
0.589015
0.531429
3.03427
3.03278
3.48423
1.57292
1.56945
1.79215
0.588419
0.604386
0.637581
-0.547211
-0.60127
-0.606444
0.56944
0.632911
0.62092
0.708996
0.697326
0.648973
0.572522
0.629409
0.634694
0.61161
0.614498
0.55805
-3.01344
-3.02312
-3.48572
-1.52884
-1.52069
-1.75053
-1.49881
-1.50953
-1.75081
-1.11991
-1.10994
-0.982735
1.30302
1.18405
1.18887
1.17543
1.17975
1.29957
1.28628
1.16936
1.16678
1.17519
1.17232
1.28963
1.3236
1.20487
1.21123
1.19372
1.19924
1.31876
-1.47907
-1.36836
-1.36231
-0.889994
-0.773781
-0.768427
-0.514214
-0.502584
-0.42157
2.1229
2.57792
2.59064
1.22416
1.21152
1.6684
0.30044
0.75524
0.889896
0.739777
0.746797
0.291707
-0.747697
-0.630104
-0.158155
-1.58526
-1.11082
-1.11341
-1.10543
-1.1086
-1.58341
-2.53453
-2.52648
-2.05583
3.04738
3.05258
3.50278
2.04926
2.60439
2.59911
2.60099
2.60484
2.04853
1.1507
1.37599
1.38548
-0.239174
-0.243917
0.00697866
-0.746114
-0.498761
-0.494352
-0.500738
-0.500875
-0.748773
-2.29735
-2.28364
-2.05681
-2.38381
-2.37627
-2.16237
-2.40448
-2.40584
-2.19479
-2.3616
-2.3691
-2.1525
-2.29203
-2.30118
-2.07762
2.10519
2.55624
2.55449
2.5746
2.56191
2.10871
1.09884
1.32169
1.31976
1.32566
1.32335
1.10146
-0.0691534
-0.0696312
0.042856
-0.316396
-0.192586
-0.198218
-0.208565
-0.19578
-0.332793
-2.49952
-2.50778
-2.03958
-3.4341
-2.97269
-2.96386
-2.9923
-2.98194
-3.4425
2.55297
2.55132
2.09777
1.18282
1.18646
1.64043
0.273288
0.729483
0.726556
0.736396
0.733343
0.280358
-0.648899
-0.646712
-0.185356
-1.56931
-1.10689
-1.10896
-1.10182
-1.10449
-1.56882
-1.75896
-1.75099
-1.64533
-1.7168
-1.8219
-1.81797
-1.82584
-1.82248
-1.71858
-1.66657
-1.77225
-1.76463
-1.78398
-1.77702
-1.67257
-1.69979
-1.80837
-1.81095
-1.79998
-1.80325
-1.69572
-1.72268
-1.82844
-1.82574
-1.8295
-1.8276
-1.72285
-1.68283
-1.79063
-1.79447
-1.78095
-1.78501
-1.67773
1.12603
1.34747
1.33365
1.35438
1.356
1.13665
1.80051
1.57747
1.57577
0.216106
0.219352
0.154812
0.0928509
0.0517072
0.0337594
1.12683
1.38821
1.38146
1.39041
1.39161
1.17757
1.82793
1.60918
1.60916
0.911935
0.68371
0.670613
0.718025
0.700605
0.925954
0.24492
0.474549
0.495422
-0.990395
-1.23009
-1.22995
-1.24221
-1.2346
-0.990229
-1.72376
-1.47968
-1.48911
2.22057
2.21119
1.98043
2.01161
2.23848
2.22926
-0.892061
-0.944102
-0.933946
-0.962652
-0.952744
-0.901696
-2.1032
-2.32378
-2.31081
2.16581
2.16061
1.92557
1.94049
2.17568
2.1692
-2.18316
-2.39567
-2.39018
2.15363
2.15387
1.91981
1.9167
2.15269
2.15166
-2.18655
-2.39839
-2.40186
2.17682
2.18073
1.95043
1.93635
2.16878
2.17199
1.06167
1.06501
0.948201
1.29776
1.18146
1.1784
1.18797
1.18479
1.30135
-2.12571
-2.34535
-2.35362
-0.86759
-0.923797
-0.926945
-0.917017
-0.920516
-0.864217
0.417657
0.412612
0.182601
0.86484
0.638744
0.644036
0.499017
0.388737
0.393659
0.375946
0.383472
0.495733
0.158465
0.274436
0.275515
-0.505032
-0.510321
-0.743156
-0.0470563
-0.276706
-0.271357
-1.01357
-1.25181
-1.26173
-1.22779
-1.24161
-1.00006
1.21779
1.22502
1.34338
0.986233
1.10638
1.09889
0.722774
0.785265
0.780071
0.795401
0.789139
0.727539
-1.70527
-1.81046
-1.80543
-1.81678
-1.81229
-1.70836
-1.27801
-1.27364
-1.22182
-1.68893
-1.79416
-1.78792
-1.80296
-1.79732
-1.69333
-1.71336
-1.8216
-1.8226
-1.81563
-1.81747
-1.71009
-1.72165
-1.82872
-1.82779
-1.82605
-1.82611
-1.71996
0.698932
0.758233
0.760493
0.753782
0.755654
0.696522
0.690865
0.749851
0.75148
0.746105
0.747591
0.688891
-1.6409
-1.74998
-1.75479
-1.2305
-1.23406
-1.17935
-1.19193
-1.24937
-1.25261
-1.66252
-1.77096
-1.77529
-1.76059
-1.76519
-1.6571
-0.854351
-0.910306
-0.913751
-0.902634
-0.907102
-0.851459
-1.45568
-1.3443
-1.33828
-1.35629
-1.3503
-1.46148
-1.12749
-1.23862
-1.24479
0.864045
0.862335
0.971549
0.644112
0.753285
0.755283
0.748351
0.750868
0.640978
0.617508
0.725161
0.720715
0.752252
0.73843
0.629554
-0.762448
-0.752879
-0.870715
-0.512586
-0.634011
-0.64462
-0.616563
-0.622789
-0.502814
1.16636
1.15366
1.03707
1.07625
1.18788
1.17711
1.12507
1.12986
1.01684
1.00124
1.11567
1.12032
-1.18463
-1.16785
-1.0509
-1.45281
-1.34291
-1.35673
-1.31392
-1.32869
-1.44024
-1.1086
-1.21797
-1.20155
1.09041
1.09449
0.978943
0.967018
1.08279
1.08652
-1.20182
-1.20795
-1.09561
-1.07688
-1.18964
-1.19577
0.584102
0.477562
0.46353
0.505467
0.489719
0.595368
0.260505
0.380005
0.400666
0.69979
0.808207
0.814989
0.719356
0.814011
0.801543
0.819088
0.819278
0.723458
1.01994
0.918578
0.920435
-0.417332
-0.544855
-0.551029
-0.552335
-0.547255
-0.41383
-0.817605
-0.681902
-0.687148
0.0125647
-0.00273654
0.131796
-0.278706
-0.141901
-0.13205
-0.164517
-0.152065
-0.286369
-0.84844
-0.904562
-0.892433
-0.924254
-0.913891
-0.859562
-0.581085
-0.564268
-0.500498
-0.87853
-0.936123
-0.939563
-0.929847
-0.932917
-0.875271
-0.623779
-0.627457
-0.570226
-0.559
-0.61647
-0.620502
0.706301
0.768607
0.764108
0.776351
0.771688
0.709644
0.68877
0.752762
0.748749
0.760797
0.755972
0.693253
0.763148
0.766052
0.705561
0.681422
0.741556
0.74362
0.736932
0.738791
0.678111
0.599913
0.603441
0.546871
0.535079
0.592587
0.596515
0.386938
0.445121
0.447368
0.442621
0.444033
0.385957
0.399287
0.455511
0.45801
0.44943
0.452962
0.395578
-0.275968
-0.335126
-0.339179
-0.324625
-0.331899
-0.271463
-0.478156
-0.602873
-0.612832
0.442395
0.435492
0.371507
-0.241291
-0.299412
-0.31505
0.440776
0.423619
0.466015
0.306111
0.374587
0.396538
0.526834
0.562682
0.545457
0.567836
0.570529
0.534039
-0.152658
-0.15769
-0.0775407
0.192767
0.170037
0.238468
0.00460395
0.0891638
0.105239
0.718724
0.719271
0.606122
0.658492
0.6456
0.583551
0.632384
0.684837
0.672718
0.622935
0.626626
0.569684
0.560552
0.616994
0.620216
3.21748
2.3059
2.30337
1.39402
0.481203
0.47817
-0.432615
-1.34713
-1.34973
-2.26278
-3.17877
-3.17989
5.042
4.13161
4.12982
-4.10988
-5.03194
-5.02024
6.88697
5.96829
5.95757
-5.97317
-6.88906
-6.88076
-2.05279
-2.51946
-2.51442
-3.94605
-4.40508
-4.39783
-3.98549
-4.4384
-4.4294
-4.02345
-4.46918
-4.46151
-4.03718
-4.48033
-4.47868
-4.01955
-4.46521
-4.47005
-3.98161
-4.43241
-4.44105
-2.01272
-2.24016
-2.24887
-3.9389
-4.39474
-4.40403
1.77108
1.54655
1.55068
3.45933
3.00502
3.00616
6.87219
5.95997
5.96138
-5.93019
-6.84545
-6.84827
5.04686
4.13552
4.13657
-4.09486
-5.01056
-5.01246
3.22023
2.30765
2.30961
1.40025
0.473768
0.480588
-0.440326
-1.34295
-1.34693
-2.26348
-3.17882
-3.17967
1.56208
1.57312
1.79882
2.25447
2.24712
2.02187
1.95571
2.18583
2.19028
-2.25714
-2.26618
-2.03986
0.175434
0.40905
0.412606
-0.278889
-0.280592
-0.0537608
0.828561
0.833645
0.943307
-0.862072
-0.742387
-0.736372
1.99949
2.22462
2.22911
2.19551
2.2004
1.97233
-1.1321
-1.13853
-1.02403
1.05472
1.16558
1.16947
1.14316
1.14764
1.03586
-2.2441
-2.23323
-1.99878
1.18875
1.18383
1.63805
0.272211
0.728994
0.734517
-0.637938
-0.64253
-0.185029
-1.56697
-1.10305
-1.10221
3.04474
3.03436
3.49298
2.557
2.56664
2.11109
0.197453
0.426467
0.435494
-0.254568
-0.261231
-0.0314571
-3.46272
-2.99708
-3.00558
3.95386
4.40593
4.40284
2.04505
2.2664
2.26157
1.60694
1.60053
1.82401
1.35519
1.36453
1.13856
-4.4216
-4.41354
-3.95559
3.93189
4.38915
4.38276
4.39908
4.39439
3.93898
-4.45515
-4.44624
-3.99593
3.90665
4.36841
4.36399
4.37778
4.37199
3.91166
-2.80866
-2.59235
-2.59945
-2.57584
-2.5848
-2.80296
-4.47804
-4.47298
-4.02954
3.89742
4.35967
4.35897
4.3622
4.35962
3.89784
-2.83441
-2.62041
-2.61964
-2.61933
-2.62064
-2.83595
-4.47568
-4.47757
-4.03527
3.90522
4.36468
4.36715
4.36062
4.36176
3.90191
-2.80606
-2.5882
-2.58143
-2.60058
-2.59486
-2.81282
-4.45015
-4.45741
-4.01123
4.37072
4.37401
3.91753
-4.41346
-4.4228
-3.97084
-2.22421
-2.23263
-2.0042
3.00714
3.00897
3.4647
1.54351
1.54504
1.76909
2.09546
2.54942
2.54826
-2.48905
-2.4911
-2.0301
-1.63837
-1.7453
-1.73567
-1.61749
-1.7279
-1.73327
1.11892
1.2226
1.21746
-2.77646
-2.55597
-2.56645
-2.5338
-2.54524
-2.7678
-2.8286
-2.61423
-2.61755
-2.60515
-2.61044
-2.82646
-2.82574
-2.61057
-2.60615
-2.61736
-2.61465
-2.83053
-2.77932
-2.5583
-2.55029
-2.57394
-2.56635
-2.78715
-2.0491
-2.27458
-2.28334
1.31725
1.31567
1.08975
0.628347
0.633843
0.861248
-0.746636
-0.515172
-0.520849
-0.978351
-1.21215
-1.21633
-1.70986
-1.47686
-1.46729
1.34994
1.23255
1.24081
-1.73914
-1.74415
-1.63521
0.957439
0.847604
0.861312
1.38019
1.26715
1.27872
1.24939
1.25823
1.37317
2.21543
2.22033
1.99458
1.97808
2.20554
2.2106
-1.40281
-1.28454
-1.29899
-1.25444
-1.27036
-1.39126
1.32459
1.21018
1.20594
1.3105
1.19482
1.19144
1.20208
1.19847
1.31428
-1.43263
-1.32042
-1.3144
-1.33231
-1.32633
-1.43823
-1.30855
-1.30244
-1.41455
-1.15442
-1.16068
-1.04664
-1.02923
-1.14324
-1.14939
0.91918
0.914393
1.01762
0.787442
0.800336
0.688794
1.15883
1.16269
1.05155
1.04007
1.15138
1.15555
-1.98767
-2.22266
-2.21622
-0.970537
-1.09944
-1.0925
0.661192
0.652102
0.877911
-0.748435
-0.500849
-0.499242
2.27044
2.27058
2.04865
1.22833
1.22736
1.124
5.03966
4.12841
4.12673
-4.09597
-5.01248
-5.01141
-5.95238
-6.87069
-6.85862
-7.8036
-8.71711
-8.71099
8.72122
7.81156
7.80954
3.48262
3.02344
3.01303
-7.81766
-8.72949
-8.72318
8.72224
7.8119
7.81218
1.81464
1.58963
1.57888
-7.83228
-8.74205
-8.7356
8.72097
7.80942
7.81099
-7.84199
-8.74919
-8.7462
8.71744
7.80434
7.80715
-7.84699
-8.75188
-8.7505
8.71486
7.80051
7.80208
-7.845
-8.74936
-8.75083
8.71435
7.80011
7.79992
-7.83511
-8.74071
-8.74531
8.71573
7.80261
7.80111
-7.81934
-8.72728
-8.73417
8.71845
7.80641
7.80443
-7.79998
-8.71047
-8.71902
-3.9018
-4.36053
-4.3693
-7.77998
-8.6927
-8.70143
1.63399
1.17697
1.17965
-0.203538
-0.645371
-0.649956
-5.92545
-6.8404
-6.84289
-1.46819
-1.47183
-1.71443
-2.19449
-2.20254
-1.97291
2.23271
2.23673
2.01222
2.09149
2.54609
2.55073
-2.5095
-2.50505
-2.03629
3.94973
4.40459
4.40768
-2.98016
-2.9877
-3.45409
-4.39138
-4.38638
-3.92538
4.40841
4.4082
3.95611
-2.20938
-2.20481
-1.96543
-2.73793
-2.51066
-2.52225
-2.48702
-2.49964
-2.72931
3.92195
4.37767
4.38124
-2.74889
-2.52494
-2.51599
-2.54191
-2.53352
-2.75698
3.93701
4.39045
4.39325
4.3846
4.3879
3.934
-4.37746
-4.38621
-3.9291
-2.95796
-2.9548
-3.41453
0.725003
0.73053
0.252255
-1.11076
-1.11243
-1.56999
-1.98014
-2.2092
-2.2172
2.01554
2.23958
2.24328
2.04614
2.26869
2.27056
-1.19665
-1.17279
-1.14128
-1.20335
-1.18304
-1.15494
-1.19533
-1.17172
-1.14121
-1.19094
-1.16696
-1.13619
0.377463
0.344304
0.318702
-0.512945
-0.488895
-0.476539
0.364901
0.330139
0.29886
0.371729
0.337186
0.307363
0.381773
0.348593
0.322997
0.151419
0.115527
0.0894655
-0.543861
-0.524693
-0.516883
-1.16767
-1.14419
-1.11271
-1.16451
-1.14217
-1.11143
-1.21016
-1.18661
-1.15556
-1.21054
-1.18666
-1.15515
-1.1518
-1.12897
-1.09957
-1.15651
-1.13263
-1.10251
0.24684
0.21387
0.188267
0.260006
0.22701
0.201371
0.129678
0.10125
0.0835161
-0.0285034
-0.0120672
-0.0250289
-0.978185
-0.958493
-0.932449
-0.933917
-0.911618
-0.881896
-0.986773
-0.964321
-0.936018
-1.18772
-1.16513
-1.13479
-1.20617
-1.1823
-1.15087
-1.20469
-1.1807
-1.14956
-1.17863
-1.15523
-1.12516
-0.916248
-0.891105
-0.862121
0.300533
0.263688
0.215707
0.363834
0.33071
0.305147
0.271351
0.23815
0.21269
0.263346
0.230296
0.204675
-0.245744
-0.213449
-0.187962
0.516059
0.482505
0.456351
0.513902
0.480441
0.45439
0.51177
0.478247
0.452
0.515186
0.481431
0.455138
0.505517
0.471409
0.445116
0.510258
0.476742
0.450524
0.507854
0.473721
0.447349
0.516517
0.482902
0.456751
0.515015
0.481431
0.455375
0.51233
0.478882
0.452957
0.515046
0.481393
0.4553
0.506081
0.472382
0.446385
0.508006
0.474564
0.448641
0.512077
0.478472
0.452453
0.509533
0.476014
0.450059
0.503993
0.470509
0.444729
0.432297
0.398983
0.373341
0.394682
0.361386
0.335838
0.274057
0.240696
0.215291
-0.921956
-0.903071
-0.873839
-0.882347
-0.859464
-0.830934
-0.868401
-0.847809
-0.820467
-1.18627
-1.16623
-1.13819
-1.14137
-1.12245
-1.08889
-1.2104
-1.18847
-1.15892
-1.20693
-1.18335
-1.15258
-1.1311
-1.11109
-1.08234
-1.17121
-1.1467
-1.11606
-0.814323
-0.78683
-0.758263
-0.857235
-0.829909
-0.799447
-0.826152
-0.798933
-0.770232
-0.905028
-0.878872
-0.849752
-0.874041
-0.845052
-0.817031
-0.633253
-0.602857
-0.575995
-0.525719
-0.495792
-0.468847
-0.513226
-0.483043
-0.456328
-0.228181
-0.196362
-0.170781
-0.184405
-0.152172
-0.127121
-1.11822
-1.09426
-1.06315
-1.11058
-1.08675
-1.05585
-1.19263
-1.16887
-1.13749
-1.12747
-1.10523
-1.07568
-1.13543
-1.11422
-1.08573
-1.20338
-1.18059
-1.15017
-1.20129
-1.17945
-1.15013
-1.09762
-1.07334
-1.0422
-1.10339
-1.08015
-1.04903
-1.18707
-1.16282
-1.13173
-1.0932
-1.07042
-1.04075
-1.08488
-1.0611
-1.0312
0.344346
0.311246
0.285663
0.349096
0.315951
0.290371
0.373153
0.339944
0.314332
0.339494
0.306404
0.280823
0.334637
0.30148
0.275867
-0.470357
-0.447628
-0.435541
-0.455965
-0.425218
-0.398078
-0.44322
-0.412687
-0.386061
0.35913
0.3267
0.295892
0.321439
0.290882
0.254897
0.37909
0.34577
0.317037
0.385982
0.352756
0.327172
0.156876
0.122545
0.0966339
-0.572166
-0.546674
-0.526241
-1.07115
-1.05341
-1.02258
-1.17268
-1.14915
-1.11766
-1.16151
-1.14203
-1.1135
-1.2105
-1.1874
-1.15677
-1.21473
-1.19507
-1.16759
-1.14397
-1.12032
-1.09004
-1.16045
-1.13553
-1.10467
-1.04435
-1.02203
-0.993162
-0.473807
-0.442197
-0.415929
-0.487799
-0.457516
-0.431166
0.389266
0.351594
0.283852
0.338061
0.300578
0.214314
0.25144
0.218474
0.192836
0.256001
0.223038
0.197386
-0.963407
-0.941454
-0.912842
-0.948545
-0.9254
-0.895704
-1.00081
-0.974385
-0.945955
-1.09869
-1.07685
-1.04735
-1.10393
-1.08048
-1.04983
-1.18915
-1.16538
-1.13411
-1.14718
-1.12039
-1.09064
-1.13882
-1.11584
-1.08578
-1.20395
-1.18026
-1.14907
-1.20494
-1.18347
-1.15451
-1.12836
-1.10234
-1.07336
-1.11118
-1.08852
-1.05604
-1.18629
-1.16547
-1.13718
-1.06661
-1.04126
-1.0109
-1.07535
-1.05037
-1.02008
-0.933211
-0.907012
-0.875912
-0.92309
-0.896635
-0.866491
0.358686
0.325505
0.299967
0.353517
0.320329
0.294766
0.368551
0.335328
0.309717
0.32458
0.291209
0.265069
0.329644
0.296405
0.270622
0.315391
0.284358
0.258372
0.268865
0.235676
0.210154
0.266217
0.233084
0.207513
-0.428188
-0.405908
-0.406383
-0.403048
-0.371145
-0.345146
-0.417563
-0.386881
-0.36078
-0.430437
-0.399773
-0.373433
0.345814
0.311922
0.280094
0.352695
0.317138
0.286929
0.339119
0.306281
0.274775
0.328613
0.294144
0.258242
0.385918
0.351611
0.323244
0.468837
0.435754
0.409108
0.515528
0.481932
0.455763
0.514765
0.481215
0.455083
0.513018
0.479533
0.453302
0.514204
0.480631
0.454397
0.508603
0.475059
0.448919
0.508997
0.475091
0.448725
0.516883
0.483091
0.456887
0.514873
0.48143
0.455463
0.51452
0.480736
0.454627
0.515063
0.481324
0.455206
0.50655
0.473002
0.447012
0.507392
0.473828
0.447831
0.511623
0.477977
0.451933
0.511606
0.477777
0.451663
0.503075
0.469401
0.443633
0.389923
0.356659
0.331093
0.277994
0.245052
0.219511
-0.896201
-0.873024
-0.844027
-0.919657
-0.897234
-0.872579
-0.853936
-0.83737
-0.812229
-1.09192
-1.07159
-1.04299
-1.0803
-1.05886
-1.02784
-1.17788
-1.154
-1.12215
-1.15121
-1.1307
-1.09932
-1.21237
-1.19123
-1.16238
-1.21082
-1.18846
-1.15866
-1.13644
-1.1133
-1.0826
-1.16552
-1.14082
-1.1101
-1.05851
-1.03323
-1.00287
-1.05034
-1.02524
-0.994604
-1.03864
-1.01201
-0.983677
-0.803263
-0.776037
-0.747859
-0.846905
-0.819898
-0.790551
-0.838075
-0.811741
-0.783015
-0.8829
-0.856732
-0.827985
-0.89347
-0.86693
-0.837794
-0.539222
-0.509677
-0.482182
-0.50046
-0.47018
-0.443639
-0.213648
-0.181981
-0.156745
-0.198941
-0.167021
-0.1419
0.472528
0.470251
0.460194
0.44922
0.480171
0.510982
0.396978
0.439471
0.47563
0.171897
0.138564
0.112928
0.170058
0.136878
0.111206
0.418347
0.38447
0.35655
0.453388
0.419498
0.392003
0.411866
0.37615
0.347389
0.45634
0.422335
0.395062
0.471821
0.438301
0.412533
0.447457
0.414243
0.388523
0.416079
0.382882
0.357244
0.443802
0.410557
0.384855
0.412159
0.378934
0.353301
-0.00819445
0.0130287
0.0342914
-0.721163
-0.697623
-0.670783
-0.745439
-0.727753
-0.708825
-0.579734
-0.549873
-0.522592
-0.678048
-0.648895
-0.620863
-0.666922
-0.637675
-0.609673
-0.568039
-0.538541
-0.511254
-0.557263
-0.526924
-0.500261
0.29948
0.269552
0.205282
0.308302
0.269085
0.207622
0.0511106
0.0374092
0.0249943
-0.300522
-0.268972
-0.243043
0.292874
0.26086
0.235009
0.28729
0.255259
0.229577
0.286254
0.253326
0.227694
0.180837
0.147927
0.122232
0.163864
0.130649
0.104984
-1.01886
-1.00001
-0.972065
-0.949583
-0.921238
-0.89284
-0.957222
-0.932105
-0.902915
-0.986258
-0.960307
-0.930258
-0.0799937
-0.0475038
-0.0219851
0.310677
0.278276
0.240211
0.321003
0.28791
0.262841
-0.314742
-0.293218
-0.305432
-0.371628
-0.349815
-0.34399
-0.358455
-0.327004
-0.300879
-0.287084
-0.255328
-0.229496
-0.345774
-0.31439
-0.28838
-0.330981
-0.298733
-0.272858
0.318743
0.281821
0.246197
0.439496
0.40596
0.378537
0.433774
0.399135
0.371108
0.389357
0.353531
0.323046
0.396798
0.363054
0.334564
0.461697
0.428651
0.402927
0.458214
0.425082
0.399324
0.427664
0.394409
0.368776
0.399329
0.366151
0.340562
0.313651
0.280513
0.255022
0.326079
0.292696
0.267314
0.319551
0.2864
0.26086
0.285865
0.253178
0.227364
0.185352
0.152064
0.12638
0.162094
0.128648
0.10295
-0.650271
-0.626252
-0.601723
-0.629733
-0.606926
-0.585692
-1.05648
-1.03284
-1.00254
-1.03059
-1.01017
-0.98227
-1.07297
-1.04842
-1.02084
-1.02075
-0.995991
-0.964346
-0.994428
-0.968236
-0.938019
-0.615474
-0.586044
-0.557935
-0.071197
-0.0392192
-0.0138146
0.235005
0.201907
0.176282
0.173828
0.140407
0.114876
0.168198
0.135103
0.109442
-0.123336
-0.0908122
-0.0653031
-0.136364
-0.103461
-0.0777248
-0.112529
-0.0794834
-0.0537933
-0.10317
-0.0699383
-0.0442206
0.425185
0.391834
0.364724
0.204574
0.171473
0.14582
0.209577
0.176483
0.15081
0.449869
0.416576
0.389212
0.409291
0.375277
0.346913
0.460991
0.427663
0.400598
0.480627
0.447336
0.420578
0.477398
0.443954
0.417172
0.499582
0.465643
0.439019
0.496997
0.463365
0.43689
0.483328
0.449939
0.423269
0.486944
0.453247
0.426323
0.499068
0.465204
0.438932
0.501584
0.467715
0.441262
0.474109
0.440749
0.414954
0.476318
0.443014
0.417204
0.491555
0.458284
0.432375
0.489451
0.45619
0.430304
0.493512
0.460272
0.434368
0.495351
0.462264
0.436417
0.468432
0.435107
0.409367
0.45107
0.417884
0.392145
0.420035
0.38682
0.361184
0.440313
0.406965
0.381291
0.407988
0.374782
0.349141
0.194372
0.161322
0.135637
0.200024
0.166949
0.141272
-0.702264
-0.680293
-0.655367
-0.683546
-0.662509
-0.643275
-0.768188
-0.743584
-0.71886
-0.775861
-0.74775
-0.718084
-0.793113
-0.763457
-0.735851
-0.591444
-0.561545
-0.534243
-0.76442
-0.736332
-0.707505
-0.755329
-0.728017
-0.69968
-0.690022
-0.660948
-0.632143
-0.656099
-0.627352
-0.599399
-0.045183
-0.0163849
0.00755459
0.241202
0.208074
0.182463
0.224812
0.19174
0.166085
0.230002
0.196909
0.171267
0.153657
0.178446
0.184679
-0.15176
-0.135944
-0.167048
-0.242294
-0.222902
-0.226572
-0.314385
-0.282841
-0.256474
0.299481
0.266613
0.240931
0.306952
0.273699
0.248148
0.284281
0.251659
0.226326
0.284705
0.251664
0.22639
0.176061
0.143202
0.117667
0.166132
0.133037
0.107384
-1.00348
-0.983313
-0.951031
-0.967818
-0.942507
-0.913058
-0.978892
-0.954387
-0.925314
-0.165059
-0.131751
-0.106576
-0.148203
-0.114602
-0.0887047
-0.0922651
-0.0590622
-0.0334745
0.302089
0.268649
0.223679
0.296706
0.268085
0.219553
0.314453
0.28196
0.257276
0.30892
0.278173
0.253012
0.21967
0.186604
0.160938
0.214574
0.181503
0.155832
-0.371356
-0.340024
-0.313878
-0.384952
-0.35363
-0.327101
-0.260727
-0.229165
-0.20354
-0.273746
-0.241978
-0.216188
0.444849
0.411635
0.384361
0.430394
0.396377
0.367914
0.403353
0.369754
0.341802
0.465165
0.432079
0.40501
0.471768
0.437677
0.410321
0.474053
0.440013
0.413046
0.492425
0.458886
0.43233
0.494804
0.461287
0.434768
0.489612
0.455999
0.429443
0.486762
0.452795
0.426228
0.502454
0.469291
0.443185
0.481577
0.448432
0.422639
0.478794
0.445602
0.419786
0.484725
0.45145
0.425629
0.487415
0.454067
0.428196
0.501216
0.467778
0.441906
0.503071
0.469072
0.443172
0.500317
0.466865
0.440929
0.497733
0.464613
0.438766
0.465639
0.432323
0.406592
0.454671
0.421503
0.395746
0.423951
0.390703
0.365074
0.43646
0.403278
0.377603
0.403641
0.370422
0.344786
0.327775
0.294302
0.268716
0.32503
0.291847
0.266197
0.282817
0.25042
0.22464
0.18912
0.155888
0.13021
0.159338
0.125419
0.0997033
-0.607723
-0.58735
-0.572275
-0.804521
-0.787053
-0.764889
-0.782444
-0.76072
-0.731611
-0.820084
-0.799169
-0.773732
-0.839207
-0.81331
-0.786238
-1.04709
-1.02333
-0.993046
-1.0382
-1.01523
-0.985483
-1.01067
-0.985372
-0.954905
-1.0027
-0.976894
-0.946661
-0.603063
-0.573406
-0.545982
-0.730693
-0.702429
-0.674432
-0.74299
-0.714979
-0.686736
-0.707777
-0.677466
-0.650306
-0.71912
-0.690949
-0.663341
-0.645294
-0.617068
-0.589579
-0.0588849
-0.028138
-0.00317525
0.306271
0.350888
0.384331
)
;

boundaryField
{
    topAndBottom
    {
        type            calculated;
        value           nonuniform List<scalar> 
72
(
21.9103
-21.9168
21.9101
-21.9169
21.9098
-21.9174
21.9094
-21.9179
21.909
-21.9185
21.9084
-21.9191
21.9079
-21.9196
21.9075
-21.92
21.9071
-21.9202
21.9069
-21.9201
21.9068
-21.9197
21.9068
-21.9191
21.9069
-21.9182
21.9071
-21.9173
21.9073
-21.9162
21.9075
-21.9151
21.9076
-21.9141
21.9077
-21.9132
21.9078
-21.9123
21.9078
-21.9115
21.9077
-21.9109
21.9077
-21.9103
21.9075
-21.9098
21.9074
-21.9093
21.9072
-21.9089
21.9071
-21.9086
21.9069
-21.9083
21.9067
-21.908
21.9065
-21.9078
21.9064
-21.9075
21.9062
-21.9073
21.9061
-21.9071
21.906
-21.9068
21.9059
-21.9066
21.9058
-21.9063
21.9057
-21.906
)
;
    }
    inlet
    {
        type            calculated;
        value           nonuniform List<scalar> 
24
(
20.9976
19.1725
17.3475
15.5228
13.6982
11.8739
10.0499
8.22616
6.40245
4.57867
2.7543
0.928785
-0.898264
-2.72674
-4.55606
-6.38552
-8.2146
-10.0431
-11.871
-13.6984
-15.5253
-17.3518
-19.178
-21.004
)
;
    }
    outlet
    {
        type            calculated;
        value           nonuniform List<scalar> 
24
(
20.9947
19.1726
17.3504
15.525
13.6963
11.8673
10.0401
8.21465
6.38917
4.5637
2.73827
0.913048
-0.912865
-2.73822
-4.5637
-6.38917
-8.21465
-10.0401
-11.8656
-13.6911
-15.5166
-17.342
-19.1675
-20.993
)
;
    }
    wing
    {
        type            calculated;
        value           nonuniform List<scalar> 
375
(
-1.13386
-1.14747
-1.13347
-1.12844
0.307798
-0.46873
0.289233
0.297683
0.312095
0.0785787
-0.50903
-1.10521
-1.10392
-1.14804
-1.14765
-1.09159
-1.09459
0.177288
0.190422
0.0751425
-0.0182245
-0.924557
-0.873995
-0.928133
-1.12731
-1.14342
-1.14195
-1.11729
-0.853326
0.206823
0.294237
0.201744
0.193731
-0.177332
0.445659
0.44372
0.44136
0.444475
0.434525
0.439892
0.436748
0.446052
0.444658
0.442215
0.444576
0.435598
0.437872
0.441706
0.439294
0.433937
0.362455
0.324939
0.204352
-0.865925
-0.823006
-0.812533
-1.13072
-1.0814
-1.15145
-1.14497
-1.07427
-1.10816
-0.749081
-0.790493
-0.761098
-0.840895
-0.808117
-0.566275
-0.458792
-0.446229
-0.160124
-0.116448
-1.05557
-1.04823
-1.13004
-1.06811
-1.07813
-1.14269
-1.14241
-1.03409
-1.04093
-1.12398
-1.03258
-1.02298
0.274756
0.279465
0.303424
0.269916
0.26496
-0.427745
-0.38789
-0.375828
0.286322
0.245641
0.307312
0.316273
0.0855448
-0.51839
-1.01492
-1.1102
-1.10599
-1.14925
-1.16002
-1.08205
-1.09676
-0.984807
-0.405787
-0.421024
0.276361
0.206083
0.181867
0.186426
-0.904989
-0.887839
-0.938155
-1.03968
-1.04217
-1.12664
-1.08313
-1.07819
-1.1416
-1.14685
-1.06531
-1.04796
-1.12935
-1.00262
-1.01183
-0.867222
-0.857775
0.289059
0.28386
0.298807
0.254177
0.259719
0.247519
0.199206
0.196565
-0.398614
-0.334848
-0.350492
-0.363165
0.270661
0.277401
0.265396
0.248923
0.313435
0.398763
0.445077
0.444405
0.442654
0.443741
0.438297
0.438112
0.446182
0.444752
0.443891
0.444476
0.436231
0.437057
0.441179
0.440903
0.432837
0.320196
0.208583
-0.836121
-0.864671
-0.804324
-1.03532
-1.02021
-1.11473
-1.09185
-1.15487
-1.15106
-1.07459
-1.10219
-0.99458
-0.986302
-0.975321
-0.738648
-0.781554
-0.773943
-0.819048
-0.828887
-0.472176
-0.433512
-0.146075
-0.131232
0.454667
0.508383
0.476247
0.101812
0.100092
0.34651
0.381755
0.33738
0.384791
0.401676
0.377647
0.346352
0.373975
0.342406
0.0438553
-0.662899
-0.700904
-0.512713
-0.611299
-0.600075
-0.50135
-0.490308
0.196545
0.199052
0.0281135
-0.232531
0.224057
0.218638
0.216877
0.11114
0.0938707
-0.964281
-0.884188
-0.894239
-0.921745
-0.0110562
0.23111
0.252172
-0.297772
-0.336263
-0.290488
-0.218949
-0.277967
-0.262427
0.236989
0.368365
0.360961
0.313199
0.324679
0.392066
0.388461
0.35789
0.329661
0.244132
0.256659
0.250007
0.216532
0.115302
0.0918355
-0.59384
-0.577809
-0.994825
-0.974461
-1.01318
-0.955939
-0.929537
-0.548162
-0.00287523
0.165283
0.103766
0.0983289
-0.0544858
-0.0669342
-0.0429419
-0.033342
0.35463
0.134776
0.139772
0.378991
0.336945
0.390307
0.410165
0.406776
0.428476
0.426361
0.412837
0.415872
0.428376
0.430697
0.404103
0.406357
0.421551
0.419475
0.423549
0.425602
0.398508
0.381275
0.350295
0.370406
0.338243
0.12458
0.130224
-0.647476
-0.635373
-0.710959
-0.708846
-0.726655
-0.524395
-0.69823
-0.690334
-0.622613
-0.589751
0.0184341
0.171472
0.15507
0.160261
0.19019
-0.159717
-0.21903
-0.245998
0.229992
0.237228
0.215435
0.215539
0.106566
0.0962709
-0.943271
-0.904415
-0.916724
-0.095904
-0.0779652
-0.0225652
0.214644
0.210595
0.246555
0.242214
0.149915
0.144801
-0.303513
-0.316764
-0.192933
-0.205608
0.374166
0.357796
0.331878
0.394703
0.399962
0.402668
0.421829
0.424253
0.418957
0.415757
0.432599
0.411801
0.408944
0.414793
0.417363
0.431099
0.43237
0.43012
0.427953
0.395731
0.38488
0.354187
0.366716
0.333885
0.258027
0.255433
0.213755
0.119142
0.0885894
-0.564417
-0.756973
-0.723738
-0.765802
-0.77836
-0.98528
-0.977685
-0.946465
-0.938196
-0.53617
-0.664971
-0.677326
-0.640821
-0.653851
-0.579882
0.00775621
0.387725
)
;
    }
    front
    {
        type            empty;
    }
    back
    {
        type            empty;
    }
}


// ************************************************************************* //
