/*--------------------------------*- C++ -*----------------------------------*\
| =========                 |                                                 |
| \\      /  F ield         | OpenFOAM: The Open Source CFD Toolbox           |
|  \\    /   O peration     | Version:  5.x                                   |
|   \\  /    A nd           | Web:      www.OpenFOAM.org                      |
|    \\/     M anipulation  |                                                 |
\*---------------------------------------------------------------------------*/
FoamFile
{
    version     2.0;
    format      ascii;
    class       volScalarField;
    location    "400";
    object      YSat;
}
// * * * * * * * * * * * * * * * * * * * * * * * * * * * * * * * * * * * * * //

dimensions      [0 0 0 0 0 0 0];

internalField   nonuniform List<scalar> 
6584
(
0.00431405
0.00431405
0.00431405
0.00431405
0.00431405
0.00431405
0.00431405
0.00431405
0.00431405
0.00431405
0.00431405
0.00431405
0.00431405
0.00431405
0.00431405
0.00431405
0.00431405
0.00431405
0.00431405
0.00431405
0.00431405
0.00431405
0.00431405
0.00431405
0.00431405
0.00431405
0.00431405
0.00431405
0.00431405
0.00431405
0.00431405
0.00431405
0.00431405
0.00431405
0.00431405
0.00431405
0.00431405
0.00431405
0.00431405
0.00431405
0.00431405
0.00431405
0.00431405
0.00431405
0.00431405
0.00431405
0.00431405
0.00431405
0.00431405
0.00431405
0.00431405
0.00431405
0.00431405
0.00431405
0.00431405
0.00431405
0.00431405
0.00431405
0.00431405
0.00431405
0.00431405
0.00431405
0.00431405
0.00431405
0.00431405
0.00431405
0.00431405
0.00431405
0.00431405
0.00431405
0.00431405
0.00431405
0.00431405
0.00431405
0.00431405
0.00431405
0.00431405
0.00431405
0.00431405
0.00431405
0.00431405
0.00431405
0.00431405
0.00431405
0.00431405
0.00431405
0.00431405
0.00431405
0.00431405
0.00431405
0.00431405
0.00431405
0.00431405
0.00431405
0.00431405
0.00431405
0.00431405
0.00431405
0.00431405
0.00431405
0.00431405
0.00431405
0.00431405
0.00431405
0.00431405
0.00431405
0.00431405
0.00431405
0.00431405
0.00431405
0.00431405
0.00431405
0.00431405
0.00431405
0.00431405
0.00431405
0.00431405
0.00431405
0.00431405
0.00431405
0.00431405
0.00431405
0.00431405
0.00431405
0.00431405
0.00431405
0.00431405
0.00431405
0.00431405
0.00431405
0.00431405
0.00431405
0.00431405
0.00431405
0.00431405
0.00431405
0.00431405
0.00431405
0.00431405
0.00431405
0.00431405
0.00431405
0.00431405
0.00431405
0.00431405
0.00431405
0.00431405
0.00431405
0.00431405
0.00431405
0.00431405
0.00431405
0.00431405
0.00431405
0.00431405
0.00431405
0.00431405
0.00431405
0.00431405
0.00431405
0.00431405
0.00431405
0.00431405
0.00431405
0.00431405
0.00431405
0.00431405
0.00431405
0.00431405
0.00431405
0.00431405
0.00431405
0.00431405
0.00431405
0.00431405
0.00431405
0.00431405
0.00431405
0.00431405
0.00431405
0.00431405
0.00431405
0.00431405
0.00431405
0.00431405
0.00431405
0.00431405
0.00431405
0.00431405
0.00431405
0.00431405
0.00431405
0.00431405
0.00431405
0.00431405
0.00431405
0.00431405
0.00431405
0.00431405
0.00431405
0.00431405
0.00431405
0.00431405
0.00431405
0.00431405
0.00431405
0.00431405
0.00431405
0.00431405
0.00431405
0.00431405
0.00431405
0.00431405
0.00431405
0.00431405
0.00431405
0.00431405
0.00431405
0.00431405
0.00431405
0.00431405
0.00431405
0.00431405
0.00431405
0.00431405
0.00431405
0.00431405
0.00431405
0.00431405
0.00431405
0.00431405
0.00431405
0.00431405
0.00431405
0.00431405
0.00431405
0.00431405
0.00431405
0.00431405
0.00431405
0.00431405
0.00431405
0.00431405
0.00431405
0.00431405
0.00431405
0.00431405
0.00431405
0.00431405
0.00431405
0.00431405
0.00431405
0.00431405
0.00431405
0.00431405
0.00431405
0.00431405
0.00431405
0.00431405
0.00431405
0.00431405
0.00431405
0.00431405
0.00431405
0.00431405
0.00431405
0.00431405
0.00431405
0.00431405
0.00431405
0.00431405
0.00431405
0.00431405
0.00431405
0.00431405
0.00431405
0.00431405
0.00431405
0.00431405
0.00431405
0.00431405
0.00431405
0.00431405
0.00431405
0.00431405
0.00431405
0.00431405
0.00431405
0.00431405
0.00431405
0.00431405
0.00431405
0.00431405
0.00431405
0.00431405
0.00431405
0.00431405
0.00431405
0.00431405
0.00431405
0.00431405
0.00431405
0.00431405
0.00431405
0.00431405
0.00431405
0.00431405
0.00431405
0.00431405
0.00431405
0.00431405
0.00431405
0.00431405
0.00431405
0.00431405
0.00431405
0.00431405
0.00431405
0.00351301
0.00431405
0.00431405
0.00431405
0.00431405
0.00431405
0.00431405
0.00431405
0.00431405
0.00431405
0.00431405
0.00431405
0.00431405
0.00431405
0.00431405
0.00431405
0.00431405
0.00431405
0.00431405
0.00431405
0.00431405
0.00431405
0.00431405
0.00431404
0.00408776
0.00431405
0.00431405
0.00431405
0.00431405
0.00431405
0.00431405
0.00431405
0.00431405
0.00431405
0.00431405
0.00431405
0.00431405
0.00431405
0.00431405
0.00431405
0.00431405
0.00431405
0.00431405
0.00431405
0.00431405
0.00431405
0.00431405
0.00431404
0.00410508
0.00431405
0.00431405
0.00431405
0.00431405
0.00431405
0.00431405
0.00431405
0.00431405
0.00431405
0.00431405
0.00431405
0.00431405
0.00431405
0.00431405
0.00431405
0.00431405
0.00431405
0.00431405
0.00431405
0.00431405
0.00431405
0.00431405
0.00431161
0.00421465
0.00431405
0.00431405
0.00431405
0.00431405
0.00431405
0.00431405
0.00431405
0.00431405
0.00431405
0.00431405
0.00431405
0.00431405
0.00431405
0.00431405
0.00431405
0.00431405
0.00431405
0.00431405
0.00431405
0.00431405
0.00431405
0.00431405
0.00431031
0.00421697
0.00431405
0.00431405
0.00431405
0.00431405
0.00431405
0.00431405
0.00431405
0.00431405
0.00431405
0.00431405
0.00431405
0.00431405
0.00431405
0.00431405
0.00431405
0.00431405
0.00431405
0.00431405
0.00431405
0.00431405
0.00431405
0.00431363
0.00420237
0.00426764
0.00431404
0.00431405
0.00431405
0.00431405
0.00431405
0.00431405
0.00431405
0.00431405
0.00431405
0.00431405
0.00431405
0.00431405
0.00431405
0.00431405
0.00431405
0.00431405
0.00431405
0.00431405
0.00431405
0.00431405
0.00431405
0.00431325
0.00420283
0.00426791
0.00431404
0.00431405
0.00431405
0.00431405
0.00431405
0.00431405
0.00431405
0.00431405
0.00431405
0.00431405
0.00431405
0.00431405
0.00431405
0.00431405
0.00431405
0.00431405
0.00431405
0.00431405
0.00431405
0.00431405
0.00431404
0.00431288
0.00420323
0.00426813
0.00431403
0.00431405
0.00431405
0.00431405
0.00431405
0.00431405
0.00431405
0.00431405
0.00431405
0.00431405
0.00431405
0.00431405
0.00431405
0.00431405
0.00431405
0.00431405
0.00431405
0.00431405
0.00431405
0.00431405
0.00431404
0.00431252
0.00420361
0.00426831
0.00431403
0.00431405
0.00431405
0.00431405
0.00431405
0.00431405
0.00431405
0.00431405
0.00431405
0.00431405
0.00431405
0.00431405
0.00431405
0.00431405
0.00431405
0.00431405
0.00431405
0.00431405
0.00431405
0.00431405
0.00431403
0.00431218
0.00420396
0.00426847
0.00431402
0.00431405
0.00431405
0.00431405
0.00431405
0.00431405
0.00431405
0.00431405
0.00431405
0.00431405
0.00431405
0.00431405
0.00431405
0.00431405
0.00431405
0.00431405
0.00431405
0.00431405
0.00431405
0.00431405
0.00431403
0.00431186
0.00420428
0.0042686
0.00431401
0.00431405
0.00431405
0.00431405
0.00431405
0.00431405
0.00431405
0.00431405
0.00431405
0.00431405
0.00431405
0.00431405
0.00431405
0.00431405
0.00431405
0.00431405
0.00431405
0.00431405
0.00431405
0.00431405
0.00431402
0.00431155
0.00420458
0.00426872
0.00431401
0.00431405
0.00431405
0.00431405
0.00431405
0.00431405
0.00431405
0.00431405
0.00431405
0.00431405
0.00431405
0.00431405
0.00431405
0.00431405
0.00431405
0.00431405
0.00431405
0.00431405
0.00431405
0.00431405
0.00431401
0.00431121
0.00420489
0.00426884
0.004314
0.00431405
0.00431405
0.00431405
0.00431405
0.00431405
0.00431405
0.00431405
0.00431405
0.00431405
0.00431405
0.00431405
0.00431405
0.00431405
0.00431405
0.00431405
0.00431405
0.00431405
0.00431405
0.00431405
0.004314
0.00431085
0.00420522
0.00426897
0.004314
0.00431405
0.00431405
0.00431405
0.00431405
0.00431405
0.00431405
0.00431405
0.00431405
0.00431405
0.00431405
0.00431405
0.00431405
0.00431405
0.00431405
0.00431405
0.00431405
0.00431405
0.00431405
0.00431405
0.00431399
0.00431049
0.00420553
0.00426909
0.00431399
0.00431405
0.00431405
0.00431405
0.00431405
0.00431405
0.00431405
0.00431405
0.00431405
0.00431405
0.00431405
0.00431405
0.00431405
0.00431405
0.00431405
0.00431405
0.00431405
0.00431405
0.00431405
0.00431405
0.00431398
0.00431015
0.00420583
0.00426921
0.00431399
0.00431405
0.00431405
0.00431405
0.00431405
0.00431405
0.00431405
0.00431405
0.00431405
0.00431405
0.00431405
0.00431405
0.00431405
0.00431405
0.00431405
0.00431405
0.00431405
0.00431405
0.00431405
0.00431405
0.00431396
0.00430981
0.00420613
0.00426932
0.00431398
0.00431405
0.00431405
0.00431405
0.00431405
0.00431405
0.00431405
0.00431405
0.00431405
0.00431405
0.00431405
0.00431405
0.00431405
0.00431405
0.00431405
0.00431405
0.00431405
0.00431405
0.00431405
0.00431405
0.00431395
0.00430948
0.00420641
0.00426943
0.00431397
0.00431405
0.00431405
0.00431405
0.00431405
0.00431405
0.00431405
0.00431405
0.00431405
0.00431405
0.00431405
0.00431405
0.00431405
0.00431405
0.00431405
0.00431405
0.00431405
0.00431405
0.00431405
0.00431405
0.00431393
0.00430915
0.00420669
0.00426953
0.00431397
0.00431405
0.00431405
0.00431405
0.00431405
0.00431405
0.00431405
0.00431405
0.00431405
0.00431405
0.00431405
0.00431405
0.00431405
0.00431405
0.00431405
0.00431405
0.00431405
0.00431405
0.00431405
0.00431405
0.00431392
0.00430882
0.00420697
0.00426964
0.00431396
0.00431405
0.00431405
0.00431405
0.00431405
0.00431405
0.00431405
0.00431405
0.00431405
0.00431405
0.00431405
0.00431405
0.00431405
0.00431405
0.00431405
0.00431405
0.00431405
0.00431405
0.00431405
0.00431405
0.0043139
0.00430849
0.00420725
0.00426974
0.00431396
0.00431405
0.00431405
0.00431405
0.00431405
0.00431405
0.00431405
0.00431405
0.00431405
0.00431405
0.00431405
0.00431405
0.00431405
0.00431405
0.00431405
0.00431405
0.00431405
0.00431405
0.00431405
0.00431405
0.00431388
0.00430815
0.00420754
0.00426985
0.00431395
0.00431405
0.00431405
0.00431405
0.00431405
0.00431405
0.00431405
0.00431405
0.00431405
0.00431405
0.00431405
0.00431405
0.00431405
0.00431405
0.00431405
0.00431405
0.00431405
0.00431405
0.00431405
0.00431404
0.00431386
0.00430779
0.00420783
0.00426996
0.00431395
0.00431405
0.00431405
0.00431405
0.00431405
0.00431405
0.00431405
0.00431405
0.00431405
0.00431405
0.00431405
0.00431405
0.00431405
0.00431405
0.00431405
0.00431405
0.00431405
0.00431405
0.00431405
0.00431405
0.00431405
0.00431405
0.00431405
0.00431405
0.00431405
0.00431405
0.00431405
0.00345981
0.00348281
0.00431405
0.00431405
0.00431405
0.00431405
0.00431405
0.00431405
0.00431405
0.00431405
0.00431405
0.00431404
0.00431405
0.00431405
0.00431405
0.00431405
0.00431405
0.00431405
0.00431405
0.00431405
0.0043128
0.00431381
0.00431131
0.00431368
0.00431405
0.00431405
0.00431405
0.00431405
0.00431405
0.00431405
0.00431405
0.00430873
0.00430948
0.00428223
0.00429767
0.00431405
0.00431405
0.00431405
0.00431405
0.00431405
0.00431405
0.00431405
0.00431064
0.00430963
0.00430517
0.00429079
0.00431405
0.00431405
0.00431405
0.00431233
0.00431192
0.00431405
0.00431405
0.00431405
0.0043136
0.00431329
0.00431404
0.0036689
0.00346289
0.00391359
0.00431405
0.00431405
0.00431389
0.00431405
0.00431405
0.00431404
0.00431338
0.00431405
0.00431404
0.00431375
0.00431404
0.00431405
0.00431405
0.00431394
0.00430978
0.0043125
0.00431405
0.00430884
0.00429705
0.00431307
0.00430942
0.00429864
0.0043112
0.00431405
0.00431261
0.00430958
0.0043139
0.00431268
0.00431405
0.00430949
0.00430879
0.00431405
0.00429387
0.00429962
0.00429652
0.00429362
0.00429022
0.00428134
0.00431405
0.0043086
0.00430986
0.00430954
0.00430867
0.00431405
0.00429784
0.00430338
0.00430006
0.00429694
0.00431174
0.004306
0.00431405
0.00431213
0.00431336
0.00430993
0.004312
0.00431405
0.0043082
0.00431021
0.00430405
0.0043078
0.00431322
0.00431249
0.00431342
0.00431369
0.00431405
0.00431158
0.00430982
0.00431043
0.00431148
0.00431374
0.00431364
0.00431405
0.00431405
0.00431405
0.00431395
0.00431405
0.00431405
0.00431405
0.00431405
0.00431405
0.00431263
0.0043119
0.00426904
0.00424622
0.00431405
0.00431405
0.00431405
0.00431405
0.00431396
0.00431405
0.00431405
0.00431405
0.00431177
0.00431079
0.00431405
0.00333983
0.00348433
0.00401755
0.00409274
0.00349428
0.00369497
0.00424183
0.00420076
0.00431405
0.00431372
0.00431386
0.00410121
0.00414298
0.00431387
0.00431394
0.00431405
0.00431405
0.00431405
0.00431405
0.00431405
0.00431405
0.00431405
0.0043139
0.00431405
0.00431398
0.00431405
0.004314
0.00431405
0.00431217
0.00431278
0.00429113
0.00429191
0.00430019
0.00429855
0.00431177
0.00420118
0.00431277
0.00428675
0.00427162
0.00427431
0.00428808
0.00431345
0.0042973
0.00431397
0.00426499
0.0043083
0.00425566
0.00431389
0.00430954
0.00431396
0.00431405
0.00431369
0.00430186
0.00431398
0.004314
0.00430224
0.0043015
0.00431211
0.00431185
0.00430383
0.00430452
0.00430977
0.00431402
0.00431403
0.004314
0.00431401
0.00430975
0.00431347
0.00431404
0.00431405
0.00431403
0.00431404
0.00431326
0.00429658
0.00429691
0.00429379
0.00429354
0.00427048
0.00427202
0.00430807
0.004314
0.004314
0.00431401
0.004314
0.00430806
0.00430921
0.004314
0.004314
0.004314
0.004314
0.00430916
0.00335108
0.00430041
0.00349944
0.00334174
0.00370118
0.0035104
0.00430119
0.00429317
0.00335623
0.0042941
0.00430997
0.00430958
0.0043109
0.00431401
0.00431401
0.00431402
0.00431402
0.00431111
0.00389287
0.0040008
0.00430587
0.00388856
0.00371694
0.00402892
0.00390833
0.00430641
0.00371669
0.00387532
0.00431297
0.00424767
0.00427167
0.00420627
0.00424287
0.00431287
0.00419071
0.00413488
0.00414978
0.00357327
0.00414765
0.00412911
0.00366973
0.00428665
0.00428817
0.00431403
0.00431405
0.00431405
0.00431405
0.00431405
0.00431358
0.00431351
0.00385854
0.00431213
0.00431328
0.00431404
0.00431314
0.00431272
0.00431405
0.00356711
0.00359382
0.00337217
0.00412825
0.00412601
0.00361551
0.00365383
0.00427902
0.00428612
0.00312111
0.00431405
0.00431405
0.00431405
0.00431405
0.00431405
0.00431405
0.00431338
0.00431404
0.00431403
0.00431139
0.00431036
0.00431329
0.00430878
0.00431397
0.00431396
0.00431398
0.00431397
0.00430887
0.00428644
0.00429536
0.00430307
0.00429221
0.00410477
0.00406829
0.0043135
0.00428955
0.00429939
0.00430482
0.00430503
0.00363955
0.00431405
0.00431402
0.00431405
0.00431385
0.0043119
0.0043108
0.00431404
0.00431405
0.00431405
0.00431405
0.00431405
0.00431403
0.00431085
0.004314
0.00431398
0.00431402
0.004314
0.00431124
0.00430595
0.00418044
0.00425752
0.00412409
0.00413771
0.00429882
0.0042653
0.00427357
0.00431062
0.00430083
0.00430676
0.00431097
0.00431379
0.00431381
0.00431361
0.00431364
0.00430967
0.00431397
0.00431397
0.00430903
0.00429521
0.00408535
0.00404023
0.00429513
0.00410406
0.00412015
0.00403223
0.00404264
0.00429315
0.00428243
0.00427573
0.0043083
0.00431362
0.0043136
0.00431356
0.00431371
0.00430916
0.00430941
0.00431358
0.0043136
0.00431359
0.00431358
0.0043089
0.00431109
0.004272
0.00428086
0.00426017
0.00425482
0.00430776
0.00431311
0.00431403
0.00431402
0.00431403
0.00431403
0.00431318
0.00430921
0.00411656
0.0040421
0.004186
0.0041649
0.00430949
0.00376872
0.00379072
0.00431096
0.00420772
0.00419222
0.00374476
0.00376274
0.00414966
0.00411428
0.00431403
0.00431404
0.00431404
0.00406721
0.0042606
0.00409148
0.00410927
0.00410435
0.00425767
0.00431405
0.004314
0.00431405
0.00431386
0.00431404
0.00335849
0.00340397
0.00356861
0.00356731
0.00405471
0.00364259
0.00361757
0.003694
0.00364984
0.00406441
0.00354815
0.0035859
0.00422655
0.00421962
0.00412231
0.00375935
0.0037166
0.00365766
0.00367711
0.00431378
0.00431403
0.00431404
0.00431394
0.00431402
0.00431368
0.00431143
0.00431322
0.00428728
0.00429455
0.00430255
0.0042931
0.00421016
0.004285
0.00427853
0.0042918
0.00428703
0.00420846
0.00426376
0.00425763
0.00427651
0.0042672
0.00428138
0.00416492
0.00418696
0.00412479
0.00415393
0.00427915
0.00404835
0.00405903
0.00428619
0.00431252
0.00431109
0.00431378
0.00431293
0.00429173
0.00430162
0.00429845
0.00430993
0.004303
0.0043132
0.00431402
0.00431388
0.00431264
0.00431156
0.00431332
0.00431215
0.00431389
0.00431243
0.00431362
0.0043139
0.00431268
0.0043135
0.00431403
0.00431379
0.0043134
0.00415571
0.00416905
0.00430484
0.004047
0.00399213
0.00419222
0.00405883
0.00391358
0.0038645
0.00397534
0.00393472
0.00429947
0.00414248
0.0041523
0.00425706
0.00424274
0.00429678
0.00426917
0.00422533
0.00420884
0.00424016
0.00422957
0.00431095
0.00427544
0.00428056
0.00430158
0.00430638
0.00431371
0.00431377
0.00431028
0.00430969
0.00431365
0.0043137
0.00409649
0.00409316
0.0042956
0.00379615
0.00379448
0.0036062
0.00377274
0.00377332
0.00383399
0.0037899
0.00377596
0.00408028
0.00409867
0.00429473
0.00378687
0.00373778
0.00385259
0.00380211
0.00364713
0.00359846
0.00371903
0.00366918
0.00429321
0.00405156
0.00407303
0.0042771
0.00427454
0.00431365
0.00431363
0.00430823
0.00430873
0.0043137
0.00431366
0.00431357
0.00431358
0.00430936
0.00430896
0.00431357
0.00431357
0.0033651
0.00341117
0.00410974
0.00414141
0.00406831
0.00409852
0.00335825
0.00362335
0.00418394
0.00413758
0.00415018
0.0041759
0.00358408
0.00393446
0.00395182
0.00387017
0.00392806
0.00339854
0.00402788
0.00405985
0.00396148
0.00401129
0.00339712
0.00426424
0.00426982
0.00431085
0.00424044
0.00425182
0.00425477
0.00423987
0.00425163
0.0043082
0.00425145
0.00425955
0.00393845
0.00350665
0.00349901
0.00360072
0.00351961
0.00395406
0.00356706
0.00377787
0.0034992
0.00380353
0.00422534
0.00429723
0.00429328
0.00430197
0.00429856
0.00422852
0.00417486
0.00418083
0.00380141
0.00382753
0.00369232
0.00373692
0.00417383
0.00415781
0.00431405
0.00431405
0.00431405
0.00431405
0.00431398
0.00431399
0.00431405
0.00431405
0.00431405
0.00431404
0.00431405
0.00431405
0.00431405
0.00431405
0.00431405
0.00431405
0.00431404
0.00431352
0.00431134
0.00430687
0.00430627
0.00428322
0.00429687
0.00431398
0.00431398
0.00431004
0.00427248
0.00426971
0.00429121
0.00428283
0.00428739
0.00431234
0.00431401
0.00431405
0.00431405
0.00430717
0.00430921
0.00431359
0.00431398
0.00431385
0.00431404
0.00431292
0.00429663
0.00430623
0.00429936
0.00430565
0.00430498
0.00431082
0.00431197
0.00431198
0.00430961
0.00431385
0.00431388
0.0043128
0.00430912
0.00431397
0.00431398
0.00411507
0.00409554
0.00429833
0.00428919
0.00427618
0.00427508
0.00428046
0.00430854
0.00431195
0.00431194
0.0043095
0.00431194
0.00431196
0.00431193
0.00431192
0.00430873
0.00429143
0.00414549
0.00412503
0.00431014
0.0043136
0.00431358
0.00431356
0.00431404
0.00431403
0.00355655
0.00355626
0.00422358
0.0042122
0.00431111
0.00355924
0.00355756
0.00430033
0.00430249
0.00431371
0.00431397
0.00431391
0.00333184
0.0033583
0.00336595
0.00347124
0.00350536
0.00334323
0.0033504
0.00350775
0.00347939
0.00366644
0.00416808
0.00416137
0.00420709
0.00379223
0.00376654
0.00412796
0.00431405
0.00431405
0.00431405
0.00431376
0.00431389
0.00431399
0.00431402
0.00431352
0.00431363
0.00431405
0.00431405
0.00431404
0.00430976
0.00430947
0.00431174
0.00431304
0.004312
0.00431146
0.00428926
0.0042927
0.00427946
0.00428155
0.00430128
0.00429651
0.00427055
0.00427524
0.00421743
0.00421829
0.00424366
0.00424018
0.00420108
0.00422048
0.00422302
0.00431247
0.0042892
0.00429418
0.00429314
0.00427519
0.00430023
0.0042973
0.00431183
0.00431067
0.0043056
0.00422404
0.00421266
0.00428983
0.00426864
0.00423863
0.00431404
0.00431403
0.00431358
0.00431341
0.0043122
0.00431281
0.00430542
0.00431292
0.00431333
0.00428222
0.00429105
0.00431277
0.00419789
0.00418429
0.00430315
0.0043052
0.00431398
0.004314
0.00431369
0.00431285
0.00431391
0.00431394
0.00429796
0.00409348
0.00409481
0.00427064
0.00427284
0.00431191
0.00431191
0.00430926
0.00430908
0.0043119
0.00431191
0.00336194
0.00348594
0.00372915
0.00374624
0.00355692
0.00356994
0.00332845
0.00416029
0.00414935
0.0042923
0.00339413
0.00337529
0.0034925
0.00349462
0.00337143
0.00354353
0.00354967
0.00336024
0.00336408
0.00431365
0.00431363
0.00431026
0.00431152
0.0043137
0.00431368
0.00380593
0.00417229
0.00418319
0.00414924
0.00416077
0.00377707
0.00425873
0.00429981
0.0043029
0.00430227
0.00430111
0.00426243
0.00421411
0.00425289
0.00424816
0.0041798
0.00417057
0.00419175
0.00359774
0.00361206
0.00361924
0.00356796
0.00416019
0.00384408
0.00380548
0.00387625
0.00385317
0.00412299
0.00402755
0.00403121
0.00419285
0.00421139
0.00429172
0.00431403
0.00431403
0.00431399
0.00356891
0.00357701
0.00379956
0.00379823
0.00334731
0.00363686
0.00360231
0.00360139
0.00359197
0.00359833
0.00364799
0.00313163
0.00416299
0.00417288
0.00431405
0.00431405
0.00431405
0.00430801
0.00430745
0.00431136
0.00430925
0.00431113
0.00431239
0.00431055
0.00431089
0.00428505
0.00429611
0.00425854
0.00426186
0.00426202
0.00425839
0.00429164
0.00426772
0.00426655
0.00409668
0.00403567
0.00403482
0.00404653
0.0040441
0.00408638
0.00431159
0.00431297
0.00431302
0.00431279
0.00431292
0.00431125
0.00430009
0.00430971
0.00430423
0.00430233
0.00430964
0.00431199
0.00431201
0.00427593
0.00427679
0.00428704
0.00427764
0.00431197
0.00431196
0.0043084
0.00431193
0.00431194
0.00430946
0.00430883
0.00431191
0.00431191
0.00426046
0.00427169
0.00426709
0.00427555
0.00427409
0.00425938
0.00355719
0.00356119
0.00356526
0.00356162
0.00375104
0.00364263
0.00363835
0.00404576
0.00404594
0.00413886
0.00406581
0.00408058
0.00403896
0.0040504
0.0041263
0.00431401
0.00431399
0.00431402
0.00431397
0.00431403
0.00431404
0.00431405
0.00431402
0.00431403
0.00431401
0.00408603
0.00418034
0.00417484
0.00419572
0.00418774
0.0040921
0.0041275
0.00415439
0.00414311
0.00417043
0.00416469
0.00411802
0.00431402
0.00431404
0.00431403
0.00431353
0.00431311
0.00431396
0.00431388
0.00333329
0.00344804
0.00337054
0.00336604
0.0035685
0.00356792
0.00373791
0.00375207
0.00362803
0.00334715
0.00333887
0.00352168
0.003428
0.00343307
0.00341642
0.00362851
0.00343167
0.00338415
0.00417378
0.00418405
0.00423262
0.004146
0.00414895
0.00413819
0.00414031
0.00421289
0.0041586
0.00416296
0.00366146
0.0035766
0.00358452
0.00356887
0.00356997
0.00366715
0.00431393
0.00431396
0.00431385
0.0043134
0.00431369
0.00431389
0.00430721
0.00431153
0.00430905
0.00430855
0.00430968
0.00431014
0.00430864
0.0043092
0.00428815
0.00429353
0.00426583
0.00426684
0.00426317
0.00426455
0.004302
0.00428267
0.00428345
0.00426617
0.00426758
0.00429455
0.00426674
0.00422697
0.00421994
0.00420453
0.00423725
0.00423348
0.00426122
0.00422628
0.00422536
0.00423732
0.00423098
0.00425943
0.00427411
0.00424303
0.00424673
0.00422946
0.00423655
0.00427091
0.00422371
0.00413442
0.00420835
0.00420276
0.00404147
0.00404698
0.00428347
0.00430269
0.00430147
0.0042807
0.00429644
0.00430749
0.00430462
0.00424267
0.00423284
0.00427895
0.00428114
0.00429959
0.00426353
0.00425325
0.00430891
0.00431047
0.00431305
0.00431143
0.00430694
0.0043005
0.00430654
0.00431313
0.0043136
0.0043137
0.00431313
0.00431333
0.00431233
0.00431113
0.00431212
0.0043137
0.0043133
0.00431314
0.00431373
0.0043134
0.00431379
0.00431288
0.00431292
0.00431235
0.00431304
0.00403246
0.00401113
0.00415434
0.00398835
0.00400722
0.00394874
0.00406932
0.00389495
0.00387863
0.00396067
0.00394813
0.00424978
0.00418273
0.00419837
0.00415135
0.00416653
0.00424565
0.00429359
0.00426791
0.00427528
0.00420753
0.00425047
0.00428591
0.00417161
0.00414686
0.004221
0.00405385
0.00406899
0.00402795
0.00404069
0.00421615
0.00423749
0.0041257
0.00413775
0.004086
0.00410495
0.00423371
0.00430246
0.00430584
0.00380218
0.00362101
0.00364563
0.0035713
0.00359497
0.00379887
0.0036493
0.00365874
0.00365759
0.0037148
0.0037816
0.00344535
0.00346814
0.00348499
0.00344705
0.00380165
0.00378538
0.00353009
0.00354973
0.00349225
0.00351238
0.0037809
0.00377407
0.00375932
0.0038402
0.00381984
0.00362753
0.00360985
0.00370287
0.00368921
0.00427294
0.00427365
0.00430931
0.00431192
0.00431192
0.00431191
0.0043119
0.00430902
0.003369
0.00367037
0.00370504
0.00346096
0.00332876
0.00359374
0.0036298
0.00343444
0.00341366
0.00393962
0.00363308
0.00363552
0.00389971
0.00360323
0.00354674
0.00363574
0.00362778
0.00391791
0.00348121
0.00345681
0.00350696
0.00353199
0.00338714
0.00339575
0.00345359
0.00426673
0.00428874
0.00428699
0.00429131
0.00429007
0.00426828
0.00424431
0.00424967
0.00424942
0.00423951
0.00423938
0.00424358
0.00425104
0.00427895
0.00427696
0.00428455
0.00428166
0.00425446
0.00350161
0.00360037
0.00361522
0.00357627
0.00358821
0.00349957
0.00357193
0.00369234
0.00371856
0.00363564
0.00366269
0.00354366
0.00356111
0.00344193
0.0034515
0.00343562
0.00343774
0.00349831
0.00354169
0.00356225
0.00347398
0.00350745
0.00349154
0.00426004
0.00425696
0.00422126
0.00417386
0.00418765
0.00357242
0.00359187
0.00370993
0.00360056
0.00357911
0.00363241
0.00362153
0.00372569
0.00357028
0.00356888
0.00403262
0.00403566
0.00431405
0.00431405
0.00431405
0.00431405
0.00431405
0.00431405
0.00431405
0.00431405
0.00431405
0.00431405
0.00431405
0.00431405
0.00431405
0.00431405
0.00431405
0.00431405
0.00431405
0.00431405
0.00431405
0.00431405
0.00431405
0.00431405
0.00431405
0.00431405
0.00431405
0.00431405
0.00431405
0.00431405
0.00431405
0.00431405
0.00431405
0.00431405
0.00431405
0.00431405
0.00431405
0.00431405
0.00431405
0.00431405
0.00431405
0.00431405
0.00431405
0.00431405
0.00431405
0.00431405
0.00431405
0.00431405
0.00431405
0.00431405
0.00431405
0.00431405
0.00431405
0.00431405
0.00431405
0.00431405
0.00431405
0.00431405
0.00431405
0.00431405
0.00431405
0.00431405
0.00431405
0.00431405
0.00431405
0.00431405
0.00431405
0.00431405
0.00431405
0.00431405
0.00431405
0.00431405
0.00431405
0.00431405
0.00431405
0.00431405
0.00431405
0.00431405
0.00431405
0.00431405
0.00431405
0.00431405
0.00431405
0.00431405
0.00431405
0.00431405
0.00431405
0.00431404
0.00431404
0.00431405
0.00431405
0.00431405
0.00431405
0.00431405
0.00431405
0.00431405
0.00431405
0.00431405
0.00431405
0.00431405
0.00431405
0.00431405
0.00431404
0.00431404
0.00431405
0.00431405
0.00431405
0.00431405
0.00431405
0.00431405
0.00431405
0.00431405
0.00431405
0.00431405
0.00431404
0.00431404
0.00431405
0.00431405
0.00431405
0.00431405
0.00431405
0.00431405
0.00431405
0.00431405
0.00431405
0.00431405
0.00431405
0.00431405
0.00431405
0.00431405
0.00431405
0.00431405
0.00431405
0.00431405
0.00431405
0.00431405
0.00431405
0.00431405
0.00431331
0.0043133
0.00360386
0.00426465
0.00426886
0.00431405
0.00431405
0.00431405
0.00431405
0.00431405
0.00431405
0.00431405
0.00431405
0.00431405
0.00431405
0.00431405
0.00431405
0.00431404
0.00387852
0.0038674
0.00410104
0.00431405
0.00431405
0.00431405
0.00431405
0.00431405
0.00431405
0.00431405
0.00431405
0.00431405
0.00431405
0.00431405
0.0043125
0.00408386
0.00388175
0.00421338
0.00431398
0.00431405
0.00431405
0.00431405
0.00431405
0.00431405
0.00431405
0.00431405
0.00431405
0.00431405
0.00431405
0.00431405
0.00431405
0.00431405
0.00431404
0.00431404
0.00431405
0.00431405
0.00431404
0.00431403
0.00431405
0.00431405
0.00431405
0.00431404
0.00431404
0.00431405
0.00431405
0.00431403
0.00431404
0.00431403
0.00431403
0.00431405
0.00431404
0.00431404
0.00431405
0.00431405
0.00431404
0.00431405
0.00431404
0.00431404
0.00431405
0.00431405
0.00431405
0.00431405
0.00431405
0.00431405
0.00431405
0.0043133
0.0043136
0.00431405
0.00334644
0.0037502
0.0037544
0.00400314
0.00400419
0.00313797
0.00431405
0.00431405
0.00431405
0.00431405
0.00431405
0.00431405
0.00431405
0.00431405
0.00431404
0.00431405
0.00431405
0.00431405
0.00431405
0.00431405
0.00431405
0.00431405
0.00431405
0.00431405
0.00431405
0.00431405
0.00431405
0.00431405
0.00431405
0.00431405
0.00431405
0.00431405
0.00431405
0.00431405
0.00431405
0.00431405
0.00431404
0.004314
0.00431405
0.00431405
0.00431405
0.00431405
0.00431405
0.00431405
0.00431405
0.00431405
0.00431405
0.00431405
0.00431405
0.00431405
0.00431405
0.00431405
0.00431405
0.00431405
0.00431405
0.00431405
0.00431405
0.00431405
0.00431405
0.00431405
0.00431405
0.00431405
0.00431303
0.00431377
0.00431371
0.00431399
0.00431397
0.00431373
0.00431326
0.00431282
0.00431354
0.00431405
0.00431405
0.00431405
0.00431405
0.00431405
0.00431405
0.00431405
0.00431405
0.00431405
0.00431405
0.00431405
0.00431405
0.00431405
0.00431405
0.00431405
0.00431405
0.00431405
0.00431405
0.00431404
0.00431404
0.00431405
0.00430871
0.00431272
0.00431273
0.00431289
0.00431283
0.00430923
0.00431405
0.00431405
0.00431405
0.00431405
0.00431405
0.00431405
0.00431405
0.00431405
0.00431405
0.00431405
0.00431405
0.00431405
0.00431405
0.00431405
0.00431405
0.00431405
0.00431405
0.00431405
0.00431404
0.00431404
0.00431405
0.00431018
0.00431399
0.00431399
0.00431293
0.00431297
0.00430976
0.00430436
0.00428692
0.00428924
0.00431405
0.00431405
0.00431405
0.00431405
0.00431405
0.00431405
0.00431405
0.00431405
0.00431405
0.00431216
0.00430023
0.00430299
0.00430756
0.00430804
0.00431207
0.00431405
0.00431405
0.00431405
0.00431405
0.00431405
0.00431405
0.00431405
0.00431405
0.00431405
0.00431357
0.00431218
0.00431231
0.004311
0.00431125
0.00431335
0.00431363
0.00431331
0.00431404
0.00364618
0.00430504
0.00430477
0.00412768
0.00413056
0.00347968
0.00431233
0.00431218
0.00387301
0.00431405
0.0043139
0.00431397
0.00431399
0.0043139
0.00431405
0.00431395
0.00431403
0.00431401
0.00431405
0.00431405
0.00431403
0.00431405
0.00431405
0.00431405
0.00431403
0.00431371
0.00431398
0.00431405
0.00431405
0.00431405
0.00431402
0.00431404
0.00431405
0.00431379
0.0043135
0.00431343
0.00431404
0.00431403
0.00431404
0.00431405
0.00431405
0.00431405
0.00431405
0.00431405
0.00431405
0.00431403
0.00431403
0.00431399
0.00431011
0.00431305
0.00431297
0.00431363
0.00431354
0.00431208
0.00431405
0.00431404
0.00431404
0.00430808
0.00429971
0.00430197
0.00427401
0.00427505
0.0042976
0.00430342
0.00430443
0.00430987
0.00431404
0.00431404
0.00431405
0.00431245
0.00431326
0.00431334
0.00431374
0.00431401
0.00431402
0.00431339
0.00431342
0.00431272
0.00431405
0.00431405
0.00431404
0.00430935
0.00431287
0.0043129
0.00431274
0.00431275
0.00430886
0.00431405
0.00431404
0.00431404
0.00429433
0.0042668
0.00426569
0.00427839
0.0042773
0.00429916
0.00429603
0.00427208
0.00427303
0.00426491
0.00426443
0.00429333
0.00431403
0.00431403
0.00431405
0.00431261
0.00431255
0.00430974
0.00431405
0.00431403
0.00431403
0.00429873
0.00422071
0.00420764
0.00427022
0.00426733
0.00430268
0.00430049
0.00428057
0.0042795
0.00420348
0.00418915
0.00429602
0.00431154
0.0043064
0.00430702
0.00429172
0.00429378
0.00430672
0.00431404
0.00431404
0.00431405
0.00431246
0.00431378
0.00431376
0.00431387
0.00431386
0.00431331
0.00430999
0.0043127
0.00431266
0.00431374
0.00431372
0.00431163
0.00431405
0.00431404
0.00431404
0.00430857
0.00429204
0.00429051
0.00429884
0.00429795
0.00430999
0.00430469
0.00427565
0.00427298
0.00428883
0.00428702
0.00430737
0.00431315
0.0043104
0.00431071
0.00430379
0.00430588
0.00431263
0.00431347
0.0043139
0.00431389
0.00431404
0.00431404
0.00431359
0.00431405
0.00431405
0.00431405
0.00431182
0.00423481
0.00422683
0.00421595
0.0042298
0.00431169
0.00431062
0.00430039
0.00429965
0.00431372
0.00430283
0.00430326
0.00431405
0.00431405
0.00431405
0.00431405
0.00431405
0.00431405
0.00431405
0.00431405
0.00431405
0.00431405
0.00431405
0.00431405
0.00431405
0.00431405
0.00431405
0.00431405
0.00431405
0.00431405
0.00431404
0.00431404
0.00431405
0.00431236
0.00431397
0.00431397
0.00431395
0.00431396
0.00431225
0.00426627
0.00423503
0.00423969
0.00420403
0.00421137
0.00425052
0.00431405
0.00431405
0.00431405
0.00431405
0.00431405
0.00431405
0.00431377
0.00431392
0.00431401
0.00431405
0.00431405
0.00431405
0.00431405
0.00431405
0.00431405
0.00431405
0.00431405
0.00431405
0.00431137
0.004314
0.00431395
0.004314
0.004314
0.00431123
0.00431405
0.00431404
0.00431404
0.00403168
0.00389295
0.00387825
0.00396624
0.00395283
0.00408336
0.00423745
0.00419069
0.00419685
0.00431405
0.00431405
0.00431405
0.00431379
0.00431404
0.00431404
0.00431404
0.00431404
0.00431381
0.00410918
0.00399172
0.00397942
0.00404267
0.00403501
0.00413814
0.00431391
0.00431404
0.00431404
0.00431404
0.00431404
0.00431392
0.00431405
0.00431405
0.00431405
0.00431405
0.00431405
0.00431405
0.00431405
0.00431405
0.00431405
0.00431405
0.00431405
0.00431405
0.00431405
0.00431405
0.00431405
0.00431405
0.00431405
0.00431405
0.00431405
0.00431405
0.00431405
0.00431405
0.00431404
0.00431405
0.00431405
0.00431405
0.00431405
0.00431403
0.00431404
0.00431402
0.00431405
0.00431405
0.00431405
0.00429545
0.00429912
0.00431197
0.00431268
0.00431001
0.00431032
0.00428517
0.00426398
0.00426654
0.00424399
0.00424773
0.00427396
0.00428118
0.00430424
0.00430331
0.00430582
0.00430508
0.00428305
0.0043134
0.00431148
0.00431168
0.0043129
0.00431355
0.00431401
0.00431376
0.00430996
0.00431247
0.00431059
0.0043129
0.00431242
0.00431402
0.00431399
0.00431386
0.00431405
0.00431405
0.00431405
0.00431389
0.00431384
0.00431396
0.00431401
0.00431395
0.00431392
0.00428365
0.0042852
0.00430301
0.00430081
0.00428098
0.00428226
0.00430926
0.00430992
0.00431235
0.00431157
0.00430798
0.00430862
0.00431213
0.00431219
0.00430982
0.00431402
0.00431395
0.00431394
0.00431398
0.00431396
0.00431402
0.004314
0.00431391
0.0043139
0.00431393
0.00431392
0.00431401
0.00430974
0.00431207
0.0043121
0.00431379
0.00431384
0.00431358
0.00431404
0.00431403
0.00431403
0.00431404
0.00431404
0.00431405
0.00431403
0.004314
0.00431399
0.00431402
0.00431401
0.00431404
0.00431306
0.00431365
0.00431372
0.00427212
0.00427153
0.00429627
0.00429725
0.00427334
0.00427272
0.0042671
0.00426785
0.00429407
0.00429337
0.00426578
0.0042664
0.00431205
0.00431203
0.00430811
0.004314
0.0043139
0.0043139
0.00431389
0.0043139
0.004314
0.00431401
0.00431392
0.00431392
0.00431391
0.00431391
0.004314
0.00430813
0.00431213
0.00431208
0.004314
0.00431389
0.00431389
0.0043139
0.00431389
0.004314
0.004314
0.00431389
0.00431389
0.00431389
0.00431389
0.004314
0.00425768
0.00422515
0.0042996
0.00368263
0.00389835
0.00391897
0.0037611
0.00377746
0.00352506
0.00430195
0.00426416
0.00426092
0.00429506
0.00418303
0.00416481
0.00430195
0.00430286
0.0043103
0.00430912
0.00429958
0.00430083
0.00431302
0.00431296
0.00431066
0.00431401
0.00431394
0.00431394
0.00431393
0.00431393
0.00431401
0.00431402
0.00431396
0.00431396
0.00431395
0.00431395
0.00431402
0.00431128
0.00431313
0.00431308
0.00390853
0.00374292
0.00372697
0.00386062
0.00383982
0.00398605
0.00428068
0.00427824
0.0043053
0.00386483
0.0040473
0.00406252
0.00393645
0.00395421
0.00373341
0.0039793
0.00421027
0.00421797
0.00419292
0.00420185
0.0039611
0.00430691
0.00428505
0.00428295
0.00373576
0.00354196
0.00352629
0.00370849
0.00368446
0.00385458
0.00430966
0.00431005
0.00431306
0.00425149
0.00427666
0.00427421
0.00429053
0.00428883
0.0042689
0.00427138
0.00426834
0.00423743
0.00431276
0.00430874
0.00430922
0.00414045
0.00390795
0.00388363
0.00393967
0.0039175
0.00414582
0.00415212
0.00405798
0.0040504
0.00428533
0.00421634
0.00422715
0.00426893
0.00427122
0.00428947
0.00431405
0.00431405
0.00431405
0.00431405
0.00431405
0.00431405
0.00431356
0.004314
0.004314
0.00431399
0.00431399
0.00431354
0.00423202
0.00422935
0.00384174
0.00431215
0.00430076
0.00430101
0.00430057
0.00430084
0.00431231
0.00431299
0.00431398
0.00431399
0.00431398
0.00431398
0.00431293
0.00431405
0.00431404
0.00431404
0.00357904
0.0035498
0.00335079
0.00412491
0.00395321
0.00390833
0.00395982
0.00395573
0.00412478
0.00428429
0.00419626
0.00418559
0.00422464
0.00424246
0.00428631
0.00312335
0.00368722
0.00381168
0.00431405
0.00431405
0.00431405
0.00431405
0.00431405
0.00431405
0.00431405
0.00431405
0.00431405
0.00431405
0.00431405
0.00431405
0.00431405
0.00431405
0.00431405
0.00431405
0.00431405
0.00431405
0.00431387
0.00431382
0.00431322
0.00431404
0.00431399
0.004314
0.00431396
0.00431398
0.00431403
0.00431339
0.00431251
0.00431234
0.00431272
0.00431272
0.00430872
0.00431396
0.00431371
0.00431371
0.00431371
0.00431371
0.00431396
0.00431397
0.00431374
0.00431376
0.00431372
0.00431373
0.00431397
0.00430902
0.00431278
0.00431274
0.00428423
0.00428527
0.00430365
0.00431187
0.00431203
0.00431354
0.00429721
0.00430708
0.00430649
0.00430808
0.00430761
0.00429835
0.00430493
0.0042463
0.00421718
0.00424689
0.00424674
0.004305
0.00363276
0.00405005
0.00404771
0.00431405
0.00431405
0.00431405
0.00431405
0.00431405
0.00431405
0.00431405
0.00431405
0.00431405
0.00431359
0.00431354
0.00431382
0.00431405
0.00431405
0.00431404
0.00431405
0.00431405
0.00431405
0.00431405
0.00431405
0.00431405
0.00431405
0.00431404
0.00431404
0.00431405
0.00431405
0.00431405
0.00431401
0.00431404
0.00431404
0.00431324
0.00431315
0.00431048
0.00431399
0.00431382
0.00431385
0.00431378
0.0043138
0.00431399
0.00431402
0.00431392
0.00431394
0.00431387
0.00431389
0.00431401
0.00431165
0.00431344
0.00431334
0.0042926
0.00429634
0.00430708
0.00420367
0.00426906
0.00425795
0.00428725
0.00428057
0.0042391
0.0041283
0.00422668
0.00422487
0.00423067
0.00422863
0.00413287
0.0042982
0.00427616
0.00427733
0.0042691
0.00429265
0.00429066
0.00429532
0.00429409
0.00427156
0.00431026
0.00430524
0.00430596
0.00431279
0.00431309
0.00431201
0.00431381
0.00431374
0.00431363
0.00431362
0.00431315
0.00431314
0.00431319
0.00431317
0.00431363
0.00431397
0.00431372
0.00431372
0.00431373
0.00431372
0.00431397
0.00430894
0.00431277
0.00431279
0.00426921
0.00426804
0.00429476
0.00407155
0.00420906
0.00421291
0.00420085
0.00420468
0.00405466
0.00427023
0.00427113
0.00429556
0.00410987
0.00421932
0.00421732
0.00422313
0.00422133
0.00411577
0.00402988
0.00419719
0.00419835
0.00419865
0.00419698
0.00403478
0.00429328
0.00426425
0.00426425
0.00431361
0.00431312
0.00431313
0.0043131
0.00431311
0.0043136
0.00431331
0.00431334
0.00431373
0.00430952
0.00431247
0.00431238
0.00431359
0.0043131
0.00431309
0.00431312
0.00431311
0.00431359
0.00431359
0.00431309
0.0043131
0.00431308
0.00431308
0.00431358
0.00430502
0.00430572
0.00431133
0.00427497
0.00429425
0.00429269
0.00429723
0.00429581
0.00427815
0.00430729
0.00429522
0.00429628
0.00431381
0.0043138
0.00431304
0.00431403
0.00431398
0.00431398
0.00431397
0.00431397
0.00431402
0.00431403
0.00431399
0.004314
0.00431399
0.00431399
0.00431403
0.00431324
0.00431385
0.00431383
0.00429473
0.00429344
0.0043089
0.00408696
0.00423705
0.00424232
0.00422494
0.00423127
0.00407635
0.00417937
0.004255
0.00425848
0.00424698
0.00425119
0.0041724
0.00430975
0.00429697
0.00429591
0.00377506
0.00366042
0.00365552
0.00367443
0.00366631
0.00378214
0.00430168
0.00430106
0.0043108
0.00420295
0.00426708
0.00426944
0.00426165
0.00426449
0.00419783
0.00365105
0.00364678
0.0037569
0.00431405
0.00431404
0.00431403
0.00422634
0.00423049
0.00426344
0.00425439
0.00421764
0.00422233
0.00431404
0.00431405
0.00431405
0.00431405
0.00431405
0.00431404
0.00431403
0.00431399
0.00431402
0.0039173
0.00390559
0.0040437
0.00363577
0.00376335
0.00377353
0.00367378
0.0038098
0.00382679
0.0037838
0.00379551
0.00365938
0.00407432
0.00394037
0.00392857
0.00401158
0.00400238
0.00411615
0.00375007
0.00387392
0.0038843
0.00384459
0.00386082
0.00373632
0.00431403
0.00431401
0.004314
0.00431404
0.00431403
0.00431404
0.00431397
0.00431386
0.00431381
0.00431398
0.00431391
0.004314
0.00431225
0.00431218
0.00431315
0.00428277
0.00425703
0.00426143
0.00424957
0.00425286
0.00428057
0.00429032
0.00427047
0.00427292
0.00426521
0.00426806
0.00428877
0.00425804
0.00426118
0.0042834
0.00417425
0.00422899
0.00422411
0.00423682
0.00423313
0.00418116
0.00421878
0.00421347
0.00414335
0.00427664
0.00425122
0.00425469
0.00431213
0.00430899
0.00430971
0.00430695
0.00430823
0.0043117
0.00431362
0.0043128
0.00431325
0.00431066
0.00431182
0.00431333
0.00430057
0.00428276
0.00428444
0.00430756
0.00429619
0.00430387
0.00428671
0.00429048
0.00430499
0.00431377
0.00431339
0.00431179
0.00431399
0.00431386
0.00431396
0.0043135
0.0043137
0.00431395
0.00431393
0.00431375
0.00431366
0.004314
0.00431398
0.00431402
0.00431362
0.00431387
0.00431393
0.00431376
0.00431381
0.00431349
0.00415938
0.00424291
0.00424047
0.0042505
0.004246
0.00416354
0.00430388
0.00428706
0.00428944
0.00427854
0.00427975
0.00430012
0.00414602
0.00423463
0.00423273
0.00423837
0.00423645
0.00414911
0.00430665
0.00430732
0.00431127
0.00427725
0.0042976
0.00429647
0.0042998
0.00429871
0.00427897
0.00431373
0.00431338
0.00431333
0.00431353
0.00431344
0.00431375
0.00430995
0.0043123
0.00431249
0.00431203
0.00431205
0.00430972
0.00431367
0.00431324
0.00431322
0.0043133
0.00431327
0.00431368
0.00409777
0.0042184
0.0042193
0.00421562
0.00421729
0.00409654
0.00429594
0.0042709
0.00427016
0.00408773
0.00421163
0.00420943
0.00421543
0.00421359
0.0040936
0.00429439
0.00426861
0.00426939
0.00426468
0.00426522
0.00429322
0.00405977
0.00420316
0.0042009
0.00420726
0.00420521
0.00406632
0.00431364
0.00431317
0.00431319
0.00431314
0.00431316
0.00431364
0.00430817
0.00431201
0.00431199
0.00431228
0.00431219
0.00430835
0.00431369
0.00431325
0.00431328
0.0043132
0.00431322
0.00431368
0.00431357
0.00431308
0.00431307
0.00431308
0.00431308
0.00431357
0.00431357
0.00431307
0.00431308
0.00431307
0.00431307
0.00431357
0.00412031
0.00393785
0.00391665
0.00396984
0.00395531
0.0041315
0.00407733
0.0038534
0.0038399
0.00389331
0.00387124
0.00408743
0.00384815
0.00387209
0.00365747
0.00419135
0.00405764
0.00404249
0.00415895
0.0039965
0.00398302
0.00402673
0.00401099
0.00416729
0.00354903
0.00379777
0.00382229
0.00363433
0.00363151
0.00394499
0.00404094
0.00380331
0.00378094
0.00382885
0.00381774
0.00405112
0.00397527
0.00366986
0.00364614
0.00374698
0.00370629
0.00399273
0.00431059
0.00430363
0.00430433
0.00429725
0.00429834
0.00430867
0.0037753
0.00375844
0.00392344
0.00397022
0.00381705
0.00379487
0.00358403
0.00355969
0.00375535
0.00383008
0.00365259
0.00361667
0.00429604
0.00428059
0.00428264
0.00427555
0.00427819
0.00429471
0.00430092
0.00428814
0.00428994
0.00428448
0.00428631
0.0042998
0.00423237
0.00426537
0.00426266
0.0038141
0.0037027
0.0036865
0.00372225
0.00371916
0.00382638
0.00417084
0.00410428
0.00410416
0.00408956
0.00409718
0.00416466
0.00431405
0.00431405
0.00431405
0.00431405
0.00431405
0.00431405
0.00431399
0.00431404
0.00431404
0.00431404
0.00431404
0.00431399
0.00431405
0.00431405
0.00431405
0.00431405
0.00431405
0.00431405
0.00431405
0.00431405
0.00431405
0.00431405
0.00431405
0.00431404
0.00431405
0.00431405
0.00431405
0.00431405
0.00431405
0.00431405
0.00431405
0.00431405
0.00431405
0.00431405
0.00431405
0.00431405
0.00431363
0.00431394
0.00431391
0.0043099
0.004313
0.00431304
0.00428434
0.0042994
0.00429841
0.00430124
0.00430032
0.00428578
0.00431221
0.00430848
0.0043089
0.00431404
0.00431404
0.00431399
0.00430789
0.00431156
0.00431117
0.00431227
0.00431192
0.00430854
0.00431395
0.00431401
0.00431402
0.00431397
0.00431399
0.0043139
0.00431404
0.00431403
0.00431402
0.00431203
0.00431261
0.00431302
0.00430195
0.00430901
0.00430739
0.00431068
0.00431002
0.00430477
0.00431276
0.00431346
0.00431349
0.00431281
0.00431284
0.00430923
0.00431397
0.00431374
0.00431373
0.00431375
0.00431375
0.00431397
0.00410599
0.00422864
0.00423147
0.00422454
0.00422632
0.00409942
0.00429874
0.00427632
0.00427545
0.00414062
0.00424033
0.0042428
0.00423446
0.00423729
0.00413387
0.00431279
0.00431274
0.00431005
0.00431392
0.00431391
0.00431351
0.004314
0.004314
0.00431403
0.00422009
0.00427541
0.00427709
0.00427161
0.00427359
0.00421632
0.00431125
0.00430278
0.00430226
0.00430117
0.00430887
0.0043085
0.00430946
0.00430919
0.00430189
0.0037816
0.0039102
0.0039199
0.00389312
0.00390148
0.00377346
0.00413319
0.00402748
0.00401977
0.00431405
0.00431405
0.00431405
0.00431405
0.00431405
0.00431405
0.00431405
0.00431405
0.00431405
0.00431405
0.00431404
0.00431404
0.00431405
0.00431405
0.00431405
0.00431404
0.00431404
0.00431405
0.00430929
0.00430967
0.00431258
0.00429105
0.00430309
0.00430217
0.00430467
0.00430393
0.00429274
0.004314
0.00431403
0.00431404
0.00431373
0.00431395
0.00431389
0.00428419
0.00430217
0.00430092
0.00430544
0.00430365
0.00428692
0.00431257
0.00431061
0.00431133
0.00431364
0.00431387
0.00431389
0.00431353
0.00431358
0.00431293
0.0042747
0.004274
0.00429759
0.00409293
0.00422206
0.00422318
0.00422017
0.00422108
0.00409352
0.00415634
0.00424899
0.00425118
0.00424499
0.00424706
0.00415284
0.00431044
0.0043129
0.00431283
0.00431321
0.00431317
0.00431141
0.0040099
0.00402968
0.00383664
0.0037525
0.00397083
0.0039908
0.00428224
0.0042795
0.00425502
0.00429163
0.00429315
0.00430372
0.00426588
0.0042869
0.00428469
0.0040721
0.00406529
0.00415638
0.00383309
0.00395171
0.00396098
0.00393053
0.00394136
0.00381977
0.00386876
0.00399069
0.00399918
0.00397219
0.00398188
0.00386119
0.00419923
0.00424395
0.00424038
0.00425068
0.00424744
0.00420559
0.00429066
0.00427337
0.00427537
0.00378801
0.00367947
0.00369446
0.00368726
0.00368222
0.00379163
0.00334811
0.00354571
0.00354771
0.00362178
0.00364498
0.00312708
0.00417643
0.00402854
0.00395939
0.00409169
0.00407099
0.00417364
0.00431405
0.00431405
0.00431405
0.00431405
0.00431405
0.00431405
0.00431405
0.00431405
0.00431405
0.00431405
0.00431405
0.00431405
0.00431405
0.00431405
0.00431405
0.00431405
0.00431405
0.00431405
0.00431405
0.00431405
0.00431405
0.00431405
0.00431405
0.00431405
0.00431405
0.00431405
0.00431405
0.00431405
0.00431405
0.00431405
0.00431405
0.00431405
0.00431405
0.00431405
0.00431405
0.00431405
0.00431405
0.00431405
0.00431405
0.00431405
0.00431405
0.00431405
0.00431405
0.00431405
0.00431405
0.00431405
0.00431405
0.00431405
0.00431405
0.00431405
0.00431405
0.00431405
0.00431405
0.00431405
0.00431405
0.00431405
0.00431405
0.00431405
0.00431405
0.00431405
0.00431405
0.00431405
0.00431405
0.00431405
0.00431405
0.00431405
0.00431405
0.00431405
0.00431405
0.00431405
0.00431405
0.00431405
0.00431405
0.00431405
0.00431405
0.00431405
0.00431405
0.00431405
0.00431405
0.00431405
0.00431405
0.00431405
0.00431405
0.00431405
0.00431405
0.00431405
0.00431405
0.00431405
0.00431405
0.00431405
0.00431405
0.00431405
0.00431405
0.00431405
0.00431405
0.00431405
0.00431405
0.00431405
0.00431405
0.00431405
0.00431405
0.00431405
0.00431405
0.00431405
0.00431405
0.00431405
0.00431404
0.00431404
0.00431405
0.00431405
0.00431405
0.00431405
0.00431405
0.00431405
0.00431405
0.00431405
0.00431405
0.00354314
0.00400523
0.00400211
0.00431405
0.00431405
0.00431405
0.00431405
0.00431405
0.00431405
0.00431405
0.00431405
0.00431405
0.00431404
0.00431342
0.00431356
0.00409279
0.00430746
0.00430743
0.00431405
0.00431405
0.00431405
0.00431405
0.00431405
0.00431405
0.00431405
0.00431405
0.00431405
0.00431405
0.00431405
0.00431405
0.00431405
0.00431403
0.00431404
0.00431079
0.0040866
0.00408525
0.00421582
0.00431393
0.00431396
0.00431405
0.00431405
0.00431405
0.00431404
0.00431404
0.00431405
0.00431405
0.00431405
0.00431405
0.00431405
0.00431405
0.00431405
0.00431405
0.00431405
0.00431405
0.00431405
0.00431405
0.00431405
0.00431405
0.00431405
0.00431405
0.00431405
0.00431405
0.00431405
0.00431405
0.00431405
0.00431405
0.00431405
0.00431405
0.00431405
0.00431405
0.00431405
0.00431405
0.00431405
0.00431405
0.00431405
0.00431405
0.00431405
0.00431405
0.00431405
0.00431405
0.00431405
0.00431049
0.00431315
0.00431319
0.00431405
0.00431405
0.00431405
0.00375696
0.0037579
0.00346673
0.00431405
0.00431405
0.00431405
0.00431405
0.00431405
0.00431404
0.00431398
0.00431399
0.00431397
0.00431385
0.00431396
0.00431397
0.00431226
0.00431343
0.00431339
0.00431336
0.00431332
0.00431186
0.00431395
0.00431395
0.00431366
0.00431167
0.00430448
0.00430411
0.00430371
0.00430326
0.00431137
0.00431243
0.00431253
0.00431366
0.00431405
0.00431405
0.00431405
0.00431405
0.00431405
0.00431405
0.00431405
0.00431405
0.00431405
0.00431255
0.00431367
0.0043137
0.00431351
0.00431354
0.00431202
0.00431405
0.00431405
0.00431405
0.00431405
0.00431405
0.00431405
0.00431405
0.00431405
0.00431405
0.00431405
0.00431405
0.00431405
0.00431164
0.00431344
0.00431347
0.00431322
0.00431326
0.00431093
0.00431375
0.00431397
0.00431396
0.004314
0.00431399
0.00431384
0.00431389
0.004314
0.004314
0.00431405
0.00431405
0.00431405
0.00431405
0.00431405
0.00431405
0.00431405
0.00431405
0.00431405
0.00431405
0.00431405
0.00431405
0.00427683
0.0042935
0.0042921
0.00429963
0.00429882
0.00428649
0.00401402
0.00413911
0.0041474
0.00407567
0.00408753
0.00392614
0.00431405
0.00431405
0.00431405
0.00431404
0.00431404
0.00431405
0.00431405
0.00431405
0.00431405
0.0042909
0.00430107
0.0043004
0.00431404
0.00431404
0.00431404
0.00431405
0.00431405
0.00431405
0.00410722
0.00419166
0.0041965
0.00415513
0.00416205
0.00405417
0.00431405
0.00431405
0.00431405
0.00431405
0.00431405
0.00431405
0.00431405
0.00431405
0.00431405
0.00431405
0.00431405
0.00431405
0.00431404
0.00431403
0.00431404
0.00431401
0.00431402
0.00431404
0.00431398
0.00431377
0.00431376
0.00431379
0.00431378
0.00431398
0.00431405
0.00431405
0.00431405
0.00431404
0.00431404
0.00431405
0.00431404
0.00431401
0.00431401
0.00431369
0.00431262
0.0043127
0.00431405
0.00431405
0.00431405
0.00431405
0.00431405
0.00431405
0.00431405
0.00431405
0.00431405
0.00431405
0.00431405
0.00431405
0.00431405
0.00431405
0.00431405
0.00431405
0.00431405
0.00431405
0.00431405
0.00431405
0.00431405
0.00431405
0.00431405
0.00431405
0.00431405
0.00431405
0.00431405
0.00431405
0.00431405
0.00431405
0.00431405
0.00431405
0.00431405
0.00431405
0.00431405
0.00431405
0.00431405
0.00431405
0.00431405
0.00431405
0.00431405
0.00431405
0.00431405
0.00431405
0.00431405
0.00431405
0.00431405
0.00431405
0.00431405
0.00431405
0.00431405
0.00431405
0.00431405
0.00431405
0.00431405
0.00431405
0.00431405
0.00431405
0.00431405
0.00431405
0.00431405
0.00431405
0.00431405
0.00431405
0.00431405
0.00431405
0.00431405
0.00431405
0.00431405
0.00431331
0.00431396
0.00431396
0.00431396
0.00431396
0.00431331
0.00402043
0.00401293
0.00357225
0.00426335
0.00418241
0.00418649
0.00418215
0.00418183
0.00426352
0.00431405
0.00431405
0.00431405
0.00431405
0.00431405
0.00431405
0.00431405
0.00431405
0.00431405
0.00431405
0.00431405
0.00431405
0.00431301
0.00431322
0.00431404
0.0038751
0.00426749
0.00426597
0.00427202
0.00426966
0.00387142
0.00430747
0.00430748
0.00409706
0.00431405
0.00431397
0.00431397
0.00431397
0.00431397
0.00431405
0.00431405
0.00431405
0.00431405
0.00431404
0.00431405
0.00431405
0.00431404
0.00431404
0.00431404
0.00431405
0.00431405
0.00431405
0.00431405
0.00431405
0.00431405
0.00431404
0.00431404
0.00431404
0.00431405
0.00431404
0.00431404
0.00431403
0.00431404
0.00431404
0.00431404
0.00431404
0.00431403
0.00431404
0.00431405
0.00431405
0.00431405
0.00431405
0.00431404
0.00431339
0.00431397
0.00431396
0.004314
0.004314
0.00431361
0.00431405
0.00431404
0.00431404
0.003549
0.0035501
0.00335079
0.00319638
0.00363506
0.00361981
0.00431405
0.00431405
0.00431405
0.00431405
0.00431405
0.00431405
0.00431405
0.00431405
0.00431405
0.00431405
0.00431405
0.00431405
0.00431405
0.00431405
0.00431405
0.00431405
0.00431405
0.00431405
0.00431405
0.00431405
0.00431405
0.00431405
0.00431405
0.00431405
0.00431405
0.00431405
0.00431405
0.00431405
0.00431405
0.00431405
0.00431405
0.00431405
0.00431405
0.00431403
0.00431404
0.00431404
0.00431403
0.00431404
0.00431402
0.00431405
0.00431405
0.00431405
0.00431405
0.00431405
0.00431405
0.00431405
0.00431405
0.00431405
0.00431405
0.00431405
0.00431405
0.00431405
0.00431405
0.00431405
0.00431405
0.00431405
0.00431405
0.00431405
0.00431405
0.00431405
0.00431405
0.00431405
0.00431405
0.00431405
0.00431405
0.00431405
0.00431307
0.00431311
0.00431033
0.00431399
0.00431381
0.0043138
0.00431383
0.00431382
0.00431399
0.00431405
0.00431405
0.00431405
0.00430123
0.00430851
0.00430803
0.00430934
0.00430895
0.00430214
0.00404517
0.00404317
0.00365259
0.00430502
0.00424558
0.00424643
0.00412891
0.0039655
0.00396309
0.00396795
0.00396729
0.00412982
0.00347118
0.00375829
0.00375886
0.00430139
0.00430173
0.00431223
0.00388611
0.00423637
0.00423437
0.00431396
0.00431404
0.00431404
0.00431404
0.00431404
0.00431391
0.00431405
0.00431405
0.00431405
0.00431404
0.00431405
0.00431404
0.00431384
0.00431398
0.00431394
0.00431401
0.004314
0.00431393
0.00431404
0.00431405
0.00431405
0.00431405
0.00431405
0.00431404
0.00431392
0.00431394
0.00431379
0.00431405
0.00431405
0.00431405
0.00431405
0.00431405
0.00431404
0.00431403
0.00431404
0.00431404
0.00431404
0.00431404
0.00431403
0.00431403
0.00431404
0.00431404
0.00431404
0.00431404
0.00431403
0.00421621
0.00427434
0.00427607
0.00427084
0.00427262
0.00421186
0.00419918
0.00426722
0.00426908
0.00426306
0.00426523
0.00419449
0.00431404
0.00431405
0.00431405
0.00431349
0.00431346
0.00431236
0.00431174
0.00431328
0.00431325
0.00431404
0.00431405
0.00431405
0.00431405
0.00431405
0.00431404
0.00430455
0.00431002
0.0043097
0.00431058
0.00431032
0.00430524
0.00431404
0.00431402
0.00431402
0.00431401
0.00431402
0.00431404
0.00431363
0.00431394
0.00431393
0.00430507
0.00430481
0.00431175
0.00423264
0.00428128
0.00428227
0.00427862
0.00428002
0.00422986
0.00421509
0.00427061
0.00427108
0.00428127
0.00427346
0.00421854
0.00431276
0.00431277
0.00431373
0.00430281
0.00430964
0.00430965
0.00430984
0.00430969
0.00430298
0.00431405
0.00431405
0.00431405
0.00431405
0.00431405
0.00431405
0.00431363
0.00431365
0.00431245
0.00431214
0.00431357
0.0043136
0.00431405
0.00431405
0.00431405
0.00431405
0.00431405
0.00431405
0.00431405
0.00431405
0.00431405
0.00431405
0.00431405
0.00431405
0.00431337
0.0043134
0.00431151
0.00431108
0.0043133
0.00431333
0.00431398
0.00431397
0.00431377
0.00431383
0.00431399
0.00431398
0.00431405
0.00431405
0.00431405
0.00431405
0.00431405
0.00431405
0.00431405
0.00431405
0.00431405
0.00431405
0.00431405
0.00431405
0.00431405
0.00431405
0.00431405
0.00431405
0.00431405
0.00431405
0.00431405
0.00431405
0.00431405
0.00431405
0.00431405
0.00431405
0.00431405
0.00431405
0.00431405
0.00431405
0.00431405
0.00431405
0.00431405
0.00431405
0.00431405
0.00431405
0.00431405
0.00431405
0.00431405
0.00431405
0.00431405
0.00431405
0.00431405
0.00431405
0.00431405
0.00431405
0.00431404
0.00431405
0.00431405
0.00431405
0.00429669
0.0043062
0.00430546
0.00430748
0.00430686
0.00429792
0.00429593
0.0042948
0.00427912
0.00428481
0.00429792
0.00429698
0.00431317
0.00431374
0.00431363
0.00431389
0.00431383
0.00431338
0.00431084
0.00431295
0.00431261
0.00431348
0.00431325
0.00431175
0.00427774
0.00427931
0.00422937
0.00417654
0.00425815
0.0042607
0.00425324
0.00425576
0.00417032
0.00411979
0.00412975
0.00399724
0.0039433
0.0040985
0.00410936
0.00389917
0.00402177
0.00402971
0.00400677
0.00401475
0.00389129
0.00393771
0.0040511
0.0040527
0.00403688
0.00404471
0.00392795
0.00422079
0.00425765
0.00425436
0.00426197
0.00426035
0.00422476
0.00429643
0.00430944
0.00430995
0.00401943
0.00400548
0.00389563
0.00422476
0.00425942
0.00425951
0.00431405
0.00431405
0.00431405
0.00431405
0.00431405
0.00431405
0.00431405
0.00431405
0.00431405
0.00431405
0.00431405
0.00431405
0.00431405
0.00431405
0.00431405
0.00431405
0.00431405
0.00431405
0.00431405
0.00431405
0.00431405
0.0042718
0.00427245
0.00421826
0.00431405
0.00431405
0.00431404
0.00431405
0.00431405
0.00431405
0.00418071
0.0041863
0.00409736
0.00406545
0.00416865
0.0041748
0.00431405
0.00431405
0.00431405
0.00431405
0.00431405
0.00431405
0.00431405
0.00431405
0.00431405
0.00431405
0.00431405
0.00431405
0.00431405
0.00431405
0.00431405
0.00431405
0.00431405
0.00431405
0.00431405
0.00431405
0.00431405
0.00431405
0.00431405
0.00431405
0.00431405
0.00431405
0.00431405
0.00431405
0.00431405
0.00431405
0.00431405
0.00431405
0.00431405
0.00431405
0.00431405
0.00431405
0.00431405
0.00431405
0.00431405
0.00431405
0.00431405
0.00431405
0.00431405
0.00431405
0.00431405
0.00431405
0.00431405
0.00431405
0.00431405
0.00431405
0.00431405
0.00431405
0.00431404
0.00431404
0.00431405
0.00431405
0.00431405
0.00431405
0.00431405
0.00431405
0.00431405
0.00431405
0.00431405
0.00431405
0.00431405
0.00431405
0.00431405
0.00431405
0.00431405
0.00431405
0.00431399
0.00431401
0.00431026
0.00409005
0.00408786
0.00421863
0.00431388
0.00431391
0.00431405
0.00431405
0.00431405
0.00431404
0.00431404
0.00431405
0.00431405
0.00431405
0.00431405
0.00431405
0.00431405
0.00431405
0.00431405
0.00431405
0.00431405
0.00365879
0.00404236
0.00404265
0.00423943
0.00423806
0.00389859
0.00429941
0.00429925
0.00430978
0.00431373
0.00431277
0.00431281
0.00431405
0.00431405
0.00431405
0.00431405
0.00431405
0.00431405
0.00431402
0.00431402
0.00431393
0.00431309
0.00431381
0.00431382
0.00431372
0.00431373
0.00431279
0.00431405
0.00431405
0.00431405
0.00431405
0.00431405
0.00431405
0.00431405
0.00431405
0.00431405
0.00431405
0.00431405
0.00431405
0.00431405
0.00431405
0.00431405
0.00431405
0.00431405
0.00431405
0.00431405
0.00431405
0.00431405
0.00431405
0.00431405
0.00431405
0.00431405
0.00431405
0.00431405
0.00431405
0.00431405
0.00431405
0.00431405
0.00431405
0.00431405
0.00431405
0.00431405
0.00431405
0.00431405
0.00431405
0.00431405
0.00431405
0.00431405
0.00431405
0.00431405
0.00431405
0.00431405
0.00431405
0.00431405
0.00431405
0.00431405
0.00431405
0.00431405
0.00431405
0.00431405
0.00431405
0.00431405
0.00431405
0.00431405
0.00431405
0.00431405
0.00431405
0.00431405
0.00431405
0.00431405
0.00431405
0.00431405
0.00431405
0.00431405
0.00431405
0.00431405
0.00431405
0.00431405
0.00431405
0.00431405
0.00431405
0.00431405
0.00431405
0.00431405
0.00431405
0.00431405
0.00431405
0.00431405
0.00431405
0.00431405
0.00431405
0.00431405
0.00431405
0.00431405
0.00431405
0.00431405
0.00431405
0.00431405
0.00431405
0.00431405
0.00431405
0.00431405
0.00431405
0.00431405
0.00431405
0.00431405
0.00431405
0.00431405
0.00431405
0.00431405
0.00431405
0.00431405
0.00431405
0.00431405
0.00431405
0.00431405
0.00431405
0.00431405
0.00431404
0.00431404
0.00431405
0.00431405
0.00431405
0.00431405
0.00431405
0.00431405
0.00431405
0.00431405
0.00431405
0.00431405
0.00431404
0.00431405
0.00431405
0.00431405
0.00431405
0.00431405
0.00431405
0.00431405
0.00431405
0.00431405
0.00431405
0.00431405
0.00431405
0.00431405
0.00431405
0.00431405
0.00431405
0.00431405
0.00431405
0.00431405
0.00431405
0.00431405
0.00431405
0.00431405
0.00431405
0.00431405
0.00431405
0.00431405
0.00431405
0.00431405
0.00431405
0.00431405
0.00431405
0.00431396
0.00431396
0.00431331
0.0042428
0.00424451
0.00430493
0.00431228
0.00430202
0.00430228
0.00431391
0.00431404
0.00431404
0.00431405
0.00431405
0.00431405
0.00431405
0.00431405
0.00431405
0.00431405
0.00431405
0.00431404
0.00431032
0.00430072
0.00430467
0.00431405
0.00431405
0.00431405
0.00431405
0.00431405
0.00431405
0.00431405
0.00431405
0.00431405
0.00431405
0.00431405
0.00431405
0.00431405
0.00431405
0.00431405
0.00431405
0.00431405
0.00431405
0.00431401
0.00431388
0.00431387
0.004314
0.00431384
0.00431383
0.00431386
0.00431385
0.004314
0.00431404
0.00431403
0.00431403
0.00431402
0.00431402
0.00431404
0.00431403
0.00431403
0.00431404
0.00431401
0.00431401
0.0043139
0.00431393
0.00431401
0.00431401
0.00431405
0.00431405
0.00431405
0.00431405
0.00431405
0.00431405
0.00431378
0.00431379
0.00431304
0.00431286
0.00431375
0.00431377
0.00431405
0.00431405
0.00431405
0.00431405
0.00431405
0.00431405
0.00431405
0.00431405
0.00431405
0.00431405
0.00431405
0.00431405
0.00431405
0.00431405
0.00431405
0.00431405
0.00431405
0.00431405
0.00431405
0.00431405
0.00431405
0.00431405
0.00431405
0.00431405
0.00431405
0.00431405
0.00431405
0.00431405
0.00431405
0.00431405
0.00431405
0.00431405
0.00431405
0.00431405
0.00431405
0.00431405
0.00431405
0.00431405
0.00431405
0.00431405
0.00431405
0.00431405
0.00431405
0.00431405
0.00431405
0.00431405
0.00431405
0.00431405
0.00431405
0.00431405
0.00431405
0.00431405
0.00431405
0.00431405
0.00431405
0.00431405
0.00431405
0.00431405
0.00431405
0.00431405
0.00431405
0.00431405
0.00431405
0.00431405
0.00431405
0.00431405
0.00431405
0.00431405
0.00431405
0.00431405
0.00431405
0.00431405
0.00431405
0.00431405
0.00431405
0.00431405
0.00431405
0.00431405
0.00431405
0.00431405
0.00431405
0.00431405
0.00431405
0.00431405
0.00431405
0.00431405
0.00431405
0.00431405
0.00431405
0.00431405
0.00431403
0.00431245
0.00431278
0.00411074
0.00430741
0.00430746
0.00431405
0.00431405
0.00431405
0.00431405
0.00431405
0.00431405
0.00431405
0.00431405
0.00431405
0.00431405
0.00431405
0.00431405
0.00431405
0.00431405
0.00431405
0.00431405
0.00431405
0.00431405
0.00431405
0.00431405
0.00431405
0.00431405
0.00431405
0.00431405
0.00431405
0.00431405
0.00431405
0.00431405
0.00431405
0.00431405
0.00431405
0.00431405
0.00431405
0.00431405
0.00431405
0.00431405
0.00431405
0.00431405
0.00431405
0.00431405
0.00431405
0.00431405
0.00431405
0.00431405
0.00431405
0.00431405
0.00431405
0.00431405
0.00431405
0.00431405
0.00431405
0.00431405
0.00431405
0.00431405
0.00431405
0.00431405
0.00431405
0.00431405
0.00431405
0.00431405
0.00426555
0.00426549
0.00388891
0.00431396
0.00431396
0.00431405
0.00431405
0.00431405
0.00431405
0.00431405
0.00431405
0.00431405
0.00431405
0.00431405
0.00431405
0.00413296
0.00355972
0.00264734
0.00412836
0.00354936
0.002635
0.00407046
0.00345964
0.00257087
0.00406681
0.00345475
0.00257106
0.00257519
0.00219831
0.00197129
0.00430715
0.00417636
0.00320964
0.004143
0.00355633
0.00247074
0.00411961
0.0035073
0.00243746
0.00257087
0.00219767
0.00197114
0.0031836
0.00274718
0.00224819
0.00430529
0.00415395
0.00315987
0.00415306
0.00358542
0.00264514
0.00415617
0.00359017
0.0026453
0.00410569
0.00351514
0.00261879
0.00410393
0.00351572
0.00262444
0.00402743
0.00339852
0.00253743
0.00403302
0.00340798
0.00254628
0.00311888
0.00256098
0.00206391
0.00313393
0.00260203
0.00207483
0.00307718
0.00272712
0.00224203
0.0043131
0.00427885
0.00370318
0.00423787
0.00378525
0.00268286
0.00424828
0.0038195
0.00270597
0.00423465
0.00377334
0.00267542
0.00414029
0.00356579
0.00263818
0.00411985
0.00353914
0.00263596
0.00408607
0.00348782
0.00259901
0.00404913
0.00343158
0.00254873
0.00389379
0.00322679
0.00244801
0.00430422
0.00411394
0.00311292
0.00255239
0.00219113
0.00197033
0.00309617
0.0025251
0.00205264
0.00313073
0.0025952
0.00207232
0.00344632
0.00276902
0.00216377
0.00305825
0.00240225
0.00201405
0.00310485
0.00242915
0.00202075
0.00316455
0.00246509
0.00202798
0.00312539
0.00244195
0.00202277
0.0032544
0.00252258
0.00204148
0.00318172
0.00247585
0.00203077
0.00323974
0.00251313
0.0020389
0.00304757
0.00239655
0.00201275
0.00300268
0.00237202
0.002008
0.00294829
0.00234515
0.00200235
0.00298924
0.00236512
0.00200619
0.00283396
0.00229591
0.00199088
0.00287508
0.00231167
0.00199472
0.00293232
0.00233716
0.00200023
0.00289304
0.00232051
0.00199671
0.00281613
0.00228753
0.00198945
0.00256742
0.00218307
0.00196669
0.00255155
0.00218471
0.00196785
0.00307794
0.00250783
0.00204853
0.00425121
0.00383093
0.00271367
0.0042614
0.00387667
0.00274563
0.00426423
0.00389015
0.00275859
0.00414414
0.0035732
0.00264391
0.0041665
0.00361047
0.00266018
0.00411648
0.00353362
0.00263188
0.0040888
0.00349042
0.00259679
0.00401337
0.00337965
0.00252326
0.00404452
0.003423
0.00254451
0.00383794
0.00315885
0.00239289
0.0038668
0.0031919
0.0024367
0.00384436
0.00316717
0.00240045
0.00388608
0.00321811
0.00243552
0.00387083
0.00319637
0.00243982
0.0037414
0.00303763
0.00233038
0.00367398
0.00296923
0.00226604
0.00366356
0.00296053
0.00225706
0.0034306
0.00275616
0.00215608
0.00338984
0.00273485
0.00220139
0.00418364
0.00364263
0.00265796
0.00418609
0.00364517
0.00265084
0.0041348
0.00355959
0.00264146
0.00418044
0.00363638
0.00265663
0.00417623
0.00362548
0.00264637
0.00412468
0.00354286
0.00263035
0.004075
0.00346798
0.00257622
0.00399742
0.0033553
0.00252949
0.00400034
0.00335721
0.00252632
0.00406394
0.00345234
0.00257415
0.00399104
0.00334637
0.00251838
0.00398445
0.00333735
0.00250808
0.00260047
0.00222262
0.00197815
0.00259188
0.00221682
0.00197664
0.0025771
0.00219718
0.00197104
0.00260824
0.00222995
0.00197998
0.00261372
0.00223834
0.00198217
0.00430815
0.00418896
0.00325608
0.0036308
0.00292624
0.00225843
0.0036194
0.00291753
0.00224463
0.00416539
0.00360518
0.00250479
0.00425571
0.00386603
0.00275315
0.00410091
0.0034675
0.00240856
0.00256492
0.00219581
0.00197067
0.00318535
0.00273571
0.00221772
0.00430324
0.00413331
0.00311789
0.00420358
0.00368667
0.00266963
0.0041506
0.00358343
0.0026495
0.00415989
0.00359751
0.00264996
0.00410839
0.00351766
0.00261703
0.00409693
0.00350566
0.00260817
0.00402275
0.00339184
0.00253485
0.00403726
0.0034142
0.00254861
0.00396244
0.00330986
0.00249488
0.00363863
0.00293366
0.00226849
0.00364706
0.00294483
0.00225682
0.00431304
0.00427496
0.00360425
0.00431258
0.00425817
0.00350325
0.00312623
0.00258013
0.00206763
0.00313207
0.00259675
0.00207166
0.00424267
0.0038004
0.00270205
0.00424559
0.00381051
0.00270619
0.00423009
0.00376016
0.00268841
0.00419268
0.00365854
0.0026502
0.00418912
0.00365046
0.00264791
0.00413717
0.00356121
0.00263744
0.00416821
0.00361154
0.002658
0.00417291
0.00361844
0.00264353
0.00412184
0.0035395
0.00263095
0.00408116
0.00347793
0.0025884
0.00400808
0.00336758
0.0025296
0.004004
0.00336125
0.00252554
0.00405496
0.00344147
0.00255822
0.00397492
0.00332217
0.00250073
0.00397969
0.00332854
0.00250254
0.00390649
0.00323811
0.00246641
0.00390285
0.00323531
0.00246516
0.00257171
0.00220051
0.00197245
0.00258196
0.00221104
0.00197516
0.00256896
0.00219247
0.00197019
0.00257593
0.00226556
0.00199337
0.00260616
0.00224798
0.00198546
0.00253976
0.00231028
0.00201393
0.00311118
0.00254995
0.00205812
0.00312289
0.00257635
0.00206431
0.00430964
0.00420915
0.00332038
0.0035896
0.00289071
0.00224455
0.0036002
0.00290202
0.00223608
0.00360897
0.00290937
0.00223657
0.00420706
0.00371538
0.00260536
0.00417907
0.00364024
0.00253837
0.00422369
0.00376338
0.00264971
0.00423783
0.00380921
0.00270062
0.00407182
0.00340881
0.00236549
0.00363341
0.00283239
0.00212117
0.00307139
0.00240949
0.00201585
0.00308684
0.00241826
0.00201813
0.00314981
0.00245597
0.0020257
0.00313764
0.00244857
0.002024
0.00320159
0.00248878
0.00203393
0.00322427
0.00250378
0.00203667
0.00303727
0.00239179
0.00201192
0.00301874
0.00238098
0.00201023
0.00296682
0.00235517
0.00200412
0.0029786
0.00236029
0.002005
0.00284585
0.00229961
0.0019916
0.00285951
0.00230495
0.00199291
0.00291896
0.00233112
0.00199864
0.00290888
0.00232785
0.00199787
0.00279837
0.0022794
0.0019875
0.00255794
0.00219225
0.0019698
0.00305905
0.00250438
0.0020484
0.00425904
0.00386663
0.00274144
0.0042541
0.00384362
0.00272867
0.00426725
0.0039061
0.00278195
0.00419676
0.00366952
0.00265861
0.0042008
0.00368111
0.00266964
0.00414882
0.00358389
0.00265677
0.00416426
0.00360821
0.00266176
0.00411204
0.00352367
0.00262095
0.00409248
0.00349621
0.00259932
0.00401912
0.00338761
0.00253388
0.00404047
0.00341729
0.00254486
0.00397087
0.00331849
0.00250213
0.00396802
0.00331732
0.00250488
0.003956
0.00329795
0.00249842
0.00383338
0.00315171
0.00239101
0.00386212
0.00318474
0.00242967
0.00385242
0.0031758
0.00241279
0.00387581
0.00320349
0.00242551
0.00388026
0.00320977
0.00242773
0.00368515
0.00297879
0.0022785
0.00365445
0.0029522
0.00225414
0.00341553
0.00274768
0.00215858
0.00340194
0.00274046
0.00217859
0.0043136
0.0042923
0.00378489
0.00431385
0.00430212
0.00392941
0.00431385
0.00430198
0.00393686
0.00303521
0.00249402
0.00205527
0.00305881
0.00253407
0.00207778
0.00392344
0.00317474
0.00224793
0.00374346
0.00295023
0.00215889
0.00394866
0.00321064
0.00226353
0.00371268
0.00291775
0.00215006
0.00264112
0.00221425
0.00197327
0.00259885
0.00219814
0.00196996
0.00256752
0.00219
0.00196865
0.00259149
0.00219524
0.00196933
0.002568
0.00219057
0.00196875
0.00332776
0.00273295
0.0022838
0.00429077
0.00403086
0.00291812
0.00428695
0.00400894
0.00288609
0.00371503
0.00300662
0.00230757
0.00377092
0.00307047
0.00235574
0.00376586
0.00306359
0.00235192
0.00371009
0.00300051
0.00230513
0.00369633
0.00298892
0.00229269
0.00430962
0.00417842
0.00325082
0.00431104
0.00421344
0.00333196
0.0028981
0.00253656
0.00224204
0.00351391
0.00282385
0.00219798
0.00283194
0.00227105
0.00199546
0.00285463
0.00227329
0.00201014
0.0030059
0.00263657
0.00211358
0.00298011
0.00242202
0.00203287
0.00312194
0.00263192
0.00212563
0.00422452
0.00374334
0.00267859
0.00391025
0.00324202
0.002469
0.00391537
0.00324904
0.00245573
0.00393467
0.0032723
0.00248514
0.00336612
0.00272302
0.00215071
0.00428307
0.00398188
0.00290535
0.0029136
0.00267804
0.00212226
0.00431151
0.00424327
0.00345681
0.00431043
0.00422476
0.00338007
0.00356345
0.00286781
0.00223077
0.00349706
0.00281
0.00218556
0.00355535
0.00286093
0.00222958
0.00354529
0.00285004
0.00223136
0.00426553
0.00390481
0.00280417
0.00381386
0.00303237
0.00218934
0.00384141
0.00306554
0.00220143
0.0040458
0.0033648
0.00234476
0.00402117
0.0033235
0.00232228
0.00262703
0.00220862
0.00197229
0.0026191
0.00220482
0.00197138
0.0025667
0.0021865
0.00196766
0.00253893
0.00217683
0.00196613
0.00292434
0.00240307
0.00202124
0.0029597
0.00270042
0.00213632
0.00295625
0.00248221
0.00204006
0.00302692
0.00263081
0.0021097
0.00298281
0.00242541
0.00203725
0.00314217
0.00266369
0.00214914
0.00429743
0.0040813
0.00300255
0.00429895
0.00409411
0.00303085
0.00421143
0.00370595
0.00266636
0.0042205
0.00372934
0.00266497
0.00420645
0.00369421
0.00267638
0.00395181
0.00329025
0.00249137
0.00393908
0.00327675
0.00248823
0.00373454
0.00303014
0.00232107
0.00335793
0.00271058
0.00213541
0.00310329
0.00251654
0.00205423
0.00301011
0.00244987
0.00203795
0.00308087
0.00256937
0.00209378
0.00337668
0.00273776
0.0022015
0.00337854
0.00272796
0.00219302
0.00337417
0.0027432
0.00219836
0.00336978
0.00274145
0.0021856
0.00389133
0.00312704
0.00222334
0.00302788
0.00244581
0.00203824
0.0030442
0.00245616
0.00204052
0.00376858
0.00297778
0.00216794
0.00397971
0.00325473
0.00228115
0.00368547
0.002889
0.00214142
0.00352572
0.00273494
0.00209691
0.00355122
0.00275782
0.0021038
0.00334607
0.00259002
0.00205683
0.00336245
0.00260152
0.00206006
0.00350343
0.00271454
0.00209064
0.003485
0.00269937
0.00208548
0.00332027
0.00257089
0.0020535
0.00329962
0.00255614
0.00205003
0.0026437
0.0022155
0.00197367
0.00265793
0.00222027
0.00197458
0.00272671
0.00224841
0.00198052
0.00271735
0.00224495
0.0019798
0.00273721
0.00225242
0.00198142
0.00274906
0.00225762
0.00198271
0.00263805
0.00221387
0.00197336
0.00260524
0.00220028
0.00197042
0.00256742
0.00218934
0.00196844
0.00258212
0.00219116
0.00196842
0.00256433
0.00218681
0.00196788
0.00299276
0.00242349
0.00203273
0.00301063
0.00243655
0.00203601
0.00429253
0.00404257
0.002934
0.00429433
0.00405593
0.00296055
0.00428348
0.00398706
0.00286776
0.00382425
0.00313715
0.00240042
0.00382845
0.00314272
0.00240437
0.00372088
0.0030142
0.00231082
0.00381949
0.00313106
0.0023957
0.00380875
0.00312132
0.00237882
0.00377578
0.00307823
0.00235925
0.00375907
0.00305606
0.0023416
0.00334946
0.00273545
0.00222085
0.00311165
0.00253306
0.00205768
0.0030823
0.00248832
0.00204779
0.00309334
0.00250157
0.0020508
0.00431354
0.00429103
0.00380772
0.00431278
0.00427026
0.00362385
0.00431204
0.00425404
0.0035277
0.00353044
0.0028375
0.00221312
0.00286605
0.00231075
0.0019998
0.00289546
0.00234443
0.00200751
0.0029143
0.00241382
0.00204931
0.00296796
0.00258237
0.00208304
0.0029843
0.00241053
0.00202966
0.00310165
0.00260109
0.00210808
0.00422797
0.00375519
0.00269048
0.00391978
0.0032554
0.0024593
0.00392593
0.00326373
0.0024691
0.00338858
0.00274067
0.00225543
0.00338514
0.0027353
0.00222545
0.00336914
0.00272911
0.00216247
0.00429102
0.00402603
0.00297097
0.00429986
0.00407688
0.00304261
0.00283392
0.0025871
0.00209
0.00272537
0.00240214
0.00204494
0.00307056
0.0024766
0.00204511
0.00305788
0.00246593
0.0020427
0.00357237
0.00287543
0.00223406
0.00358131
0.00288327
0.00223759
0.0034662
0.00278579
0.00216685
0.0034807
0.00279636
0.00217522
0.00378949
0.00300278
0.00217803
0.00387161
0.00310166
0.00221307
0.00399953
0.00328659
0.00230058
0.00366276
0.002865
0.00213405
0.00361062
0.00281124
0.00211702
0.00357979
0.0027836
0.00211089
0.00340206
0.00263271
0.00206914
0.00338065
0.00261593
0.00206421
0.00342651
0.00265208
0.00207467
0.00345424
0.00267442
0.00208042
0.00327128
0.00253423
0.0020433
0.00268705
0.00223212
0.00197724
0.00267268
0.00222589
0.00197577
0.00270014
0.00223848
0.00197865
0.00270964
0.00224246
0.00197935
0.00277953
0.00227061
0.00198514
0.00278746
0.00227366
0.00198562
0.00277304
0.00226933
0.00198502
0.00276217
0.00226434
0.00198422
0.00263518
0.00221352
0.00197333
0.0026119
0.0022024
0.00197087
0.00256708
0.00218836
0.00196815
0.00256625
0.00218257
0.00196675
0.00255376
0.00217974
0.0019664
0.00297811
0.00266852
0.00212361
0.002971
0.00258559
0.00208634
0.0030369
0.00258315
0.00207417
0.00298521
0.0024187
0.00203159
0.00315659
0.00268673
0.00216371
0.00430064
0.00411017
0.0030743
0.00427767
0.00395635
0.00282725
0.00428162
0.00397673
0.00285587
0.00427519
0.00394178
0.00280687
0.00427157
0.00392439
0.00280665
0.00421385
0.00371065
0.00266045
0.00421693
0.00371852
0.00265959
0.00394716
0.00328394
0.00248789
0.00394277
0.00327945
0.00248717
0.00372751
0.00302215
0.00231499
0.00379182
0.00310447
0.00235535
0.00379951
0.00311278
0.00236428
0.0037805
0.00308562
0.00236425
0.00378612
0.00309702
0.00235274
0.00375068
0.00304898
0.00232979
0.00335346
0.0027132
0.00215863
0.00431378
0.00429933
0.00389835
)
;

boundaryField
{
    topAndBottom
    {
        type            calculated;
        value           nonuniform List<scalar> 
72
(
0.00431405
0.00431405
0.00431405
0.00431405
0.00431405
0.00431405
0.00431405
0.00431405
0.00431405
0.00431405
0.00431405
0.00431405
0.00431405
0.00431405
0.00431405
0.00431405
0.00431405
0.00431405
0.00431405
0.00431405
0.00431405
0.00431405
0.00431405
0.00431405
0.00431405
0.00431405
0.00431405
0.00431405
0.00431405
0.00431405
0.00431405
0.00431405
0.00431405
0.00431405
0.00431405
0.00431405
0.00431405
0.00431405
0.00431405
0.00431405
0.00431405
0.00431405
0.00431405
0.00431405
0.00431405
0.00431405
0.00431405
0.00431405
0.00431405
0.00431405
0.00431405
0.00431405
0.00431405
0.00431405
0.00431405
0.00431405
0.00431405
0.00431405
0.00431405
0.00431405
0.00431405
0.00431405
0.00431405
0.00431405
0.00431405
0.00431405
0.00431405
0.00431405
0.00431405
0.00431405
0.00431405
0.00431405
)
;
    }
    inlet
    {
        type            calculated;
        value           uniform 0.00431405;
    }
    outlet
    {
        type            calculated;
        value           nonuniform List<scalar> 
24
(
0.00431405
0.00431405
0.00431405
0.00431405
0.00431405
0.00431405
0.00431405
0.00431405
0.00431404
0.00431386
0.00430779
0.00420783
0.00426996
0.00431395
0.00431405
0.00431405
0.00431405
0.00431405
0.00431405
0.00431405
0.00431405
0.00431405
0.00431405
0.00431405
)
;
    }
    wing
    {
        type            calculated;
        value           uniform 0.00188496;
    }
    front
    {
        type            empty;
    }
    back
    {
        type            empty;
    }
}


// ************************************************************************* //
