/*--------------------------------*- C++ -*----------------------------------*\
| =========                 |                                                 |
| \\      /  F ield         | OpenFOAM: The Open Source CFD Toolbox           |
|  \\    /   O peration     | Version:  5.x                                   |
|   \\  /    A nd           | Web:      www.OpenFOAM.org                      |
|    \\/     M anipulation  |                                                 |
\*---------------------------------------------------------------------------*/
FoamFile
{
    version     2.0;
    format      ascii;
    class       volScalarField;
    location    "500";
    object      p;
}
// * * * * * * * * * * * * * * * * * * * * * * * * * * * * * * * * * * * * * //

dimensions      [0 2 -2 0 0 0 0];

internalField   nonuniform List<scalar> 
6584
(
31.7617
30.6015
29.5788
28.9584
28.6835
28.8653
29.4797
30.5514
31.7439
32.8265
32.8165
30.6661
25.5974
17.7972
8.37515
-1.32406
-10.2479
-18.0994
-24.7248
-30.2617
-34.8482
-38.7226
-41.8796
-44.763
31.5288
30.4311
29.3596
28.7245
28.4111
28.5906
29.2356
30.4674
31.914
33.4318
33.8753
32.042
26.8835
18.5974
8.60641
-1.69457
-10.89
-18.8382
-25.4178
-30.8647
-35.3372
-39.1432
-42.1943
-45.1458
31.0259
29.9361
28.7699
28.061
27.6464
27.7939
28.5179
30.1988
32.2283
34.5435
37.3543
37.5142
33.1561
23.9816
12.1553
-3.00639
-12.8564
-20.9805
-27.3871
-32.5305
-36.6841
-40.2475
-43.0696
-45.9642
30.3681
29.2127
27.9038
27.04
26.4319
26.426
27.1752
29.291
32.8422
36.8393
42.7817
46.2606
42.4556
29.8943
13.7792
-0.988274
-16.2256
-24.5195
-30.4914
-35.0537
-38.6808
-41.8218
-44.3139
-47.0071
29.6112
28.3196
26.8134
25.6814
24.7376
24.3246
24.7913
26.922
30.6086
38.3851
49.195
59.7354
57.7133
37.7219
13.2476
-5.69987
-18.3513
-29.9895
-34.9755
-38.4045
-41.2334
-43.7399
-45.8027
-48.1591
28.8055
27.3101
25.5523
24.0175
22.5468
21.2488
20.8949
21.884
26.5129
35.2373
52.0116
82.1328
93.1516
54.8919
7.39098
-16.3118
-28.2215
-37.2193
-40.5907
-42.4225
-44.1939
-45.8651
-47.4124
-49.3081
28.0217
26.2712
24.2315
22.1934
20.0607
17.5751
15.8364
15.5172
16.1645
21.9617
43.607
101.227
184.099
59.0837
-8.07286
-36.9037
-42.6122
-46.5027
-47.0902
-46.8341
-47.3055
-47.9861
-48.9685
-50.3117
27.3379
25.3142
23.0054
20.4417
17.5954
13.8046
10.0558
7.53452
1.60956
-4.28271
-1.531
28.9579
-25.0889
-65.5676
-68.9804
-61.4621
-56.7106
-53.7064
-51.1123
-50.1781
-49.8267
-50.2616
-51.0176
26.8233
24.5533
22.0428
19.0463
15.6024
10.7451
5.0709
-0.197656
-13.0262
-34.4155
-66.2791
-147.303
-251.301
-145.961
-103.712
-80.0783
-65.593
-59.0805
-54.4725
-52.3157
-51.0786
-51.0764
-51.2885
26.5233
24.0799
21.4865
18.2693
14.5476
9.28816
2.64183
-4.43628
-20.3954
-48.7854
-96.3841
-205.73
-358.871
-194.839
-123.757
-91.2425
-70.4376
-61.754
-56.1142
-53.2474
-51.4689
-51.2313
-51.0262
26.4463
23.933
21.3971
18.2291
14.6454
9.80789
3.56814
-3.51431
-17.1293
-39.9638
-77.6329
-151.989
-317.107
-186.216
-119.965
-90.5345
-69.616
-60.9301
-55.5909
-52.7113
-50.8509
-50.6299
-50.1945
26.5598
24.0838
21.7247
18.8405
15.742
11.9393
7.20655
1.73613
-5.93529
-15.9843
-29.9646
-45.1884
-191.194
-134.635
-96.7624
-79.1217
-63.5649
-56.8871
-52.9957
-50.7641
-49.258
-49.2925
-48.8327
26.7996
24.4452
22.3278
19.8558
17.4042
14.825
11.9708
8.8144
7.18355
9.01531
15.8675
44.5853
-56.9421
-71.9136
-66.3601
-62.2173
-54.3777
-50.7929
-48.9002
-47.7426
-46.9021
-47.3463
-47.0442
27.0892
24.9034
23.0308
20.9806
19.1439
17.6172
16.3465
16.9933
16.9881
25.6251
39.4255
80.8207
172.781
23.3632
-24.9021
-40.0449
-45.4536
-44.5227
-44.0383
-44.0814
-44.126
-44.0608
-44.9851
-44.967
27.3584
25.3508
23.6785
21.972
20.5833
19.7084
19.3392
20.5412
22.4189
30.3961
42.5331
62.9555
68.2812
31.2906
-5.36633
-22.9402
-31.6163
-35.5988
-37.6751
-39.2254
-40.3575
-41.0191
-42.4119
-42.7435
27.5556
25.709
24.1715
22.6993
21.565
20.9929
20.916
22.3321
24.1182
29.3221
36.9371
42.3404
37.4403
20.233
1.57248
-13.6324
-24.193
-28.9007
-32.3312
-34.8062
-36.7649
-38.0318
-39.8136
-40.51
27.6513
25.9347
24.4666
23.1281
22.0832
21.581
21.394
22.5938
23.9069
25.9306
28.7106
28.6964
26.7697
15.9426
2.42641
-8.91745
-18.4382
-23.8785
-27.9714
-30.9982
-33.5177
-35.2318
-37.3137
-38.3472
27.6352
26.0139
24.5611
23.2768
22.2004
21.6063
21.1151
21.5999
22.1788
23.0455
22.7708
22.7737
16.3521
10.9222
-0.419431
-8.04191
-14.5624
-20.2901
-24.5217
-27.8412
-30.6851
-32.7098
-34.9912
-36.3175
27.5108
25.9528
24.4768
23.1937
22.0161
21.2565
20.4145
20.3014
19.6782
20.1082
16.0896
17.969
12.9854
3.56046
-0.0985691
-7.4473
-12.754
-17.9206
-21.9238
-25.3087
-28.2833
-30.5044
-32.8972
-34.464
27.2903
25.7701
24.2482
22.9381
21.6315
20.7055
19.5288
19.0568
17.607
17.7215
14.1994
14.1798
10.1137
3.05336
-0.510455
-7.07771
-11.4754
-16.221
-19.9445
-23.2868
-26.2708
-28.6067
-31.0451
-32.8022
26.9902
25.4891
23.9107
22.5625
21.121
20.0538
18.5851
17.8659
15.9273
15.574
12.1828
10.9646
7.43766
2.12178
-1.15633
-6.82518
-10.5561
-14.9639
-18.4061
-21.6646
-24.5899
-26.9887
-29.4267
-31.3304
26.6278
25.1333
23.4955
22.1078
20.5377
19.356
17.6489
16.731
14.4923
13.7535
10.4579
8.85582
5.64198
1.18019
-1.75865
-6.70025
-9.95193
-14.0386
-17.2072
-20.3615
-23.189
-25.6167
-28.0241
-30.0383
26.2198
24.7243
23.0295
21.6061
19.9209
18.6497
16.7597
15.6881
13.2794
12.2785
9.12668
7.32646
4.35255
0.46117
-2.25086
-6.64124
-9.54622
-13.3434
-16.2666
-19.3107
-22.0213
-24.4561
-26.8144
-28.91
25.7811
24.2807
22.5342
21.0814
19.2983
17.9592
15.9355
14.7478
12.254
11.0645
8.05303
6.13339
3.34869
-0.116798
-2.6607
-6.61406
-9.26196
-12.8067
-15.5193
-18.456
-21.0452
-23.4737
-25.7731
-27.9269
25.3247
23.8179
22.0265
20.5508
18.6876
17.2981
15.181
13.9047
11.3785
10.0508
7.17264
5.19522
2.55542
-0.59239
-3.00349
-6.60429
-9.05783
-12.3835
-14.9178
-17.7537
-20.2248
-22.6389
-24.8755
-27.0698
24.8614
23.3483
21.5191
20.0263
18.0999
16.6736
14.4946
13.1508
10.6259
9.19793
6.43821
4.44155
1.92065
-0.979239
-3.2871
-6.60292
-8.90768
-12.0435
-14.4281
-17.1704
-19.5307
-21.925
-24.0992
-26.3197
24.4
22.8811
21.0211
19.5164
17.5415
16.0887
13.872
12.477
9.9746
8.47705
5.82059
3.8298
1.4166
-1.29662
-3.52251
-6.60653
-8.79488
-11.7653
-14.0238
-16.6803
-18.939
-21.3105
-23.4246
-25.6594
23.9475
22.4237
20.539
19.026
17.0155
15.5435
13.3078
11.8744
9.40563
7.86168
5.29965
3.32871
1.00204
-1.56949
-3.7169
-6.60821
-8.70253
-11.5292
-13.6816
-16.2602
-18.4276
-20.7741
-22.8321
-25.0717
23.5097
21.9813
20.0772
18.5581
16.5228
15.0367
12.7959
11.3341
8.90414
7.32931
4.85275
2.90598
0.654371
-1.79697
-3.87666
-6.60747
-8.62392
-11.3247
-13.3867
-15.8935
-17.9791
-20.2986
-22.3048
-24.5416
23.091
21.5576
19.6386
18.1142
16.0627
14.5655
12.3293
10.8462
8.45944
6.86428
4.46493
2.54454
0.359223
-1.98822
-4.00892
-6.60343
-8.55396
-11.1431
-13.1275
-15.5668
-17.5792
-19.8692
-21.8276
-24.055
22.6949
21.1548
19.2246
17.6941
15.6336
14.127
11.9015
10.4013
8.06051
6.45251
4.12381
2.23083
0.105222
-2.15115
-4.11915
-6.59517
-8.48887
-10.9772
-12.8943
-15.2691
-17.2161
-19.4734
-21.3881
-23.5989
22.3248
20.7744
18.8366
17.2967
15.2339
13.7163
11.5087
9.99312
7.6999
6.08276
3.8196
1.95345
-0.117691
-2.29217
-4.2123
-6.58241
-8.42657
-10.8218
-12.6805
-14.9918
-16.8806
-19.1009
-20.9758
-23.1624
21.9823
20.4149
18.4734
16.9179
14.8594
13.3252
11.1453
9.61184
7.37013
5.74393
3.54437
1.70279
-0.316914
-2.41537
-4.29224
-6.56402
-8.36609
-10.6712
-12.4806
-14.7257
-16.5641
-18.7402
-20.5794
-22.7318
21.6749
20.0808
18.141
16.5605
14.5148
12.9562
10.8143
9.25635
7.07215
5.43148
3.29258
1.46698
-0.501279
-2.52429
-4.36283
-6.53991
-8.30906
-10.5239
-12.2951
-14.4693
-16.2672
-18.3905
-20.1999
-22.3066
21.3861
19.7403
17.8156
16.1839
14.1759
12.5648
10.4905
8.88215
6.78389
5.11242
3.05634
1.24429
-0.671604
-2.62093
-4.43225
-6.50178
-8.25583
-10.3596
-12.1123
-14.1915
-15.9655
-18.0108
-19.8009
-21.8347
21.1965
19.5007
17.598
15.9155
13.9518
12.2864
10.2806
8.61916
6.59798
4.87943
2.85156
0.972254
-0.86501
-2.69471
-4.48603
-6.4656
-8.22044
-10.2308
-11.984
-13.9817
-15.751
-17.7274
-19.5129
-21.4803
-131.806
-246.324
-15.3634
-204.66
-384.353
-272.928
-163.575
-355.098
-390.572
-58.5496
-218.249
-340.763
35.7219
-68.1748
-199.298
81.1158
194.105
188.334
31.7374
-51.2743
50.7101
184.594
14.7744
81.1708
-51.8463
-115.491
22.3281
-186.465
88.4252
-227.779
-141.594
-64.9801
-93.6374
-184.644
-129.66
-182.514
-264.419
-220.323
-477.884
-387.722
-353.375
-214.344
-164.813
-86.3144
-150.684
-185.598
-197.942
-276.683
-291.155
-527.361
-535.756
-329.064
-218.078
-222.044
-42.8187
-56.5494
-140.268
-113.501
-137.164
-203.899
-350.318
-448.434
-208.544
-162.848
-208.317
-146.986
-239.444
-72.2739
-87.1982
-144.24
48.8371
-31.8227
69.9778
69.4386
175.908
65.5679
46.6748
35.3185
-211.77
-118.215
-71.9296
-130.649
-228.048
93.7191
-111.662
-380.129
-210.954
-154.56
-201.589
-370.381
-289.894
-268.781
-190.462
-278.667
-300.534
-236.5
-277.831
-529.985
-482.524
-351.062
-467.256
-524.557
-376.774
-463.056
-335.339
-213.027
-270.428
-191.433
-280.466
-218.681
-299.888
-284.88
-453.051
-522.972
-386.725
-520.43
-441.585
-528.039
-524.19
-392.248
-131.186
-60.6574
-212.947
-141.558
-246.187
-343.673
-273.422
-339.874
-245.136
-436.293
-346.598
-291.354
18.7408
65.3676
-51.1246
11.0297
-44.4218
-134.172
-232.55
-145.769
-141.452
113.001
126.337
70.4161
110.228
96.3776
56.1213
-47.9714
-98.3216
82.6652
-72.647
231.358
5.95129
30.0503
-44.3699
-6.99313
8.09922
-51.4455
33.007
-23.7401
20.3179
-26.6174
-69.4487
189.641
-67.7493
70.6394
-173.873
-119.686
-60.4232
-127.366
-99.8168
-100.353
-58.6647
59.3033
82.0367
-52.9307
-14.0879
-31.5146
-84.7649
-122.696
-133.326
-47.6392
84.9416
112.795
-35.9728
39.7883
-5.87363
308.055
197.683
122.874
121.005
196.815
310.021
-110.324
-75.358
-120.224
207.724
-81.858
-35.177
-443.335
-434.508
-542.615
-541.416
-394.63
-402.433
-184.458
-151.811
-192.596
92.2463
40.8109
-25.2151
29.4529
5.6162
-202.864
-182.416
-249.023
-207.995
-252.455
-195.606
-196.285
-78.0847
-32.7309
-95.9871
-191.69
-312.211
-302.866
-292.268
-292.271
-256.928
-258.637
-508.673
-508.014
-503.067
-429.236
-406.283
-449.85
-435.202
-505.229
-425.171
-356.93
-317.417
-397.89
-368.198
-431.378
-255.491
-250.194
-301.089
-298.662
-492.179
-494.966
-492.381
-427.288
-445.266
-396.358
-420.032
-488.495
-536.327
-458.178
-453.102
-449.992
-457.636
-536.797
-105.448
-100.788
-105.696
-147.568
-58.8675
-100.206
-90.73
-183.033
-152.331
-172.698
-292.121
-299.289
-395.508
-359.037
-387.729
-317.778
-348.842
-389.121
30.5382
56.7911
-23.011
-14.9939
-53.2065
23.7908
-9.89574
-14.1274
-8.71089
26.1256
-82.641
-85.2516
-32.6079
-145.943
-91.7935
-95.8815
-90.2207
147.43
164.149
215.817
116.252
141.557
233.329
135.18
96.9113
437.263
36.5273
67.2209
38.14
66.1894
97.5055
68.362
112.716
86.3837
98.2425
284.285
61.5379
15.4901
4.63022
77.507
86.4415
249.023
165.584
161.238
91.2252
102.744
142.507
142.175
217.233
468.289
324.075
220.234
270.268
348.747
478.458
-249.275
-207.505
-225.415
-467.37
-414.748
-409.789
-288.945
-242.532
-235.189
-245.915
-246.347
-290.908
-536.495
-537.706
-369.411
-429.673
118.275
104.718
17.3628
36.7922
79.8397
124.293
101.677
116.179
-1.97488
-54.6757
176.596
-352.533
-382.898
-410.369
-280.631
-231.961
-165.923
-302.495
-249.874
-302.56
-283.181
-240.446
-247.401
-227.636
-240.031
-280.209
-285.798
-308.732
-299.972
-326.985
-325.707
-296.881
-297.254
-290.984
-269.567
-523.622
-493.582
-483.234
-452.63
-444.033
-487.969
-479.222
-517.796
-229.052
-214.899
-247.667
-271.185
-291.064
-309.478
-302.453
-332.032
-328.363
-313.582
-324.85
-291.694
-471.684
-512.612
-509.841
-473
-481.239
-429.3
-434.438
-460.445
-532.396
-494.742
-488.141
-485.954
-491.018
-532.124
-265.563
-275.934
-254.243
-352.701
-339.076
-324.994
-296.454
-274.302
-307.004
-230.388
-263.021
-283.326
40.2015
54.1737
27.9994
77.7766
58.8651
46.7099
161.096
169.401
89.3329
106.08
84.3897
149.086
158.993
138.325
123.939
39.819
327.2
89.524
43.0448
7.615
11.8439
45.2502
2.23534
-0.667378
63.7034
55.8252
268.254
3.51245
25.1611
-83.6073
-75.2028
69.8863
75.1065
69.0017
74.5933
67.5255
86.3586
77.1782
71.7494
-35.4503
-29.4507
-53.8541
-61.4096
96.3586
101.125
89.6058
107.536
123.933
-180.673
-155.324
-77.0492
-235.389
-177.519
-203.929
-463.585
-416.035
-538.647
-541.92
-375.151
-423.533
-177.995
-174.13
-194.189
-147.681
-167.618
-169.514
-229.183
-250.459
-200.744
-221.104
71.1274
91.5461
109.968
51.9568
83.045
64.9587
89.5986
55.2908
-227.7
-199.139
-221.213
-161.183
-190.628
-219.415
-247.33
-258.693
-227.288
-243.223
-148.571
-112.73
-151.136
-163.527
-178.421
-354.923
-375.056
-344.952
-355.921
-306.802
-253.53
-347.715
-321.008
-265.227
-302.503
-344.522
-318.518
-312.321
-286.328
-315.861
-322.389
-310.633
-311.761
-331.844
-330.279
-321.756
-328.591
-297.094
-323.808
-319.04
-281.139
-291.903
-262.49
-276.527
-301.932
-307.831
-294.357
-301.265
-268.401
-289.515
-282.642
-523.087
-493.703
-466.804
-454.396
-488.383
-515.687
-478.475
-468.031
-271.616
-285.914
-266.231
-295.762
-281.143
-316.033
-300.897
-257.485
-237.128
-275.703
-262.222
-332.946
-331.769
-301.055
-336.31
-340.005
-332.48
-337.633
-330.52
-317.676
-337.003
-333.309
-295.224
-327.191
-331.534
-476.849
-504.99
-457.514
-467.523
-504.313
-469.117
-440.457
-451.86
-497.346
-493.963
-534.849
-534.14
-494.563
-495.304
-122.998
-122.271
-118.711
-102.371
-141.566
-124.501
-130.632
-76.0158
-74.3041
-60.7969
-96.8989
-79.8788
-82.3718
-208.338
-191.462
-230.452
-214
-168.212
-163.646
-147.063
-186.073
-169.238
-176.108
-303.279
-283.895
-272.697
-285.398
-302.942
-256.66
-277.012
-308.959
-318.289
-331.646
-308.758
42.8336
48.8858
38.8026
65.0644
52.9021
46.661
67.2802
7.20353
33.3738
12.3501
-123.33
-120.257
-140.935
-91.4968
-113.566
-115.35
-115.066
-122.901
173.454
192.395
130.181
144.772
175.971
145.03
0.221584
-41.6253
3.04859
6.2257
48.8085
77.4029
631.114
470.207
396.338
474.662
529.442
649.395
67.9809
158.215
99.5604
-178.656
-203.213
-243.23
-473.67
-476.217
-481.223
-533.491
-535.766
-179.741
-157.596
-176.237
-450.254
-444.328
-442.834
-247.442
-226.24
-220.036
-180.005
-139.004
-171.736
-252.71
-238.738
-218.24
-241.672
-288.552
-253.675
-243.261
-268.601
-256.634
-525.944
-487.581
-492.249
-486.968
-508.458
-505.776
-521.566
-435.79
-427.084
-451.329
-239.319
-207.224
-188.306
-231.124
-248.003
-232.495
-458.371
-456.44
-452.694
-520.123
-517.216
-499.288
-502.598
-529.628
-512.948
-511.018
-506.215
-509.549
-528.214
-201.941
-210.751
-225.704
-418.966
-405.464
-417.692
-194.786
-185.736
-219.069
168.698
169.425
132.786
113.513
93.9935
168.797
169.103
90.9865
118.883
80.513
-61.1843
-40.4139
-95.1445
-57.8364
-63.4496
-64.5241
-47.1852
-46.4529
-52.1355
-12.6021
-17.8019
-19.3707
-83.6969
-77.156
-77.6356
121.192
105.761
99.7406
183.505
298.765
242.887
-132.921
-150.707
-130.048
-98.5969
-251.388
-232.168
-51.4517
26.7283
43.3491
-455.521
-457.878
-450.589
-427.294
-441.981
-448.534
-546.512
-541.996
-402.168
-394.946
-387.427
-410.423
-416.583
-410.065
-191.463
-196.823
-150.501
-157.027
-157.541
-202.083
-207.506
-213.242
-218.882
-199.133
-211.619
-240.747
-241.551
-247.731
-184.752
-195.007
-217.092
-270.514
-276.029
-252.468
-255.555
-252.6
-55.3165
-101.509
-132.936
-119.149
-111.448
-122.693
-175.869
-284.186
-273.376
-280.328
-272.007
-245.46
-280.089
-280.926
-512.062
-507.398
-394.908
-382.131
-405.719
-447.685
-417.61
-406.803
-238.034
-252.816
-266.596
-486.52
-496.898
-519.127
-518.954
-536.34
-538.064
-519.365
-519.133
-110.647
-111.385
-110.15
-104.351
-146.641
-141.35
-143.104
-189.267
-205.389
-193.318
-202.44
-197.3
-233.329
-229.093
-157.304
-157.343
-151.92
-192.588
-187.972
-382.595
-393.918
-413.016
-371.354
-359.883
-371.19
-30.5143
-29.5204
-19.5773
-51.0955
-40.0974
-36.104
-62.1482
-66.196
-84.4695
-38.7151
-53.1448
-54.6806
-138.896
-137.052
-143.691
-99.5047
-91.6964
-141.954
194.244
196.835
208.234
141.655
130.278
140.533
126.652
154.713
144.429
135.693
216.362
182.093
116.197
133.068
117.735
204.458
389.612
113.382
80.1381
83.1068
196.498
204.908
232.131
94.2879
94.2287
89.494
103.396
98.6772
98.2449
226.931
191.494
181.019
326.775
474.537
419.429
-471.988
-473.135
-470.381
-417.222
-419.132
-412.778
-431.435
-420.322
-536.794
-535.449
-376.237
-380.244
-360.363
-368.452
-436.088
-436.503
-429.976
111.419
116.801
123.856
105.502
111.181
105.904
-391.508
-389.798
-380.829
-406.194
-398.209
-401.254
-523.345
-490.35
-493.381
-493.776
-519.244
-503.55
-501.431
-465.765
-460.163
-465.283
-519.442
-491.785
-495.886
-514.55
-515.878
-514.221
-530.6
-530.88
-512.274
-514.108
-347.108
-347.742
-353.216
-336.14
-341.667
-342.697
170.992
173.381
160.823
164.472
152.968
159.293
155.368
145.544
137.494
133.397
140.561
144.565
128.803
133.051
128.864
23.8631
1.67405
-9.24428
57.5618
271.021
229.377
302.665
111.632
144.408
193.963
21.9117
20.3814
10.7324
39.3933
30.2765
32.14
-14.8731
-12.5542
-22.3195
1.47655
-6.82349
-6.40797
85.9461
102.317
43.8652
-56.3787
-88.2417
-12.9847
-20.282
-90.1787
-70.2697
-69.1819
-76.3047
71.2048
72.9316
64.0381
66.8087
69.8501
-35.0897
-40.8321
-41.3993
-16.4899
-11.1384
-22.7777
-24.0061
-21.8621
-29.2143
-50.9208
-45.4511
-47.0876
-44.0159
-52.82
-29.7569
-36.8841
-69.7264
-69.3965
-61.0623
112.629
113.796
108.456
125.757
119.543
118.088
-188.57
-159.367
-155.219
-224.043
-232.345
-212.184
-459.453
-457.731
-463.955
-469.646
-439.904
-437.606
-450.938
-443.978
-543.239
-543.908
-394.037
-400.165
-384.29
-388.803
-380.972
-388.773
-383.297
-424.942
-420.375
-417.28
-409.447
-176.029
-185.163
-163.305
-163.567
-170.148
-237.213
-238.591
-229.964
-251.215
-246.473
-244.413
-207.446
-208.507
-202.288
-222.213
-213.731
-213.754
-214.64
61.9461
57.144
47.5196
77.9192
66.3437
-217.773
-227.807
-235.349
-233.883
-223.087
-206.865
-216.826
-264.162
-266.377
-273.326
-269.293
-254.66
-252.726
-261.091
-150.503
-134.321
-145.437
-107.257
-186.57
-175.709
-166.793
-365.017
-347.71
-336.726
-370.585
-360.456
-374.469
-378.43
-366.178
-288.408
-290.753
-309.342
-274.483
-289.621
-272.027
-335.904
-321.996
-328.365
-332.564
-319.797
-323.008
-312.223
-315.638
-315.636
-314.211
-313.328
-330.76
-329.514
-322.954
-325.433
-286.714
-292.236
-286.236
-294.243
-293.493
-289.827
-266.306
-279.393
-276.82
-286.331
-282.655
-270.785
-282.97
-285.132
-303.303
-305.397
-304.305
-311.361
-308.057
-305.379
-297.006
-300.336
-296.952
-305.276
-305.391
-299.987
-516.561
-501.18
-291.514
-293.466
-295.941
-282.107
-288.775
-286.739
-311.417
-298.886
-302.902
-306.124
-251.386
-253.999
-260.806
-240.302
-246.639
-244.327
-270.866
-271.773
-276.246
-264.95
-267.994
-266.416
-336.919
-338.717
-335.433
-338.765
-325.073
-320.763
-334.157
-332.872
-480.985
-500.098
-536.457
-518.763
-517.467
-516.251
-518.136
-536.657
-116.059
-121.741
-116.074
-117.147
-137.715
-135.418
-128.459
-215.287
-208.324
-202.573
-207.979
-214.135
-224.863
-230.05
-234.784
-219.983
-224.891
-219.303
-225.685
-221.971
-169.179
-163.092
-162.539
-183.102
-175.285
-297.236
-292.767
-299.498
-279.008
-286.031
-291.126
-293.398
-298.436
-262.012
-262.654
-256.277
-269.676
-323.157
-321.465
-329.297
-306.069
-313.459
-315.867
45.3295
43.8
47.5989
35.9771
40.1074
42.2933
63.0742
58.8523
61.3395
51.5616
55.5619
57.2782
62.1922
4.81056
10.0321
-5.88708
-0.325551
28.1458
26.317
30.9881
15.5768
22.8479
21.7978
-122.171
-130.003
-131.43
-107.245
-131.363
177.585
183.436
135.738
142.667
132.843
150.911
145.864
139.981
150.405
156.971
165.803
152.759
52.1157
68.9839
54.9125
75.7481
84.4632
61.1802
82.4599
62.082
49.5459
51.3773
25.8637
25.3686
29.8954
40.3285
43.2776
48.5784
84.6988
73.5601
104.027
166.513
95.1987
165.823
86.8912
67.61
61.6111
11.2008
21.2826
-0.278689
-15.9767
-6.27802
10.415
9.91873
35.6066
13.6319
40.615
84.2065
99.3747
163.114
142.065
267.249
188.216
150.296
58.0044
24.6918
36.3136
-47.1955
-47.6111
-29.1505
-20.1817
-42.7391
-2.30925
-18.3676
-22.1531
-0.364288
4.54192
7.98759
37.6421
-113.596
-104.977
-51.2971
-127.172
-95.7435
-70.6458
-44.4428
-77.4324
-54.3178
-78.4174
-97.7224
-83.0566
-161.007
-181.207
-166.609
-308.216
-242.282
-195.993
-188.228
-137.257
-119.146
-47.0745
-72.5299
-79.7635
-96.0736
-117.004
-118.245
-205.172
-228.195
-228.758
-360.109
-288.347
-280.809
-193.92
-148.959
-147.551
-28.9741
-37.4585
-65.5384
-67.1923
-78.6699
-92.0294
-139.768
-151.74
-165.923
-274.766
-233.232
-260.444
-150.032
-127.702
-141.801
-2.82658
3.36987
-26.837
-32.0131
-31.6803
-46.3656
-138.432
-129.545
-170.03
-87.0444
-88.2859
-109.019
18.4773
30.2925
11.844
-15.3254
-37.9254
-60.5167
-34.0322
-49.4402
-67.8163
29.0489
35.7616
32.4002
43.9152
62.6078
69.9208
78.0383
95.6469
112.929
125.439
129.101
135.396
32.9291
1.18247
-16.8125
-12.3335
-22.8434
-34.4571
30.3738
35.6474
36.5382
40.3093
45.2694
57.8362
46.6663
46.7398
73.2926
44.0202
31.5791
42.3953
25.3426
10.1511
3.35501
-0.190293
-10.193
-15.3137
32.5238
35.3357
40.0507
32.0574
36.5408
40.3668
31.7981
21.6926
28.3633
18.5415
9.72161
11.0505
-149.615
-129.809
-113.94
-216.082
-240.749
-288.321
0.482712
-37.5772
-48.8081
-227.35
-224.039
-201.549
-375.597
-416.24
-431.392
-302.118
-340.348
-296.377
-179.436
-191.921
-174.04
-367.783
-407.227
-384.273
-434.407
-440.542
-394.113
-61.0112
-75.6962
-72.1954
-236.335
-256.418
-226.831
-375.307
-348.506
-325.19
-85.919
-83.19
-64.1659
-207.932
-186.125
-179.766
114.42
104.665
70.2919
216.308
197.528
180.689
178.27
175.58
213.072
-45.6758
-27.4086
-34.9289
107.436
164.635
93.0318
742.193
640.416
650.287
157.084
191.257
266.137
745.288
776.699
37.7941
61.1681
35.4272
132.668
155.587
76.6429
-65.0352
-44.3076
-35.4762
-61.4423
-52.1394
-78.6336
4.84436
-23.3875
-40.9832
-153.148
-165.778
-223.656
111.613
66.0271
50.1681
-181.051
-123.359
-143.796
-116.21
-122.947
-155.09
-59.461
-90.2524
-90.4175
-115.456
-108.563
-87.5052
-170.539
-132.429
-140.543
-101.276
-119.317
-163.221
-203.909
-193.542
-172.547
-259.764
-246.087
-250.999
-205.868
-214.166
-227.274
-397.446
-406.702
-395.299
-279.177
-250.856
-322.738
-201.802
-230.348
-245.339
-184.512
-209.936
-185.31
-103.336
-111.854
-92.5238
-174.393
-135.051
-124.061
-143.648
-141.767
-180.033
-220.125
-225.312
-202.411
-281.857
-264.099
-259.672
-274.192
-274.514
-291.908
-270.775
-283.21
-355.355
-223.781
-255.008
-246.989
-254.459
-257.691
-225.368
-48.418
-63.9066
-55.372
-93.7115
-74.1897
-54.9991
-109.621
-92.6872
-106.098
-121.835
-136.965
-126.808
-166.45
-148.673
-124.71
-196.063
-187.458
-195.489
-357.138
-365.249
-356.925
-184.095
-220.056
-258.935
-180.09
-198.712
-177.47
-234.298
-217.945
-195.565
-159.906
-166.736
-146.836
-242.547
-235.95
-233.244
-86.1686
-109.831
-121.549
-105.821
-109.753
-87.592
-154.959
-131.851
-125.017
38.9909
47.9463
58.4702
-28.4659
-15.0596
-19.159
75.6179
89.7636
75.3427
102.952
94.2112
77.8236
153.017
133.715
129.362
69.0425
80.6702
100.232
47.691
70.9692
58.0249
81.2195
74.2859
45.2567
-202.256
-187.087
-196.993
-86.0417
-128.583
-167.044
-94.0945
-107.097
-81.2827
-150.611
-180.228
-152.826
62.4879
68.5094
107.504
-127.404
-103.033
-88.8223
-371.619
-381.069
-389.333
-220.458
-237.704
-228.067
-165.122
-202.444
-187.246
-230.703
-216.223
-189.459
-336.022
-320.939
-340.357
-288.11
-272.154
-273.524
-255.241
-259.253
-272.957
-196.983
-219.065
-212.329
-282.001
-288.347
-285.785
-310.063
-309.04
-298.553
-283.66
-281.147
-274.277
-388.384
-410.631
-364.485
-472.301
-465.552
-459.159
-399.048
-368.383
-353.226
-456.705
-450.3
-458.563
-317.13
-350.996
-380.486
-221.988
-212.862
-204.676
-254.347
-248.61
-263.319
-183.525
-203.129
-212.608
-278.388
-287.286
-291.158
-222.153
-227.178
-222.91
-301.803
-311.799
-310.744
-295.068
-298.166
-286.498
-430.23
-414.416
-378.457
-436.02
-438.435
-446.342
-394.707
-440.086
-434.591
-120.853
-122.668
-139.287
-61.3242
-71.2725
-70.3771
-208.322
-211.534
-216.848
-144.832
-161.431
-151.954
-252.323
-255.657
-249.189
-349.113
-342.532
-337.594
-298.74
-267.449
-255.076
-320.507
-312.94
-324.912
-240.232
-252.31
-257.825
-431.019
-426.237
-429.987
-336.856
-348.53
-365.35
-308.64
-338.617
-309.253
26.2219
29.5314
21.8205
69.5533
63.2357
59.1906
-41.5673
-41.0578
-51.2706
13.8033
5.42488
2.93334
-57.1738
-55.4566
-41.9103
-140.162
-120.036
-121.303
-219.905
-216.023
-228.137
-141.258
-174.334
-183.045
-160.504
-164.858
-144.06
123.618
152.205
138.089
150.453
154.57
123.757
77.4422
82.1327
75.6092
84.0637
125.252
128.098
-52.682
-22.2285
-22.0092
-26.3676
-22.1774
-71.6932
51.1675
14.859
0.85808
265.156
208.088
186.067
1.18584
-0.178341
15.3991
-35.8711
-17.4157
-9.43514
-4.3248
-17.6575
-19.261
-16.18
-15.2946
-0.759862
-47.2883
-30.821
-24.6361
24.6682
27.4866
36.4594
-22.5427
-15.109
-15.9865
-4.18185
-19.0749
-4.28903
146.059
159.573
211.35
-104.143
-73.6517
-40.0303
-36.0426
-45.5412
18.4918
-143.405
-70.31
-73.5196
-84.0283
-79.9776
-123.099
-88.4263
-82.4403
-61.978
-115.839
-91.0195
-98.0146
-86.0443
-91.0606
-106.464
62.8647
65.0923
62.0086
83.6433
80.2337
78.2192
-39.4326
-38.1229
-30.371
-123.478
-103.153
-104.141
-96.0374
-97.0255
-130.355
-58.1198
-86.5134
-83.7542
88.924
90.3902
86.8768
115.332
110.707
107.916
-0.562698
-18.4656
-39.2155
17.5448
0.605503
10.2387
-19.7642
-10.4616
4.89215
267.491
316.898
422.439
189.131
278.09
245.183
207.23
278.149
180.628
147.357
182.102
150.684
249.432
293.336
191.497
428.283
334.537
272.74
-73.4976
-144.886
-115.179
86.7663
89.8524
143.012
-65.8722
-31.7066
-43.6235
6.80615
15.8782
-30.3533
-192.79
-173.254
-172.994
-200.028
-202.336
-195.973
84.6135
90.7377
97.3477
44.7242
53.2285
48.7882
-2.58446
-10.3073
-24.4237
18.1816
3.93196
5.1911
-6.72019
-1.67561
11.6197
-209.482
-188.004
-167.635
-207.498
-233.704
-215.669
-179.336
-162.808
-174.472
-61.3524
-83.5887
-98.0361
-62.1317
-73.2323
-43.5332
-325.69
-336.711
-324.628
-289.651
-302.551
-314.724
-300.554
-298.81
-289.637
-294.724
-303.313
-301.755
-264.416
-261.361
-252.38
-262.939
-269.799
-266.93
-487.464
-484.549
-500.274
-422.154
-441.369
-449.063
-425.813
-432.677
-414.478
-445.543
-467.518
-472.443
-455.742
-461.974
-440.869
-508.214
-492.771
-489.877
-414.329
-406.135
-418.464
-344.559
-363.553
-375.919
-336.106
-350.416
-331.607
-388.616
-408.132
-417.322
-387.454
-398.248
-378.948
-437.471
-426.921
-418.872
-260.583
-264.9
-258.482
-246.936
-251.418
-255.793
-312.113
-312.392
-300.394
-298.692
-309.781
-310.9
-475.027
-478.672
-495.778
-433.788
-457.109
-449.465
-470.25
-464.168
-440.026
-404.434
-421.752
-410.908
-441.067
-431.824
-412.57
-483.08
-466.782
-471.079
-457.364
-482.284
-483.565
-476.598
-479.947
-455.839
-453.496
-479.458
-475.476
-483.549
-482.253
-456.258
-102.23
-117.04
-110.548
-64.7521
-64.4666
-58.87
-98.7124
-93.0463
-94.6444
-80.4287
-81.8783
-92.7572
-162.37
-167.116
-183.759
-295.908
-289.653
-286.066
-305.484
-308.896
-302.34
-390.382
-395.8
-401.485
-368.824
-381.597
-371.18
-401.488
-391.753
-378.611
-328.231
-338.298
-327.072
-360.376
-349.424
-338.702
-383.186
-377.54
-382.997
34.8222
36.8538
32.5744
59.1815
56.1526
53.7047
-21.6798
-31.1834
-32.1826
-20.1273
-21.204
-15.8923
-53.5726
-47.824
-47.5114
10.3217
8.72228
17.345
-9.91696
-0.418964
5.5092
-5.4239
-3.33109
-12.4149
-3.33293
-1.74507
-7.18737
27.8862
23.2664
21.6835
-81.8714
-68.7296
-69.7528
-77.7899
-77.4902
-84.6658
-33.4628
-41.4032
-40.2638
-91.596
-99.0351
-99.213
-108.83
-108.09
-95.7157
152.888
166.031
157.193
183.882
169.417
158.117
121.227
124.004
119.608
125.059
139.015
163
103.043
108.999
104.343
61.576
49.3909
55.0151
28.9919
40.2278
58.107
88.5459
77.9508
85.7451
59.605
69.0479
78.1722
106.145
114.304
123.334
91.2706
105.599
97.3798
123.501
109.139
95.5637
42.9234
37.8182
49.0583
12.9435
25.7988
36.5905
15.6942
20.2637
8.31698
224.709
250.357
312.794
169.66
189.884
185.264
172.352
183.498
168.132
147.173
159.499
153.104
166.77
170.507
149.681
295.652
217.256
214.962
428.207
469.088
583.937
323.572
386.497
374.358
336.036
416.897
304.63
302.064
345.749
311.202
400.502
465.364
353.793
597.807
511.229
451.143
-235.092
-240.945
-254.8
-215.337
-227.327
-221.215
-237.353
-232.231
-218.547
-402.321
-415.017
-425.019
-270.709
-267.93
-285.968
-242.065
-255.848
-258.067
-248.41
-252.173
-237.035
-248.047
-261.578
-260.94
-260.2
-260.897
-245.464
-291.809
-273.947
-272.849
-378.044
-372.604
-363.662
24.5411
36.7455
28.684
54.9477
44.9788
31.9303
68.6561
57.1394
67.3992
118.593
127.308
144.446
108.387
117.998
109.995
129.564
119.935
110.386
-9.00527
29.0251
30.2611
33.9062
31.6063
-15.3809
126.028
80.2894
68.0151
-364.541
-373.028
-363.875
-262.985
-240.363
-256.816
-209.454
-224.109
-246.176
-176.942
-201.533
-189.689
-286.603
-303.889
-320.35
-266.653
-286.235
-269.572
-322.9
-303.251
-283.867
-268.227
-270.513
-285.86
-244.658
-257.184
-254.546
-260.416
-258.692
-244.171
-233.609
-245.587
-241.328
-252.201
-248.745
-234.935
-276.742
-262.609
-265.753
-292.817
-290.473
-282.685
-306.303
-298.555
-300.37
-294.483
-296.575
-302.779
-326.215
-314.88
-315.701
-313.545
-314.404
-326.148
-299.058
-308.415
-307.226
-294.845
-290.089
-292.358
-285.844
-287.994
-292.737
-273.276
-279.135
-276.724
-472.828
-468.847
-477.108
-446.106
-458.033
-462.804
-483.89
-498.207
-500.993
-493.259
-496.037
-483.443
-225.987
-238.162
-243.28
-225.71
-231.866
-218.992
-255.644
-242.219
-235.573
-278.417
-282.605
-273.584
-296.661
-289.043
-285.023
-297.363
-293.462
-303.609
-312.858
-312.295
-300.908
-331.824
-318.879
-319.269
-316.694
-317.909
-330.087
-317.334
-303.898
-300.751
-310.158
-307.177
-321.162
-290.536
-301.457
-303.943
-474.869
-490.777
-487.339
-497.282
-494.41
-479.907
-445.128
-439.579
-431.324
-453.163
-445.863
-451.254
-491.485
-506.659
-508.531
-503.048
-505.34
-491.839
-486.816
-503.207
-500.679
-507.426
-505.863
-490.948
-269.306
-262.472
-259.232
-267.982
-264.48
-271.668
-251.269
-257.618
-260.645
-331.33
-335.831
-329.487
-289.331
-301.591
-308.084
-285.315
-292.823
-281.272
-315.686
-304.245
-296.263
-240.238
-246.474
-235.302
-269.597
-257.918
-251.57
-270.569
-264.563
-276.866
43.9439
36.8734
33.3109
44.0012
40.8128
47.8234
25.5459
33.386
40.2856
71.2094
67.0613
73.4894
54.4147
60.6728
64.6603
53.0933
56.9514
50.5766
163.422
168.002
166.335
173.095
170.186
166.064
94.6899
88.1977
82.3337
98.5536
93.3073
100.27
79.8777
86.5623
91.2944
165.028
162.986
156.34
138.166
149.627
90.5509
9.11826
18.305
16.2175
-8.59313
-8.18573
0.192695
57.1798
106.625
103.498
232.799
167.687
179.877
-9.15155
-33.4875
8.28061
70.9571
67.9223
65.4674
72.1432
69.4703
72.2586
83.0015
81.4759
84.9536
75.1333
78.2229
79.9626
75.3913
77.1003
73.9001
97.9527
93.9133
92.0341
96.733
95.684
99.8454
88.4299
91.945
92.8141
-131.548
-142.652
-166.554
-87.8554
-116.837
-106.275
-216.982
-233.077
-254.996
-188.877
-212.575
-198.359
-432.105
-436.926
-421.57
-180.962
-183.006
-175.858
-196.112
-189.897
-187.674
-154.398
-155.707
-148.985
-169.403
-162.504
-161.059
77.7388
84.7196
79.3734
96.7621
91.442
84.7075
104.231
97.6965
103.127
76.3667
66.9065
72.6811
55.5901
61.6262
70.4266
-207.14
-216.427
-210.078
-228.809
-222.407
-214.336
-172.051
-185.376
-174.67
-202.696
-194.778
-181.646
-250.996
-265.647
-262.225
-233.093
-243.239
-235.433
-257.394
-249.422
-237.986
-137.436
-151.462
-166.116
-126.896
-137.992
-124.416
-163.062
-150.319
-137.624
-333.312
-346.901
-356.253
-277.491
-290.533
-279.246
-316.889
-302.772
-289.676
-326.392
-314.814
-330.542
-317.652
-306.062
-307.208
-302.399
-304.444
-315.351
-289.328
-297.108
-294.816
-306.139
-304.552
-294.67
-321.84
-310.603
-312.185
-308.052
-309.24
-320.174
-274.724
-272.131
-264.412
-287.638
-281.421
-283.832
-275.893
-278.793
-285.124
-461.714
-474.163
-477.972
-466.111
-470.427
-459.914
-494.993
-480.8
-476.502
-499.057
-495.759
-511.631
-473.856
-487.371
-490.785
-480.952
-484.444
-472.785
-276.641
-272.215
-267.698
-280.794
-276.655
-281.36
-263.601
-269.576
-273.747
-332.665
-319.062
-318.769
-319.13
-319.163
-332.056
-302.199
-312.841
-312.697
-306.403
-307.972
-295.717
-328.275
-314.223
-312.554
-317.521
-315.968
-329.747
-459.795
-474.829
-471.076
-482.949
-479.167
-465.31
-499.678
-482.718
-487.012
-456.902
-461.902
-476.416
-443.35
-456.428
-451.181
-466.439
-461.989
-449.293
-495.301
-511.28
-511.864
-509.633
-511.052
-496.741
-494.02
-510.575
-509.461
-511.582
-511.733
-496.793
-113.057
-114.451
-120.019
-103.477
-108.998
-107.711
-136.04
-137.94
-143.423
-126.063
-132.177
-130.338
-75.28
-69.7008
-70.543
-67.8721
-69.7621
-75.275
-91.3198
-92.3887
-97.9592
-80.9411
-86.714
-85.6413
-88.9193
-87.2682
-81.237
-196.638
-202.145
-196.891
-158.111
-160.308
-166.461
-148.887
-154.455
-152.539
-180.663
-185.599
-191.219
-172.61
-179.396
-175.024
-278.944
-283.001
-276.337
-322.819
-315.985
-312.559
44.7742
40.8237
38.8537
50.3768
52.6211
48.7386
8.91858
3.55862
1.92634
17.2862
19.2077
14.3558
-127.34
-128.51
-121.314
-142.197
-135.399
-134.157
-99.2644
-99.3982
-92.1544
-114.111
-106.643
-106.133
-107.31
-106.668
-114.417
178.591
182.768
177.145
200.936
190.262
184.573
163.822
174.909
194.721
151.343
161.992
154.048
-15.3869
7.93461
48.8513
-22.8624
-10.4201
-31.9693
60.9754
44.1165
32.4865
59.9497
53.5455
71.4549
594.778
628.642
682.877
466.452
538.914
529.903
456.021
530.989
443.625
534.137
622.643
637.398
584.518
620.19
541.548
710.683
689.481
637.016
151.72
111.595
121.98
65.5018
90.4074
157.02
-236.059
-221.93
-228.956
-186.064
-178.543
-169.586
-240.74
-238.216
-244.796
-224.333
-231.36
-233.658
-226.443
-229.127
-222.342
-164.649
-176.481
-191.735
-248.071
-237.094
-242.886
-227.975
-234.106
-243.742
-258.789
-245.296
-227.577
-275.686
-260.677
-273.73
-239.247
-250.582
-264.351
-252.715
-249.137
-237.746
-264.716
-255.368
-259.134
-245.684
-251.506
-260.835
-455.142
-447.826
-441.31
-228.32
-220.856
-230.791
-202.256
-211.606
-218.542
-196.307
-203.821
-194.065
-236.858
-233.369
-227.744
-244.203
-238.977
-242.633
-228.599
-232.423
-237.21
-215.696
-211.262
-206.738
-222.129
-216.693
-220.71
-414.837
-419.302
-424.715
-191.649
-203.798
-207.242
-223.779
-212.329
-208.371
127.095
119.472
124.855
107.005
113.597
120.557
100.584
106.678
100.605
101.12
88.8607
79.0339
104.617
97.1809
110.488
115.802
113.526
118.429
104.192
108.812
110.662
104.404
106.415
101.977
216.731
203.409
167.892
295.794
243.737
254.067
186.5
222.053
276.866
-25.9768
-26.9488
-57.4723
43.2055
4.36244
-1.50613
-0.62009
5.71944
47.7543
-215.515
-208.876
-206.72
-211.911
-210.501
-217.304
-197.397
-203.951
-205.516
-111.291
-92.7917
-83.4193
-116.578
-101.901
-121.496
-278.138
-269.907
-273.03
-262.732
-266.562
-275.507
-250.294
-258.524
-255.215
-412.449
-401.67
-393.469
-438.317
-430.872
-442.619
-242.169
-246.634
-241.556
-257.316
-253.783
-249.159
-262.986
-258.435
-261.878
-194.562
-190.143
-185.284
-200.97
-196.1
-200.097
-407.532
-402.992
-407.87
-365.277
-370.459
-377.008
-31.4463
-25.8852
-25.0402
-41.856
-42.4084
-36.5979
-62.7574
-70.7037
-70.1439
-85.2742
-78.5638
-75.3141
-47.4437
-48.2388
-55.9632
131.225
127.789
124.505
136.312
131.868
135.815
123.218
127.825
131.899
151.625
145.885
149.828
138.795
143.402
148.412
121.973
116.006
110.248
126.464
121.19
127.482
108.626
113.896
118.224
208.185
227.24
210.326
212.113
224.322
208.205
261.19
234.198
218.979
201.139
207.765
253.785
187.69
200.626
182.673
198.405
204.327
187.47
379.751
368.931
322.675
474.048
414.652
424.372
357.771
393.11
455.792
45.8367
49.5258
44.8568
52.3873
52.5714
45.557
49.2969
42.8735
37.3079
33.5604
23.8528
22.2364
37.4957
44.0173
43.0285
11.4755
-0.422573
3.23026
21.8417
24.492
29.4578
89.0564
97.8089
88.306
107.106
100.014
87.9897
-25.2238
-30.687
-22.9548
9.31641
8.6355
17.6178
36.3238
45.8187
53.3483
206.002
198.111
178.763
-51.6857
-51.7559
-40.2849
-6.21682
-13.0889
-2.0303
-53.7129
-58.0505
-31.3926
-87.1353
-77.5326
-64.4637
-18.0074
-29.6053
-22.7825
-272.496
-249.476
-229.904
-116.477
-98.5469
-89.2859
-20.0722
-31.5277
-32.5956
-361.93
-333.839
-330.421
-124.877
-105.356
-104.005
-12.1785
-19.3046
-26.7816
-304.012
-286.206
-297.771
-110.094
-95.8689
-102.397
0.768708
-0.916709
-10.2806
-17.2928
-17.5265
-32.7814
-173.584
-167.757
-183.831
-81.658
-75.715
-86.5716
12.8259
14.9924
7.74933
24.3913
31.392
21.6273
52.7365
60.454
51.6725
-52.1848
-53.3619
-64.3216
20.6932
23.9795
20.4188
42.7714
49.8965
47.8931
156.265
154.247
166.327
29.1916
14.1383
7.39144
-30.2217
-35.1366
-43.5485
23.9718
26.7954
25.8911
56.6559
60.9944
68.132
60.5546
53.3971
58.4492
29.4876
20.8422
21.0014
-17.4447
-23.0256
-28.7113
27.811
30.5598
33.2097
2.19081
-5.00987
-7.01528
25.6542
27.0638
31.0316
25.3397
24.0966
30.2873
20.9696
17.639
19.8515
13.3226
7.04495
8.2027
41.9863
31.4619
26.0055
24.9851
38.0819
44.7373
64.4977
86.0664
68.8512
180.351
199.091
206.205
-98.89
-86.3941
-102.786
-208.804
-185.742
-201.238
-181.245
-161.975
-167.424
-113.982
-127.872
-142.794
-325.156
-317.409
-345.387
-159.593
-144.461
-138.222
-166.303
-168.622
-185.701
-308.358
-317.214
-339.549
-127.871
-119.709
-129.593
-146.933
-142.045
-132.798
-199.708
-215.241
-225.661
167.132
155.706
159.022
49.047
52.1719
40.9464
-105.1
-122.207
-136.588
-359.881
-349.286
-361.802
-384.314
-374.213
-365.22
-333.6
-328.457
-333.966
-340.896
-346.393
-353.036
-143.964
-155.911
-158.238
117.975
125.458
121.222
117.023
111.848
104.393
67.7526
77.0798
66.5337
-76.7781
-66.6595
-86.701
71.1982
50.6115
56.2865
10.0349
-3.12836
-5.2223
0.191164
-1.96505
6.05929
-51.489
-42.5767
-42.364
-38.8027
-30.5614
-17.0228
-66.1653
-47.0131
-53.1311
36.6172
24.2367
56.2142
-161.385
-132.368
-142.943
-69.5654
-68.5135
-59.8672
-123.464
-114.171
-117.565
-120.769
-120.122
-132.059
-50.1704
-62.2795
-59.8245
-23.876
-27.5699
-39.9244
306.435
336.586
345.444
144.238
173.267
147.192
348.301
343.393
310.019
169.896
152.878
178.657
-17.6161
-18.6163
-26.612
27.4281
18.599
21.337
19.3617
17.475
22.2582
-11.1861
-5.80892
-4.64807
44.6006
39.1031
31.2427
75.3784
68.39
59.8551
255.784
296.068
245.341
43.8165
44.7318
34.1702
-27.7154
-14.7953
-39.9456
147.822
120.648
137.365
51.0957
49.4195
54.2652
26.0482
30.6561
32.297
17.0765
5.6615
-8.02528
18.2111
29.2143
16.6503
92.9293
80.8559
55.6685
79.9007
96.0348
122.567
-188.705
-200.648
-192.239
-215.22
-207.916
-194.285
-173.351
-180.279
-188.115
-163.563
-171.83
-164.556
-151.83
-163.518
-151.747
-183.707
-173.741
-160.386
-196.585
-200.579
-189.054
71.9864
84.4046
91.5769
208.669
227.122
272.533
82.0707
70.852
70.5682
120.809
109.249
96.4866
125.485
119.865
147.965
93.6433
105.784
109.139
141.062
113.97
123.536
80.2825
97.9592
108.818
78.1803
87.016
73.593
42.0236
44.6319
60.688
19.0226
34.6232
26.377
78.0678
47.86
29.2744
67.4874
59.8159
84.6314
158.587
138.942
138.561
250.088
222.605
234.793
175.789
200.245
220.04
165.468
181.603
162.988
-110.093
-83.9898
-83.3573
-282.643
-266.868
-291.418
-333.612
-334.687
-362.295
-259.846
-273.347
-289.8
-135.41
-151.64
-155.97
67.0515
57.5799
55.2262
57.7542
58.6628
69.546
101.711
93.5838
89.1305
100.622
97.7196
107.835
140.486
144.35
142.683
128.574
134.403
123.53
146.568
141.266
131.206
20.57
18.3667
33.0014
-4.31097
6.27631
9.93116
-6.4826
1.06408
-9.12704
52.2283
49.0655
53.3781
48.563
54.3697
51.2756
54.4635
53.7655
48.3586
66.87
60.4498
63.7913
42.6896
47.4287
51.7412
34.5957
41.8755
37.0954
53.0061
47.3231
38.2085
-274.867
-259.183
-273.635
-422.266
-405.058
-396.83
-413.468
-406.575
-426.652
-315.921
-301.377
-286.201
-325.124
-311.115
-328.092
-400.375
-384.373
-388.423
-370.207
-375.186
-392.097
-437.654
-418.95
-413.562
-421.165
-417.513
-439.064
-366.898
-354.627
-360.475
-337.659
-344.362
-357.42
113.243
100.141
101.293
92.0161
97.1387
110.235
76.228
85.9163
80.9633
207.791
206.554
199.809
197.15
207.715
201.031
158.81
108.414
84.5297
134.961
125.83
158.097
83.2692
102.105
111.85
169.09
184.929
169.419
220.231
202.584
180.909
234.625
222.605
247.711
143.011
124.13
118.691
125.991
126.011
150.069
82.4026
103.127
99.8563
-53.6647
-72.0053
-81.1945
-19.4103
-17.7914
-36.7021
-186.009
-175.579
-155.892
-211.615
-192.444
-204.745
-173.054
-161.613
-136.145
-151.793
-160.169
-177.107
-153.442
-135.813
-146.989
-335.194
-307.94
-296.112
-157.062
-153.292
-167.987
-183.319
-164.588
-163.744
-348.453
-324.701
-330.021
-87.1831
-76.7142
-81.3929
-117.883
-108.433
-98.868
-160.442
-151.321
-156.718
-141.318
-146.298
-154.811
-128.763
-137.425
-132.387
-242.563
-230.629
-245.432
-160.182
-158.588
-165.125
-145.382
-152.034
-153.536
100.497
92.2046
91.8924
87.6357
90.8071
99.1584
145.343
151.215
161.565
131.236
141.552
137.681
145.74
146.363
142.727
88.7016
80.9133
75.2886
89.1974
88.291
96.4411
80.1271
65.0608
63.5485
63.1798
64.4965
77.2066
-139.519
-125.674
-114.231
-152.649
-137.65
-151.866
-171.783
-160.754
-170.497
-141.872
-153.937
-163.84
-396.602
-380.335
-369.84
-393.969
-384.512
-403.407
-388.557
-379.707
-391.367
-361.818
-346.129
-333.343
-364.457
-352.872
-371.016
-425.999
-407.274
-408.855
-396.865
-399.794
-420.069
-439.562
-419.839
-418.07
-415.104
-415.094
-437.086
-128.251
-126.224
-120.914
-136.939
-131.85
-133.847
-150.279
-147.537
-142.549
-158.16
-153.197
-155.922
-288.648
-281.283
-289.768
-315.358
-321.597
-326.999
-359.547
-353.279
-358.482
-329.243
-319.62
-327.014
-300.778
-308.757
-319.014
-133.409
-131.876
-138.811
-116.831
-125.158
-126.705
-152.294
-154.593
-143.077
-177.526
-166.101
-163.435
-170.795
-167.846
-179.708
131.685
128.599
119.628
147.61
137.909
141.324
129.647
134.137
143.056
154.386
143.522
141.334
143.245
143.351
154.603
96.6905
100.786
90.3063
129.545
114.176
110.317
116.619
116.473
130.213
-18.7392
-44.4852
-52.8752
28.7732
27.1392
3.64776
-17.6144
-9.21969
-7.76454
-33.4635
-34.1537
-25.4413
-38.7605
-7.26031
0.321763
-118.845
-124.98
-151.621
-69.4779
-97.5868
-94.5989
-109.458
-102.15
-70.8161
-86.4516
-77.1709
-78.82
-107.718
-104.847
-95.619
-96.4073
-108.292
-108.378
-71.525
-72.7589
-84.6679
289.39
313.056
288.215
355.319
333.388
304.418
379.796
363.126
395.421
272.101
245.427
244.934
246.495
204.975
170.038
239.9
227.634
269.521
166.254
194.141
207.823
269.997
248.213
230.289
256.132
253.273
282.866
187.739
222.467
223.274
410.967
373.539
383.722
316.691
346.094
373.858
293.909
322.124
298.038
-101.638
-99.0442
-75.4957
-136.984
-117.097
-123.272
83.8277
116.612
128.774
-186.34
-184.801
-191.158
-171.754
-178.358
-179.82
-3.73144
-11.9074
-10.4095
13.5029
11.7192
3.1585
-202.506
-192.233
-200.686
-177.2
-186.456
-195.736
-227.734
-217.501
-224.423
-205.663
-213.285
-222.143
-115.267
-109.358
-111.414
-172.693
-168.861
-163.882
-179.495
-174.616
-178.368
8.42833
13.4855
15.0721
0.387253
-1.21031
4.08501
162.672
157.431
161.473
151.824
155.507
160.005
177.95
170.825
177.264
163.65
168.457
173.759
146.91
139.101
130.683
153.123
143.718
154.17
115.756
115.074
113.849
176.7
185.294
191.638
170.901
164.045
155.274
513.378
485.242
441.869
529.959
524.438
564.487
382.121
332.133
287.222
362.95
358.479
409.009
426.515
407.809
441.803
593.788
544.712
540.941
480.17
517.277
555.637
136.459
133.736
137.471
38.517
11.2173
2.0465
102.152
93.7431
67.4995
41.958
46.2594
47.7668
36.2483
34.2114
38.6157
40.2422
41.2543
37.5644
41.8539
40.6574
35.9727
37.6896
33.3296
29.403
26.9926
20.6467
18.646
38.3091
41.5204
39.6228
13.8105
5.33859
6.70047
29.2312
32.2604
33.7526
-10.1146
-16.9536
-12.0696
58.0243
44.9827
44.363
-18.171
-25.9355
-17.4619
-85.8548
-83.2308
-65.8474
-163.357
-147.372
-130.982
-198.566
-177.695
-171.773
-176.466
-160.943
-166.815
-118.847
-113.212
-125.649
-41.9098
-47.2093
-61.7468
-57.7384
-60.581
-73.048
81.6443
89.1612
90.4334
41.8296
45.021
47.3034
24.1163
26.0861
26.6968
-10.8306
-15.8808
-19.4442
24.5667
25.9589
28.1348
2.35612
-3.01998
-3.80815
21.0537
20.5559
23.5531
24.3672
12.1349
19.5048
8.09224
19.2483
15.9387
9.01067
5.6385
5.51148
90.099
88.6405
77.976
16.881
0.0712592
2.0197
-68.8668
-65.0863
-54.1757
-75.4022
-90.8676
-88.452
82.6941
85.6994
84.7055
81.8162
81.9433
79.7881
131.701
133.82
125.519
91.6214
103.029
103.218
20.9307
16.4458
25.5444
-43.0141
-32.0603
-32.3511
35.3526
23.5276
30.6379
55.3231
51.6361
59.0956
12.7393
20.3555
22.8696
-10.8052
5.84816
20.7321
80.3232
71.6107
67.9428
73.0964
74.2246
84.2291
78.7136
68.8474
71.1782
55.1573
62.4444
70.6826
57.7301
59.7793
51.9435
67.1596
69.4272
78.0632
146.775
148.109
164.954
163.021
145.693
145.936
17.5636
29.2965
24.483
20.5254
16.7488
8.0632
56.1371
45.2188
32.7954
117.255
119.888
103.478
131.893
137.224
151.889
-51.0167
-37.6139
-31.2867
-29.4105
-22.8971
-34.4501
-1.60397
-12.8251
-15.8621
-117.377
-98.9342
-106.351
-71.9566
-57.197
-63.3324
-42.7012
-52.3245
-64.526
-226.29
-246.455
-261.301
-212.73
-230.867
-214.37
-168.402
-156.51
-177.011
-77.1782
-62.9639
-60.749
-64.1649
-66.0837
-79.971
-285.508
-309.485
-309.116
-305.254
-308.915
-287.324
-174.698
-175.082
-197.623
-47.6564
-40.5348
-32.7738
-54.4254
-48.8406
-57.2943
-241.928
-257.029
-245.44
-278.242
-268.547
-253.953
-139.32
-149.3
-163.856
-23.8083
-15.176
-16.2895
-85.9939
-99.1934
-102.785
-22.675
-35.5566
-28.2695
49.1762
50.1012
43.1624
82.4888
86.1819
79.1488
49.2263
45.6248
43.2984
20.1126
19.608
27.4416
-259.786
-247.845
-228.805
-244.846
-240.535
-250.153
128.132
108.431
93.0696
-161.063
-172.938
-193.877
-129.206
-151.688
-143.794
-269.185
-293.097
-300.704
-273.365
-284.694
-264.042
-274.567
-294.928
-287.706
-305.766
-301.674
-282.572
-195.813
-205.43
-191.479
-232.432
-219.441
-209.631
-104.738
-105.188
-120.4
84.0842
80.6949
83.9212
75.8514
83.3444
81.35
69.881
73.9251
66.3609
66.2881
60.7091
60.8371
41.9927
52.9062
52.2257
-101.811
-111.175
-95.0552
-261.246
-270.215
-277.92
126.273
133.849
133.292
-41.5545
-42.7239
-19.139
-78.2747
-60.6353
-55.5935
-1.67057
8.30438
11.4932
-20.7436
-21.6546
-11.032
-24.0358
-14.0863
-41.1832
41.5134
12.2627
-2.76668
-73.8971
-74.9219
-84.354
-107.915
-111.079
-119.842
-93.2745
-102.14
-99.1599
-108.482
-108.708
-97.1337
-131.628
-120.088
-119.165
-85.8596
-74.1077
-73.9721
-5.35618
-17.4157
-12.3534
21.1313
15.3817
3.8384
215.502
216.862
188.041
228.851
243.039
262.224
39.3376
46.3427
49.3796
29.7071
26.4753
33.7116
37.1581
21.6754
30.6261
142.072
113.738
123.04
156.486
141.802
132.8
125.234
137.252
152.377
64.936
57.577
69.0239
133.998
124.694
145.476
36.4439
37.9928
35.8616
13.3175
7.16644
5.83265
-2.83243
-9.13229
-7.74336
-23.0655
-27.7523
-23.9658
18.6867
19.7063
23.826
53.5865
60.2213
58.8245
-34.7496
-37.4303
-32.0971
11.451
10.1442
15.37
105.337
120.246
117.364
-51.799
-51.025
-43.5271
2.91715
-1.33757
4.45627
-71.4353
-65.9401
-57.7699
-3.50761
-9.95482
-6.21888
-87.1881
-77.7316
-71.4239
-5.12336
-11.7108
-11.725
-92.6033
-82.0451
-79.8053
-1.57951
-6.30122
-9.70761
-86.0066
-77.5936
-79.8554
5.16875
3.09431
-1.82325
-71.0285
-66.5919
-72.0331
12.3811
12.4824
7.92637
-53.5198
-53.0172
-59.5949
-17.1242
-23.1103
-31.3433
-37.9942
-40.3513
-46.4396
39.6018
38.9135
43.4934
25.5788
42.4778
39.3521
-7.35639
-11.7588
-13.8498
101.326
103.954
85.0521
12.9932
4.09175
13.6616
32.3518
40.406
45.8322
62.7423
59.4917
64.9269
43.2891
38.4796
46.0697
43.7547
37.2364
34.4937
32.1795
31.7795
21.2306
-9.79131
-4.5422
6.18032
29.6095
24.307
29.1283
41.0399
45.4016
63.8711
-86.3613
-84.9739
-106.869
-40.4291
-64.2846
-70.2091
-6.16647
-6.7376
1.56621
-143.297
-147.218
-131.396
-176.859
-162.191
-157.318
25.3912
20.6666
26.029
8.58135
15.6231
19.3604
-39.3211
-49.8351
-45.1657
11.8118
12.6184
6.70533
44.3853
45.9586
29.6383
32.844
28.8841
27.7043
5.76353
-2.66321
-13.4022
52.2892
45.7748
52.9554
88.4988
75.7489
72.8636
-543.459
-545.606
-551.304
-554.305
-563.163
-586.73
-542.851
-541.335
-548.216
-537.55
-536.879
-541.741
-102.104
-102.317
-102.885
-153.058
-134.954
-185.141
-243.58
-235.626
-264.444
-240.922
-233.741
-255.007
-107.097
-106.905
-107.368
205.627
188.131
136.878
-177.827
-172.352
-234.668
-522.08
-519.909
-524.374
-524.212
-523.009
-531.911
-556.229
-556.083
-561.388
-558.036
-559.83
-565.363
-508.873
-512.853
-527.253
-509.825
-513.221
-523.543
86.6069
86.2617
86.1883
78.8313
78.624
78.8463
288.874
296.323
252.306
426.909
418.289
349.663
-432.181
-437.863
-462.577
-407.831
-401.762
-410.155
-432.461
-430.41
-441.37
-539.129
-539.499
-549.593
-551.545
-552.674
-557.434
-552.175
-552.706
-558.237
-528.669
-527.95
-537.631
-349.418
-354.518
-368.1
-74.573
-71.2597
-141.066
-86.8911
-86.9467
-89.107
73.6312
74.7855
77.9347
76.7324
76.5262
76.891
40.4449
41.1013
40.3735
-338.533
-338.338
-340.744
-344.759
-350.837
-367.154
-330.639
-329.254
-332.22
-338.705
-341.772
-348.613
-327.602
-324.396
-327.293
-333.185
-332.612
-338.711
-328.735
-328.174
-331.463
-341.137
-342.153
-344.848
-348.773
-349.344
-356.077
-354.832
-360.955
-377.955
-346.163
-345.791
-349.318
-329.137
-329.702
-333.381
-344.854
-347.938
-360.755
-349.179
-349.418
-356.267
-348.132
-354.23
-369.76
-330.964
-335.691
-350.492
-181.367
-181.503
-184.144
-126.474
-125.955
-126.811
71.1623
74.1699
79.9769
-409.962
-403.223
-419.792
-380.276
-375.277
-384.742
-382.294
-378.103
-396.129
-541.63
-550.644
-574.872
-516.658
-513.35
-518.224
-559.274
-565.522
-581.457
-554.409
-553.123
-559.277
-495.976
-498.667
-517.21
-518.038
-515.482
-519.899
-282.132
-280.935
-282.736
-308.89
-309.202
-311.107
-291.5
-291.228
-295.282
-339.937
-340.169
-346.251
-314.002
-313.955
-315.073
-181.678
-181.514
-183.066
-124.784
-124.009
-125.709
-116.634
-115.985
-116.817
55.1222
54.824
52.5145
93.0745
95.8148
97.1133
-493.85
-494.384
-498.569
-489.18
-487.8
-491.892
-538.651
-538.807
-543
-502.796
-507.772
-521.546
-508.902
-513.981
-532.764
-551.321
-551.7
-561.143
-552.256
-555.167
-571.138
-465.321
-464.436
-468.267
-469.669
-467.127
-470.722
-535.155
-536.22
-541.849
-465.633
-470.082
-485.846
-457.837
-458.435
-468.762
-58.2866
-57.985
-58.2294
-64.1782
-63.7716
-64.1322
-97.1983
-97.6282
-98.4957
-52.388
-52.1767
-52.3527
-46.5175
-46.3452
-46.4614
-97.6052
-95.2527
-134.994
-85.9787
-86.6324
-88.4222
-79.2101
-80.3961
-83.8649
-242.767
-220.19
-236.599
-210.785
-177.946
-213.128
-241.033
-232.654
-245.307
-112.529
-112.081
-112.668
186.777
182.213
172.068
-175.115
-168.994
-190.39
-485.423
-484.788
-501.011
-524.969
-524.697
-528.791
-527.815
-533.84
-555.888
-557.748
-557.212
-565.178
-568.236
-578.831
-606.74
-501.997
-501.725
-508.616
-509.395
-509.542
-513.019
-431.118
-435.785
-452.482
-94.4596
-94.2229
-94.6327
-101.79
-101.395
-101.844
359.049
334.256
217.456
162.007
154.406
-9.32313
83.8147
83.5294
83.6051
81.2379
81.0232
81.179
-421.122
-423.415
-436.947
-411.323
-408.817
-415.528
-430.584
-429.261
-433.982
-490.019
-490.184
-502.746
-487.686
-485.266
-491.008
-536.232
-534.628
-539.326
-504.036
-503.196
-506.726
-506.905
-505.791
-513.954
-549.063
-548.206
-553.182
-556.281
-562.852
-582.197
-479.691
-479.643
-485.647
-474.837
-470.815
-475.08
-539.383
-547.6
-571.974
-439.515
-437.972
-440.691
-447.205
-445.181
-449.603
-354.496
-354.296
-356.469
-350.096
-350.569
-353.154
-78.9241
-78.394
-78.9838
-70.8879
-70.5992
-71.2724
-93.8102
-95.9315
-100.953
-35.214
-35.0684
-35.1627
-40.766
-40.6216
-40.7154
-29.6541
-29.3742
-29.4161
73.7933
73.6929
74.8695
74.9254
74.6912
75.2886
-73.5799
-59.8978
-136.12
-55.0941
-54.46
-54.7175
-62.9525
-62.3554
-62.9393
-71.1729
-71.0442
-72.4399
-209.934
-200.216
-226.864
-211.292
-210.124
-231.537
-204.11
-188.752
-212.273
-211.093
-196.233
-240.47
-241.503
-240.898
-253.447
-294.686
-295.047
-298.133
-338.076
-337.02
-339.991
-341.098
-341.181
-347.576
-331.338
-330.874
-333.308
-334.039
-334.804
-337.498
-336.628
-341.253
-356.469
-331.965
-334.338
-342.288
-345.695
-348.934
-355.501
-352.239
-358.951
-375.848
-351.091
-355.193
-364.517
-347.148
-348.214
-351.677
-331.65
-331.21
-334.75
-336.71
-335.958
-341.33
-345.172
-344.913
-348.859
-344.316
-345.445
-349.401
-325.949
-326.792
-337.974
-118.894
-118.428
-119.31
62.763
63.8258
64.4881
-385.503
-382.956
-390.708
-399.61
-406.02
-426.105
-381.07
-379.591
-412.33
-490.259
-494.016
-512.979
-485.137
-483.637
-492.308
-529.728
-531.142
-535.656
-521.446
-523.163
-533.574
-562.693
-568.087
-587.083
-561.635
-562.535
-574.998
-497.093
-496.613
-503.343
-512.414
-511.182
-514.6
-434.675
-434.313
-437.037
-431.183
-431.595
-434.967
-419.852
-421.389
-428.447
-274.85
-273.843
-275.088
-305.055
-306.864
-311.879
-301.452
-305.019
-315.338
-322.455
-321.135
-322.874
-329.894
-328.387
-330.967
-135.37
-136.333
-141.053
-109.057
-108.637
-109.218
68.6319
69.8111
69.2067
80.8819
82.8955
83.1853
686.47
716.056
720.16
818.401
897.828
975.523
864.717
947.344
1018.04
174.905
176.188
179.848
172.607
172.391
173.862
-271.408
-268.517
-279.607
-291.047
-293.839
-305.695
-272.469
-276.569
-300.438
-295.473
-298.427
-313.413
-239.03
-239.032
-240.315
-201.454
-201.373
-202.453
-155.23
-155.307
-156.087
-197.106
-197.613
-198.958
-150.81
-151.384
-152.494
231.443
222.912
213.563
-294.2
-284.264
-299.622
-310.498
-313.835
-354.437
-154.336
-154.853
-155.527
-204.389
-204.396
-205.077
-199.572
-200.11
-201.12
-149.539
-150.368
-151.544
-147.197
-150.7
-156.86
-41.1077
-15.0053
-125.901
39.5997
30.6413
-70.0525
270.933
266.433
-212.008
1.07072
0.44907
-2.20884
35.9923
37.2168
38.4257
42.9581
46.0249
51.5213
51.0899
51.1145
51.6196
166.57
168.93
171.683
173.857
172.533
172.157
-458.036
-462.59
-484.888
-358.933
-358.654
-360.167
-369.003
-366.982
-369.729
-389.496
-391.663
-397.592
146.972
144.96
144.244
-157.332
-138.805
-184.768
-10.5196
-10.1221
-10.1034
51.4549
59.692
-34.5601
1.78365
1.26231
-48.1391
-30.2439
-30.2553
-30.4585
11.5088
11.8555
10.943
-23.8302
-24.1345
-24.5369
-17.1769
-17.2012
-17.6924
-162.004
-159.833
-197.699
-283.299
-280.171
-288.89
-287.851
-289.036
-308.919
-268.101
-260.661
-288.094
-262.972
-254.71
-268.037
-230.503
-233.738
-243.897
-221.709
-221.333
-225.36
-172.763
-171.868
-173.638
-135.288
-134.938
-137.51
16.1575
16.4717
16.6238
-5.00381
-4.56578
-4.29956
10.8902
11.0081
11.2262
54.8875
55.0449
55.4132
163.39
167.843
173.689
176.055
173.841
172.604
-242.994
-232.514
-250.425
-238.87
-226.793
-256.602
-463.833
-463.463
-468.205
-459.764
-461.502
-479.937
-474.234
-479.115
-491.66
-410.119
-407.717
-411.841
-392.058
-392.293
-394.563
-172.233
-171.948
-173.155
151.99
146.454
139.689
93.8453
92.8838
91.2641
177.109
182.971
192.303
172.303
171.95
172.764
132.612
137.321
145.95
123.078
124.253
126.626
135.666
137.175
141.884
137.414
136.965
138.858
-266.542
-264.78
-269.722
125.894
125.651
124.262
120.275
120.404
120.253
-284.504
-283.325
-287.84
-263.211
-261.063
-270.873
-293.293
-291.762
-298.164
-305.761
-303.691
-307.384
-307.717
-305.919
-312.709
-320.588
-322.71
-327.78
-316.524
-316.922
-319.648
-307.734
-307.129
-310.551
-310.947
-311.714
-315.409
-327.861
-334.205
-351.176
-325.344
-325.397
-332.502
-247.478
-245.902
-247.728
-254.198
-252.733
-255.588
-283.837
-282.582
-284.915
-278.987
-278.651
-280.662
-291.072
-289.717
-293.866
-300.306
-301.76
-311.619
-235.854
-235.681
-237.603
-206.782
-206.198
-207.45
-160.228
-159.826
-160.631
-193.912
-195.439
-199.191
-147.614
-149.625
-154.068
141.066
143.094
143.477
133.31
134.074
132.969
-291.976
-275.34
-298.457
-260.115
-264.947
-293.719
-310.94
-308.539
-322.47
-260.856
-261.231
-262.651
-266.821
-266.69
-267.513
-159.319
-159.343
-159.858
-255.933
-256.979
-259.592
-253.307
-257.344
-267.41
-210.408
-210.17
-210.948
-195.883
-197.911
-202.28
179.138
167.676
146.408
88.8047
88.5422
87.9688
103.948
104.042
103.9
99.0636
98.9639
98.4628
660.391
677.065
662.343
254.864
247.237
124.32
144.016
137.952
74.5105
-9.26216
-12.2894
-18.2965
29.3449
30.0203
30.3108
21.158
21.8884
22.0455
45.3478
45.9144
47.9287
47.6609
47.5408
48.3109
170.695
173.624
177.386
172.825
172.186
172.498
-448.296
-444.033
-450.671
-378.217
-377.599
-383.336
-388.047
-392.887
-407.136
109.172
116.946
125.494
116.957
119.02
123.001
138.312
138.39
138.971
-150.841
-132.032
-198.9
-138.114
-102.088
-173.13
-16.7398
-16.6021
-16.7876
-24.1591
-23.7291
-23.7757
109.08
109.17
109.121
114.476
114.541
114.482
-36.7889
-36.5883
-36.7926
-44.8326
-44.7328
-45.1551
31.0845
31.566
31.141
21.3137
21.6602
21.1428
-281.866
-278.643
-283.667
-284.055
-278.399
-288.485
-259.624
-253.617
-262.074
-293.723
-291.972
-296.075
-309.315
-309.565
-322.413
-312.177
-314.522
-330.842
-313.548
-311.893
-315.331
-313.887
-313.088
-315.682
-316.871
-316.933
-324.799
-319.659
-326.479
-345.389
-320.852
-320.039
-322.585
-271.355
-274.839
-285.879
-262.923
-263.115
-269.359
-274.438
-277.64
-285.545
-275.519
-276.117
-278.381
-310.043
-308.338
-311.753
-312.531
-312.347
-316.024
-306.674
-305.999
-309.28
-305.813
-308.909
-320.145
-232.915
-234.014
-238.379
-213.248
-212.188
-214.021
-165.855
-165.054
-166.119
-190.9
-193.806
-203.141
-143.087
-145.089
-151.118
1.04243
1.92751
3.34338
6.02789
6.29175
6.81896
59.2824
59.8996
60.4219
154.595
158.731
163.729
178.011
171.574
162.909
-231.88
-218.331
-268.443
-350.826
-353.437
-389.253
-337.462
-325.206
-338.288
-352.759
-349.046
-368.668
-349.484
-346.851
-354.905
-458.359
-456.063
-461.057
-457.091
-454.147
-462.086
-402.034
-399.907
-402.282
-396.265
-395.269
-397.24
-165.041
-164.76
-165.438
-234.04
-233.021
-234.657
-243.626
-243.681
-247.486
-218.125
-217.688
-218.275
-226.297
-225.31
-226.332
-190.597
-192.47
-198.403
164.995
161.128
156.563
820.535
888.79
941.884
)
;

boundaryField
{
    topAndBottom
    {
        type            calculated;
        value           nonuniform List<scalar> 
72
(
32.6738
-45.6742
32.4392
-46.0559
31.9356
-46.8738
31.2774
-47.9164
30.5205
-49.0682
29.7146
-50.2172
28.9307
-51.2207
28.2469
-51.9265
27.7322
-52.1975
27.4323
-51.9351
27.3553
-51.1034
27.4688
-49.7417
27.7087
-47.9533
27.9983
-45.8763
28.2675
-43.6544
28.4647
-41.4227
28.5606
-39.2604
28.5446
-37.2319
28.4202
-35.3795
28.1998
-33.7184
27.8998
-32.2473
27.5375
-30.9557
27.1296
-29.8278
26.6911
-28.8452
26.2348
-27.9883
25.7716
-27.2385
25.3103
-26.578
24.8579
-25.9898
24.4202
-25.4591
24.0016
-24.9719
23.6055
-24.5152
23.2355
-24.078
22.8931
-23.6468
22.5857
-23.221
22.297
-22.7484
22.1074
-22.3933
)
;
    }
    inlet
    {
        type            calculated;
        value           nonuniform List<scalar> 
24
(
31.7611
30.6003
29.5775
28.9571
28.6821
28.8641
29.4789
30.5508
31.7433
32.8259
32.8159
30.6655
25.5969
17.7967
8.37465
-1.32449
-10.2482
-18.0996
-24.7244
-30.2606
-34.8463
-38.7202
-41.8771
-44.7615
)
;
    }
    outlet
    {
        type            calculated;
        value           nonuniform List<scalar> 
24
(
20.9947
19.1726
17.3504
15.525
13.6963
11.8673
10.0401
8.21465
6.38917
4.5637
2.73822
0.912749
-0.912747
-2.73822
-4.5637
-6.38917
-8.21465
-10.0401
-11.8656
-13.6911
-15.5166
-17.342
-19.1675
-20.993
)
;
    }
    wing
    {
        type            calculated;
        value           nonuniform List<scalar> 
375
(
-551.297
-586.723
-548.209
-541.734
-102.894
-185.132
-264.453
-255.016
-107.377
136.867
-234.66
-524.367
-531.904
-561.381
-565.356
-527.246
-523.536
86.1778
78.8359
252.298
349.671
-462.569
-410.148
-441.362
-549.586
-557.427
-558.23
-537.624
-368.092
-141.075
-89.1164
77.9244
76.8806
40.3836
-340.752
-367.162
-332.228
-348.621
-327.301
-338.72
-331.471
-344.856
-356.085
-377.964
-349.326
-333.389
-360.763
-356.275
-369.768
-350.5
-184.153
-126.82
79.9667
-419.784
-384.735
-396.121
-574.865
-518.217
-581.45
-559.27
-517.202
-519.892
-282.728
-311.099
-295.274
-346.243
-315.065
-183.057
-125.7
-116.808
52.5247
97.1236
-498.562
-491.885
-542.993
-521.539
-532.757
-561.136
-571.131
-468.26
-470.715
-541.842
-485.839
-468.755
-58.2389
-64.1416
-98.5051
-52.3622
-46.471
-134.986
-88.4128
-83.8554
-236.608
-213.138
-245.316
-112.678
172.057
-190.381
-501.004
-528.784
-555.881
-565.171
-606.732
-508.609
-513.011
-452.475
-94.6233
-101.835
217.448
-9.33185
83.5946
81.1685
-436.94
-415.52
-433.975
-502.738
-491.001
-539.319
-506.718
-513.947
-553.175
-582.19
-485.639
-475.072
-571.967
-440.683
-449.595
-356.461
-353.146
-78.9933
-71.2819
-100.962
-35.1724
-40.725
-29.4258
74.8592
75.2782
-136.111
-54.7079
-62.9298
-72.4304
-226.873
-231.546
-212.282
-240.479
-253.456
-298.142
-339.999
-347.584
-333.317
-337.506
-356.477
-342.297
-355.509
-375.856
-364.525
-351.685
-334.758
-341.339
-348.868
-349.409
-337.982
-119.32
64.4778
-390.7
-426.097
-412.322
-512.972
-492.3
-535.649
-533.567
-587.076
-574.991
-503.335
-514.592
-437.029
-434.959
-428.44
-275.08
-311.871
-315.33
-322.866
-330.959
-141.043
-109.209
69.2169
83.1956
720.155
975.52
1018.04
179.837
173.851
-279.616
-305.703
-300.446
-313.422
-240.324
-202.462
-156.096
-198.967
-152.503
213.573
-299.613
-354.429
-155.518
-205.069
-201.111
-151.535
-156.851
-125.91
-70.0615
-212.004
-2.19893
38.4156
51.5113
51.6095
171.672
172.146
-484.88
-360.159
-369.721
-397.584
144.255
-184.777
-10.1131
-34.5516
-48.1306
-30.4488
10.953
-24.5271
-17.6825
-197.709
-288.898
-308.928
-288.103
-268.045
-243.906
-225.369
-173.647
-137.519
16.6139
-4.30936
11.2163
55.403
173.678
172.593
-250.417
-256.594
-468.197
-479.93
-491.653
-411.833
-394.555
-173.146
139.7
91.2536
192.292
172.753
145.96
126.637
141.895
138.868
-269.73
124.251
120.242
-287.849
-270.882
-298.172
-307.393
-312.717
-327.788
-319.656
-310.559
-315.417
-351.184
-332.511
-247.736
-255.597
-284.924
-280.671
-293.875
-311.628
-237.611
-207.459
-160.64
-199.2
-154.077
143.466
132.958
-298.449
-293.71
-322.462
-262.642
-267.504
-159.849
-259.583
-267.401
-210.94
-202.271
146.419
87.9583
103.89
98.4523
662.349
124.328
74.5189
-18.2866
30.3008
22.0355
47.9186
48.3008
177.375
172.487
-450.663
-383.328
-407.128
125.504
123.011
138.981
-198.91
-173.14
-16.7974
-23.7855
109.111
114.472
-36.7829
-45.1455
31.151
21.1528
-283.676
-288.494
-262.083
-296.083
-322.422
-330.85
-315.339
-315.69
-324.808
-345.397
-322.593
-285.888
-269.368
-285.554
-278.389
-311.762
-316.032
-309.288
-320.153
-238.388
-214.03
-166.128
-203.15
-151.127
3.33354
6.80909
60.4117
163.718
162.898
-268.435
-389.244
-338.28
-368.66
-354.897
-461.05
-462.078
-402.275
-397.232
-165.429
-234.649
-247.478
-218.267
-226.324
-198.394
156.574
941.887
)
;
    }
    front
    {
        type            empty;
    }
    back
    {
        type            empty;
    }
}


// ************************************************************************* //
