/*--------------------------------*- C++ -*----------------------------------*\
| =========                 |                                                 |
| \\      /  F ield         | OpenFOAM: The Open Source CFD Toolbox           |
|  \\    /   O peration     | Version:  5.x                                   |
|   \\  /    A nd           | Web:      www.OpenFOAM.org                      |
|    \\/     M anipulation  |                                                 |
\*---------------------------------------------------------------------------*/
FoamFile
{
    version     2.0;
    format      ascii;
    class       volScalarField;
    location    "500";
    object      T;
}
// * * * * * * * * * * * * * * * * * * * * * * * * * * * * * * * * * * * * * //

dimensions      [0 0 0 1 0 0 0];

internalField   nonuniform List<scalar> 
6584
(
275
275
275
275
275
275
275
275
275
275
275
275
275
275
275
275
275
275
275
275
275
275
275
275
275
275
275
275
275
275
275
275
275
275
275
275
275
275
275
275
275
275
275
275
275
275
275
275
275
275
275
275
275
275
275
275
275
275
275
275
275
275
275
275
275
275
275
275
275
275
275
275
275
275
275
275
275
275
275
275
275
275
275
275
275
275
275
275
275
275
275
275
275
275
275
275
275
275
275
275
275
275
275
275
275
275
275
275
275
275
275
275
275
275
275
275
275
275
275
275
275
275
275
275
275
275
275
275
275
275
275
275
275
275
275
275
275
275
275
275
275
275
275
275
275
275
275
275
275
275
275
275
275
275
275
275
275
275
275
275
275
275
275
275
275
275
275
275
275
275
275
275
275
275
275
275
275
275
275
275
275
275
275
275
275
275
275
275
275
275
275
275
275
275
275
275
275
275
275
275
275
275
275
275
275
275
275
275
275
275
275
275
275
275
275
275
275
275
275
275
275
275
275
275
275
275
275
275
275
275
275
275
275
275
275
275
275
275
275
275
275
275
275
275
275
275
275
275
275
275
275
275
275
275
275
275
275
275
275
275
275
275
275
275
275
275
275
275
275
275
275
275
275
275
275
275
275
275
275
275
275
275
275
275
275
275
275
275
275
275
275
275
275
275
275
275
275
275
275
275
275
275
275
275
275
275
275
275
275
275
275
275
275
275
275
275
275
275
274.742
275
275
275
275
275
275
275
275
275
275
275
275
275
275
275
275
275
275
275
275
275
275
275
274.939
275
275
275
275
275
275
275
275
275
275
275
275
275
275
275
275
275
275
275
275
275
275
275
274.944
275
275
275
275
275
275
275
275
275
275
275
275
275
275
275
275
275
275
275
275
275
275
274.999
274.974
275
275
275
275
275
275
275
275
275
275
275
275
275
275
275
275
275
275
275
275
275
275
274.999
274.974
275
275
275
275
275
275
275
275
275
275
275
275
275
275
275
275
275
275
275
275
275
275
274.986
274.988
275
275
275
275
275
275
275
275
275
275
275
275
275
275
275
275
275
275
275
275
275
275
274.986
274.988
275
275
275
275
275
275
275
275
275
275
275
275
275
275
275
275
275
275
275
275
275
275
274.986
274.988
275
275
275
275
275
275
275
275
275
275
275
275
275
275
275
275
275
275
275
275
275
275
274.986
274.988
275
275
275
275
275
275
275
275
275
275
275
275
275
275
275
275
275
275
275
275
275
275
274.986
274.988
275
275
275
275
275
275
275
275
275
275
275
275
275
275
275
275
275
275
275
275
275
275
274.986
274.988
275
275
275
275
275
275
275
275
275
275
275
275
275
275
275
275
275
275
275
275
275
275
274.986
274.988
275
275
275
275
275
275
275
275
275
275
275
275
275
275
275
275
275
275
275
275
275
274.999
274.986
274.988
275
275
275
275
275
275
275
275
275
275
275
275
275
275
275
275
275
275
275
275
275
274.999
274.986
274.988
275
275
275
275
275
275
275
275
275
275
275
275
275
275
275
275
275
275
275
275
275
274.999
274.986
274.988
275
275
275
275
275
275
275
275
275
275
275
275
275
275
275
275
275
275
275
275
275
274.999
274.986
274.988
275
275
275
275
275
275
275
275
275
275
275
275
275
275
275
275
275
275
275
275
275
274.999
274.986
274.988
275
275
275
275
275
275
275
275
275
275
275
275
275
275
275
275
275
275
275
275
275
274.999
274.986
274.988
275
275
275
275
275
275
275
275
275
275
275
275
275
275
275
275
275
275
275
275
275
274.999
274.986
274.988
275
275
275
275
275
275
275
275
275
275
275
275
275
275
275
275
275
275
275
275
275
274.999
274.986
274.988
275
275
275
275
275
275
275
275
275
275
275
275
275
275
275
275
275
275
275
275
275
274.999
274.986
274.988
275
275
275
275
275
275
275
275
275
275
275
275
275
275
275
275
275
275
275
275
275
274.999
274.986
274.988
275
275
275
275
275
275
275
275
275
275
275
275
275
275
275
275
275
275
275
275
275
274.999
274.987
274.988
275
275
275
275
275
275
275
275
275
275
275
275
275
275
275
275
275
275
275
275
275
275
275
275
275
275
275
274.869
274.735
275
275
275
275
275
275
275
275
275
275
275
275
275
275
275
275
275
275
275
275
275
275
275
275
275
275
275
275
275
275
275
275
275
275
275
275
275
275
275
275
275
275
275
275
275
275
275
275
275
275
275
275
275
275
275
274.91
274.865
274.881
275
275
275
275
275
275
275
275
275
275
275
275
275
275
275
275
275
275
275
275
275
275
275
275
275
275
275
275
275
275
275
275
275
275
275
275
275
275
275
275
275
275
275
275
275
275
275
275
275
275
275
275
275
275
275
275
275
275
275
275
275
275
275
275
275
275
275
275
275
275
275
275
275
275
275
275
275
275
275
275
275
275
275
274.999
275
275
275
275
275
275
275
275
275
275
275
274.999
274.999
275
275
274.999
275
274.999
274.998
275
275
275
275
275
275
275
275
275
275
275
275
275
275
275
275
275
275
275
275
275
275
275
275
275
275
275
274.998
275
275
275
275
275
275
275
275
275
275
275
275
275
275
275
275
275
275
275
275
275
275
275
275
275
275
275
275
275
275
275
275
275
275
275
275
275
275
275
275
275
275
275
275
275
275
275
275
275
275
275
275
275
275
275
274.999
275
275
275
275
275
275
275
275
275
275
275
275
275
275
275
275
275
275
275
275
275
275
275
275
275
275
275
275
274.999
275
274.999
274.999
275
274.998
275
275
274.979
275
275
274.899
275
275
275
275
275
275
275
275
275
274.866
275
275
275
275
275
275
274.997
274.998
274.884
275
275
274.998
274.998
274.998
275
274.633
275
275
275
275
275
275
275
275
275
275
275
275
275
275
275
275
275
275
275
275
275
275
274.995
274.993
275
275
275
275
275
274.913
275
275
275
275
275
275
275
275
275
275
275
275
275
275
275
275
275
275
275
275
275
275
275
275
275
275
275
275
275
275
275
275
275
275
275
275
275
275
275
275
275
275
275
275
275
275
275
275
275
275
275
275
275
275
275
275
275
275
275
275
275
275
275
275
275
275
275
275
275
275
275
275
275
275
275
275
275
275
275
274.999
274.999
275
275
275
274.999
274.999
274.996
274.995
275
275
275
274.994
274.999
274.995
274.996
274.996
274.999
275
275
275
275
275
274.999
274.999
274.998
274.998
275
274.998
274.998
274.999
274.998
275
275
275
274.999
274.999
275
274.999
274.999
274.998
274.998
275
275
275
275
275
275
275
275
275
275
275
275
274.999
275
275
275
275
274.999
275
274.999
275
275
275
274.997
274.998
274.996
274.997
275
274.993
274.994
275
275
275
275
275
275
275
275
275
275
275
275
275
275
275
275
275
275
275
275
275
275
275
275
275
275
275
275
275
275
275
275
275
275
275
275
275
275
275
275
275
275
275
275
275
275
275
275
275
275
275
275
275
275
275
275
275
275
275
275
275
275
275
275
275
275
275
275
275
275
275
275
275
275
275
275
275
275
275
275
275
275
275
275
275
275
275
275
275
275
275
275
275
275
275
275
275
275
274.999
275
275
275
275
275
274.999
275
275
275
275
275
275
275
275
275
275
275
275
275
275
275
275
275
275
275
274.999
275
274.999
274.999
275
275
275
275
275
274.998
274.998
274.998
274.998
275
274.998
275
274.998
275
274.999
275
275
275
275
274.999
274.998
274.998
274.999
274.999
274.998
274.999
274.997
274.996
275
275
275
275
275
275
275
275
275
275
275
275
275
275
275
275
275
275
275
275
275
275
275
275
275
275
275
275
275
275
275
275
275
275
275
275
275
275
275
275
275
275
275
275
275
275
275
275
275
275
275
275
275
275
275
275
275
275
275
275
275
275
275
275
275
275
275
275
275
275
275
275
275
275
275
275
275
275
275
275
275
275
274.994
274.994
275
275
275
274.994
274.994
275
275
275
275
275
274.999
274.999
274.999
274.999
274.999
274.999
274.999
274.999
274.999
275
274.998
274.997
274.998
274.999
274.999
275
275
275
275
275
275
275
275
275
275
275
275
275
275
275
275
275
275
275
275
275
275
275
275
275
275
275
274.999
274.999
274.999
274.999
274.998
274.999
274.999
275
275
275
275
275
275
275
275
275
275
275
275
275
275
275
275
275
275
275
275
275
275
275
275
275
275
275
275
275
275
275
275
275
275
275
275
275
275
275
275
275
275
275
275
275
275
275
275
274.999
275
275
275
275
275
274.999
275
275
275
275
275
275
275
275
275
275
275
275
275
275
275
275
275
275
275
275
275
275
275
275
274.999
275
275
275
275
274.999
274.999
274.999
274.999
274.998
274.998
274.998
274.992
274.995
274.995
274.995
275
274.999
274.999
274.999
274.999
275
274.989
274.989
274.998
274.998
275
275
275
275
274.997
274.997
274.996
274.994
274.834
274.998
274.997
274.997
274.997
274.997
274.998
274.633
274.99
274.997
275
275
275
275
275
275
275
275
275
275
275
275
275
275
275
275
275
275
275
275
274.994
274.991
274.991
274.992
274.992
274.994
275
275
275
275
275
275
275
275
275
275
275
275
275
275
275
275
275
275
275
275
275
275
275
275
275
275
275
275
275
275
275
275
274.994
274.994
274.994
274.994
274.999
274.997
274.997
274.992
274.992
274.996
274.993
274.993
274.992
274.992
274.995
275
275
275
275
275
275
275
275
275
275
274.995
274.998
274.998
274.998
274.998
274.995
274.997
274.997
274.997
274.997
274.997
274.996
275
275
275
275
275
275
275
274.999
274.999
274.999
274.999
274.998
274.998
274.999
274.999
274.998
274.999
274.999
274.999
274.999
274.999
274.999
275
274.999
274.999
274.998
274.998
274.999
274.997
274.997
274.997
274.997
274.999
274.997
274.997
274.998
274.996
274.997
274.996
274.996
274.998
275
275
275
275
275
275
275
275
275
275
275
275
275
275
275
275
275
275
275
275
275
275
275
275
275
275
275
274.999
274.999
274.999
274.999
274.999
275
274.999
274.999
274.999
274.999
275
275
274.999
274.999
274.999
274.999
275
274.999
274.996
274.998
274.998
274.993
274.993
275
275
275
275
275
275
275
275
275
275
275
275
275
275
275
275
275
275
275
275
275
275
275
275
275
275
275
275
275
275
275
275
275
275
275
275
275
275
275
275
275
275
275
275
275
275
275
275
275
275
275
275
275
275
275
275
275
275
275
275
275
275
275
275
275
275
275
275
275
275
275
275
275
275
275
275
275
275
275
275
275
275
275
275
275
275
275
275
275
275
275
275
275
275
275
275
275
275
275
275
275
275
275
275
275
275
275
275
275
275
275
275
275
275
275
275
274.999
275
275
275
274.999
275
275
275
275
275
275
275
275
275
275
275
275
275
275
275
275
275
275
275
275
275
275
275
275
275
275
274.999
274.999
274.999
274.999
274.999
274.999
275
275
275
275
275
275
274.998
274.999
274.999
274.999
274.999
274.998
274.998
274.999
274.999
274.999
274.999
274.998
274.998
274.998
274.998
274.998
274.998
274.998
274.999
274.999
274.998
274.999
274.998
274.999
274.999
274.999
274.998
274.998
274.994
274.994
274.998
274.996
274.996
274.997
274.997
274.999
274.995
274.995
274.99
274.991
275
275
275
275
275
275
275
275
275
275
275
275
275
275
275
275
275
275
275
275
275
275
275
275
275
275
275
275
275
275
275
275
275
275
275
275
275
275
275
275
275
275
275
275
275
275
275
275
275
275
275
275
275
275
275
275
275
275
275
275
275
275
275
275
275
275
275
275
275
275
275
275
275
275
275
275
275
275
275
275
275
275
275
275
275
275
275
275
275
275
275
275
275
275
275
275
275
275
275
275
275
275
275
275
275
275
275
275
275
275
275
275
275
275
275
275
275
275
275
275
275
275
275
275
275
275
275
275
275
275
275
275
275
275
275
275
275
275
274.768
274.995
274.996
275
275
275
275
275
275
275
275
275
275
275
275
275
274.95
274.95
274.942
275
275
275
275
275
275
275
275
275
275
275
275
274.973
274.95
274.973
275
275
275
275
275
275
275
275
275
275
275
275
275
275
275
275
275
275
275
275
275
275
275
275
275
275
275
275
275
275
275
275
275
275
275
275
275
275
275
275
275
275
275
275
275
275
275
275
275
275
274.826
274.986
274.983
274.934
274.934
274.633
275
275
275
275
275
275
275
275
275
275
275
275
275
275
275
275
275
275
275
275
275
275
275
275
275
275
275
275
275
275
275
275
275
275
275
275
275
275
275
275
275
275
275
275
275
275
275
275
275
275
275
275
275
275
275
275
275
275
275
275
275
275
275
275
275
275
275
275
275
275
275
275
275
275
275
275
275
275
275
275
275
275
275
275
275
275
275
275
275
275
275
275
275
275
275
275
275
275
275
275
275
275
275
275
275
275
275
275
275
275
275
275
275
275
275
275
275
275
275
275
275
275
275
275
275
275
275
275
275
275
275
275
275
275
275
275
275
275
275
275
275
275
275
275
275
275
275
275
275
275
275
275
275
275
275
274.912
275
275
275
275
274.856
275
275
274.87
275
275
275
275
275
275
275
275
275
275
275
275
275
275
275
275
275
275
275
275
275
275
275
275
275
275
275
275
275
275
275
275
275
275
275
275
275
275
275
275
275
275
275
275
275
275
275
275
275
275
275
275
275
275
275
275
275
275
275
275
275
275
275
275
275
275
275
275
275
275
275
275
275
275
275
275
275
275
275
275
275
275
275
275
275
275
275
275
275
275
275
275
275
275
275
275
275
275
275
275
275
275
275
275
275
275
275
275
275
275
275
275
275
275
275
275
275
275
275
275
275
275
275
275
275
275
275
275
275
275
275
275
275
275
275
275
275
275
275
275
275
275
275
275
275
275
275
275
275
275
275
275
275
275
275
275
275
275
275
275
275
275
275
275
275
275
275
275
275
275
275
275
275
275
275
275
275
275
275
275
275
275
275
275
275
275
275
275
275
275
275
275
275
275
275
275
275
275
275
275
275
275
275
275
274.999
274.999
274.999
274.998
274.998
274.999
275
275
275
275
275
275
275
275
275
275
275
275
275
275
275
275
275
275
275
275
275
275
275
275
275
275
275
275
275
275
275
275
275
274.999
274.998
274.998
275
275
275
275
275
275
275
275
275
275
275
275
275
275
275
275
275
275
275
275
275
275
275
275
275
275
275
275
275
275
275
275
275
275
275
275
275
275
275
275
275
275
275
275
275
275
275
275
275
275
275
275
275
275
275
275
275
275
275
275
275
274.999
274.999
274.999
274.999
275
275
275
275
275
275
275
275
275
275
275
275
275
275
275
275
275
275
275
275
275
275
275
275
275
275
275
275
275
275
275
275
275
275
275
275
275
275
275
275
275
275
275
275
275
275
275
275
275
275
275
275
275
275
275
275
275
275
275
275
275
275
275
275
275
275
275
275
275
275
275
275
275
275
275
275
275
275
275
275
275
275
275
275
275
275
275
275
275
275
275
275
275
275
275
275
275
275
275
275
275
275
275
275
275
275
275
275
275
275
275
275
275
275
275
275
275
275
275
275
275
275
275
275
275
275
275
275
275
275
275
275
275
275
275
275
275
275
275
275
275
275
275
275
275
275
275
275
275
275
275
275
275
275
275
275
275
275
275
275
275
275
274.999
275
275
275
275
275
275
275
275
275
275
275
275
275
275
275
275
275
275
275
275
275
275
274.999
274.999
274.999
274.999
275
275
275
275
274.999
275
275
275
275
275
275
275
274.999
275
275
275
275
274.999
274.999
274.999
274.999
275
275
275
275
275
274.998
274.999
274.999
274.999
275
275
275
275
275
275
275
275
275
275
275
275
275
274.989
274.989
274.861
275
274.999
274.999
275
274.999
275
275
275
275
275
275
275
275
275
275
274.967
274.946
274.85
275
274.999
274.999
274.998
274.999
275
274.999
274.985
274.982
274.998
274.999
275
274.633
274.83
274.884
275
275
275
275
275
275
275
275
275
275
275
275
275
275
275
275
275
275
275
275
275
275
275
275
275
275
275
275
275
275
275
275
275
275
275
275
275
275
275
275
275
275
275
275
275
275
275
275
275
275
275
275
275
275
275
275
275
275
275
275
275
275
275
275
275
275
274.914
274.997
274.995
275
275
275
275
275
275
275
275
275
275
275
275
275
275
275
275
275
275
275
275
275
275
275
275
275
275
275
275
275
275
275
275
275
275
275
275
275
275
275
275
275
275
275
275
275
275
275
275
275
275
275
275
275
275
275
275
275
275
275
275
275
275
275
275
275
275
275
275
275
275
275
275
275
275
275
275
275
275
275
275
275
275
275
275
275
275
275
275
275
275
275
275
275
275
275
275
275
275
275
275
275
275
275
275
275
275
275
275
275
275
275
275
275
275
275
275
275
275
275
275
275
275
275
275
275
275
275
275
275
275
275
275
275
275
275
275
275
275
275
275
275
275
275
275
275
275
275
275
275
275
275
275
275
275
275
275
275
275
275
275
275
275
275
275
275
275
275
275
275
275
275
275
275
275
275
275
275
275
275
275
275
275
275
275
275
275
275
275
275
275
275
275
275
275
275
274.999
274.997
274.997
274.997
274.997
274.999
275
275
275
275
275
275
275
275
275
274.997
274.997
274.999
275
275
275
274.999
274.999
274.999
274.999
274.999
274.999
275
275
275
275
275
275
275
275
275
275
275
275
274.998
274.999
274.999
274.999
274.999
274.999
274.999
274.999
274.998
275
275
275
275
275
275
274.999
275
275
274.999
275
274.999
275
275
275
275
275
275
275
275
275
275
275
275
275
275
275
275
274.999
274.999
274.999
274.999
275
275
275
275
275
275
275
274.999
274.999
275
274.997
274.999
274.999
274.999
274.999
274.998
274.999
274.998
274.997
275
274.999
274.999
275
275
275
275
275
275
275
275
275
275
275
275
275
275
275
275
275
275
275
275
275
275
275
275
275
275
275
275
275
275
275
275
275
275
275
275
275
275
275
275
275
275
275
275
275
275
275
275
275
275
275
275
275
275
275
275
275
275
275
275
275
275
275
275
275
275
275
275
275
275
275
275
275
275
275
275
275
275
275
275
275
275
275
275
275
275
275
275
275
275
275
275
275
275
275
275
275
275
275
275
275
275
275
275
275
275
275
275
275
275
275
275
275
275
275
275
275
275
275
275
275
275
275
275
275
275
275
275
275
275
275
275
275
275
275
275
275
275
275
275
275
275
275
275
275
275
275
275
275
275
275
275
275
275
275
275
275
275
275
275
275
275
275
275
275
275
275
275
275
275
275
275
275
275
275
275
275
275
275
275
275
275
275
275
275
275
275
275
275
275
275
275
275
275
275
275
275
275
274.999
274.999
275
275
274.999
274.999
275
275
275
275
275
275
275
275
275
275
275
275
274.999
275
274.999
274.999
274.997
274.997
274.998
274.998
274.999
274.997
274.994
274.994
274.994
274.994
274.997
275
275
275
275
275
275
275
275
275
275
275
275
275
275
275
275
275
275
275
275
275
275
275
275
275
275
275
275
275
275
275
275
275
275
275
275
275
275
275
275
275
275
275
275
275
275
275
275
275
275
275
275
275
275
275
275
275
275
275
275
275
275
275
275
275
275
275
275
275
275
275
275
275
275
275
275
275
275
275
275
275
275
275
275
275
275
275
275
275
275
275
275
275
275
275
275
275
275
275
275
275
275
275
275
275
275
275
275
275
275
275
275
275
275
275
275
275
275
275
275
275
275
275
275
275
275
275
275
275
274.999
275
275
275
275
274.999
275
275
275
275
275
275
275
275
275
275
275
275
275
275
275
275
275
275
275
275
275
275
275
275
275
275
275
275
275
275
275
275
275
275
275
275
275
275
275
275
275
275
275
275
275
275
275
275
275
275
275
275
275
275
275
275
275
275
275
275
275
275
275
275
275
275
275
275
275
275
275
275
275
275
275
275
275
275
275
275
274.999
275
275
275
274.999
275
275
275
275
275
274.999
275
275
275
275
274.999
274.999
275
275
275
275
274.999
274.998
274.999
274.999
274.999
274.999
274.998
275
275
275
274.995
274.983
274.99
274.98
274.981
274.994
274.841
274.939
274.935
274.8
274.81
274.633
274.997
274.951
274.923
274.986
274.972
274.997
275
275
275
275
275
275
275
275
275
275
275
275
275
275
275
275
275
275
275
275
275
275
275
275
275
275
275
275
275
275
275
275
275
275
275
275
275
275
275
275
275
275
275
275
275
275
275
275
275
275
275
275
275
275
275
275
275
275
275
275
275
275
275
275
275
275
275
275
275
275
275
275
275
275
275
275
275
275
275
275
275
275
275
275
275
275
275
275
275
275
275
275
275
275
275
275
275
275
275
275
275
275
275
275
275
275
275
275
275
275
275
275
275
275
275
275
275
274.751
274.935
274.934
275
275
275
275
275
275
275
275
275
275
275
275
274.94
275
275
275
275
275
275
275
275
275
275
275
275
275
275
275
275
275
274.999
274.973
274.973
274.974
275
275
275
275
275
275
275
275
275
275
275
275
275
275
275
275
275
275
275
275
275
275
275
275
275
275
275
275
275
275
275
275
275
275
275
275
275
275
275
275
275
275
275
275
275
275
275
275
275
275
274.981
274.978
274.862
275
275
275
275
275
275
275
275
275
275
275
275
275
275
275
275
275
275
275
275
275
275
275
275
275
275
275
275
275
275
275
275
275
275
275
275
275
275
275
275
275
275
275
275
275
275
275
275
275
275
275
275
275
275
275
275
275
275
275
275
275
275
275
275
275
275
275
275
275
275
275
275
275
275
275
275
275
275
275
275
275
275
275
275
275
275
275
275
275
275
275
275
275
275
275
275
275
275
275
275
275
275
275
275
275
275
275
275
275
275
275
275
275
275
275
275
275
275
275
275
275
275
275
275
275
275
275
275
275
275
275
275
275
275
275
275
275
275
275
275
275
275
275
275
275
275
275
275
275
275
275
275
275
275
275
275
275
275
275
275
275
275
275
275
275
275
275
275
275
275
275
275
275
275
275
275
275
275
275
275
275
275
275
275
275
275
275
275
275
275
275
275
275
275
275
275
275
275
275
275
275
275
275
275
275
275
275
275
275
275
275
275
275
275
275
275
275
275
275
275
275
275
275
275
275
275
275
275
275
275
275
274.939
274.937
274.759
274.995
274.981
274.981
274.981
274.981
274.995
275
275
275
275
275
275
275
275
275
275
275
275
275
275
275
274.95
274.998
274.997
274.999
274.998
274.95
275
275
274.941
275
275
275
275
275
275
275
275
275
275
275
275
275
275
275
275
275
275
275
275
275
275
275
275
275
275
275
275
275
275
275
275
275
275
275
275
275
275
275
275
275
275
275
275
275
275
275
275
274.931
274.928
274.819
274.642
274.801
274.797
275
275
275
275
275
275
275
275
275
275
275
275
275
275
275
275
275
275
275
275
275
275
275
275
275
275
275
275
275
275
275
275
275
275
275
275
275
275
275
275
275
275
275
275
275
275
275
275
275
275
275
275
275
275
275
275
275
275
275
275
275
275
275
275
275
275
275
275
275
275
275
275
275
275
275
275
275
275
275
275
275
275
275
275
274.993
274.992
274.911
275
275
275
275
274.998
274.998
274.997
274.997
275
274.859
274.975
274.973
274.999
274.999
275
274.874
274.99
274.99
275
275
275
275
275
275
275
275
275
275
275
275
275
275
275
275
275
275
275
275
275
275
275
275
275
275
275
275
275
275
275
275
275
275
275
275
275
275
275
275
275
275
275
275
275
275
275
275
275
275
275
275
275
275
275
275
275
275
275
275
275
275
275
275
275
275
275
275
275
275
275
275
275
275
275
275
275
275
275
275
275
275
275
275
275
275
275
275
275
275
275
275
275
275
275
275
275
275
275
275
275
275
275
275
275
275
275
275
275
275
275
275
275
275
275
275
275
275
275
275
275
275
275
275
275
275
275
275
275
275
275
275
275
275
275
275
275
275
275
275
275
275
275
275
275
275
275
275
275
275
275
275
275
275
275
275
275
275
275
275
275
275
275
275
275
275
275
275
275
275
275
275
275
275
275
275
275
275
275
275
275
275
275
275
275
275
275
275
275
275
275
275
275
275
275
275
275
275
275
275
275
275
275
275
275
275
275
275
275
275
275
275
275
275
275
275
275
275
275
275
275
275
275
275
275
275
275
275
275
275
275
275
275
275
274.999
275
275
275
275
274.999
274.999
275
275
275
275
274.999
274.998
274.999
274.999
274.999
274.999
274.999
274.999
275
275
274.999
274.999
274.998
274.998
274.999
274.999
275
275
275
275
275
275
275
275
275
275
275
275
275
275
275
275
275
275
275
275
275
275
275
275
275
275
275
275
275
275
275
275
275
275
275
275
275
275
275
275
275
275
275
275
275
275
275
275
275
275
275
275
275
275
275
275
275
275
275
275
275
275
275
275
275
275
275
275
275
275
275
275
275
275
275
275
275
275
275
275
275
275
275
275
275
275
275
275
275
275
275
275
275
275
275
275
275
275
275
275
275
275
275
275
275
275
275
275
274.999
274.973
274.973
274.975
275
275
275
275
275
275
275
275
275
275
275
275
275
275
275
275
275
274.91
274.991
274.99
274.99
274.99
274.878
275
275
275
275
275
275
275
275
275
275
275
275
275
275
275
275
275
275
275
275
275
275
275
275
275
275
275
275
275
275
275
275
275
275
275
275
275
275
275
275
275
275
275
275
275
275
275
275
275
275
275
275
275
275
275
275
275
275
275
275
275
275
275
275
275
275
275
275
275
275
275
275
275
275
275
275
275
275
275
275
275
275
275
275
275
275
275
275
275
275
275
275
275
275
275
275
275
275
275
275
275
275
275
275
275
275
275
275
275
275
275
275
275
275
275
275
275
275
275
275
275
275
275
275
275
275
275
275
275
275
275
275
275
275
275
275
275
275
275
275
275
275
275
275
275
275
275
275
275
275
275
275
275
275
275
275
275
275
275
275
275
275
275
275
275
275
275
275
275
275
275
275
275
275
275
275
275
275
275
275
274.999
275
275
275
274.999
274.999
275
275
275
275
275
275
275
275
275
275
275
275
275
275
275
275
275
275
275
275
275
275
275
275
275
275
275
275
275
275
275
275
275
275
275
275
275
275
275
275
275
275
275
275
275
275
275
275
275
275
275
275
275
275
275
275
275
275
275
275
275
275
275
275
275
275
275
275
275
275
275
275
275
275
275
275
275
275
275
275
275
275
275
275
275
275
275
275
275
275
275
275
275
275
275
275
275
275
275
275
275
275
275
275
275
275
275
275
275
275
275
275
275
275
275
275
275
275
275
275
275
275
275
275
275
275
275
275
275
275
275
275
275
275
275
275
275
275
275
275
275
275
275
275
275
275
275
275
275
275
275
275
275
275
275
275
275
275
275
275
275
275
274.945
275
275
275
275
275
275
275
275
275
275
275
275
275
275
275
275
275
275
275
275
275
275
275
275
275
275
275
275
275
275
275
275
275
275
275
275
275
275
275
275
275
275
275
275
275
275
275
275
275
275
275
275
275
275
275
275
275
275
275
275
275
275
274.997
274.996
274.95
275
275
275
275
275
275
275
275
275
275
275
275
275
274.985
274.68
274.999
274.984
274.675
274.999
274.973
274.613
274.999
274.973
274.609
274.989
274.911
274.361
275
275
274.933
275
274.999
274.89
275
274.998
274.884
274.989
274.912
274.367
274.927
274.748
273.991
275
274.999
274.928
275
274.988
274.706
275
274.988
274.711
274.999
274.981
274.646
274.999
274.981
274.644
274.998
274.965
274.574
274.998
274.966
274.579
274.968
274.829
274.13
274.969
274.833
274.147
274.801
274.6
273.987
275
275
274.971
275
274.995
274.817
275
274.996
274.83
275
274.995
274.813
275
274.985
274.691
274.999
274.983
274.664
274.999
274.977
274.627
274.998
274.968
274.596
274.992
274.929
274.447
275
275
274.949
274.987
274.905
274.346
274.97
274.839
274.172
274.969
274.835
274.153
274.952
274.794
274.157
274.999
274.982
274.652
274.999
274.983
274.667
275
274.985
274.684
275
274.985
274.672
275
274.988
274.708
275
274.986
274.689
275
274.988
274.704
274.999
274.982
274.648
274.999
274.98
274.634
274.999
274.978
274.616
274.999
274.98
274.629
274.999
274.972
274.579
274.999
274.973
274.593
274.999
274.977
274.611
274.999
274.975
274.598
274.998
274.97
274.574
274.993
274.933
274.433
274.99
274.917
274.383
274.97
274.839
274.178
275
274.996
274.835
275
274.996
274.85
275
274.996
274.854
275
274.986
274.695
275
274.99
274.723
274.999
274.983
274.659
274.999
274.977
274.63
274.997
274.961
274.561
274.998
274.967
274.592
274.989
274.913
274.402
274.991
274.921
274.421
274.989
274.915
274.407
274.992
274.927
274.442
274.991
274.922
274.426
274.981
274.883
274.321
274.976
274.864
274.277
274.975
274.862
274.272
274.949
274.788
274.151
274.941
274.767
274.134
275
274.991
274.746
275
274.991
274.749
275
274.985
274.682
275
274.991
274.741
275
274.99
274.737
274.999
274.983
274.671
274.999
274.974
274.618
274.997
274.958
274.542
274.997
274.958
274.546
274.999
274.973
274.606
274.997
274.956
274.537
274.996
274.953
274.533
274.985
274.895
274.321
274.986
274.897
274.327
274.988
274.91
274.356
274.985
274.893
274.316
274.984
274.891
274.31
275
275
274.937
274.972
274.851
274.249
274.971
274.848
274.243
275
274.999
274.895
275
275
274.922
275
274.998
274.88
274.989
274.913
274.372
274.945
274.77
273.996
275
274.999
274.922
275
274.993
274.771
275
274.988
274.702
275
274.988
274.715
274.999
274.981
274.65
274.999
274.978
274.639
274.998
274.964
274.569
274.998
274.967
274.583
274.995
274.948
274.511
274.973
274.854
274.254
274.974
274.857
274.262
275
275
274.974
275
275
274.97
274.968
274.83
274.135
274.969
274.832
274.141
275
274.996
274.822
275
274.996
274.826
275
274.995
274.807
275
274.992
274.758
275
274.991
274.753
275
274.985
274.686
275
274.99
274.726
275
274.99
274.732
274.999
274.983
274.666
274.999
274.976
274.622
274.997
274.959
274.555
274.997
274.958
274.55
274.998
274.97
274.601
274.996
274.951
274.523
274.996
274.952
274.528
274.993
274.932
274.456
274.993
274.932
274.452
274.987
274.901
274.338
274.986
274.899
274.333
274.988
274.907
274.351
274.983
274.887
274.299
274.984
274.889
274.304
274.983
274.885
274.294
274.97
274.838
274.166
274.97
274.837
274.16
275
275
274.944
274.967
274.837
274.224
274.969
274.842
274.233
274.97
274.845
274.238
275
274.999
274.907
275
274.999
274.899
275
274.999
274.912
275
274.999
274.917
275
274.998
274.873
275
274.994
274.786
274.999
274.982
274.656
274.999
274.983
274.662
275
274.985
274.68
275
274.985
274.676
275
274.986
274.695
275
274.988
274.7
274.999
274.982
274.645
274.999
274.981
274.639
274.999
274.98
274.622
274.999
274.98
274.626
274.999
274.972
274.583
274.999
274.972
274.588
274.999
274.977
274.606
274.999
274.977
274.603
274.998
274.968
274.57
274.99
274.915
274.378
274.971
274.839
274.183
275
274.996
274.846
275
274.996
274.839
275
274.997
274.859
275
274.992
274.763
275
274.993
274.768
275
274.988
274.7
275
274.99
274.72
274.999
274.981
274.654
274.999
274.977
274.635
274.998
274.964
274.565
274.998
274.967
274.587
274.996
274.951
274.518
274.996
274.951
274.515
274.995
274.945
274.504
274.988
274.911
274.397
274.99
274.921
274.417
274.99
274.917
274.412
274.991
274.923
274.433
274.991
274.925
274.438
274.977
274.867
274.283
274.974
274.859
274.267
274.947
274.782
274.145
274.944
274.775
274.139
275
275
274.981
275
275
274.986
275
275
274.985
274.949
274.773
274.034
274.949
274.773
274.029
275
274.996
274.843
275
274.995
274.807
275
274.996
274.848
275
274.994
274.802
274.996
274.949
274.492
274.994
274.939
274.455
274.992
274.927
274.411
274.994
274.939
274.45
274.992
274.926
274.406
274.869
274.684
274.072
275
274.999
274.893
275
274.998
274.888
274.979
274.876
274.3
274.984
274.892
274.343
274.984
274.892
274.338
274.979
274.876
274.295
274.978
274.871
274.288
275
275
274.957
275
275
274.962
274.548
274.347
274.033
274.959
274.814
274.183
274.975
274.855
274.226
274.975
274.855
274.221
274.973
274.85
274.202
274.95
274.776
274.045
274.949
274.771
274.01
275
274.994
274.799
274.993
274.933
274.46
274.993
274.935
274.467
274.994
274.941
274.481
274.931
274.746
274.077
275
275
274.934
274.981
274.877
274.275
275
275
274.955
275
275
274.948
274.965
274.829
274.208
274.958
274.809
274.177
274.964
274.827
274.203
274.963
274.824
274.194
275
275
274.927
275
274.995
274.822
275
274.995
274.827
275
274.997
274.868
275
274.997
274.863
274.995
274.945
274.476
274.995
274.943
274.471
274.993
274.931
274.428
274.991
274.92
274.391
274.978
274.866
274.246
274.98
274.874
274.269
274.978
274.868
274.251
274.973
274.848
274.197
274.952
274.78
274.051
274.949
274.771
274.008
275
274.999
274.908
275
274.999
274.912
275
274.993
274.782
275
274.993
274.794
275
274.993
274.776
274.995
274.944
274.5
274.994
274.942
274.486
274.981
274.881
274.316
274.928
274.74
274.07
274.966
274.822
274.116
274.949
274.772
274.039
274.949
274.772
274.022
274.934
274.752
274.105
274.934
274.753
274.111
274.934
274.752
274.099
274.933
274.75
274.093
275
274.996
274.837
274.959
274.802
274.078
274.961
274.807
274.084
275
274.995
274.812
275
274.997
274.854
275
274.994
274.797
275
274.992
274.766
275
274.992
274.771
275
274.99
274.729
275
274.99
274.733
275
274.992
274.762
275
274.992
274.758
275
274.988
274.724
275
274.988
274.719
274.996
274.95
274.499
274.996
274.951
274.503
274.997
274.959
274.533
274.997
274.959
274.528
274.997
274.96
274.539
274.997
274.962
274.544
274.996
274.949
274.487
274.994
274.94
274.46
274.992
274.928
274.417
274.994
274.939
274.445
274.992
274.925
274.401
274.954
274.786
274.064
274.958
274.797
274.073
275
274.999
274.897
275
274.999
274.901
275
274.998
274.882
274.988
274.909
274.385
274.988
274.909
274.39
274.98
274.877
274.305
274.988
274.908
274.38
274.987
274.905
274.375
274.984
274.894
274.348
274.983
274.89
274.333
274.926
274.739
274.081
274.967
274.826
274.121
274.964
274.816
274.103
274.965
274.819
274.11
275
275
274.978
275
275
274.967
275
275
274.96
274.961
274.819
274.189
274.976
274.859
274.232
274.977
274.862
274.238
274.974
274.854
274.214
274.974
274.852
274.208
274.949
274.771
274.038
274.949
274.771
274.015
275
274.995
274.804
274.993
274.936
274.472
274.994
274.938
274.476
274.939
274.764
274.124
274.937
274.759
274.118
274.932
274.747
274.083
275
275
274.939
275
275
274.945
274.981
274.879
274.28
274.982
274.881
274.286
274.963
274.813
274.097
274.962
274.81
274.091
274.966
274.831
274.213
274.967
274.834
274.219
274.954
274.801
274.166
274.956
274.805
274.171
275
274.995
274.817
275
274.996
274.832
275
274.997
274.858
275
274.994
274.792
275
274.994
274.782
275
274.993
274.777
275
274.99
274.742
275
274.99
274.737
275
274.99
274.748
275
274.991
274.753
275
274.988
274.712
274.997
274.955
274.513
274.996
274.953
274.508
274.997
274.958
274.519
274.997
274.959
274.524
274.998
274.966
274.558
274.998
274.966
274.563
274.998
274.966
274.554
274.998
274.964
274.549
274.996
274.948
274.481
274.995
274.942
274.466
274.992
274.929
274.422
274.994
274.936
274.44
274.991
274.922
274.395
274.98
274.872
274.263
274.979
274.87
274.257
274.972
274.845
274.191
274.952
274.782
274.058
274.948
274.771
274.003
275
274.999
274.917
275
274.997
274.874
275
274.998
274.878
275
274.997
274.869
275
274.997
274.864
275
274.993
274.785
275
274.993
274.79
274.995
274.942
274.495
274.994
274.942
274.49
274.98
274.879
274.311
274.986
274.9
274.365
274.986
274.902
274.37
274.985
274.895
274.353
274.985
274.898
274.361
274.982
274.887
274.328
274.927
274.74
274.064
275
275
274.983
)
;

boundaryField
{
    topAndBottom
    {
        type            zeroGradient;
    }
    inlet
    {
        type            fixedValue;
        value           uniform 275;
    }
    outlet
    {
        type            zeroGradient;
    }
    wing
    {
        type            groovyBC;
        refValue        uniform 269.981;
        refGradient     uniform 0;
        valueFraction   uniform 1;
        value           uniform 269.981;
        valueExpression "Twall+hc*(T-Twall)/(rho_p*cp_p)+sigma*emiss*(pow(Tinf,4)-pow(Twall,4))/(rho_p*cp_p)";
        gradientExpression "0";
        fractionExpression "1";
        evaluateDuringConstruction 0;
        cyclicSlave     0;
        variables       
10
(
"rho_p=1.25;"
"cp_p=1004;"
"Twall=270;"
"hc=12;"
"sigma=5.67*pow(10,-8);"
"emiss=0.2;"
"rh=0.7;"
"pv=pSat*rh;"
"Kn=0.;"
"Tinf=T*pow((1-(0.5-0.006*sqrt(pv))*(1-Kn)),0.25);"
)
;
        timelines       (
);
        lookuptables    (
);
        lookuptables2D  (
);
    }
    front
    {
        type            empty;
    }
    back
    {
        type            empty;
    }
}


// ************************************************************************* //
