/*--------------------------------*- C++ -*----------------------------------*\
| =========                 |                                                 |
| \\      /  F ield         | OpenFOAM: The Open Source CFD Toolbox           |
|  \\    /   O peration     | Version:  5.x                                   |
|   \\  /    A nd           | Web:      www.OpenFOAM.org                      |
|    \\/     M anipulation  |                                                 |
\*---------------------------------------------------------------------------*/
FoamFile
{
    version     2.0;
    format      ascii;
    class       volScalarField;
    location    "500";
    object      Y;
}
// * * * * * * * * * * * * * * * * * * * * * * * * * * * * * * * * * * * * * //

dimensions      [0 0 0 0 0 0 0];

internalField   nonuniform List<scalar> 
6584
(
0.00632995
0.00632995
0.00632995
0.00632995
0.00632995
0.00632995
0.00632995
0.00632995
0.00632995
0.00632995
0.00632995
0.00632995
0.00632995
0.00632995
0.00632995
0.00632995
0.00632995
0.00632995
0.00632995
0.00632995
0.00632995
0.00632995
0.00632995
0.00632995
0.0063299
0.0063299
0.0063299
0.0063299
0.0063299
0.0063299
0.0063299
0.0063299
0.0063299
0.0063299
0.0063299
0.0063299
0.0063299
0.0063299
0.0063299
0.0063299
0.0063299
0.0063299
0.0063299
0.0063299
0.0063299
0.0063299
0.0063299
0.0063299
0.00632985
0.00632985
0.00632985
0.00632985
0.00632985
0.00632985
0.00632985
0.00632985
0.00632985
0.00632988
0.00632988
0.00632988
0.00632988
0.00632988
0.00632988
0.00632985
0.00632985
0.00632985
0.00632985
0.00632985
0.00632985
0.00632985
0.00632985
0.00632985
0.0063298
0.0063298
0.0063298
0.0063298
0.0063298
0.00632981
0.00632981
0.00632981
0.00632981
0.00632983
0.00632983
0.00632983
0.00632983
0.00632983
0.00632983
0.00632983
0.00632981
0.00632981
0.00632981
0.00632981
0.00632981
0.0063298
0.0063298
0.0063298
0.00632976
0.00632976
0.00632976
0.00632976
0.00632976
0.00632976
0.00632976
0.00632976
0.00632978
0.00632978
0.00632978
0.00632978
0.00632978
0.00632978
0.00632978
0.00632978
0.00632978
0.00632976
0.00632976
0.00632976
0.00632976
0.00632976
0.00632976
0.00632976
0.00632971
0.00632971
0.00632971
0.00632971
0.00632971
0.00632971
0.00632971
0.00632973
0.00632973
0.00632973
0.00632974
0.00632974
0.00632974
0.00632974
0.00632973
0.00632973
0.00632973
0.00632971
0.00632971
0.00632971
0.00632971
0.00632971
0.00632971
0.00632971
0.00632966
0.00632966
0.00632966
0.00632966
0.00632966
0.00632966
0.00632966
0.00632968
0.00632968
0.00632968
0.00632969
0.0063297
0.0063297
0.00632969
0.0063297
0.00632968
0.00632968
0.00632966
0.00632966
0.00632966
0.00632966
0.00632966
0.00632966
0.00632966
0.00632961
0.00632961
0.00632961
0.00632961
0.00632961
0.00632961
0.00632961
0.00632964
0.00632963
0.00632963
0.00632964
0.00632965
0.00632965
0.00632965
0.00632964
0.00632964
0.00632961
0.00632961
0.00632961
0.00632961
0.00632961
0.00632961
0.00632961
0.00632956
0.00632956
0.00632956
0.00632956
0.00632956
0.00632956
0.00632956
0.00632959
0.00632959
0.00632959
0.0063296
0.0063296
0.0063296
0.0063296
0.00632959
0.00632959
0.00632956
0.00632956
0.00632956
0.00632956
0.00632956
0.00632956
0.00632956
0.00632951
0.00632951
0.00632951
0.00632951
0.00632951
0.00632951
0.00632951
0.00632954
0.00632954
0.00632954
0.00632955
0.00632956
0.00632956
0.00632956
0.00632954
0.00632954
0.00632952
0.00632952
0.00632951
0.00632951
0.00632951
0.00632951
0.00632951
0.00632946
0.00632946
0.00632946
0.00632946
0.00632946
0.00632947
0.00632947
0.00632949
0.00632949
0.00632949
0.0063295
0.00632951
0.00632952
0.00632951
0.0063295
0.0063295
0.00632947
0.00632947
0.00632947
0.00632947
0.00632946
0.00632946
0.00632946
0.00632941
0.00632942
0.00632942
0.00632942
0.00632942
0.00632942
0.00632942
0.00632944
0.00632944
0.00632945
0.00632946
0.00632946
0.00632947
0.00632947
0.00632945
0.00632945
0.00632942
0.00632942
0.00632942
0.00632942
0.00632942
0.00632942
0.00632942
0.00632937
0.00632937
0.00632937
0.00632937
0.00632937
0.00632937
0.00632937
0.00632939
0.0063294
0.0063294
0.00632941
0.00632942
0.00632943
0.00632942
0.0063294
0.0063294
0.00632937
0.00632937
0.00632937
0.00632937
0.00632937
0.00632937
0.00632937
0.00632932
0.00632932
0.00632932
0.00632932
0.00632932
0.00632932
0.00632932
0.00632932
0.00632935
0.00632935
0.00632936
0.00632936
0.00611431
0.00632937
0.00632937
0.00632936
0.00632935
0.00632933
0.00632932
0.00632932
0.00632932
0.00632932
0.00632932
0.00632932
0.00632927
0.00632927
0.00632927
0.00632927
0.00632927
0.00632927
0.00632927
0.00632927
0.0063293
0.0063293
0.00632931
0.00632931
0.00627855
0.00632932
0.00632931
0.00632931
0.00632928
0.00632928
0.00632927
0.00632927
0.00632927
0.00632927
0.00632927
0.00632927
0.00632922
0.00632922
0.00632922
0.00632922
0.00632922
0.00632922
0.00632922
0.00632922
0.00632925
0.00632925
0.00632925
0.00632926
0.00628254
0.00632926
0.00632926
0.00632926
0.00632923
0.00632923
0.00632922
0.00632922
0.00632922
0.00632922
0.00632922
0.00632922
0.00632917
0.00632917
0.00632917
0.00632917
0.00632917
0.00632917
0.00632917
0.00632917
0.00632918
0.0063292
0.0063292
0.00632878
0.00630735
0.00632921
0.00632921
0.00632921
0.00632918
0.00632918
0.00632918
0.00632917
0.00632917
0.00632917
0.00632917
0.00632917
0.00632912
0.00632912
0.00632912
0.00632912
0.00632912
0.00632912
0.00632913
0.00632913
0.00632913
0.00632913
0.00632915
0.00632842
0.00630786
0.00632916
0.00632914
0.00632914
0.00632913
0.00632913
0.00632913
0.00632913
0.00632912
0.00632912
0.00632912
0.00632912
0.00632907
0.00632907
0.00632907
0.00632907
0.00632908
0.00632908
0.00632908
0.00632908
0.00632908
0.00632908
0.006329
0.00631772
0.00631884
0.00632909
0.00632909
0.00632909
0.00632908
0.00632908
0.00632908
0.00632908
0.00632907
0.00632907
0.00632907
0.00632907
0.00632903
0.00632903
0.00632903
0.00632903
0.00632903
0.00632903
0.00632903
0.00632903
0.00632903
0.00632903
0.00632889
0.00631768
0.00631887
0.00632904
0.00632904
0.00632904
0.00632903
0.00632903
0.00632903
0.00632903
0.00632903
0.00632902
0.00632902
0.00632902
0.00632898
0.00632898
0.00632898
0.00632898
0.00632898
0.00632898
0.00632898
0.00632898
0.00632898
0.00632898
0.00632879
0.00631764
0.00631889
0.00632899
0.00632899
0.00632899
0.00632899
0.00632898
0.00632898
0.00632898
0.00632898
0.00632898
0.00632897
0.00632897
0.00632893
0.00632893
0.00632893
0.00632893
0.00632893
0.00632893
0.00632893
0.00632893
0.00632893
0.00632893
0.00632869
0.0063176
0.0063189
0.00632894
0.00632894
0.00632894
0.00632894
0.00632893
0.00632893
0.00632893
0.00632893
0.00632893
0.00632893
0.00632892
0.00632888
0.00632888
0.00632888
0.00632888
0.00632888
0.00632888
0.00632888
0.00632888
0.00632889
0.00632888
0.00632859
0.00631756
0.0063189
0.0063289
0.00632889
0.00632889
0.00632889
0.00632889
0.00632888
0.00632888
0.00632888
0.00632888
0.00632888
0.00632887
0.00632883
0.00632883
0.00632883
0.00632883
0.00632883
0.00632883
0.00632883
0.00632884
0.00632884
0.00632883
0.0063285
0.00631751
0.0063189
0.00632885
0.00632885
0.00632884
0.00632884
0.00632884
0.00632883
0.00632883
0.00632883
0.00632883
0.00632883
0.00632883
0.00632878
0.00632878
0.00632878
0.00632878
0.00632878
0.00632878
0.00632879
0.00632879
0.00632879
0.00632878
0.00632841
0.00631747
0.00631889
0.0063288
0.0063288
0.00632879
0.00632879
0.00632879
0.00632878
0.00632878
0.00632878
0.00632878
0.00632878
0.00632878
0.00632873
0.00632873
0.00632873
0.00632873
0.00632874
0.00632874
0.00632874
0.00632874
0.00632874
0.00632873
0.00632831
0.00631743
0.00631888
0.00632875
0.00632875
0.00632875
0.00632874
0.00632874
0.00632873
0.00632873
0.00632873
0.00632873
0.00632873
0.00632873
0.00632868
0.00632868
0.00632869
0.00632869
0.00632869
0.00632869
0.00632869
0.00632869
0.00632869
0.00632868
0.00632822
0.00631738
0.00631888
0.0063287
0.0063287
0.0063287
0.00632869
0.00632869
0.00632869
0.00632868
0.00632868
0.00632868
0.00632868
0.00632868
0.00632864
0.00632864
0.00632864
0.00632864
0.00632864
0.00632864
0.00632864
0.00632864
0.00632864
0.00632863
0.00632813
0.00631734
0.00631887
0.00632865
0.00632865
0.00632865
0.00632864
0.00632864
0.00632864
0.00632863
0.00632863
0.00632863
0.00632863
0.00632863
0.00632859
0.00632859
0.00632859
0.00632859
0.00632859
0.00632859
0.00632859
0.00632859
0.0063286
0.00632858
0.00632803
0.0063173
0.00631886
0.0063286
0.0063286
0.0063286
0.00632859
0.00632859
0.00632859
0.00632859
0.00632858
0.00632858
0.00632858
0.00632858
0.00632854
0.00632854
0.00632854
0.00632854
0.00632854
0.00632854
0.00632854
0.00632855
0.00632855
0.00632853
0.00632794
0.00631726
0.00631885
0.00632856
0.00632855
0.00632855
0.00632855
0.00632854
0.00632854
0.00632854
0.00632853
0.00632853
0.00632853
0.00632853
0.00632849
0.00632849
0.00632849
0.00632849
0.00632849
0.00632849
0.0063285
0.0063285
0.0063285
0.00632848
0.00632786
0.00631721
0.00631884
0.00632851
0.00632851
0.0063285
0.0063285
0.00632849
0.00632849
0.00632849
0.00632848
0.00632848
0.00632848
0.00632848
0.00632844
0.00632844
0.00632844
0.00632844
0.00632844
0.00632845
0.00632845
0.00632845
0.00632845
0.00632843
0.00632777
0.00631717
0.00631882
0.00632846
0.00632846
0.00632845
0.00632845
0.00632844
0.00632844
0.00632844
0.00632844
0.00632843
0.00632843
0.00632843
0.00632839
0.00632839
0.00632839
0.00632839
0.0063284
0.0063284
0.0063284
0.0063284
0.0063284
0.00632838
0.00632768
0.00631713
0.00631881
0.00632841
0.00632841
0.0063284
0.0063284
0.0063284
0.00632839
0.00632839
0.00632839
0.00632838
0.00632838
0.00632838
0.00632834
0.00632834
0.00632834
0.00632835
0.00632835
0.00632835
0.00632835
0.00632835
0.00632835
0.00632833
0.0063276
0.00631709
0.00631879
0.00632836
0.00632836
0.00632836
0.00632835
0.00632835
0.00632834
0.00632834
0.00632834
0.00632834
0.00632833
0.00632833
0.0063283
0.0063283
0.0063283
0.0063283
0.0063283
0.0063283
0.0063283
0.0063283
0.00632831
0.00632828
0.00632751
0.00631704
0.00631878
0.00632831
0.00632831
0.00632831
0.0063283
0.0063283
0.00632829
0.00632829
0.00632829
0.00632829
0.00632828
0.00632828
0.00632825
0.00632825
0.00632825
0.00632825
0.00632825
0.00632825
0.00632825
0.00632826
0.00632826
0.00632823
0.00632743
0.006317
0.00631876
0.00632827
0.00632826
0.00632826
0.00632825
0.00632825
0.00632824
0.00632824
0.00632824
0.00632824
0.00632824
0.00632823
0.00632961
0.00632961
0.00632965
0.00632956
0.00632957
0.0063296
0.00632952
0.00632952
0.00632956
0.00632947
0.00632948
0.00632952
0.00632942
0.00632943
0.00632947
0.00632937
0.00622015
0.00610799
0.00632938
0.00632943
0.00632965
0.0063297
0.00632965
0.0063297
0.00632961
0.00632961
0.00632965
0.00632962
0.00632965
0.00632961
0.00632961
0.00632965
0.00632956
0.00632956
0.0063296
0.00632958
0.00632958
0.0063296
0.00632958
0.0063296
0.00632957
0.00632957
0.0063296
0.00632952
0.00632952
0.00632956
0.00632954
0.00632954
0.00632956
0.0063295
0.00632955
0.00632952
0.00632952
0.00632956
0.00632947
0.00632947
0.00632951
0.00632949
0.00632949
0.00632951
0.00632948
0.00632947
0.00632948
0.00632948
0.00632951
0.00632945
0.00632947
0.00632943
0.00632943
0.00632947
0.00632941
0.00632943
0.00632932
0.00625399
0.00621689
0.00623085
0.00632933
0.00632938
0.0063296
0.00632962
0.00632962
0.00632962
0.0063296
0.00632965
0.00632962
0.0063296
0.00632962
0.00632962
0.00632962
0.0063296
0.00632956
0.00632958
0.00632958
0.00632958
0.00632956
0.0063296
0.00632958
0.00632955
0.00632958
0.00632958
0.00632958
0.00632956
0.0063296
0.00632958
0.00632959
0.00632952
0.00632953
0.00632953
0.00632954
0.00632951
0.00632956
0.00632954
0.00632947
0.0063295
0.00632954
0.00632954
0.00632952
0.00632956
0.00632954
0.00632954
0.00632949
0.00632947
0.00632951
0.00632949
0.00632947
0.00632948
0.0063295
0.0063295
0.00632948
0.00632952
0.0063295
0.0063295
0.00632944
0.00632942
0.00632947
0.00632945
0.00632943
0.00632945
0.00632947
0.00632946
0.00632946
0.00632939
0.00632937
0.00632942
0.0063294
0.00632938
0.0063294
0.00632963
0.00632963
0.00632965
0.00632963
0.00632964
0.00632942
0.00632942
0.00632946
0.00632945
0.00632945
0.00632947
0.00632903
0.00632875
0.00632938
0.00632938
0.00632942
0.00632965
0.00632963
0.00632965
0.00632962
0.00632963
0.00632947
0.00632949
0.00632949
0.00632886
0.006329
0.00632934
0.00632936
0.00632901
0.00632918
0.00632869
0.00632808
0.00632945
0.00632945
0.00632943
0.00632936
0.00632937
0.00632943
0.00632941
0.00632941
0.00632967
0.00632967
0.00632965
0.00632965
0.00632967
0.00632967
0.00632963
0.00632963
0.00632963
0.00632965
0.00632963
0.00632964
0.00632959
0.00632959
0.00632954
0.00632954
0.00632948
0.00632948
0.00632946
0.00632821
0.00632946
0.0063292
0.00632905
0.00632911
0.00632924
0.00632942
0.00632962
0.00632961
0.00632961
0.00632962
0.00632961
0.00632961
0.00632962
0.00632963
0.00632963
0.00632963
0.00632962
0.00632961
0.00632961
0.00632957
0.00632957
0.00632959
0.00632959
0.00632957
0.00632957
0.00632957
0.00632957
0.00632958
0.00632956
0.00632957
0.00632957
0.00632959
0.00632959
0.0063296
0.00632958
0.00632959
0.00632959
0.00632953
0.00632952
0.00632955
0.00632955
0.00632944
0.00632946
0.00632953
0.00632953
0.00632954
0.00632952
0.00632953
0.00632953
0.00632955
0.00632955
0.00632956
0.00632954
0.00632955
0.00632955
0.0063289
0.00632948
0.00632917
0.00632908
0.0063293
0.00632918
0.00632948
0.0063295
0.0063291
0.0063295
0.00632948
0.00632948
0.00632951
0.00632951
0.00632952
0.0063295
0.00632951
0.00632951
0.00632929
0.00632933
0.00632946
0.00632936
0.0063293
0.00632939
0.00632936
0.00632945
0.00632919
0.00632928
0.00632944
0.00632882
0.00632908
0.00632828
0.00632876
0.00632944
0.00632792
0.00632933
0.00632933
0.00631178
0.00632937
0.00632933
0.00624682
0.00632917
0.00632921
0.00632964
0.00632937
0.00632937
0.00632942
0.0063294
0.0063294
0.00632941
0.00621767
0.0063293
0.00632937
0.00632964
0.00632942
0.00632944
0.00632944
0.00632728
0.00632735
0.00623247
0.00632924
0.00632917
0.00632752
0.00632779
0.00632775
0.00632916
0.00602223
0.00632966
0.00632966
0.00632965
0.00632965
0.00632966
0.00632966
0.00632959
0.00632959
0.00632958
0.00632958
0.0063296
0.00632959
0.00632955
0.00632955
0.00632954
0.00632956
0.00632955
0.00632955
0.00632952
0.00632955
0.00632948
0.00632947
0.00632521
0.00632415
0.00632942
0.00632925
0.00632932
0.00632936
0.00632934
0.00625673
0.00632964
0.00632963
0.00632965
0.0063296
0.0063296
0.0063296
0.00632961
0.00632962
0.00632962
0.0063296
0.00632961
0.00632961
0.00632957
0.00632957
0.00632956
0.00632958
0.00632957
0.00632957
0.00632957
0.00632957
0.00632958
0.00632955
0.00632956
0.00632956
0.00632958
0.00632958
0.00632958
0.00632956
0.00632957
0.00632957
0.00632958
0.00632958
0.00632956
0.00632956
0.00632956
0.00632954
0.00632953
0.00632953
0.00632953
0.00632953
0.00632953
0.00632955
0.00632955
0.00632955
0.00632953
0.00632954
0.00632954
0.00632945
0.00632947
0.00632953
0.00632954
0.00632954
0.00632952
0.00632952
0.00632952
0.00632955
0.00632956
0.00632956
0.00632954
0.00632954
0.00632954
0.00632948
0.00632923
0.00632929
0.0063292
0.00632914
0.00632948
0.00632949
0.00632949
0.0063295
0.00632948
0.00632949
0.00632949
0.00632943
0.0063294
0.00632939
0.0063294
0.00632941
0.00632943
0.00632836
0.00632841
0.00632941
0.00632939
0.0063294
0.00632828
0.00632834
0.00632642
0.00632548
0.00632964
0.00632964
0.00632964
0.00632485
0.00632893
0.00632567
0.00632598
0.00632599
0.00632889
0.00632964
0.00632964
0.00632964
0.00632964
0.00632964
0.00632883
0.0063289
0.0063275
0.00632735
0.00632935
0.0063281
0.00632801
0.00632831
0.00632813
0.00632935
0.00632906
0.00632909
0.00632847
0.00632837
0.00632936
0.00632856
0.00632841
0.00632782
0.00632793
0.00632963
0.00632963
0.00632963
0.00632962
0.00632963
0.00632962
0.00632958
0.00632959
0.00632952
0.00632954
0.00632948
0.00632947
0.00632836
0.00632929
0.00632924
0.00632933
0.0063293
0.00632832
0.00632911
0.00632906
0.00632922
0.00632914
0.00632915
0.00632717
0.0063276
0.00632632
0.00632695
0.00632913
0.00632354
0.0063245
0.00632961
0.00632962
0.00632961
0.00632962
0.00632962
0.00632962
0.0063296
0.0063296
0.00632961
0.0063296
0.00632963
0.00632963
0.00632962
0.00632963
0.00632962
0.00632961
0.0063296
0.00632961
0.00632961
0.00632962
0.00632962
0.00632961
0.00632961
0.00632962
0.00632961
0.00632961
0.00632957
0.00632957
0.00632957
0.00632957
0.00632956
0.00632958
0.00632957
0.00632955
0.00632955
0.00632956
0.00632956
0.00632956
0.00632956
0.00632956
0.00632959
0.00632959
0.0063296
0.00632959
0.00632958
0.00632958
0.00632959
0.00632958
0.00632959
0.00632958
0.00632959
0.00632956
0.00632957
0.00632957
0.00632957
0.00632957
0.00632956
0.00632957
0.00632957
0.00632952
0.00632953
0.00632953
0.0063295
0.0063295
0.00632949
0.0063295
0.00632949
0.00632949
0.0063295
0.00632949
0.00632954
0.00632955
0.00632955
0.00632954
0.00632953
0.00632955
0.00632954
0.00632951
0.0063295
0.00632952
0.00632951
0.00632954
0.00632954
0.00632954
0.00632944
0.00632946
0.00632953
0.00632953
0.00632953
0.00632952
0.00632953
0.00632953
0.00632955
0.00632955
0.00632955
0.00632954
0.00632955
0.00632955
0.00632899
0.0063291
0.00632948
0.00632948
0.00632948
0.00632948
0.00632905
0.00632926
0.00632947
0.00632946
0.00632948
0.00632947
0.00632923
0.00632949
0.00632949
0.0063295
0.0063295
0.00632917
0.00632949
0.00632949
0.00632949
0.00632949
0.00632918
0.00632917
0.00632922
0.00632948
0.00632892
0.00632908
0.00632903
0.0063289
0.00632907
0.00632948
0.0063291
0.00632914
0.0063293
0.00632751
0.0063277
0.00632793
0.0063275
0.00632931
0.00632748
0.00632923
0.00632772
0.00632924
0.00632854
0.00632936
0.00632934
0.00632939
0.00632937
0.00632858
0.0063277
0.00632782
0.00632844
0.00632847
0.00632802
0.00632825
0.00632696
0.00632662
0.00632966
0.00632966
0.00632969
0.0063294
0.0063294
0.00632938
0.00632965
0.00632965
0.00632964
0.00632964
0.00632965
0.00632965
0.00632967
0.00632967
0.00632965
0.0063296
0.00632959
0.00632959
0.00632958
0.00632958
0.00632958
0.00632951
0.00632955
0.00632951
0.00632951
0.0063295
0.0063294
0.00632937
0.00632947
0.00632931
0.00632933
0.00632947
0.00632961
0.00632961
0.0063296
0.0063296
0.0063296
0.0063296
0.00632962
0.00632962
0.00632962
0.0063296
0.00632959
0.0063296
0.00632956
0.00632958
0.00632958
0.00632958
0.00632956
0.00632956
0.00632956
0.00632958
0.00632958
0.00632958
0.00632952
0.00632952
0.00632952
0.00632951
0.00632952
0.00632952
0.00632947
0.00632942
0.00632942
0.0063295
0.00632954
0.00632954
0.00632954
0.00632956
0.00632956
0.00632956
0.00632954
0.00632954
0.00632954
0.00632951
0.00632951
0.00632951
0.00632951
0.00632951
0.00632952
0.00632947
0.00632947
0.00632948
0.00632454
0.00632453
0.00632938
0.00632939
0.00632941
0.00632452
0.00632453
0.00632932
0.00632933
0.00632939
0.00632963
0.00632963
0.00632884
0.00632859
0.00632866
0.00632899
0.00632902
0.00632845
0.00632852
0.00632871
0.00632866
0.00632916
0.00632755
0.00632739
0.00632818
0.00632867
0.00632859
0.00632936
0.00632966
0.00632966
0.00632965
0.00632963
0.00632963
0.00632963
0.00632963
0.00632962
0.00632962
0.00632963
0.00632964
0.00632964
0.00632959
0.00632959
0.00632959
0.00632959
0.00632959
0.00632959
0.00632953
0.00632954
0.00632938
0.00632939
0.00632948
0.00632947
0.00632935
0.00632937
0.00632851
0.00632853
0.0063288
0.00632876
0.00632821
0.00632856
0.00632859
0.00632947
0.00632935
0.00632937
0.00632962
0.00632961
0.00632961
0.00632961
0.00632962
0.00632962
0.00632962
0.0063296
0.0063296
0.00632961
0.00632961
0.00632961
0.00632963
0.00632963
0.00632963
0.00632963
0.00632963
0.00632963
0.00632962
0.00632962
0.00632962
0.00632959
0.00632959
0.00632959
0.0063296
0.0063296
0.00632956
0.00632957
0.00632959
0.00632959
0.00632959
0.00632958
0.00632959
0.00632959
0.00632952
0.00632952
0.00632952
0.00632944
0.00632946
0.00632955
0.00632955
0.00632955
0.00632955
0.00632955
0.00632955
0.00632893
0.00632916
0.00632938
0.00632939
0.00632932
0.00632933
0.00632906
0.0063295
0.00632951
0.00632951
0.00632925
0.00632923
0.00632937
0.00632937
0.00632912
0.00632931
0.00632932
0.00632923
0.00632924
0.00632951
0.00632951
0.00632951
0.0063295
0.0063295
0.00632951
0.00632933
0.00632945
0.00632945
0.00632946
0.00632946
0.00632932
0.00632895
0.00632936
0.00632939
0.00632937
0.00632937
0.00632899
0.00632839
0.00632891
0.00632886
0.00632774
0.00632761
0.00632804
0.00632266
0.00632517
0.00632516
0.00632523
0.00632937
0.00632881
0.00632871
0.00632888
0.00632883
0.00632933
0.00632055
0.00632057
0.00632771
0.00632804
0.00632924
0.00632964
0.00632964
0.00632964
0.00632723
0.00632724
0.00632648
0.00632452
0.00619036
0.00632768
0.00632715
0.00632724
0.00632681
0.00632699
0.00632776
0.00602229
0.00632139
0.00632668
0.00632965
0.00632965
0.00632964
0.00632958
0.00632958
0.00632958
0.0063296
0.0063296
0.0063296
0.00632959
0.0063296
0.00632951
0.00632955
0.00632922
0.00632926
0.00632921
0.0063292
0.00632947
0.00632935
0.00632934
0.00632499
0.00632245
0.00632248
0.0063233
0.00632303
0.00632469
0.0063296
0.0063296
0.0063296
0.0063296
0.0063296
0.0063296
0.00632956
0.00632957
0.00632957
0.00632957
0.00632956
0.00632956
0.00632956
0.00632943
0.00632942
0.00632946
0.00632948
0.00632953
0.00632954
0.00632953
0.00632955
0.00632956
0.00632955
0.00632954
0.00632954
0.00632954
0.0063292
0.00632928
0.00632925
0.0063293
0.00632929
0.0063292
0.00632451
0.00632455
0.00632481
0.00632451
0.00632831
0.00632693
0.0063269
0.00632274
0.00632281
0.00632614
0.00632356
0.00632405
0.00632266
0.00632304
0.00632581
0.00632964
0.00632963
0.00632963
0.00632964
0.00632964
0.00632964
0.00632964
0.00632964
0.00632964
0.00632964
0.00632551
0.00632759
0.00632748
0.00632787
0.00632772
0.0063256
0.00632664
0.00632708
0.00632686
0.00632739
0.00632728
0.00632634
0.00632964
0.00632964
0.00632964
0.00632963
0.00632963
0.00632964
0.00632963
0.00632881
0.00632896
0.00632871
0.00632874
0.00632747
0.00632741
0.00632879
0.00632882
0.00632806
0.00632839
0.0063284
0.00632904
0.00632833
0.00632826
0.00632837
0.00632913
0.00632856
0.00632845
0.00632753
0.00632771
0.00632856
0.00632697
0.00632704
0.00632677
0.00632683
0.00632827
0.0063273
0.00632734
0.00632784
0.0063264
0.00632661
0.00632609
0.00632622
0.00632787
0.00632963
0.00632963
0.00632963
0.00632962
0.00632962
0.00632962
0.00632959
0.00632959
0.00632959
0.00632958
0.00632959
0.00632959
0.00632959
0.00632959
0.00632952
0.00632954
0.00632928
0.0063293
0.00632927
0.00632927
0.00632948
0.0063294
0.0063294
0.00632934
0.00632935
0.00632947
0.0063293
0.0063286
0.00632851
0.00632826
0.00632873
0.00632868
0.00632909
0.00632869
0.00632866
0.00632887
0.00632876
0.00632907
0.0063292
0.00632884
0.00632888
0.00632869
0.00632877
0.00632918
0.00632861
0.00632653
0.00632809
0.00632799
0.00632358
0.00632398
0.00632962
0.00632961
0.00632961
0.00632961
0.00632962
0.00632962
0.00632962
0.0063296
0.0063296
0.0063296
0.0063296
0.0063296
0.00632961
0.0063296
0.00632963
0.00632963
0.00632963
0.00632963
0.00632962
0.00632962
0.00632963
0.00632961
0.00632961
0.00632961
0.0063296
0.00632961
0.00632961
0.00632961
0.00632961
0.00632962
0.00632962
0.00632962
0.00632962
0.00632962
0.00632962
0.00632961
0.00632961
0.00632961
0.00632961
0.00632957
0.00632956
0.00632957
0.00632957
0.00632957
0.00632957
0.00632957
0.00632955
0.00632955
0.00632956
0.00632956
0.00632959
0.00632959
0.00632959
0.00632959
0.00632959
0.00632959
0.0063296
0.0063296
0.0063296
0.00632959
0.00632959
0.0063296
0.00632959
0.00632959
0.00632958
0.00632958
0.00632958
0.00632957
0.00632958
0.00632958
0.00632959
0.00632958
0.00632959
0.00632958
0.00632958
0.00632958
0.00632956
0.00632957
0.0063295
0.00632947
0.00632948
0.00632944
0.00632945
0.0063295
0.00632949
0.00632948
0.00632948
0.00632949
0.00632949
0.00632937
0.00632939
0.00632937
0.00632936
0.00632949
0.0063295
0.00632942
0.00632943
0.00632941
0.00632942
0.0063295
0.00632953
0.00632953
0.00632954
0.00632954
0.0063295
0.0063295
0.00632952
0.00632952
0.00632944
0.00632946
0.00632955
0.00632955
0.00632955
0.00632954
0.00632955
0.00632954
0.00632897
0.00632936
0.00632937
0.00632914
0.00632903
0.00632934
0.00632935
0.0063293
0.00632927
0.00632949
0.00632942
0.00632942
0.0063295
0.00632941
0.00632939
0.00632941
0.00632941
0.0063295
0.00632936
0.00632932
0.00632929
0.00632931
0.00632914
0.00632923
0.00632927
0.00632919
0.00632937
0.00632937
0.00632939
0.00632938
0.0063292
0.00632898
0.00632906
0.00632898
0.00632888
0.00632888
0.00632892
0.00632908
0.00632932
0.00632931
0.00632935
0.00632934
0.00632909
0.00632757
0.00632847
0.0063285
0.00632843
0.00632845
0.00632764
0.00632777
0.00632869
0.00632875
0.00632855
0.00632862
0.00632759
0.00632737
0.00632802
0.00632801
0.00632816
0.00632809
0.00632785
0.00632834
0.0063284
0.00632807
0.00632821
0.00632792
0.00632899
0.00632896
0.00632848
0.00632767
0.00632795
0.00632475
0.00632486
0.00632812
0.00632642
0.00632611
0.00632684
0.00632671
0.0063282
0.0063252
0.00632512
0.00632136
0.00632192
0.00632976
0.00632976
0.00632978
0.00632976
0.00632976
0.00632978
0.00632976
0.00632976
0.00632978
0.00632976
0.00632976
0.00632978
0.00632971
0.00632971
0.00632973
0.00632971
0.00632971
0.00632974
0.00632971
0.0063297
0.00632974
0.0063297
0.00632971
0.00632974
0.00632971
0.00632971
0.00632974
0.00632971
0.00632971
0.00632973
0.00632966
0.00632966
0.00632969
0.00632966
0.00632965
0.00632969
0.00632968
0.00632968
0.0063297
0.00632968
0.00632968
0.0063297
0.00632968
0.00632968
0.00632969
0.00632966
0.00632966
0.00632968
0.00632961
0.00632961
0.00632965
0.00632963
0.00632963
0.00632964
0.00632964
0.00632964
0.00632965
0.00632963
0.00632963
0.00632965
0.00632961
0.00632961
0.00632964
0.00632956
0.00632956
0.0063296
0.00632959
0.00632959
0.0063296
0.00632959
0.00632959
0.0063296
0.00632959
0.00632959
0.0063296
0.00632957
0.00632957
0.00632959
0.00632952
0.00632952
0.00632955
0.00632954
0.00632954
0.00632955
0.00632955
0.00632955
0.00632956
0.00632954
0.00632954
0.00632956
0.00632952
0.00632952
0.00632955
0.00632947
0.00632947
0.00632951
0.00632949
0.00632949
0.00632951
0.00632951
0.00632951
0.00632951
0.0063295
0.0063295
0.00632952
0.00632948
0.00632948
0.0063295
0.00632942
0.00632942
0.00632946
0.00632946
0.00632946
0.00632947
0.00632946
0.00632946
0.00632947
0.00632943
0.00632943
0.00632945
0.00632937
0.00632937
0.00632941
0.00632941
0.00632941
0.00632942
0.00632938
0.00632938
0.00632941
0.00632932
0.00632932
0.00632935
0.00632932
0.00632932
0.00632936
0.00632935
0.00632934
0.00632936
0.00613569
0.0063254
0.00632614
0.00632933
0.00632934
0.00632937
0.00632933
0.00632933
0.00632936
0.00632927
0.00632927
0.0063293
0.00632927
0.00632927
0.00632931
0.00632927
0.00628734
0.00628771
0.00628166
0.00632928
0.00632932
0.00632929
0.00632929
0.00632932
0.00632928
0.00632929
0.00632931
0.00632923
0.00632922
0.00632925
0.00632898
0.00630705
0.00628727
0.00630706
0.00632923
0.00632927
0.00632924
0.00632924
0.00632926
0.00632961
0.00632961
0.00632961
0.00632961
0.00632962
0.00632961
0.00632965
0.00632964
0.00632964
0.00632956
0.00632957
0.00632957
0.00632957
0.00632957
0.00632956
0.0063296
0.00632959
0.0063296
0.00632952
0.00632952
0.00632952
0.00632953
0.00632953
0.00632952
0.00632956
0.00632955
0.00632955
0.00632947
0.00632948
0.00632948
0.00632949
0.00632949
0.00632948
0.00632952
0.00632951
0.00632951
0.00632944
0.00632944
0.00632943
0.00632947
0.00632947
0.00632947
0.00632937
0.00632939
0.00632939
0.00618364
0.00631745
0.00631538
0.00627478
0.00627479
0.00602232
0.00632943
0.00632942
0.00632942
0.00632965
0.00632967
0.00632967
0.00632965
0.00632965
0.00632964
0.0063297
0.00632968
0.00632968
0.00632964
0.00632965
0.00632966
0.00632966
0.00632965
0.0063297
0.00632968
0.00632968
0.00632961
0.00632962
0.00632962
0.00632962
0.00632962
0.00632961
0.00632964
0.00632963
0.00632963
0.00632963
0.00632963
0.00632962
0.00632965
0.00632964
0.00632964
0.00632961
0.00632963
0.00632963
0.00632962
0.00632962
0.00632961
0.00632965
0.00632963
0.00632963
0.00632956
0.00632957
0.00632957
0.00632958
0.00632957
0.00632956
0.0063296
0.00632959
0.00632958
0.00632958
0.00632959
0.00632959
0.00632958
0.00632958
0.00632958
0.0063296
0.0063296
0.0063296
0.0063296
0.0063296
0.0063296
0.00632957
0.00632958
0.00632958
0.00632958
0.00632958
0.00632957
0.0063296
0.00632959
0.00632959
0.00632952
0.00632953
0.00632953
0.00632953
0.00632953
0.00632952
0.00632955
0.00632954
0.00632954
0.00632954
0.00632955
0.00632954
0.00632954
0.00632954
0.00632954
0.00632956
0.00632955
0.00632955
0.00632952
0.00632954
0.00632954
0.00632953
0.00632954
0.00632952
0.00632956
0.00632955
0.00632954
0.00632947
0.00632948
0.00632948
0.00632949
0.00632948
0.00632947
0.00632951
0.00632949
0.00632949
0.00632949
0.0063295
0.0063295
0.0063295
0.0063295
0.00632949
0.00632951
0.00632951
0.00632951
0.00632948
0.00632941
0.00632942
0.00632948
0.0063295
0.0063295
0.00632949
0.00632949
0.00632948
0.00632951
0.0063295
0.0063295
0.00632945
0.0063294
0.00632941
0.00632946
0.00632946
0.00632947
0.00632943
0.00632944
0.00632945
0.00632944
0.00632944
0.00632943
0.00632947
0.00632946
0.00632946
0.00632941
0.0063294
0.0063294
0.00632942
0.00632942
0.00632942
0.00632932
0.00632934
0.00632933
0.00625584
0.00632933
0.0063293
0.00632915
0.00632907
0.00620935
0.00632928
0.00632929
0.0062213
0.00632935
0.00632935
0.00632933
0.00632937
0.00632935
0.00632936
0.00632961
0.00632961
0.0063296
0.00632963
0.00632962
0.00632961
0.00632962
0.00632962
0.00632962
0.00632962
0.00632962
0.00632962
0.00632964
0.00632964
0.00632965
0.00632962
0.00632963
0.00632963
0.0063296
0.0063296
0.0063296
0.00632962
0.00632962
0.00632962
0.00632962
0.00632962
0.00632962
0.00632962
0.00632962
0.00632962
0.0063296
0.00632961
0.0063296
0.00632956
0.00632956
0.00632956
0.00632958
0.00632958
0.00632958
0.00632957
0.00632957
0.00632958
0.00632958
0.00632958
0.00632958
0.00632956
0.00632956
0.00632956
0.00632958
0.00632958
0.00632958
0.00632958
0.00632957
0.00632958
0.00632958
0.00632958
0.00632958
0.0063296
0.0063296
0.0063296
0.00632958
0.00632958
0.00632958
0.00632959
0.00632959
0.00632958
0.00632952
0.00632952
0.00632952
0.00632953
0.00632953
0.00632953
0.00632953
0.00632953
0.00632953
0.00632953
0.00632953
0.00632953
0.00632951
0.00632952
0.00632952
0.00632956
0.00632955
0.00632956
0.00632954
0.00632954
0.00632954
0.00632954
0.00632953
0.00632953
0.00632952
0.00632952
0.00632952
0.00632955
0.00632955
0.00632954
0.00632949
0.00632949
0.00632949
0.00632947
0.00632947
0.00632947
0.00632951
0.00632951
0.00632951
0.00632949
0.0063295
0.0063295
0.00632947
0.00632946
0.00632946
0.00632943
0.00632943
0.00632948
0.0063295
0.00632949
0.00632949
0.00632949
0.00632949
0.0063295
0.00632948
0.00632948
0.00632948
0.00632952
0.00632952
0.00632952
0.0063295
0.0063295
0.0063295
0.00632951
0.00632951
0.0063295
0.00632944
0.00632944
0.00632944
0.00632942
0.00632942
0.00632942
0.00632946
0.00632946
0.00632947
0.00632945
0.00632945
0.00632945
0.00632943
0.00632942
0.00632942
0.00632941
0.00632942
0.00632945
0.00632947
0.00632947
0.00632948
0.00632946
0.00632946
0.00632946
0.00632946
0.00632946
0.00632946
0.00632938
0.00632937
0.00632938
0.00632932
0.00632936
0.00632938
0.00632941
0.00632941
0.00632942
0.00632939
0.00632933
0.00632932
0.00632963
0.00632963
0.00632964
0.00632963
0.00632964
0.00632963
0.00632965
0.00632964
0.00632964
0.00632964
0.00632964
0.00632964
0.00632944
0.00632944
0.00632942
0.00632946
0.00632945
0.00632945
0.00632945
0.00632945
0.00632945
0.00632946
0.00632945
0.00632945
0.00632946
0.00632946
0.00632946
0.00632899
0.00632855
0.00632862
0.00632806
0.00632818
0.0063288
0.00632938
0.0063294
0.0063294
0.00632964
0.00632964
0.00632964
0.00632963
0.00632963
0.00632963
0.00632964
0.00632964
0.00632965
0.00632963
0.00632964
0.00632963
0.00632964
0.00632964
0.00632963
0.00632948
0.00632948
0.00632947
0.00632949
0.00632948
0.00632948
0.00632948
0.00632948
0.00632949
0.00632934
0.00632918
0.00632917
0.00632923
0.00632922
0.00632935
0.00632863
0.00632783
0.00632794
0.00632945
0.00632945
0.00632945
0.00632944
0.00632944
0.00632945
0.00632943
0.00632944
0.00632944
0.00632936
0.00632925
0.00632924
0.00632929
0.00632928
0.00632937
0.00632942
0.00632942
0.00632943
0.00632941
0.00632941
0.00632942
0.00632942
0.00632942
0.00632941
0.00632967
0.00632966
0.00632966
0.00632966
0.00632966
0.00632967
0.00632965
0.00632966
0.00632966
0.00632965
0.00632965
0.00632965
0.00632967
0.00632966
0.00632966
0.00632966
0.00632966
0.00632967
0.00632963
0.00632963
0.00632963
0.00632964
0.00632964
0.00632965
0.00632963
0.00632963
0.00632963
0.00632964
0.00632964
0.00632964
0.00632938
0.0063294
0.00632946
0.00632947
0.00632946
0.00632946
0.00632919
0.00632893
0.00632896
0.00632868
0.00632873
0.00632908
0.00632918
0.00632938
0.00632937
0.00632938
0.00632938
0.00632919
0.00632942
0.00632941
0.00632941
0.00632961
0.00632962
0.00632962
0.00632961
0.00632961
0.00632961
0.00632962
0.00632962
0.00632962
0.00632963
0.00632963
0.00632963
0.00632963
0.00632963
0.00632963
0.00632961
0.00632961
0.00632961
0.00632961
0.00632961
0.00632961
0.00632957
0.00632957
0.00632957
0.00632957
0.00632957
0.00632957
0.00632959
0.00632959
0.00632959
0.00632959
0.00632959
0.00632959
0.00632957
0.00632957
0.00632957
0.00632957
0.00632957
0.00632957
0.00632958
0.00632958
0.00632958
0.00632956
0.00632956
0.00632956
0.00632957
0.00632957
0.00632957
0.00632957
0.00632957
0.00632957
0.00632959
0.00632959
0.00632959
0.0063296
0.0063296
0.00632959
0.0063296
0.0063296
0.0063296
0.00632959
0.00632958
0.00632958
0.00632959
0.00632959
0.00632959
0.00632959
0.00632959
0.00632959
0.00632953
0.00632953
0.00632953
0.00632952
0.00632952
0.00632952
0.00632955
0.00632955
0.00632955
0.00632954
0.00632954
0.00632955
0.00632953
0.00632953
0.00632953
0.00632953
0.00632953
0.00632953
0.00632954
0.00632954
0.00632954
0.00632952
0.00632952
0.00632952
0.00632953
0.00632953
0.00632953
0.00632952
0.00632953
0.00632953
0.00632955
0.00632955
0.00632955
0.00632956
0.00632956
0.00632956
0.00632954
0.00632954
0.00632954
0.00632955
0.00632955
0.00632955
0.00632948
0.00632948
0.00632948
0.00632929
0.00632942
0.00632942
0.00632939
0.00632939
0.00632919
0.00632948
0.00632947
0.00632948
0.0063295
0.0063295
0.0063295
0.00632945
0.00632946
0.00632948
0.00632948
0.00632945
0.00632945
0.00632951
0.00632951
0.00632951
0.00632951
0.00632951
0.00632951
0.00632952
0.00632952
0.00632952
0.0063295
0.0063295
0.0063295
0.00632951
0.00632951
0.00632951
0.00632951
0.00632951
0.00632951
0.00632929
0.00632903
0.00632902
0.00632915
0.00632913
0.00632932
0.00632946
0.00632946
0.00632946
0.00632935
0.00632943
0.00632943
0.00632942
0.00632942
0.00632931
0.00632938
0.00632944
0.00632944
0.00632945
0.00632945
0.00632937
0.00632945
0.00632945
0.00632945
0.0063292
0.00632875
0.00632873
0.006329
0.00632897
0.00632927
0.00632943
0.00632942
0.00632944
0.00632887
0.00632916
0.00632914
0.00632928
0.00632926
0.00632906
0.00632911
0.00632908
0.00632869
0.00632944
0.00632943
0.00632943
0.00632933
0.00632892
0.00632889
0.00632894
0.00632893
0.00632933
0.00632937
0.00632929
0.00632929
0.00632916
0.00632812
0.00632829
0.00632899
0.00632901
0.00632922
0.00632938
0.00632939
0.00632937
0.00632941
0.0063294
0.0063294
0.0063294
0.0063294
0.0063294
0.00632942
0.00632941
0.00632941
0.00632047
0.00632013
0.00621355
0.0063293
0.00632876
0.00632877
0.00632904
0.00632877
0.00632932
0.00632943
0.00632943
0.00632942
0.00632944
0.00632943
0.00632943
0.00632943
0.00632944
0.00632944
0.00630168
0.00628437
0.0062037
0.0063292
0.00632827
0.00632829
0.00632804
0.00632819
0.00632918
0.00632868
0.00631718
0.00631442
0.00632818
0.00632832
0.00632915
0.00602224
0.0061872
0.00623263
0.00632966
0.00632965
0.00632965
0.00632966
0.00632966
0.00632966
0.00632965
0.00632965
0.00632965
0.00632965
0.00632965
0.00632965
0.00632966
0.00632965
0.00632966
0.00632965
0.00632965
0.00632966
0.00632959
0.00632959
0.00632959
0.00632959
0.00632959
0.00632959
0.00632958
0.00632958
0.00632958
0.0063296
0.0063296
0.00632959
0.00632955
0.00632954
0.00632954
0.00632954
0.00632954
0.00632955
0.00632954
0.00632954
0.00632954
0.00632955
0.00632955
0.00632956
0.00632955
0.00632955
0.00632955
0.00632955
0.00632955
0.00632955
0.0063294
0.0063294
0.00632948
0.00632941
0.00632941
0.00632941
0.00632931
0.00632938
0.00632938
0.00632938
0.00632938
0.00632931
0.00632935
0.00632932
0.00632931
0.00632922
0.00632928
0.00632935
0.0062578
0.00632658
0.00632523
0.00632964
0.00632964
0.00632964
0.00632964
0.00632964
0.00632964
0.00632965
0.00632964
0.00632964
0.0063296
0.0063296
0.0063296
0.00632961
0.00632962
0.00632962
0.00632962
0.00632962
0.00632962
0.00632962
0.00632962
0.00632962
0.00632961
0.00632961
0.0063296
0.00632961
0.00632961
0.00632961
0.00632961
0.00632961
0.00632961
0.00632957
0.00632956
0.00632956
0.00632957
0.00632957
0.00632957
0.00632956
0.00632956
0.00632956
0.00632958
0.00632958
0.00632958
0.00632957
0.00632957
0.00632957
0.00632957
0.00632957
0.00632957
0.00632957
0.00632957
0.00632958
0.00632957
0.00632957
0.00632957
0.00632958
0.00632958
0.00632957
0.00632956
0.00632956
0.00632956
0.00632956
0.00632956
0.00632956
0.00632956
0.00632956
0.00632956
0.00632958
0.00632958
0.00632958
0.00632958
0.00632958
0.00632958
0.00632958
0.00632958
0.00632958
0.00632957
0.00632958
0.00632958
0.00632958
0.00632958
0.00632958
0.00632956
0.00632956
0.00632956
0.00632956
0.00632956
0.00632956
0.00632953
0.00632953
0.00632954
0.00632953
0.00632953
0.00632953
0.00632953
0.00632953
0.00632953
0.00632953
0.00632953
0.00632953
0.00632953
0.00632953
0.00632953
0.00632953
0.00632953
0.00632953
0.00632955
0.00632955
0.00632955
0.00632955
0.00632955
0.00632955
0.00632955
0.00632955
0.00632955
0.00632953
0.00632954
0.00632953
0.00632954
0.00632954
0.00632954
0.00632954
0.00632954
0.00632954
0.00632954
0.00632954
0.00632953
0.00632954
0.00632954
0.00632954
0.00632952
0.00632952
0.00632952
0.00632952
0.00632952
0.00632952
0.00632956
0.00632956
0.00632956
0.00632956
0.00632956
0.00632956
0.00632954
0.00632954
0.00632954
0.00632954
0.00632954
0.00632954
0.00632946
0.00632946
0.00632948
0.00632925
0.0063294
0.00632939
0.00632941
0.00632941
0.00632928
0.00632948
0.00632944
0.00632944
0.00632949
0.00632949
0.00632949
0.00632949
0.00632949
0.00632949
0.0063295
0.00632949
0.0063295
0.00632948
0.00632948
0.00632948
0.00632949
0.00632948
0.00632948
0.00632948
0.00632948
0.00632949
0.00632943
0.00632944
0.00632944
0.0063294
0.00632943
0.00632943
0.00632944
0.00632944
0.00632939
0.00632941
0.00632942
0.00632942
0.00632943
0.00632942
0.00632941
0.00632943
0.00632943
0.00632943
0.00632837
0.00632703
0.006327
0.00632711
0.00632706
0.00632839
0.00632941
0.00632941
0.00632941
0.0063294
0.00632941
0.00632941
0.00632942
0.00632941
0.0063294
0.00632698
0.00632696
0.00632832
0.00632964
0.00632964
0.00632964
0.00632842
0.00632848
0.00632896
0.00632885
0.00632828
0.00632835
0.00632964
0.00632964
0.00632964
0.00632964
0.00632964
0.00632964
0.00632964
0.00632963
0.00632964
0.0063292
0.00632919
0.00632934
0.00632808
0.00632884
0.00632885
0.00632823
0.00632892
0.00632895
0.00632887
0.00632889
0.00632816
0.00632935
0.00632921
0.00632921
0.00632927
0.00632926
0.00632936
0.00632853
0.00632903
0.00632904
0.00632898
0.00632901
0.00632848
0.00632963
0.00632963
0.00632963
0.00632963
0.00632963
0.00632963
0.00632962
0.00632962
0.00632962
0.00632962
0.00632962
0.00632962
0.00632959
0.00632959
0.00632959
0.00632927
0.00632899
0.00632904
0.00632891
0.00632895
0.00632926
0.00632932
0.00632913
0.00632915
0.00632908
0.00632911
0.00632931
0.00632886
0.0063289
0.00632917
0.00632735
0.00632842
0.00632834
0.00632853
0.00632848
0.00632749
0.00632826
0.00632817
0.00632673
0.00632911
0.00632877
0.00632882
0.00632961
0.00632961
0.00632961
0.00632961
0.00632961
0.00632961
0.00632962
0.00632962
0.00632962
0.00632962
0.00632962
0.00632962
0.0063296
0.0063296
0.0063296
0.00632961
0.00632961
0.00632961
0.0063296
0.00632961
0.00632961
0.00632963
0.00632962
0.00632962
0.00632963
0.00632963
0.00632963
0.00632962
0.00632962
0.00632962
0.00632961
0.00632961
0.00632961
0.00632962
0.00632961
0.00632961
0.00632961
0.00632961
0.00632961
0.00632961
0.00632961
0.00632961
0.00632957
0.00632957
0.00632957
0.00632957
0.00632957
0.00632957
0.00632957
0.00632957
0.00632957
0.00632956
0.00632956
0.00632956
0.00632956
0.00632956
0.00632956
0.00632957
0.00632956
0.00632956
0.00632958
0.00632959
0.00632959
0.00632958
0.00632959
0.00632958
0.00632959
0.00632959
0.00632959
0.00632957
0.00632957
0.00632957
0.00632957
0.00632957
0.00632957
0.00632957
0.00632957
0.00632957
0.00632956
0.00632957
0.00632956
0.00632957
0.00632957
0.00632957
0.00632957
0.00632957
0.00632957
0.00632952
0.00632953
0.00632952
0.00632953
0.00632953
0.00632953
0.00632953
0.00632953
0.00632953
0.00632955
0.00632955
0.00632955
0.00632955
0.00632955
0.00632955
0.00632955
0.00632955
0.00632955
0.00632954
0.00632954
0.00632954
0.00632954
0.00632954
0.00632954
0.00632954
0.00632954
0.00632954
0.00632953
0.00632953
0.00632953
0.00632953
0.00632953
0.00632953
0.00632953
0.00632953
0.00632953
0.00632952
0.00632953
0.00632952
0.00632953
0.00632953
0.00632952
0.00632953
0.00632953
0.00632953
0.00632955
0.00632955
0.00632955
0.00632955
0.00632955
0.00632955
0.00632955
0.00632955
0.00632955
0.00632955
0.00632955
0.00632955
0.00632948
0.00632946
0.00632946
0.00632946
0.00632946
0.00632948
0.00632948
0.00632945
0.00632945
0.00632945
0.00632945
0.00632948
0.00632941
0.00632941
0.00632928
0.00632947
0.00632946
0.00632946
0.00632947
0.00632946
0.00632946
0.00632946
0.00632946
0.00632947
0.00632921
0.0063294
0.0063294
0.00632942
0.00632942
0.00632949
0.00632949
0.00632945
0.00632944
0.00632945
0.00632945
0.00632949
0.00632949
0.00632942
0.00632942
0.00632944
0.00632943
0.00632949
0.00632948
0.00632946
0.00632946
0.00632944
0.00632945
0.00632948
0.00632906
0.00632905
0.0063293
0.00632932
0.00632911
0.00632908
0.00632882
0.00632878
0.00632921
0.00632926
0.00632892
0.00632887
0.00632936
0.00632922
0.00632924
0.00632918
0.0063292
0.00632935
0.00632938
0.00632928
0.00632929
0.00632925
0.00632927
0.00632938
0.00632863
0.00632905
0.00632902
0.00632847
0.00632732
0.0063272
0.00632742
0.00632743
0.0063285
0.00632692
0.00632478
0.00632464
0.00632434
0.00632457
0.00632678
0.00632966
0.00632967
0.00632967
0.00632967
0.00632967
0.00632966
0.00632939
0.0063294
0.0063294
0.00632938
0.00632939
0.00632939
0.00632965
0.00632965
0.00632965
0.00632965
0.00632965
0.00632965
0.00632964
0.00632965
0.00632965
0.00632965
0.00632964
0.00632964
0.00632965
0.00632965
0.00632965
0.00632965
0.00632965
0.00632965
0.00632967
0.00632967
0.00632967
0.00632965
0.00632966
0.00632966
0.00632959
0.00632959
0.00632959
0.00632951
0.00632951
0.0063295
0.00632932
0.00632942
0.00632942
0.00632943
0.00632942
0.00632933
0.00632947
0.00632946
0.00632946
0.00632961
0.00632961
0.00632961
0.0063296
0.0063296
0.0063296
0.0063296
0.0063296
0.0063296
0.00632962
0.00632962
0.00632962
0.00632962
0.00632962
0.00632962
0.00632962
0.00632962
0.00632962
0.0063296
0.0063296
0.0063296
0.0063296
0.0063296
0.00632959
0.0063296
0.0063296
0.0063296
0.00632958
0.00632958
0.00632958
0.00632952
0.00632952
0.00632952
0.00632952
0.00632952
0.00632952
0.00632952
0.00632952
0.00632952
0.00632951
0.00632952
0.00632951
0.00632952
0.00632952
0.00632952
0.00632952
0.00632952
0.00632952
0.00632951
0.00632951
0.00632951
0.00632951
0.00632951
0.00632951
0.00632951
0.00632952
0.00632951
0.00632947
0.00632947
0.00632947
0.00632948
0.00632947
0.00632947
0.00632939
0.0063294
0.00632939
0.0063294
0.0063294
0.00632939
0.0063294
0.0063294
0.0063294
0.00632932
0.00632938
0.00632938
0.00632937
0.00632938
0.00632933
0.00632864
0.00632908
0.00632909
0.00632906
0.00632907
0.00632861
0.00632937
0.00632928
0.00632927
0.00632966
0.00632966
0.00632966
0.00632966
0.00632966
0.00632966
0.00632965
0.00632965
0.00632965
0.00632964
0.00632964
0.00632963
0.00632964
0.00632964
0.00632964
0.00632963
0.00632964
0.00632964
0.00632946
0.00632946
0.00632947
0.00632936
0.00632943
0.00632943
0.00632944
0.00632943
0.00632937
0.00632963
0.00632963
0.00632963
0.00632963
0.00632963
0.00632963
0.00632959
0.00632959
0.00632959
0.00632959
0.00632959
0.00632959
0.00632959
0.00632959
0.00632959
0.00632959
0.00632959
0.0063296
0.00632959
0.00632959
0.00632959
0.00632952
0.00632952
0.00632952
0.00632952
0.00632952
0.00632952
0.00632952
0.00632952
0.00632952
0.0063295
0.0063295
0.0063295
0.00632951
0.00632951
0.0063295
0.00632951
0.00632951
0.00632951
0.0063295
0.0063295
0.0063295
0.00632943
0.00632943
0.00632934
0.00632932
0.00632942
0.00632942
0.00632921
0.00632918
0.00632891
0.00632931
0.00632932
0.00632939
0.00632903
0.00632925
0.00632923
0.0063293
0.0063293
0.00632937
0.00632879
0.00632913
0.00632915
0.00632911
0.00632912
0.00632875
0.00632886
0.00632917
0.00632918
0.00632916
0.00632916
0.00632885
0.00632782
0.00632863
0.00632858
0.00632872
0.00632868
0.00632794
0.00632923
0.00632904
0.00632906
0.00632487
0.00631524
0.00632082
0.0063128
0.00631374
0.0063246
0.00619624
0.00627866
0.00627501
0.00616222
0.00617098
0.00602226
0.00632672
0.0062889
0.00626499
0.00631806
0.00630661
0.00632668
0.00632965
0.00632965
0.00632965
0.00632965
0.00632965
0.00632965
0.00632964
0.00632965
0.00632965
0.00632981
0.00632981
0.00632983
0.00632981
0.00632981
0.00632983
0.00632981
0.00632981
0.00632983
0.00632981
0.00632981
0.00632983
0.00632976
0.00632976
0.00632978
0.00632976
0.00632976
0.00632978
0.00632971
0.00632971
0.00632973
0.00632973
0.00632973
0.00632974
0.00632973
0.00632973
0.00632974
0.00632971
0.00632971
0.00632973
0.00632966
0.00632966
0.00632968
0.00632968
0.00632968
0.00632969
0.00632969
0.00632969
0.0063297
0.00632966
0.00632966
0.00632968
0.00632961
0.00632961
0.00632963
0.00632964
0.00632964
0.00632965
0.00632961
0.00632961
0.00632964
0.00632956
0.00632956
0.00632959
0.0063296
0.0063296
0.0063296
0.00632957
0.00632957
0.00632959
0.00632952
0.00632952
0.00632954
0.00632955
0.00632955
0.00632956
0.00632952
0.00632952
0.00632954
0.00632947
0.00632947
0.00632949
0.00632951
0.00632951
0.00632952
0.00632947
0.00632947
0.0063295
0.00632942
0.00632942
0.00632944
0.00632945
0.00632945
0.00632946
0.00632947
0.00632947
0.00632947
0.00632943
0.00632943
0.00632945
0.00632937
0.00632937
0.0063294
0.0063294
0.0063294
0.00632941
0.00632941
0.00632941
0.00632942
0.00632938
0.00632938
0.0063294
0.00632932
0.00632932
0.00632935
0.00632935
0.00632935
0.00632936
0.00612141
0.0062753
0.00627477
0.00632936
0.00632936
0.00632937
0.00632933
0.00632933
0.00632935
0.00632927
0.00632927
0.0063293
0.0063293
0.00632927
0.0063293
0.00627973
0.00632904
0.00632904
0.00632931
0.00632931
0.00632932
0.00632928
0.00632928
0.0063293
0.00632923
0.00632922
0.00632925
0.00632924
0.00632924
0.00632926
0.00632918
0.00632917
0.0063292
0.00632859
0.00630701
0.00630703
0.00630762
0.00632918
0.00632921
0.00632919
0.00632919
0.00632921
0.00632942
0.00632943
0.00632943
0.00632939
0.00632939
0.00632938
0.00632965
0.00632966
0.00632966
0.0063297
0.00632969
0.00632969
0.00632961
0.00632961
0.00632961
0.00632961
0.00632961
0.00632961
0.00632957
0.00632957
0.00632956
0.0063296
0.0063296
0.0063296
0.00632957
0.00632957
0.00632957
0.00632952
0.00632952
0.00632952
0.00632956
0.00632955
0.00632955
0.00632952
0.00632953
0.00632953
0.00632951
0.00632951
0.00632951
0.0063295
0.0063295
0.00632949
0.00632948
0.00632949
0.00632949
0.00631321
0.00631103
0.006214
0.00632938
0.00632937
0.00632937
0.00632962
0.00632962
0.00632962
0.0063296
0.0063296
0.0063296
0.0063296
0.0063296
0.0063296
0.0063295
0.0063295
0.0063295
0.0063295
0.0063295
0.0063295
0.00632946
0.00632946
0.00632946
0.00632939
0.00632939
0.00632939
0.0063294
0.0063294
0.0063294
0.0063294
0.0063294
0.0063294
0.00632963
0.00632963
0.00632963
0.00632965
0.00632965
0.00632964
0.00632942
0.00632943
0.00632943
0.00632945
0.00632945
0.00632945
0.00632947
0.00632946
0.00632946
0.0063294
0.0063294
0.00632939
0.00632942
0.00632941
0.00632941
0.00632964
0.00632965
0.00632965
0.00632963
0.00632963
0.00632963
0.00632947
0.00632947
0.00632947
0.00632949
0.00632949
0.00632949
0.00632945
0.00632945
0.00632945
0.00632943
0.00632943
0.00632943
0.00632943
0.00632943
0.00632943
0.00632967
0.00632967
0.00632967
0.00632965
0.00632965
0.00632965
0.00632967
0.00632967
0.00632967
0.00632964
0.00632964
0.00632965
0.00632914
0.0063293
0.00632929
0.00632934
0.00632933
0.00632922
0.00632939
0.00632943
0.00632943
0.00632943
0.00632943
0.00632937
0.00632937
0.00632939
0.00632939
0.0063294
0.0063294
0.0063294
0.00632965
0.00632965
0.00632965
0.00632926
0.00632934
0.00632934
0.00632963
0.00632964
0.00632963
0.00632965
0.00632964
0.00632964
0.0063294
0.00632942
0.00632942
0.00632943
0.00632943
0.00632939
0.00632969
0.00632968
0.00632968
0.0063294
0.0063294
0.0063294
0.00632967
0.00632967
0.00632967
0.00632965
0.00632966
0.00632965
0.0063296
0.0063296
0.0063296
0.00632959
0.0063296
0.0063296
0.00632951
0.00632951
0.00632951
0.00632951
0.00632951
0.00632951
0.00632961
0.00632961
0.00632961
0.0063296
0.00632961
0.00632961
0.00632947
0.00632947
0.00632947
0.0063294
0.00632939
0.00632939
0.00632965
0.00632965
0.00632965
0.00632972
0.00632972
0.00632971
0.00632971
0.00632972
0.00632972
0.00632972
0.00632972
0.0063297
0.00632974
0.00632973
0.00632973
0.0063297
0.00632972
0.00632972
0.00632972
0.00632972
0.00632971
0.00632974
0.00632973
0.00632973
0.00632971
0.00632972
0.00632972
0.00632966
0.00632967
0.00632967
0.00632967
0.00632967
0.00632966
0.00632969
0.00632968
0.00632968
0.00632969
0.00632969
0.00632968
0.00632968
0.00632968
0.00632968
0.00632969
0.00632968
0.00632968
0.0063297
0.00632969
0.00632969
0.00632963
0.00632964
0.00632964
0.00632959
0.00632959
0.00632959
0.00632954
0.00632955
0.00632955
0.0063295
0.00632951
0.00632951
0.00632946
0.00632946
0.00632946
0.00632933
0.00632934
0.00632932
0.00632936
0.00632935
0.00632935
0.00632935
0.00632935
0.00632935
0.00632936
0.00632936
0.00632936
0.00627849
0.00627687
0.00612849
0.00632528
0.00631343
0.00631398
0.00631339
0.00631339
0.00632528
0.00632934
0.00632935
0.00632935
0.00632935
0.00632935
0.00632934
0.00632937
0.00632936
0.00632936
0.00632931
0.0063293
0.0063293
0.00632921
0.00632924
0.00632928
0.00628744
0.00632739
0.00632693
0.00632845
0.0063279
0.00628756
0.00632902
0.00632903
0.00628074
0.0063293
0.00632929
0.00632928
0.00632932
0.00632931
0.00632931
0.00632961
0.00632961
0.00632961
0.00632957
0.00632957
0.00632957
0.00632956
0.00632957
0.00632957
0.0063296
0.0063296
0.0063296
0.0063296
0.0063296
0.0063296
0.00632953
0.00632953
0.00632953
0.00632952
0.00632952
0.00632952
0.00632956
0.00632956
0.00632956
0.00632955
0.00632956
0.00632956
0.00632952
0.00632952
0.00632952
0.00632951
0.00632951
0.00632951
0.00632938
0.00632938
0.00632937
0.00632939
0.00632938
0.00632938
0.00632938
0.00632939
0.00632939
0.00627178
0.00626938
0.00617779
0.0060301
0.00616297
0.00616027
0.00632966
0.00632966
0.00632965
0.00632967
0.00632967
0.00632967
0.00632967
0.00632967
0.00632967
0.00632969
0.00632969
0.0063297
0.00632968
0.00632969
0.00632969
0.00632968
0.00632968
0.00632968
0.00632969
0.00632969
0.0063297
0.00632968
0.00632969
0.00632969
0.00632969
0.00632969
0.00632968
0.00632962
0.00632962
0.00632962
0.00632964
0.00632964
0.00632963
0.00632962
0.00632963
0.00632963
0.00632962
0.00632962
0.00632962
0.00632962
0.00632962
0.00632963
0.00632958
0.00632957
0.00632957
0.00632959
0.00632959
0.00632958
0.00632958
0.00632958
0.00632958
0.00632953
0.00632953
0.00632953
0.00632954
0.00632955
0.00632954
0.00632953
0.00632953
0.00632954
0.00632949
0.00632948
0.00632948
0.0063295
0.0063295
0.00632949
0.0063295
0.0063295
0.0063295
0.0063295
0.0063295
0.0063295
0.00632949
0.0063295
0.0063295
0.00632949
0.00632949
0.0063295
0.0063294
0.00632944
0.00632944
0.00632944
0.00632944
0.00632941
0.00632392
0.00632269
0.00625511
0.00632932
0.00632903
0.00632913
0.00632913
0.00632752
0.00632781
0.00632675
0.00632717
0.0063291
0.0062115
0.00630889
0.00630709
0.00632878
0.0063288
0.00632929
0.00622458
0.00632105
0.00632078
0.00632937
0.00632937
0.00632938
0.00632936
0.00632936
0.00632936
0.00632962
0.00632962
0.00632962
0.00632962
0.00632962
0.00632961
0.00632962
0.00632962
0.00632962
0.00632962
0.00632962
0.00632962
0.00632958
0.00632958
0.00632958
0.00632957
0.00632958
0.00632958
0.0063296
0.0063296
0.0063296
0.00632959
0.00632959
0.00632959
0.00632958
0.00632959
0.00632959
0.00632954
0.00632954
0.00632954
0.00632953
0.00632954
0.00632953
0.00632955
0.00632955
0.00632955
0.00632954
0.00632955
0.00632955
0.00632949
0.00632949
0.00632949
0.00632949
0.00632949
0.00632949
0.00632949
0.00632949
0.00632949
0.0063295
0.00632949
0.00632949
0.0063295
0.0063295
0.0063295
0.00632949
0.00632949
0.00632949
0.0063295
0.0063295
0.0063295
0.00632951
0.00632951
0.00632951
0.0063295
0.0063295
0.0063295
0.00632941
0.00632944
0.00632944
0.00632944
0.00632944
0.00632942
0.00632946
0.00632946
0.00632946
0.00632946
0.00632946
0.00632946
0.00632946
0.00632946
0.00632946
0.00632938
0.00632939
0.00632939
0.00632938
0.00632938
0.00632938
0.00632939
0.00632939
0.00632938
0.00632932
0.00632936
0.00632936
0.00632938
0.00632937
0.00632933
0.00632939
0.00632938
0.00632939
0.00632932
0.00632937
0.00632937
0.00632936
0.00632936
0.00632932
0.00632964
0.00632963
0.00632963
0.00632964
0.00632964
0.00632964
0.00632945
0.00632945
0.00632945
0.00632946
0.00632946
0.00632946
0.00632964
0.00632964
0.00632964
0.00632963
0.00632963
0.00632963
0.00632964
0.00632963
0.00632963
0.00632963
0.00632963
0.00632964
0.00632948
0.00632948
0.00632948
0.00632948
0.00632948
0.00632948
0.00632944
0.00632945
0.00632945
0.00632944
0.00632944
0.00632944
0.00632967
0.00632967
0.00632967
0.00632966
0.00632967
0.00632967
0.00632967
0.00632967
0.00632966
0.00632967
0.00632967
0.00632966
0.00632965
0.00632965
0.00632965
0.00632966
0.00632966
0.00632966
0.00632966
0.00632966
0.00632966
0.00632967
0.00632967
0.00632967
0.00632966
0.00632967
0.00632967
0.00632967
0.00632967
0.00632966
0.00632966
0.00632967
0.00632967
0.00632967
0.00632967
0.00632966
0.00632967
0.00632967
0.00632967
0.00632963
0.00632963
0.00632963
0.00632963
0.00632963
0.00632963
0.00632964
0.00632964
0.00632964
0.00632938
0.00632944
0.00632944
0.00632944
0.00632944
0.00632939
0.00632931
0.00632931
0.00632916
0.00632921
0.00632933
0.00632932
0.00632961
0.00632961
0.00632961
0.00632962
0.00632962
0.00632961
0.00632961
0.00632961
0.00632961
0.00632961
0.00632961
0.00632961
0.00632948
0.00632948
0.00632948
0.0063295
0.0063295
0.0063295
0.0063295
0.0063295
0.0063295
0.00632943
0.00632943
0.00632938
0.00632937
0.00632943
0.00632943
0.00632891
0.00632919
0.0063292
0.00632918
0.00632919
0.0063289
0.00632896
0.00632921
0.0063292
0.0063292
0.00632921
0.00632895
0.00632819
0.00632881
0.00632877
0.00632886
0.00632884
0.00632825
0.0063286
0.00632932
0.00632936
0.00632896
0.00632879
0.00632779
0.00632818
0.0063288
0.0063288
0.00632965
0.00632966
0.00632966
0.00632966
0.00632966
0.00632965
0.00632965
0.00632965
0.00632965
0.00632965
0.00632965
0.00632965
0.00632965
0.00632966
0.00632966
0.00632965
0.00632966
0.00632966
0.00632966
0.00632966
0.00632965
0.00632935
0.00632935
0.00632931
0.00632964
0.00632964
0.00632964
0.00632964
0.00632964
0.00632964
0.00632943
0.00632942
0.0063294
0.00632939
0.00632943
0.00632943
0.00632985
0.00632985
0.00632988
0.00632985
0.00632985
0.00632988
0.00632985
0.00632985
0.00632988
0.00632985
0.00632985
0.00632988
0.00632981
0.00632981
0.00632983
0.00632981
0.00632981
0.00632983
0.00632976
0.00632976
0.00632978
0.00632976
0.00632976
0.00632978
0.00632973
0.00632973
0.00632974
0.00632968
0.00632968
0.0063297
0.00632964
0.00632964
0.00632965
0.00632959
0.00632959
0.0063296
0.00632955
0.00632954
0.00632956
0.0063295
0.0063295
0.00632951
0.00632945
0.00632945
0.00632946
0.00632942
0.00632942
0.00632943
0.00632941
0.00632941
0.00632942
0.00632936
0.00632936
0.00632936
0.0063293
0.0063293
0.00632931
0.00632922
0.00632923
0.00632925
0.00632923
0.00632923
0.00632926
0.00632918
0.00632918
0.0063292
0.00632919
0.00632919
0.00632921
0.00632913
0.00632911
0.00632914
0.00632832
0.00630698
0.006307
0.00630815
0.00632913
0.00632916
0.00632914
0.00632914
0.00632916
0.00632937
0.00632938
0.00632938
0.00632965
0.00632964
0.00632964
0.00632948
0.00632948
0.00632947
0.00632943
0.00632944
0.00632944
0.0062545
0.00632157
0.00632072
0.00632149
0.00632128
0.00622761
0.00632937
0.00632937
0.00632937
0.00632938
0.00632938
0.00632938
0.00632943
0.00632943
0.00632942
0.00632946
0.00632946
0.00632946
0.00632941
0.00632941
0.00632941
0.00632942
0.00632942
0.00632942
0.00632944
0.00632944
0.00632944
0.00632966
0.00632966
0.00632966
0.00632976
0.00632977
0.00632977
0.00632977
0.00632977
0.00632976
0.00632976
0.00632977
0.00632977
0.00632977
0.00632977
0.00632976
0.00632971
0.00632972
0.00632972
0.00632974
0.00632973
0.00632973
0.00632971
0.00632971
0.0063297
0.0063297
0.00632971
0.00632971
0.00632972
0.00632972
0.00632971
0.00632967
0.00632967
0.00632966
0.00632966
0.00632966
0.00632966
0.00632968
0.00632969
0.00632969
0.0063297
0.00632969
0.00632969
0.00632966
0.00632967
0.00632967
0.00632962
0.00632962
0.00632961
0.00632965
0.00632963
0.00632963
0.00632961
0.00632962
0.00632962
0.00632957
0.00632957
0.00632956
0.0063296
0.00632959
0.00632959
0.00632959
0.00632959
0.00632959
0.0063296
0.0063296
0.0063296
0.00632957
0.00632958
0.00632958
0.00632953
0.00632953
0.00632952
0.00632955
0.00632954
0.00632954
0.00632955
0.00632955
0.00632954
0.00632956
0.00632956
0.00632956
0.00632952
0.00632953
0.00632953
0.00632948
0.00632948
0.00632947
0.0063295
0.00632949
0.00632949
0.00632951
0.00632951
0.0063295
0.00632952
0.00632951
0.00632951
0.00632948
0.00632949
0.00632949
0.00632946
0.00632944
0.00632945
0.00632943
0.00632944
0.00632944
0.00632941
0.00632941
0.00632942
0.00632932
0.00632934
0.00632934
0.00632935
0.00632935
0.00632935
0.00632928
0.00632929
0.00632927
0.00632929
0.0063293
0.0063293
0.00632961
0.00632961
0.00632962
0.00632948
0.00632948
0.00632949
0.00632965
0.00632966
0.00632965
0.00632962
0.00632962
0.00632961
0.00632963
0.00632962
0.00632962
0.00632957
0.00632957
0.00632957
0.00632958
0.00632958
0.00632958
0.00632953
0.00632953
0.00632952
0.00632954
0.00632953
0.00632953
0.00632948
0.00632948
0.00632948
0.0063295
0.00632949
0.00632949
0.00632945
0.00632944
0.00632945
0.00632934
0.00632933
0.00632933
0.00632877
0.00632891
0.00632931
0.00632928
0.00632881
0.00632882
0.00632934
0.00632935
0.00632935
0.00632937
0.00632937
0.00632936
0.00632962
0.00632962
0.00632962
0.00632949
0.00632949
0.00632949
0.00632937
0.00632937
0.00632938
0.00632963
0.00632963
0.00632964
0.00632963
0.00632963
0.00632963
0.00632944
0.00632943
0.00632943
0.00632945
0.00632945
0.00632945
0.00632964
0.00632964
0.00632964
0.00632965
0.00632965
0.00632965
0.00632948
0.00632948
0.00632948
0.00632949
0.00632949
0.00632949
0.00632948
0.00632948
0.00632948
0.00632945
0.00632945
0.00632944
0.00632945
0.00632945
0.00632945
0.00632944
0.00632944
0.00632944
0.00632942
0.00632942
0.00632942
0.00632941
0.00632941
0.00632942
0.00632966
0.00632967
0.00632967
0.00632967
0.00632967
0.00632967
0.00632943
0.00632943
0.00632943
0.00632944
0.00632944
0.00632943
0.00632967
0.00632967
0.00632967
0.00632966
0.00632966
0.00632966
0.0063297
0.00632971
0.00632971
0.00632971
0.00632971
0.0063297
0.00632967
0.00632967
0.00632967
0.00632966
0.00632966
0.00632966
0.00632985
0.00632985
0.00632988
0.00632985
0.00632985
0.00632988
0.00632981
0.00632981
0.00632983
0.00632976
0.00632976
0.00632978
0.00632971
0.00632971
0.00632973
0.00632973
0.00632973
0.00632974
0.00632971
0.00632971
0.00632973
0.00632966
0.00632966
0.00632968
0.00632969
0.00632969
0.0063297
0.00632966
0.00632966
0.00632968
0.00632961
0.00632961
0.00632964
0.00632961
0.00632961
0.00632964
0.00632956
0.00632956
0.00632959
0.00632957
0.00632957
0.00632959
0.00632951
0.00632952
0.00632954
0.00632952
0.00632952
0.00632954
0.00632947
0.00632947
0.00632949
0.00632947
0.00632947
0.00632949
0.00632942
0.00632942
0.00632944
0.00632942
0.00632942
0.00632945
0.00632937
0.00632937
0.00632939
0.00632938
0.00632937
0.0063294
0.00632936
0.00632936
0.00632937
0.00632933
0.00632933
0.00632935
0.00632924
0.00632912
0.00632917
0.00628357
0.006329
0.00632901
0.00632919
0.00632918
0.00632921
0.0063297
0.00632969
0.00632969
0.00632938
0.00632939
0.00632939
0.00632942
0.00632941
0.00632941
0.00632977
0.00632977
0.00632976
0.00632976
0.00632977
0.00632977
0.00632972
0.00632972
0.00632971
0.00632974
0.00632973
0.00632973
0.00632971
0.00632972
0.00632972
0.00632969
0.00632968
0.00632968
0.00632968
0.00632969
0.00632969
0.00632964
0.00632964
0.00632963
0.00632965
0.00632965
0.00632965
0.00632943
0.00632943
0.00632942
0.00632946
0.00632946
0.00632946
0.00632947
0.00632947
0.00632947
0.00632939
0.00632938
0.00632937
0.00632941
0.0063294
0.0063294
0.00632938
0.00632939
0.0063294
0.00632932
0.00632931
0.00632931
0.00632654
0.00632632
0.00628721
0.00632927
0.00632926
0.00632926
0.0063294
0.0063294
0.0063294
0.0063294
0.0063294
0.0063294
0.00632969
0.00632969
0.00632968
0.00632917
0.00631719
0.00605931
0.00632909
0.0063157
0.00605537
0.00632839
0.00630673
0.00600281
0.00632838
0.00630665
0.00599909
0.00631995
0.00625408
0.00579016
0.00632963
0.00632944
0.00627289
0.00632961
0.00632839
0.00623634
0.0063296
0.00632818
0.00623175
0.00632018
0.00625515
0.00579484
0.00626854
0.0061186
0.00547843
0.00632963
0.00632914
0.00626888
0.00632928
0.00631919
0.00608133
0.00632929
0.00631926
0.00608527
0.00632895
0.00631339
0.00603048
0.00632895
0.00631344
0.00602891
0.00632762
0.00629963
0.00596987
0.00632779
0.00630117
0.00597382
0.00630246
0.00618568
0.00559531
0.00630357
0.00618971
0.00560977
0.00616287
0.00599377
0.00547549
0.00632964
0.0063296
0.00630524
0.00632952
0.00632521
0.00617536
0.00632955
0.00632598
0.00618608
0.00632952
0.0063251
0.00617146
0.00632918
0.00631725
0.00606834
0.00632906
0.00631524
0.00604548
0.0063287
0.00631022
0.00601459
0.00632796
0.00630272
0.0059889
0.00632294
0.00626977
0.00586312
0.00632963
0.00632955
0.00628681
0.00631886
0.00624914
0.00577703
0.00630471
0.00619411
0.00563042
0.00630393
0.00619108
0.00561493
0.00628971
0.00615815
0.00561991
0.00632901
0.00631469
0.00603532
0.00632906
0.00631561
0.00604804
0.00632915
0.00631715
0.00606283
0.00632915
0.00631704
0.00605238
0.00632925
0.00631915
0.00608283
0.00632916
0.00631736
0.00606724
0.00632925
0.00631913
0.00607968
0.00632901
0.00631467
0.00603228
0.00632888
0.00631256
0.00602064
0.00632874
0.00631064
0.00600553
0.00632887
0.00631248
0.00601646
0.00632832
0.00630574
0.0059741
0.00632842
0.00630689
0.00598578
0.00632868
0.00630991
0.00600122
0.00632857
0.0063086
0.00599007
0.00632816
0.00630416
0.00597007
0.0063236
0.00627262
0.00585027
0.00632105
0.00625939
0.00580844
0.00630475
0.00619432
0.00563554
0.00632955
0.00632601
0.00618985
0.00632956
0.00632642
0.0062027
0.00632956
0.00632645
0.0062066
0.0063292
0.00631777
0.00607233
0.00632937
0.00632093
0.00609606
0.00632906
0.00631509
0.00604154
0.0063287
0.00631022
0.00601714
0.00632727
0.00629678
0.00595921
0.00632787
0.00630184
0.00598493
0.0063201
0.00625628
0.00582486
0.00632164
0.00626343
0.0058415
0.00632046
0.00625796
0.00582893
0.00632254
0.00626776
0.00585899
0.00632171
0.00626366
0.0058454
0.00631399
0.00623151
0.00575685
0.00630967
0.00621604
0.00572037
0.00630897
0.00621367
0.00571581
0.00628782
0.00615324
0.00561511
0.00628073
0.0061355
0.00560021
0.00632942
0.00632224
0.00611497
0.00632942
0.00632225
0.0061177
0.00632917
0.00631717
0.00606139
0.00632942
0.00632218
0.00611121
0.00632938
0.00632127
0.0061072
0.00632906
0.00631528
0.00605141
0.00632845
0.00630747
0.00600675
0.0063269
0.00629401
0.00594308
0.00632691
0.00629404
0.00594599
0.00632838
0.00630665
0.00599676
0.00632664
0.0062921
0.00593909
0.00632638
0.00629028
0.00593508
0.006317
0.00624106
0.00575641
0.00631741
0.00624283
0.00576119
0.00631978
0.00625348
0.0057855
0.00631658
0.00623929
0.00575161
0.00631616
0.00623754
0.0057468
0.00632963
0.00632946
0.00627639
0.00630639
0.00620539
0.00569629
0.00630544
0.00620225
0.00569169
0.00632961
0.0063287
0.00624075
0.00632962
0.00632927
0.00626386
0.0063296
0.00632816
0.00622784
0.00632046
0.00625647
0.00579951
0.00628355
0.00613727
0.00548289
0.00632962
0.00632912
0.00626352
0.00632947
0.00632364
0.00613654
0.00632928
0.00631917
0.00607823
0.0063293
0.00631967
0.0060893
0.00632895
0.00631342
0.00603367
0.00632879
0.00631134
0.00602501
0.00632756
0.00629922
0.00596592
0.00632783
0.00630149
0.00597776
0.00632571
0.00628577
0.00591694
0.00630695
0.0062071
0.00570062
0.00630779
0.00620973
0.00570738
0.00632964
0.00632961
0.00630756
0.00632964
0.0063296
0.00630387
0.00630279
0.00618684
0.00559971
0.00630317
0.00618826
0.00560463
0.00632955
0.00632594
0.00617949
0.00632955
0.00632596
0.00618291
0.00632952
0.00632507
0.00616643
0.00632943
0.0063224
0.00612537
0.00632942
0.00632228
0.00612127
0.00632918
0.00631719
0.00606439
0.00632937
0.00632094
0.00609851
0.00632937
0.006321
0.00610346
0.00632906
0.00631522
0.00604783
0.0063286
0.00630905
0.00601068
0.00632704
0.00629502
0.00595367
0.00632694
0.00629425
0.00594997
0.00632811
0.00630406
0.00599285
0.00632608
0.00628821
0.005927
0.0063262
0.00628902
0.00593105
0.00632346
0.00627269
0.00587039
0.00632345
0.00627262
0.00586724
0.00631821
0.00624629
0.00577032
0.00631782
0.0062446
0.00576592
0.00631926
0.00625097
0.00578105
0.0063153
0.00623403
0.00573739
0.00631573
0.00623574
0.00574201
0.00631491
0.00623245
0.00573324
0.00630452
0.00619337
0.00562526
0.00630425
0.00619234
0.0056201
0.00632963
0.00632948
0.00628213
0.00630261
0.00619347
0.00567612
0.00630387
0.0061973
0.00568306
0.00630461
0.00619963
0.00568719
0.00632962
0.00632876
0.00625072
0.00632961
0.00632872
0.0062442
0.00632962
0.0063288
0.0062551
0.00632962
0.00632882
0.00625937
0.0063296
0.00632812
0.00622222
0.00632949
0.00632434
0.00614901
0.00632902
0.00631475
0.0060393
0.00632902
0.006315
0.00604367
0.00632915
0.00631709
0.00605883
0.00632915
0.00631707
0.00605567
0.00632918
0.00631788
0.00607165
0.00632925
0.00631908
0.00607603
0.00632901
0.00631465
0.00602927
0.00632891
0.00631312
0.00602497
0.00632887
0.0063124
0.00600982
0.00632887
0.00631246
0.00601347
0.00632832
0.00630578
0.00597713
0.00632834
0.00630598
0.00598146
0.00632868
0.00630982
0.00599705
0.00632868
0.00630981
0.00599432
0.00632799
0.00630251
0.00596646
0.00632075
0.0062579
0.00580414
0.00630478
0.00619445
0.00563972
0.00632956
0.00632641
0.00619967
0.00632955
0.0063262
0.00619352
0.00632957
0.00632671
0.0062107
0.00632945
0.00632294
0.00612946
0.00632947
0.00632361
0.00613349
0.00632928
0.00631919
0.00607628
0.00632937
0.0063209
0.00609327
0.00632897
0.00631379
0.00603762
0.00632871
0.00631038
0.00602108
0.00632755
0.00629912
0.00596255
0.00632784
0.00630153
0.00598095
0.00632605
0.00628805
0.00592298
0.00632605
0.00628802
0.00592034
0.00632529
0.00628322
0.00591124
0.0063198
0.00625495
0.00582118
0.00632148
0.00626284
0.00583733
0.0063209
0.00625997
0.00583313
0.00632197
0.00626493
0.0058514
0.00632222
0.00626616
0.005855
0.00631039
0.00621856
0.00572489
0.00630834
0.00621154
0.00571141
0.00628567
0.00614799
0.00560997
0.0062833
0.00614214
0.00560491
0.00632964
0.00632962
0.00631339
0.00632964
0.00632963
0.00631747
0.00632964
0.00632963
0.00631689
0.00628727
0.00613921
0.00551505
0.00628727
0.00613912
0.00551007
0.00632956
0.0063264
0.00619717
0.00632952
0.00632526
0.00616676
0.00632956
0.00632653
0.00620144
0.00632949
0.00632461
0.00616223
0.00632592
0.00628645
0.00590007
0.00632463
0.00627836
0.00586919
0.00632272
0.00626775
0.0058324
0.00632457
0.00627807
0.00586472
0.00632263
0.00626739
0.00582781
0.0062215
0.00606641
0.00554924
0.00632961
0.00632857
0.00623934
0.0063296
0.006328
0.00623533
0.00631245
0.0062257
0.00573951
0.00631597
0.00623908
0.00577564
0.0063158
0.00623852
0.00577127
0.00631228
0.00622533
0.00573562
0.00631115
0.00622131
0.0057291
0.00632963
0.00632957
0.00629338
0.00632964
0.00632958
0.0062973
0.00595029
0.00578106
0.00551552
0.00629597
0.0061744
0.00564153
0.00630839
0.00620761
0.00567641
0.00630832
0.00620741
0.00567142
0.00630717
0.00620327
0.00565619
0.00628812
0.00614161
0.00552351
0.00628701
0.00613794
0.00549431
0.00632951
0.00632473
0.00616012
0.00632353
0.00627301
0.00587423
0.00632378
0.00627437
0.0058801
0.00632478
0.00628015
0.0058916
0.00627328
0.00611912
0.00555312
0.00632963
0.00632932
0.00627428
0.00631325
0.00622588
0.00571695
0.00632963
0.00632956
0.00629179
0.00632963
0.00632954
0.00628606
0.00630034
0.00618666
0.00566229
0.00629459
0.00617059
0.00563659
0.00629972
0.00618492
0.00565806
0.0062988
0.00618274
0.00565096
0.00632963
0.00632929
0.00626762
0.00632952
0.00632538
0.00617919
0.00632953
0.0063256
0.00618374
0.00632959
0.00632746
0.00621826
0.00632958
0.00632731
0.00621384
0.00632545
0.00628349
0.00588713
0.00632518
0.00628177
0.00588267
0.00632334
0.00627115
0.00584607
0.00632157
0.00626192
0.00581499
0.00631085
0.00621683
0.00569316
0.00631269
0.00622367
0.00571202
0.00631133
0.00621858
0.00569742
0.00630664
0.00620139
0.00565133
0.00628938
0.00614547
0.00552909
0.006287
0.00613824
0.00549287
0.00632962
0.00632864
0.00625214
0.00632962
0.00632865
0.00625546
0.00632948
0.00632389
0.00614531
0.00632949
0.00632409
0.006156
0.00632948
0.00632383
0.00614004
0.00632509
0.00628198
0.00590747
0.00632483
0.00628028
0.00589554
0.00631355
0.00622979
0.00575271
0.00627097
0.00611409
0.0055476
0.00630095
0.00618055
0.00558322
0.00628717
0.00613892
0.00551863
0.00628719
0.00613869
0.0055045
0.00627571
0.00612346
0.00557665
0.0062758
0.00612367
0.00558158
0.00627545
0.00612305
0.00557128
0.00627498
0.00612206
0.00556643
0.00632955
0.00632636
0.00619151
0.00629554
0.00616359
0.00555192
0.00629682
0.00616743
0.00555698
0.00632952
0.00632531
0.00617114
0.00632958
0.00632726
0.00620598
0.00632949
0.00632442
0.00615773
0.00632943
0.00632302
0.00613204
0.00632944
0.00632308
0.00613652
0.00632934
0.00632096
0.00610078
0.00632934
0.00632098
0.00610401
0.00632943
0.00632298
0.0061282
0.00632943
0.00632296
0.00612522
0.00632928
0.00631978
0.00609641
0.00632926
0.00631932
0.00609233
0.00632607
0.00628747
0.00590627
0.00632623
0.00628854
0.00591002
0.00632713
0.00629513
0.00593549
0.00632708
0.00629471
0.0059311
0.00632724
0.00629605
0.00593987
0.00632741
0.00629736
0.00594424
0.00632589
0.00628629
0.00589597
0.00632476
0.00627918
0.0058737
0.00632289
0.00626863
0.00583698
0.00632447
0.00627773
0.00586046
0.00632238
0.00626613
0.00582329
0.00629098
0.00614985
0.00553971
0.00629408
0.00615917
0.00554735
0.00632961
0.00632858
0.00624224
0.00632961
0.0063286
0.00624573
0.0063296
0.00632797
0.00622967
0.00631929
0.00625276
0.00581107
0.00631943
0.00625333
0.00581505
0.00631273
0.00622672
0.00574381
0.00631919
0.00625261
0.00580683
0.0063185
0.00624945
0.00580255
0.00631624
0.00624016
0.00577999
0.00631541
0.0062371
0.00576708
0.00626895
0.00611338
0.00555702
0.00630169
0.00618313
0.00558803
0.00629939
0.00617539
0.00557281
0.00630019
0.00617799
0.00557805
0.00632964
0.00632962
0.00631068
0.00632964
0.0063296
0.00630153
0.00632963
0.00632958
0.00629566
0.00629739
0.00617843
0.00564641
0.00630922
0.00621085
0.00568142
0.00630991
0.00621342
0.00568608
0.00630803
0.00620636
0.00566633
0.00630764
0.00620498
0.00566125
0.00628689
0.00613767
0.00551788
0.00628705
0.00613813
0.00549895
0.00632952
0.00632506
0.00616403
0.00632402
0.00627568
0.00588363
0.00632433
0.0062774
0.00588755
0.00627938
0.0061327
0.0055922
0.00627792
0.00612922
0.00558708
0.00627385
0.0061197
0.00555834
0.00632963
0.00632934
0.00627841
0.00632963
0.00632953
0.00628289
0.00631376
0.00622792
0.00572181
0.00631421
0.00622969
0.00572633
0.00629857
0.00617271
0.00556754
0.00629771
0.00617003
0.00556226
0.00630108
0.00618886
0.00566692
0.00630186
0.00619122
0.00567167
0.00629209
0.00616401
0.00562737
0.00629328
0.00616709
0.00563179
0.00632952
0.00632533
0.00617484
0.00632955
0.00632633
0.00618807
0.00632958
0.00632728
0.00620971
0.00632949
0.00632437
0.00615378
0.00632948
0.00632429
0.00614526
0.00632945
0.00632343
0.006141
0.00632935
0.00632107
0.00611183
0.00632935
0.00632101
0.00610759
0.00632936
0.0063213
0.00611631
0.00632938
0.0063218
0.00612078
0.00632926
0.0063192
0.00608625
0.00632669
0.00629185
0.00591858
0.00632643
0.00628995
0.00591422
0.00632697
0.00629395
0.00592294
0.00632707
0.00629462
0.0059273
0.0063278
0.00630074
0.00595649
0.00632784
0.00630113
0.0059605
0.00632779
0.00630067
0.00595293
0.00632763
0.00629929
0.00594859
0.00632582
0.00628601
0.00589156
0.00632495
0.00628034
0.00587819
0.0063231
0.00626981
0.00584155
0.00632408
0.00627528
0.00585665
0.00632192
0.00626368
0.00581892
0.00631229
0.00622216
0.00570708
0.00631182
0.00622039
0.00570215
0.00630607
0.00619933
0.00564697
0.0062899
0.00614669
0.00553461
0.00628626
0.00613764
0.00548832
0.00632962
0.00632867
0.00625961
0.00632959
0.00632743
0.00622286
0.0063296
0.00632796
0.00622692
0.00632959
0.0063274
0.00621902
0.00632958
0.00632739
0.00621437
0.00632948
0.0063239
0.00614815
0.00632948
0.00632394
0.00615185
0.00632493
0.00628098
0.00590342
0.00632484
0.00628039
0.00589932
0.00631311
0.00622815
0.00574827
0.00631751
0.00624529
0.00579413
0.00631797
0.00624719
0.00579827
0.00631655
0.0062414
0.00578407
0.00631712
0.00624369
0.00579036
0.00631482
0.00623466
0.00576326
0.00626963
0.00611358
0.00554214
0.00632964
0.00632963
0.0063152
)
;

boundaryField
{
    topAndBottom
    {
        type            slip;
    }
    inlet
    {
        type            fixedValue;
        value           uniform 0.00633;
    }
    outlet
    {
        type            zeroGradient;
    }
    wing
    {
        type            groovyBC;
        refValue        uniform 0.00208985;
        refGradient     uniform 0;
        valueFraction   uniform 1;
        value           uniform 0.00208985;
        valueExpression "YSat*rh";
        gradientExpression "0";
        fractionExpression "1";
        evaluateDuringConstruction 0;
        cyclicSlave     0;
        variables       "rh=0.7;";
        timelines       (
);
        lookuptables    (
);
        lookuptables2D  (
);
    }
    front
    {
        type            empty;
    }
    back
    {
        type            empty;
    }
}


// ************************************************************************* //
