/*--------------------------------*- C++ -*----------------------------------*\
| =========                 |                                                 |
| \\      /  F ield         | OpenFOAM: The Open Source CFD Toolbox           |
|  \\    /   O peration     | Version:  5.x                                   |
|   \\  /    A nd           | Web:      www.OpenFOAM.org                      |
|    \\/     M anipulation  |                                                 |
\*---------------------------------------------------------------------------*/
FoamFile
{
    version     2.0;
    format      ascii;
    class       volScalarField;
    location    "200";
    object      p;
}
// * * * * * * * * * * * * * * * * * * * * * * * * * * * * * * * * * * * * * //

dimensions      [0 2 -2 0 0 0 0];

internalField   nonuniform List<scalar> 
6584
(
32.7096
31.6744
30.795
30.3833
30.3645
30.866
31.8628
33.3898
35.105
36.7889
37.4283
35.9296
31.4613
24.1472
15.0588
5.54262
-3.33156
-11.2324
-17.9643
-23.6424
-28.3733
-32.3912
-35.6558
-38.6446
32.4337
31.4756
30.5406
30.1152
30.0529
30.5499
31.5744
33.2624
35.2345
37.3747
38.4868
37.3321
32.8024
25.021
15.3655
5.25471
-3.91407
-11.9329
-18.6364
-24.2406
-28.8662
-32.8275
-35.9867
-39.0621
31.8385
30.8981
29.8584
29.3559
29.1808
29.6372
30.7307
32.8638
35.3998
38.1963
41.7802
42.7146
39.1043
30.5363
19.0982
4.16589
-5.70074
-13.9698
-20.5491
-25.8937
-30.2269
-33.9723
-36.9116
-39.9548
31.0575
30.0541
28.8582
28.1921
27.8058
28.0923
29.1988
31.7617
35.8768
40.3874
47.1375
51.5467
48.6947
36.8918
21.188
6.51833
-8.83434
-17.3529
-23.5802
-28.4074
-32.2525
-35.6108
-38.2341
-41.1025
30.1526
29.0089
27.5991
26.6488
25.9018
25.7522
26.5467
29.1079
33.2154
41.7336
53.3521
65.0599
64.3591
45.3958
21.3724
2.38042
-10.5667
-22.6681
-27.9889
-31.7685
-34.8598
-37.6241
-39.8336
-42.3929
29.1776
27.8191
26.1377
24.7604
23.4528
22.3697
22.3019
23.582
28.7603
38.0542
55.5581
87.0488
100.213
63.6584
16.6004
-7.48117
-19.996
-29.7258
-33.5613
-35.8371
-37.9164
-39.8859
-41.5939
-43.7189
28.2089
26.5779
24.5908
22.6786
20.6697
18.3441
16.8515
16.7934
17.8294
24.081
46.1792
104.761
191.676
70.3576
2.8002
-27.1682
-33.9758
-38.9191
-40.1047
-40.3684
-41.1848
-42.1961
-43.3473
-44.9414
27.3319
25.4037
23.1208
20.6438
17.8739
14.1797
10.6042
8.32577
2.66077
-2.93265
-0.108016
29.1747
-8.77654
-52.7058
-58.5251
-52.5856
-49.2049
-46.8983
-44.8653
-44.2931
-44.2877
-44.8897
-45.9087
26.623
24.4189
21.905
18.949
15.5251
10.6902
5.09527
0.0256733
-12.6439
-33.7352
-65.2342
-146.269
-231.278
-131.808
-93.113
-71.3501
-58.4165
-52.6278
-48.5674
-46.7576
-45.8565
-46.0068
-46.4815
26.1357
23.7241
21.0967
17.8687
14.1031
8.77941
2.0951
-4.86519
-20.8142
-48.9629
-95.6605
-202.417
-337.798
-181.052
-113.974
-83.227
-63.9
-55.8516
-50.6786
-48.1073
-46.6278
-46.514
-46.5562
25.8861
23.3684
20.7686
17.5362
13.8415
8.84111
2.4246
-4.67578
-18.5816
-41.6415
-78.8783
-151.425
-299.102
-175.205
-112.149
-83.8538
-64.0154
-55.7597
-50.7393
-48.0647
-46.4442
-46.3052
-46.0884
25.8493
23.3328
20.8835
17.8838
14.611
10.5511
5.5012
-0.157926
-8.48062
-19.4683
-34.3853
-51.0676
-184.09
-128.674
-91.6659
-74.1599
-59.0861
-52.5598
-48.8069
-46.6611
-45.3154
-45.3841
-45.1035
25.967
23.5394
21.3122
18.6836
16.0103
13.1068
9.83426
6.32894
3.81048
4.20992
9.08415
33.7257
-60.2874
-70.8302
-63.8366
-58.9584
-51.0086
-47.3046
-45.3793
-44.194
-43.4283
-43.859
-43.69
26.1668
23.8811
21.888
19.6554
17.5703
15.6926
13.9228
13.9718
13.2998
20.4352
32.4153
70.3388
151.285
17.4631
-26.2877
-39.2467
-43.5272
-42.0901
-41.3004
-41.1763
-41.1007
-41.0359
-41.9046
-41.9735
26.3797
24.2533
22.4596
20.5617
18.924
17.7145
16.879
17.5144
18.7699
25.7033
36.5134
55.4583
61.5908
27.1747
-7.08235
-22.9917
-30.5636
-33.8751
-35.5572
-36.8529
-37.8006
-38.405
-39.7094
-40.0829
26.5527
24.5763
22.9248
21.2656
19.9022
19.0325
18.566
19.5004
20.789
25.4995
33.2342
38.8027
33.6692
16.0411
-0.265547
-14.0695
-23.5767
-27.6348
-30.6787
-32.8608
-34.608
-35.7787
-37.4539
-38.1526
26.653
24.8024
23.2335
21.7207
20.4786
19.7284
19.228
20.1105
20.8102
22.9275
26.0793
26.0866
22.3395
11.9971
0.544032
-9.48034
-18.1199
-22.9233
-26.67
-29.3904
-31.6946
-33.2858
-35.2538
-36.2581
26.6656
24.9111
23.374
21.9333
20.697
19.9089
19.1898
19.4553
19.9297
19.5781
21.1011
21.8531
11.1878
7.83484
-2.19022
-8.04713
-14.3861
-19.522
-23.4756
-26.493
-29.1361
-31.022
-33.1908
-34.4621
26.5891
24.9022
23.3591
21.9387
20.6376
19.7341
18.7341
18.5143
17.7783
18.8419
11.1285
18.421
13.3404
-0.668361
-0.210596
-7.52528
-12.5859
-17.2759
-21.0578
-24.1583
-26.9554
-29.0295
-31.3173
-32.8089
26.4306
24.7875
23.2147
21.7856
20.3845
19.3601
18.0448
17.6196
15.7449
17.073
11.074
14.4756
10.8237
0.737404
-0.128212
-7.37646
-11.2416
-15.6849
-19.2037
-22.2907
-25.1206
-27.3065
-29.651
-31.3171
26.2022
24.585
22.9695
21.5191
20.003
18.8817
17.2634
16.7285
14.2406
15.056
10.0981
10.7094
7.6334
0.759558
-0.741752
-7.152
-10.2485
-14.5191
-17.7502
-20.7917
-23.5826
-25.8321
-28.1885
-29.989
25.9174
24.3137
22.6501
21.1756
19.543
18.3482
16.4764
15.826
13.036
13.3067
8.86918
8.45415
5.63639
0.189053
-1.39252
-6.98249
-9.60332
-13.6628
-16.611
-19.5887
-22.2969
-24.5789
-26.9168
-28.8183
25.5899
23.9916
22.2797
20.7832
19.0426
17.791
15.7274
14.9597
12.039
11.8979
7.90969
6.93073
4.31025
-0.251683
-1.92035
-6.86683
-9.18376
-13.0172
-15.7168
-18.6201
-21.2232
-23.5176
-25.8174
-27.7932
25.2323
23.6349
21.8778
20.3631
18.5293
17.2324
15.0343
14.1565
11.2064
10.736
7.11471
5.76524
3.29091
-0.62624
-2.36497
-6.78203
-8.90143
-12.5155
-15.0093
-17.8337
-20.3255
-22.6192
-24.8702
-26.8987
24.8559
23.2568
21.4597
19.9306
18.0207
16.6864
14.4014
13.4213
10.5009
9.7633
6.44278
4.8669
2.48581
-0.961966
-2.74456
-6.71943
-8.71011
-12.117
-14.4444
-17.189
-19.5725
-21.8567
-24.0541
-26.1187
24.4701
22.8682
21.0373
19.4968
17.528
16.1617
13.8271
12.7533
9.89565
8.94507
5.85973
4.15104
1.84364
-1.24137
-3.0614
-6.6721
-8.58028
-11.7953
-13.9903
-16.655
-18.9379
-21.2063
-23.3497
-25.4373
24.0829
22.4774
20.6192
19.0693
17.0577
15.6626
13.3072
12.1494
9.37142
8.25751
5.35586
3.58148
1.35833
-1.47109
-3.32488
-6.63688
-8.49272
-11.5315
-13.6219
-16.2083
-18.401
-20.6493
-22.7406
-24.8397
23.7003
22.0907
20.2114
18.6534
16.6129
15.1914
12.8364
11.6047
8.91182
7.67498
4.92999
3.12775
0.962786
-1.69613
-3.54757
-6.60864
-8.42891
-11.3076
-13.3165
-15.8273
-17.9415
-20.166
-22.2094
-24.3109
23.3273
21.7129
19.8181
18.2518
16.1948
14.7483
12.4091
11.1137
8.50447
7.17261
4.55999
2.74356
0.627908
-1.88693
-3.73144
-6.58596
-8.3808
-11.1152
-13.0597
-15.4975
-17.5437
-19.7415
-21.7413
-23.8384
22.9675
21.3473
19.4419
17.8666
15.8027
14.3322
12.0188
10.6682
8.14139
6.73532
4.23517
2.41436
0.34176
-2.04924
-3.88528
-6.56668
-8.34229
-10.9467
-12.84
-15.2071
-17.1949
-19.363
-21.3236
-23.4102
22.6234
20.9957
19.0836
17.4981
15.435
13.9416
11.6594
10.26
7.81312
6.34924
3.94615
2.12829
0.094252
-2.19089
-4.01612
-6.54925
-8.30922
-10.7959
-12.6476
-14.9464
-16.8841
-19.0198
-20.9454
-23.016
22.2973
20.6596
18.7446
17.1459
15.0907
13.5731
11.3281
9.88491
7.51434
6.00399
3.68529
1.87493
-0.125157
-2.31912
-4.12964
-6.53295
-8.27895
-10.6579
-12.4757
-14.7077
-16.6025
-18.7028
-20.5974
-22.6467
21.9889
20.3369
18.4225
16.8065
14.7648
13.2191
11.0192
9.53394
7.2385
5.68888
3.44641
1.64532
-0.322599
-2.43625
-4.22933
-6.51643
-8.2503
-10.5283
-12.3188
-14.4841
-16.3422
-18.4034
-20.2704
-22.2928
21.7069
20.0349
18.125
16.4855
14.4638
12.8856
10.7383
9.20985
6.9911
5.40447
3.22332
1.43124
-0.506985
-2.55678
-4.31946
-6.49798
-8.22149
-10.4029
-12.1732
-14.2712
-16.0998
-18.1181
-19.9615
-21.9511
21.4217
19.7152
17.8185
16.1388
14.1552
12.5241
10.4521
8.85984
6.74048
5.10537
3.01304
1.22435
-0.675772
-2.65394
-4.40508
-6.47306
-8.20031
-10.2749
-12.0371
-14.0552
-15.8626
-17.8259
-19.6501
-21.5942
21.2574
19.516
17.6375
15.9172
13.9772
12.2938
10.2986
8.65321
6.62885
4.95789
2.79628
1.01912
-0.866585
-2.90107
-4.47126
-6.4294
-8.1582
-10.1439
-11.9128
-13.8645
-15.6668
-17.5827
-19.3994
-21.3018
-131.123
-225.625
1.54167
-201.433
-362.103
-251.912
-162.367
-334.776
-368.231
-63.6224
-209.411
-321.388
25.2451
-71.3049
-192.148
70.1505
169.666
164.098
24.7537
-55.4347
51.2725
191.326
30.8229
92.2255
-50.781
-114.68
22.914
-162.793
108.003
-208.019
-126.579
-51.3805
-92.7337
-181.799
-128.581
-180.344
-261.194
-219.883
-451.693
-362.857
-332.329
-199.046
-149.553
-86.8914
-149.879
-182.703
-194.952
-271.1
-285.37
-496.856
-507.055
-310.203
-205.056
-207.025
-46.4418
-61.4592
-140.079
-115.169
-138.768
-202.413
-328.506
-420.509
-199.855
-155.288
-196.408
-146.859
-229.22
-74.7174
-85.7017
-138.301
35.7195
-40.1346
61.0325
66.6992
154.27
64.1881
40.7047
28.6816
-211.703
-120.39
-72.0043
-133.273
-228.119
91.1772
-114.591
-355.277
-187.217
-135.065
-178.531
-345.525
-284.26
-265.178
-187.949
-275.123
-294.798
-236.171
-274.44
-501.676
-456.19
-329.195
-441.363
-496.758
-352.066
-437.3
-313.649
-210.679
-265.027
-188.752
-274.767
-215.667
-294.155
-278.931
-425.091
-492.55
-364.659
-490.412
-414.715
-500.002
-494.138
-369.944
-133.696
-67.1328
-210.094
-143.422
-235.039
-322.55
-259.327
-319.899
-234.536
-409.602
-325.699
-275.699
7.55867
51.5154
-58.0796
0.376485
-51.9265
-135.291
-223.549
-145.22
-139.252
98.9176
115.559
56.4983
95.9892
88.3283
43.0761
-48.1406
-100.736
80.7536
-46.1811
253.594
-0.424776
20.3333
-50.0236
-15.1786
-2.11777
-58.1947
16.9945
-33.9511
14.0057
-28.5652
-69.1368
183.408
-75.3609
89.6937
-151.012
-100.699
-66.6586
-129.493
-102.321
-104.107
-65.5238
43.6674
65.5194
-60.1452
-23.8005
-41.0058
-89.2836
-121.977
-133.746
-54.6164
68.4459
95.005
-43.5383
24.9804
-12.3084
314.366
200.271
120.9
139.598
209.397
317.739
-83.5902
-52.8826
-93.3452
229.41
-55.3556
-13.1722
-417.955
-409.18
-512.603
-511.634
-369.53
-376.266
-180.9
-148.996
-184.087
71.4885
24.0642
-35.2265
14.0713
-5.09488
-207.538
-184.059
-251.609
-212.66
-254.779
-196.868
-201.224
-84.858
-36.1646
-103.443
-196.62
-287.917
-278.584
-287.517
-287.438
-255.21
-256.729
-481.556
-480.926
-476.292
-405.17
-382.607
-425.274
-411.02
-478.395
-400.181
-333.935
-294.772
-374.35
-345.106
-406.408
-251.256
-246.228
-294.843
-292.541
-461.787
-464.741
-462.797
-402.492
-420.01
-373.181
-395.511
-458.959
-507.148
-433.104
-428.401
-424.67
-432.471
-507.438
-108.961
-105.967
-109.524
-147.93
-65.8249
-104.359
-96.0094
-182.577
-152.407
-172.529
-276.261
-282.515
-370.004
-338.102
-365.168
-300.285
-328.708
-364.419
17.2816
41.2084
-31.4608
-24.4767
-60.4765
11.2613
-19.8508
-23.1903
-18.8765
13.2854
-87.5255
-89.9368
-42.0212
-143.646
-95.8589
-100.038
-94.3584
128.57
144.461
189.753
98.49
122.806
191.578
113.212
76.2135
462.491
29.3376
57.1193
28.1483
54.9535
83.8759
54.8046
100.232
77.7261
87.2085
272.649
46.6359
4.81799
-4.22471
60.4408
69.0714
227.963
146.733
142.571
73.2398
84.8383
123.896
120.953
193.801
473.286
324.683
214.642
291.186
362.49
486.353
-247.238
-205.606
-222.607
-441.434
-388.987
-384.742
-283.045
-237.94
-230.75
-241.415
-241.632
-284.967
-506.092
-508.657
-346.381
-402.397
92.8716
78.4003
5.99836
20.5822
61.0783
110.233
90.8845
103.578
-5.38888
-61.6358
171.083
-327.964
-357.426
-384.59
-256.957
-210.006
-144.803
-279.973
-227.792
-278.732
-278.261
-236.491
-242.913
-224.605
-236.209
-275.595
-281.686
-304.839
-296.587
-321.162
-320.264
-291.53
-294.086
-288.459
-266.83
-495.744
-466.798
-457.028
-427.352
-418.951
-461.863
-453.512
-490.409
-224.901
-211.435
-243.644
-265.955
-285.292
-302.493
-296.408
-325.717
-322.418
-306.598
-317.848
-285.682
-440.975
-482.111
-479.837
-445.709
-454.024
-405.116
-408.152
-432.232
-503.914
-468.191
-462.019
-458.54
-463.81
-502.251
-252.431
-260.524
-241.416
-330.606
-317.695
-307.112
-280.414
-261.097
-290.523
-221.167
-250.846
-268.851
27.6651
37.0154
15.0766
61.8115
43.4038
33.746
140.091
148.207
75.1257
89.1278
68.2133
128.555
138
112.863
98.1746
65.9115
352.33
114.855
26.1895
-5.75388
-1.69005
26.424
-10.1055
-13.1365
55.928
44.818
258.43
-7.33912
17.218
-88.1711
-80.4154
52.7826
58.0577
52.9675
58.0561
51.2038
69.1244
60.5352
55.6389
-43.8053
-38.1927
-61.2795
-68.3003
79.2815
83.4776
72.2932
89.2579
104.236
-154.397
-130.417
-52.7813
-210.089
-152.475
-177.586
-437.725
-390.893
-508.296
-512.51
-351.692
-396.455
-172.441
-169.849
-188.39
-146.555
-164.158
-164.809
-218.95
-237.747
-194.307
-211.739
51.8485
68.4121
86.0601
33.2825
60.5741
45.8571
66.1264
36.3783
-231.054
-201.922
-223.326
-164.912
-193.636
-223.007
-248.32
-259.02
-229.167
-244.431
-154.241
-117.129
-155.079
-170.297
-184.829
-329.393
-349.625
-320.415
-330.322
-281.104
-228.145
-322.105
-295.247
-241.213
-277.278
-319.048
-313.876
-308.229
-282.111
-311.977
-317.904
-307.162
-308.083
-326.438
-324.541
-317.108
-323.367
-291.787
-318.52
-314.228
-280.328
-290.43
-262.592
-275.932
-299.355
-304.595
-292.665
-298.91
-265.845
-287.2
-280.963
-495.253
-467.2
-441.452
-429.33
-462.049
-488.413
-452.765
-442.69
-266.457
-280.397
-261.386
-289.919
-275.751
-308.642
-294.59
-252.858
-233.256
-270.505
-257.471
-326.208
-325.356
-295.061
-329.923
-333.176
-326.573
-331.308
-323.392
-310.528
-330.164
-326.217
-289.002
-320.216
-324.733
-446.525
-474.814
-430.596
-440.54
-474.493
-440.27
-413.769
-425.336
-470.373
-467.395
-506.125
-504.346
-467.248
-468.338
-125.435
-124.049
-121.902
-106.77
-143.033
-127.183
-131.795
-81.9812
-79.5676
-68.1747
-101.565
-84.96
-87.7692
-205.992
-189.64
-227.073
-211.528
-167.196
-163.272
-148.12
-184.455
-168.362
-174.767
-285.083
-267.737
-258.951
-268.457
-284.432
-243.03
-260.875
-290.447
-301.039
-310.801
-288.801
28.5149
33.5168
24.2151
48.7763
37.2479
32.0524
50.3308
-4.24103
19.4544
0.583394
-124.015
-122.992
-140.489
-95.75
-116.969
-117.029
-116.193
-123.067
152.045
169.29
109.949
124.48
147.694
119.321
15.8104
-28.641
14.1684
-0.670503
37.2771
65.9479
635.428
468.46
387.558
497.27
543.651
656.488
81.5565
171.382
117.753
-177.916
-201.585
-241.592
-447.593
-449.963
-454.823
-502.793
-507
-178.135
-157.204
-175.934
-421.522
-415.721
-415.037
-235.555
-216.658
-211.867
-180.992
-139.282
-171.275
-252.916
-239.59
-218.716
-216.697
-263.381
-229.668
-242.312
-267.92
-256.621
-497.886
-460.967
-465.478
-460.481
-481.334
-478.815
-493.953
-410.921
-402.528
-425.93
-235.611
-204.169
-186.241
-227.622
-243.621
-229.366
-430.338
-427.801
-424.205
-489.673
-487.192
-470.54
-473.84
-501.441
-485.509
-483.73
-477.414
-480.733
-498.122
-201.115
-208.854
-222.687
-392.813
-381.364
-393.539
-190.182
-180.64
-210.827
146.593
147.612
115.447
96.3839
79.883
146.234
146.703
71.8797
99.9824
67.8788
-34.1571
-13.2925
-99.1927
-64.6886
-69.9521
-71.0645
-54.764
-53.9158
-59.3025
-22.4175
-27.2134
-28.7094
-87.9189
-82.0046
-82.955
101.996
87.7667
82.6212
198.987
313.233
263.524
-106.313
-123.909
-104.082
-72.8718
-225.46
-206.313
-27.4133
49.6417
68.4022
-429.486
-432.015
-425.043
-402.024
-416.27
-422.706
-516.037
-512.32
-376.015
-369.626
-362.987
-383.672
-388.452
-381.635
-184.667
-189.678
-148.37
-154.217
-154.193
-194.405
-199.191
-205.675
-210.06
-193.556
-216.007
-243.569
-244.28
-250.195
-188.994
-198.982
-221.447
-271.274
-276.56
-254.658
-257.436
-254.671
-60.528
-106.109
-138.895
-126.349
-118.573
-130.826
-181.026
-258.213
-247.296
-278.856
-271.124
-244.337
-280.393
-280.995
-484.788
-480.323
-370.827
-358.129
-380.914
-422.38
-393.331
-382.706
-234.624
-248.265
-261.586
-456.2
-466.831
-490.806
-490.765
-507.283
-508.441
-490.774
-490.681
-113.835
-114.882
-113.811
-108.282
-147.558
-142.592
-143.634
-188.064
-203.657
-192.597
-199.61
-194.589
-229.499
-225.415
-157.107
-157.561
-152.496
-189.963
-185.427
-359.009
-369.941
-387.114
-348.638
-338.821
-348.818
-38.9281
-37.8437
-28.7104
-58.6469
-48.0199
-44.2959
-68.9644
-73.2918
-89.1644
-47.8667
-60.8481
-62.0198
-137.305
-136.241
-142.21
-102.365
-94.9657
-139.541
172.285
173.964
183.862
120.947
112.516
120.626
107.091
134.503
124.445
116.977
180.563
151.567
91.8221
108.331
96.0794
192.159
376.653
100.822
63.042
65.9081
175.75
177.485
200.97
76.8309
76.5273
72.0902
85.2338
80.7843
80.6699
196.767
162.65
154.403
344.118
489.739
441.467
-445.823
-446.96
-444.382
-391.591
-393.357
-387.114
-405.703
-394.8
-506.121
-506.619
-351.284
-355.321
-336.562
-344.002
-408.582
-408.289
-402.013
86.5642
90.8276
97.32
80.6186
85.5005
81.1066
-365.971
-364.366
-355.475
-380.583
-372.697
-375.597
-495.453
-463.768
-466.633
-467.196
-491.769
-476.715
-474.708
-436.701
-431.249
-436.764
-488.704
-463.13
-467.17
-484.45
-488.149
-486.655
-502.292
-500.849
-483.469
-485.366
-325.017
-325.988
-329.373
-315.798
-320.817
-321.186
149.469
152.106
138.678
142.3
132.232
138.198
134.33
118.384
111.29
107.575
112.521
117.824
101.956
106.082
102.928
51.1019
28.5627
17.4135
84.9038
297.369
255.033
326.498
138.546
171.319
221.192
7.00159
5.36128
-3.03599
22.2766
14.0462
15.8331
-25.0244
-24.3055
-32.4617
-11.093
-18.4751
-17.7166
74.5689
92.2895
33.5505
-65.3081
-96.9002
-23.0581
-29.5098
-94.3117
-76.4533
-75.277
-82.067
54.1383
55.89
47.9515
50.5763
53.4536
-43.0921
-48.56
-49.3576
-26.1395
-21.2283
-32.1455
-33.0717
-30.7827
-37.5863
-58.9513
-53.5086
-54.9467
-51.9233
-59.5955
-39.1305
-45.5252
-75.8621
-75.0639
-67.5983
93.9402
94.886
89.938
105.924
100.197
98.929
-162.173
-133.219
-129.029
-197.738
-205.955
-185.696
-433.465
-432.008
-437.966
-443.519
-414.137
-411.808
-425.042
-418.182
-512.774
-514.247
-368.19
-373.672
-359.181
-363.425
-357.071
-363.947
-358.872
-397.043
-392.461
-390.328
-382.567
-170.581
-178.801
-159.336
-160.005
-165.731
-226.048
-226.642
-219.042
-237.941
-233.596
-232.389
-200.018
-200.44
-195.112
-212.143
-204.385
-205.286
-205.767
42.1101
38.3004
29.8464
55.9801
45.9501
-221.852
-231.05
-238.342
-236.973
-227.018
-210.598
-220.297
-265.413
-267.381
-273.715
-269.914
-255.209
-254.415
-262.578
-157.064
-141.205
-152.503
-115.37
-192.37
-181.541
-173.042
-339.428
-322.61
-311.689
-345.33
-335.284
-348.787
-352.702
-340.532
-262.864
-265.08
-283.525
-248.414
-263.585
-246.556
-310.355
-296.158
-302.661
-306.78
-315.696
-318.699
-308.522
-312.17
-312.357
-310.721
-309.423
-325.245
-323.905
-318.126
-320.413
-285.681
-291.394
-285.593
-292.948
-292.429
-288.576
-266.181
-279.306
-276.974
-285.743
-282.327
-270.427
-282.8
-284.774
-300.508
-302.769
-301.897
-308.285
-305.206
-302.366
-295.095
-298.573
-295.424
-303.086
-303.418
-297.856
-489.081
-474.364
-285.809
-287.366
-289.796
-276.224
-282.715
-281.166
-304.013
-292.452
-296.591
-298.23
-246.949
-248.643
-255.322
-235.361
-241.44
-240.132
-265.839
-266.179
-270.536
-259.493
-262.517
-261.541
-330.408
-332.032
-329.336
-332.497
-317.996
-313.689
-327.305
-325.935
-450.71
-470.049
-507.521
-490.696
-489.57
-487.545
-489.478
-506.92
-118.822
-124.501
-119.441
-120.19
-138.382
-137.045
-130.628
-212.042
-205.315
-200.384
-205.734
-211.687
-222.208
-226.914
-229.75
-217.36
-222.177
-216.798
-222.326
-218.552
-168.524
-162.935
-161.985
-180.596
-173.14
-279.816
-276.374
-282.342
-263.856
-270.274
-274.261
-275.668
-280.357
-246.809
-248.445
-242.345
-254.184
-302.89
-302.101
-309.45
-287.886
-294.605
-296.047
30.1975
29.178
32.6231
22.0572
25.8088
27.3804
46.4316
42.8841
45.3545
36.1878
39.8063
41.2967
45.6458
-6.52273
-1.67556
-16.3884
-11.2933
14.6257
13.2445
17.5624
3.42279
9.92042
8.72144
-123.421
-130.127
-130.965
-109.27
-130.369
156.246
161.936
115.287
120.724
112.47
130.006
124.943
119.818
128.861
134.935
136.974
125.266
56.0616
73.6272
59.6096
80.7706
90.811
67.141
89.3624
70.2285
56.7695
59.7733
34.3709
33.3556
32.3702
43.051
46.4409
51.4533
88.3482
78.0632
108.165
173.246
101.621
173.298
97.0689
76.1176
72.0928
21.759
30.4628
10.1591
-6.34208
2.79964
12.1457
11.6098
38.0754
15.3015
41.4903
87.4071
101.756
166.107
146.57
275.341
199.81
159.889
70.8429
36.97
47.7292
-34.794
-36.7156
-18.883
-19.176
-41.6991
-0.845019
-17.1282
-21.0744
0.903425
4.51197
7.38514
37.3332
-95.4393
-88.7666
-36.4101
-113.187
-83.9231
-59.2039
-44.1306
-76.8276
-53.3649
-77.3819
-96.5163
-81.9481
-159.594
-179.744
-165.648
-287.602
-224.183
-178.496
-174.133
-125.496
-107.198
-47.9189
-73.3924
-79.3931
-95.6474
-116.253
-117.171
-201.868
-223.882
-224.485
-339.316
-270.869
-262.866
-181.935
-138.683
-136.334
-31.5652
-40.8551
-66.9703
-69.1913
-80.6842
-93.1766
-139.901
-151.675
-165.034
-260.166
-220.949
-245.691
-142.696
-120.517
-132.909
-7.07702
-2.31773
-30.8801
-38.6969
-38.8457
-52.6619
-135.921
-126.251
-163.269
-84.933
-84.7809
-103.7
13.3748
23.8708
5.8075
-20.6511
-41.0383
-62.4003
-35.0701
-48.7047
-65.8768
24.0353
29.8714
26.2779
37.4875
55.1687
60.2486
68.5665
85.0262
100.158
115.515
110.691
118.411
28.6307
-1.37258
-19.0864
-13.8487
-23.4691
-34.5316
26.0744
30.4663
31.0668
35.5333
40.1819
50.8301
42.0884
42.0634
65.444
39.4917
29.1918
37.573
21.3138
7.95064
0.924321
-2.0312
-11.0905
-16.15
29.4143
29.3226
34.039
29.5491
31.8208
36.6765
26.8785
20.6126
27.0613
13.7831
8.6174
9.52644
-149.123
-129.737
-113.572
-195.822
-219.012
-266.263
17.9428
-19.1469
-31.1
-223.254
-220.233
-198.494
-353.459
-392.782
-407.59
-279.959
-317.833
-275.109
-177.78
-189.573
-172.263
-346.693
-383.811
-362.138
-410.523
-416.349
-371.706
-66.3789
-80.0399
-76.4269
-225.711
-244.597
-217.486
-353.73
-328.497
-306.876
-87.8064
-86.5545
-68.8889
-200.417
-180.764
-174.331
99.7855
91.0232
59.1064
188.151
172.996
159.108
155.232
155.42
185.626
-51.1558
-33.6507
-40.0029
105.995
166.802
94.9571
745.17
634.978
641.222
162.046
194.707
272.463
755.019
783.409
52.9868
76.6796
51.9609
142.712
167.696
89.473
-64.0096
-43.3043
-34.3548
-61.1773
-51.283
-77.6564
5.96674
-22.49
-40.768
-129.776
-141.278
-198.795
131.871
87.3447
70.662
-163.623
-106.919
-125.164
-101.564
-107.196
-138.843
-45.1295
-75.1333
-76.2294
-114.22
-107.298
-86.5071
-168.285
-130.696
-138.665
-100.067
-117.832
-161.237
-201.415
-191.564
-170.753
-256.93
-243.416
-247.986
-205.312
-213.25
-226.451
-372.169
-381.411
-370.428
-260.985
-232.839
-301.979
-186.39
-213.4
-228.438
-167.899
-193.085
-169.904
-103.716
-111.596
-92.5406
-172.179
-133.984
-123.771
-141.792
-140.166
-177.489
-216.208
-221.124
-199.226
-276.147
-258.892
-254.606
-269.074
-269.291
-286.028
-255.173
-266.261
-334.846
-209.871
-239.431
-232.372
-237.769
-241.435
-210.791
-52.3227
-66.8525
-58.1724
-96.3165
-77.1691
-59.1928
-110.302
-94.4779
-107.958
-123.434
-137.719
-127.685
-166.447
-148.773
-126.261
-194.027
-186.033
-194.922
-334.872
-342.025
-334.359
-176.186
-208.87
-245.722
-170.952
-188.69
-169.389
-220.945
-206.138
-184.957
-158.32
-163.569
-146.009
-231.784
-226.024
-223.788
-86.3064
-108.062
-120.371
-102.974
-107.489
-86.8958
-148.882
-127.735
-120.676
26.5144
34.0006
43.8784
-37.5838
-25.0812
-28.3477
66.6516
79.2526
65.6828
92.1264
84.486
73.6278
135.339
116.265
117.446
66.8487
73.2505
89.5538
41.0338
62.9888
51.9056
70.9925
65.094
40.065
-202.549
-187.205
-196.779
-87.0335
-129.106
-168.36
-93.9836
-107.38
-81.8333
-152.956
-183.028
-156.295
59.509
64.6466
104.191
-130.962
-106.877
-91.9858
-346.875
-355.946
-364.098
-196.169
-213.326
-204.143
-144.606
-181.462
-167.317
-207.367
-193.532
-167.038
-312.402
-297.42
-316.159
-282.674
-267.32
-268.529
-251.904
-255.608
-268.999
-194.166
-215.636
-209.345
-278.223
-284.718
-282.345
-304.367
-303.46
-292.992
-280.408
-278.103
-271.13
-365.305
-387.253
-342.472
-446.257
-439.949
-433.647
-374.326
-344.506
-329.443
-431.206
-424.975
-432.951
-295.643
-328.392
-357.493
-219.075
-210.164
-202.353
-249.502
-244.06
-258.304
-181.246
-200.155
-209.101
-272.661
-281.256
-285.051
-219.933
-224.352
-220.076
-295.903
-305.917
-304.967
-288.876
-291.973
-280.631
-406.037
-390.67
-356.79
-409.432
-411.962
-419.44
-372.306
-415.863
-410.28
-124.049
-125.997
-141.068
-68.7976
-77.7101
-76.1701
-203.157
-213.378
-215.581
-146.22
-161.483
-152.975
-240.375
-242.952
-237.413
-327.439
-322.104
-317.516
-282.791
-254.476
-242.664
-307.266
-296.744
-306.934
-230.158
-241.173
-245.978
-404.444
-400.075
-403.843
-317.542
-328.344
-343.158
-291.568
-319.366
-292.387
14.5473
17.4553
10.2255
55.1186
49.1619
45.6461
-48.9486
-48.8516
-58.8638
2.78901
-4.99023
-7.15884
-63.7951
-62.8713
-50.1813
-140.098
-125.812
-123.804
-212.32
-208.36
-219.306
-140.214
-170.224
-179.93
-156.726
-161.519
-142.572
109.764
134.439
120.737
133.073
136.42
109.827
63.3328
67.3795
61.0154
72.0723
106.719
111.453
-53.3773
-22.9046
-22.1581
-29.1295
-23.3442
-72.8345
50.3094
13.5893
-1.85852
288.059
232.483
209.5
-7.13139
-7.58872
7.24298
-41.2476
-23.8839
-17.1765
-13.0897
-25.6448
-26.7117
-24.9108
-23.6765
-10.0462
-53.635
-38.2332
-32.8531
9.50678
11.8937
19.848
-32.8793
-26.0109
-26.9339
-8.51688
-22.9822
-9.97379
139.097
151.491
204.09
-113.109
-82.8615
-47.8216
-14.8259
-26.1177
36.3893
-122.47
-50.544
-51.7619
-65.6345
-60.7259
-103.165
-92.8377
-86.6533
-67.2461
-117.925
-94.7195
-101.791
-89.41
-94.4658
-108.952
47.095
49.1294
46.0974
67.0051
63.7003
61.8838
-48.0849
-46.8866
-39.9636
-123.699
-104.995
-104.824
-99.5282
-99.4304
-130.145
-63.7865
-89.4814
-88.2739
72.1942
73.5838
70.1818
97.1651
92.8096
90.4418
-10.2424
-26.2264
-45.858
8.00186
-8.1205
-0.0590289
-25.5881
-17.3358
-2.3427
271.622
318.769
427.894
189.838
279.55
248.963
203.19
278.432
180.788
164.919
199.828
169.723
260.366
306.619
206.286
436.034
347.119
283.171
-49.6138
-120.509
-92.1964
111.132
112.003
163.861
-40.4326
-6.59433
-17.4437
28.1285
38.0271
-7.41789
-187.74
-169.316
-169.9
-193.442
-197.422
-194.965
64.5163
69.6118
75.7843
27.2939
34.831
31.0817
-14.7127
-21.7365
-34.7481
4.59265
-8.59451
-7.67466
-16.6441
-12.5603
-0.142996
-211.43
-190.585
-169.643
-208.369
-234.774
-217.392
-184.479
-167.586
-178.986
-67.4161
-89.601
-104.567
-65.4605
-77.261
-47.7813
-301.007
-311.962
-300.217
-265.505
-278.028
-290.109
-295.929
-294.364
-285.103
-289.683
-298.372
-296.978
-262.79
-259.934
-250.873
-260.806
-267.77
-265.105
-461.295
-458.506
-473.572
-398.206
-416.934
-424.478
-401.542
-408.381
-390.645
-421.105
-442.445
-447.188
-431.001
-437.067
-416.553
-481.272
-466.417
-463.625
-389.663
-381.547
-393.503
-321.68
-340.07
-352.333
-312.832
-327.041
-308.838
-365.243
-384.127
-393.146
-363.779
-374.423
-355.721
-412.426
-402.162
-394.252
-256.135
-260.317
-254.118
-243.106
-247.305
-251.524
-305.86
-306.212
-294.312
-292.429
-303.482
-304.647
-446.733
-450.326
-466.176
-408.794
-430.898
-423.439
-443.837
-437.828
-414.861
-380.586
-397.099
-387.13
-415.283
-406.384
-388.349
-453.701
-438.675
-442.878
-432.411
-456.466
-457.569
-451.159
-454.315
-431.001
-428.191
-453.073
-449.044
-457.399
-455.956
-430.997
-106.938
-121.404
-114.667
-71.5106
-71.1657
-65.7578
-102.971
-97.6521
-99.1473
-85.911
-87.4574
-97.7257
-162.618
-166.715
-182.774
-279.093
-273.718
-270.961
-288.413
-290.857
-284.675
-365.692
-370.991
-375.754
-347.278
-358.881
-349.089
-378.026
-368.596
-356.529
-309.841
-318.99
-308.581
-339.245
-329.288
-319.437
-359.258
-354.318
-359.202
21.1739
22.8483
18.9988
43.3087
40.529
38.5553
-30.4448
-39.3433
-40.0411
-29.1263
-30.2243
-25.4209
-60.8254
-55.4371
-55.1072
-1.04647
-2.36523
5.53859
-19.947
-11.019
-5.59057
-15.029
-13.2887
-21.8568
-13.9644
-12.4883
-17.454
14.7795
10.5403
9.25886
-87.6449
-75.6772
-75.6129
-83.4579
-83.7995
-89.7896
-43.0648
-50.1714
-48.9202
-95.9287
-102.593
-102.596
-112.531
-111.859
-100.017
133.899
145.536
136.992
161.764
148.734
139.009
103.215
105.397
101.255
103.329
114.215
136.768
81.2452
86.9323
83.0892
51.4103
40.3724
46.0197
20.3209
31.2916
48.0417
74.8711
65.2306
73.107
46.7026
56.251
64.5269
95.2028
103.22
109.729
80.4385
94.3032
86.9735
107.753
95.942
82.8281
30.5307
26.1846
36.7554
2.81074
14.8859
24.6182
6.22013
10.1475
-1.16373
204.807
217.721
266.258
149.374
166.593
165.257
151.756
161.453
148.385
127.729
140.132
134.759
141.732
144.904
128.006
249.894
189.367
188.223
431.281
468.658
588.84
322.463
386.245
375.79
328.222
415.048
301.635
321.561
365.322
332.465
412.733
479.184
369.058
605.455
524.183
461.222
-233.118
-238.619
-252.363
-213.111
-225.058
-219.279
-234.441
-229.644
-216.068
-377.393
-389.657
-399.515
-265.37
-262.624
-280.145
-237.407
-250.897
-253.061
-243.746
-247.372
-232.579
-243.407
-256.553
-256.003
-255.129
-255.853
-240.877
-285.88
-268.657
-267.508
-353.975
-348.856
-340.985
11.995
23.4157
16.6605
37.5223
29.5608
17.3224
52.3975
41.3261
49.3401
104.585
114.163
127.578
97.1069
106.183
97.7868
115.125
108.121
99.2022
-13.3025
24.8447
26.9965
26.8888
26.4158
-20.6796
121.877
75.4737
61.1532
-339.626
-348.009
-339.139
-239.912
-217.476
-233.298
-187.83
-201.88
-223.727
-155.19
-179.507
-168.19
-264.228
-280.921
-297.211
-244.019
-263.428
-247.334
-298.924
-279.876
-260.63
-263.796
-265.863
-280.662
-240.449
-252.691
-250.279
-255.584
-254.026
-239.886
-230.261
-242.078
-238.119
-248.16
-244.972
-231.405
-272.454
-258.684
-261.561
-288.875
-286.691
-278.786
-302.569
-294.754
-296.438
-290.991
-292.907
-299.193
-320.512
-309.315
-310.02
-308.222
-308.95
-320.568
-293.517
-302.933
-301.879
-291.895
-287.006
-289.063
-283.184
-285.12
-290.001
-270.298
-276.288
-274.085
-447.297
-443.394
-450.979
-420.897
-432.245
-437.017
-457.986
-471.789
-474.423
-467.077
-469.725
-457.542
-221.953
-233.978
-238.853
-222.192
-228.032
-215.331
-251.202
-238.046
-231.75
-273.029
-276.852
-268.168
-290.214
-282.885
-279.297
-290.927
-287.089
-296.745
-306.816
-306.349
-295.035
-325.618
-312.868
-313.165
-310.902
-311.997
-324.013
-310.356
-297.447
-294.303
-303.676
-300.699
-314.171
-284.417
-295.191
-297.689
-447.736
-462.671
-459.243
-469.114
-466.227
-452.527
-419.375
-416.498
-403.445
-426.003
-419.16
-423.732
-465.139
-479.698
-481.417
-476.355
-478.493
-465.508
-459.567
-475.027
-472.456
-479.339
-477.687
-463.558
-255.323
-249.011
-246.54
-253.265
-250.453
-257.099
-238.926
-244.301
-246.74
-312.336
-316.344
-310.821
-275.018
-286.952
-291.998
-271.089
-277.502
-266.993
-298.153
-287.66
-280.874
-230.175
-235.702
-225.553
-256.516
-246.113
-240.552
-257.702
-252.473
-263.58
31.1333
24.3792
21.1863
29.7096
27.1881
33.6437
13.0081
20.2744
26.3107
55.4301
52.2288
58.5151
39.7107
45.9422
49.1275
39.7921
43.2184
37.2548
142.391
147.199
145.414
152.239
149.429
144.994
79.747
73.3705
68.2857
81.8168
77.8499
84.6778
64.7715
71.2499
74.8108
143.946
141.801
135.436
162.614
175.242
117.127
-4.27772
3.78242
1.91318
-20.2051
-19.5172
-12.1029
48.172
97.974
96.0411
224.436
158.35
168.877
-17.0747
-42.7291
-0.997777
54.7842
51.8863
49.6749
55.687
53.1031
55.7423
65.9974
64.5139
67.875
58.4714
61.405
63.1707
59.0638
60.6653
57.6082
80.7626
76.9728
75.2744
79.3953
78.4262
82.3426
71.2923
74.799
75.6282
-106.819
-117.263
-141.049
-62.8239
-91.5826
-81.7308
-191.769
-207.277
-229.03
-163.285
-186.851
-173.209
-406.516
-411.29
-396.357
-176.051
-177.478
-171.027
-189.569
-183.839
-182.311
-152.596
-153.372
-147.331
-165.415
-159.401
-158.488
57.2816
63.8506
59.3462
73.8206
69.2716
62.8641
81.3208
75.2241
79.8133
55.2715
46.8554
51.429
37.3644
42.4201
50.4362
-209.704
-219.179
-213.074
-231.075
-224.914
-216.674
-175.521
-189.125
-178.668
-205.937
-198.276
-184.879
-251.768
-266.503
-263.318
-234.743
-245.03
-237.458
-258.719
-250.972
-239.408
-142.75
-156.527
-171.556
-131.21
-142.679
-129.311
-167.291
-154.764
-141.696
-308.903
-322.121
-331.411
-253.074
-266.061
-255.106
-291.612
-277.926
-264.878
-301.413
-289.913
-305.185
-313.191
-301.653
-302.633
-298.319
-300.199
-311.072
-284.894
-292.827
-290.717
-300.91
-299.475
-289.565
-316.71
-305.572
-307
-303.324
-304.357
-315.201
-272.285
-269.901
-262.091
-285.536
-279.192
-281.386
-274.094
-276.778
-283.233
-436.555
-448.633
-452.328
-440.62
-444.963
-434.753
-468.451
-454.95
-450.869
-472.447
-469.291
-484.549
-448.337
-461.426
-464.702
-455.227
-458.597
-447.259
-271.351
-267.325
-262.981
-275.457
-271.571
-275.961
-258.947
-264.801
-268.737
-326.032
-312.747
-312.387
-312.959
-312.912
-325.536
-296.033
-306.686
-306.622
-300.103
-301.703
-289.622
-321.376
-307.757
-306.065
-311.106
-309.516
-322.898
-433.033
-447.097
-443.404
-454.992
-451.268
-438.182
-469.992
-454.281
-458.489
-429.077
-433.927
-447.268
-416.989
-429.341
-424.521
-438.954
-434.6
-422.577
-468.517
-483.777
-484.23
-482.393
-483.656
-469.965
-466.892
-482.615
-481.399
-483.845
-483.865
-469.639
-117.131
-118.201
-122.991
-107.702
-113.064
-112.117
-137.892
-139.441
-144.542
-128.471
-134.089
-132.58
-81.0676
-76.2352
-77.1307
-71.6653
-79.0189
-81.9482
-96.1642
-97.2633
-102.496
-86.7875
-92.0077
-90.7513
-93.7911
-92.2284
-86.5983
-194.731
-200.084
-194.891
-158.254
-160.303
-166.128
-149.627
-154.816
-153.166
-179.237
-184.008
-189.463
-171.723
-178.059
-173.829
-264.733
-267.864
-261.788
-304.488
-297.7
-295.144
30.0268
26.4389
24.864
35.4809
37.2407
33.655
-2.74787
-7.63996
-9.13148
5.1892
6.71938
2.23335
-128.693
-129.348
-123.351
-141.213
-135.234
-134.551
-103.094
-103.143
-96.7533
-116.81
-109.806
-109.733
-109.881
-109.533
-116.546
156.833
161.005
155.951
177.052
168.059
162.556
136.738
145.658
162.117
124.419
133.951
127.614
-1.17133
21.1648
62.3029
-10.5153
2.43134
-18.3344
49.5421
34.3574
22.3039
51.2336
44.2897
60.044
596.12
627.717
686.841
462.687
536.424
529.59
446.362
525.505
437.455
552.366
640.149
658.267
596.707
633.877
557.347
717.532
698.464
645.854
166.054
126.164
135.46
82.4253
106.172
172.478
-234.825
-220.657
-227.331
-185.59
-177.642
-169.134
-229.624
-227.749
-233.479
-215.323
-221.642
-223.308
-217.687
-219.937
-213.853
-165.39
-176.918
-192.38
-248.492
-237.42
-243.017
-228.715
-234.657
-244.381
-233.729
-220.724
-203.118
-250.958
-236.037
-248.625
-215.364
-226.247
-239.974
-251.866
-248.503
-237.008
-264.258
-254.857
-258.387
-245.594
-251.21
-260.602
-429.629
-422.531
-416.228
-224.858
-217.768
-227.441
-199.45
-208.788
-215.389
-194.301
-201.409
-191.7
-232.973
-230.126
-224.812
-240.498
-235.485
-238.466
-225.54
-229.203
-233.745
-213.753
-209.656
-205.041
-219.601
-214.906
-218.487
-389.2
-393.702
-398.414
-186.109
-197.234
-201.018
-215.192
-204.909
-201.177
109.7
103.627
108.945
91.3276
97.833
103.251
86.3265
91.624
85.6362
81.9523
72.3424
62.5787
88.3452
80.7776
91.4577
97.0264
95.1161
99.698
86.4119
90.7142
92.2893
86.9575
88.736
84.5757
232.06
219.889
184.422
311.843
260.16
269.197
205.908
239.959
294.589
-2.31824
-2.51503
-32.7279
66.7957
28.5064
21.9395
25.0314
30.3962
71.8293
-207.871
-202.418
-199.581
-204.011
-203.199
-209.05
-192.66
-197.73
-198.716
-116.43
-98.1619
-88.0781
-122.845
-107.721
-127.062
-276.867
-268.529
-271.442
-261.77
-265.392
-274.431
-248.979
-257.294
-254.179
-387.544
-377.07
-369.001
-413.273
-406.069
-417.462
-238.453
-242.735
-238.015
-252.611
-249.664
-245.24
-258.464
-254.106
-257.017
-193.208
-189.032
-184.211
-199.482
-194.665
-198.518
-381.647
-377.736
-382.792
-343.206
-348.096
-353.808
-39.8804
-34.6024
-33.6963
-49.7819
-50.4081
-44.848
-70.0132
-77.5486
-76.4437
-90.9623
-86.923
-79.1107
-55.4118
-56.4741
-63.4671
111.787
108.997
106.595
116.488
112.645
116.435
104.233
108.654
112.076
131.481
126.288
129.966
119.413
123.751
128.314
97.2966
92.527
87.0061
102.919
97.6631
102.687
87.5791
91.8064
96.1863
183.305
199.482
189.324
185.653
194.769
180.895
223.778
202.108
189.996
176.903
182.439
218.064
159.987
172.882
162.191
170.691
175.828
160.125
396.368
387.019
341.129
491.016
432.521
440.709
379.461
412.762
475.01
50.119
54.2863
49.6509
57.6997
58.4221
51.304
55.7237
49.7813
43.9547
40.8634
31.4211
29.4896
40.5965
47.4716
46.7233
20.118
8.14383
11.372
23.7994
26.6622
31.9423
93.7967
103.047
93.6741
114.344
107.924
95.5991
-15.9421
-21.8485
-14.4272
10.6826
10.1269
19.4515
38.5856
48.1528
56.0876
213.682
206.741
187.089
-41.5445
-42.3649
-31.1533
-5.49121
-12.2778
-0.881783
-36.7055
-41.6662
-15.6212
-76.5069
-67.9005
-54.8994
-18.0023
-29.5268
-22.317
-252.25
-230.134
-210.792
-106.15
-89.279
-79.7484
-20.9805
-32.48
-32.9819
-340.871
-313.952
-310.469
-115.932
-97.2327
-95.205
-14.1916
-21.6084
-28.3902
-286.994
-270.401
-281.054
-103.595
-89.6615
-95.1655
-2.24611
-4.47839
-13.2571
-22.4638
-23.2479
-37.6248
-168.062
-162.272
-176.952
-77.9251
-71.6929
-81.4609
9.21123
10.7215
3.74769
17.3344
23.4478
14.0046
41.6379
48.8038
40.2531
-50.6478
-51.1962
-61.2976
16.9103
19.6375
16.0462
35.822
42.3264
40.071
137.943
134.64
144.824
23.494
9.8756
2.91288
-29.9417
-34.1738
-42.0618
20.42
22.803
21.705
50.3518
53.1304
58.9711
54.3527
49.8119
54.8817
25.5342
17.4024
17.2731
-17.7416
-22.7127
-28.0489
24.4076
26.1658
28.4662
0.275889
-5.81957
-7.87605
23.4133
22.7573
25.912
23.3497
19.7156
25.8815
16.4135
17.1715
18.8592
9.9407
6.64621
7.46739
30.9692
20.8145
15.9956
17.8768
30.0529
36.674
64.646
86.7926
69.8361
186.563
205.062
212.898
-98.3167
-85.6273
-101.842
-189.946
-167.196
-181.817
-178.548
-159.735
-165.049
-112.858
-126.505
-141.416
-305.173
-297.455
-324.409
-158.258
-143.582
-137.745
-163.991
-166.323
-182.824
-290.823
-299.009
-319.991
-127.966
-120.328
-130.045
-147.916
-143.136
-134.491
-191.424
-205.548
-215.391
147.246
137.48
140.284
41.1372
44.4161
34.5567
-106.848
-123.744
-138.504
-335.438
-324.969
-337.009
-359.664
-349.853
-340.902
-314.913
-308.899
-314.171
-320.361
-325.683
-331.669
-143.21
-153.987
-156.637
103.849
110.403
106.167
101.932
96.7886
90.2638
53.0766
62.4469
53.4809
-79.3679
-68.7211
-88.6316
69.8217
48.8687
53.9885
2.8957
-9.62412
-11.0483
-9.51556
-11.3862
-3.91007
-58.0231
-49.6146
-49.5877
-40.2186
-33.0359
-19.9896
-66.8175
-48.7209
-53.8038
56.4964
43.5335
74.7626
-139.256
-110.571
-120.366
-75.1293
-74.1127
-65.9754
-125.741
-117.036
-120.185
-122.088
-121.533
-132.396
-56.7116
-68.1007
-66.0913
-32.22
-35.3278
-46.8519
312.225
342.072
351.516
141.679
171.58
145.877
355.99
352.326
318.788
192.578
174.931
199.905
-28.3197
-29.4716
-36.6307
12.6068
4.6362
6.86851
7.29048
5.61518
9.87193
-21.1141
-16.1776
-15.049
36.5768
31.0478
24.0674
63.5546
56.6126
48.651
249.518
291.129
240.781
26.021
29.3318
19.0491
-34.7549
-20.9985
-46.2076
142.877
115.125
131.145
35.7742
35.5064
41.398
13.3918
17.5573
18.9794
28.3806
17.7249
3.69935
10.4968
21.2508
9.5287
106.479
95.3299
70.0268
97.7961
113.209
139.888
-187.673
-199.688
-191.597
-213.608
-206.635
-192.971
-172.097
-179.283
-186.595
-163.419
-171.306
-163.789
-151.893
-163.765
-152.26
-183.372
-173.702
-160.182
-190.428
-194.325
-183.978
59.3427
69.9339
77.1701
229.211
246.722
291.843
86.0961
74.5282
73.9074
125.482
114.256
100.964
132.014
125.684
153.184
99.5875
111.689
115.621
150.316
122.237
130.97
89.7984
106.938
118.407
86.2845
95.497
82.5439
52.6645
54.6342
70.4851
20.5869
36.5556
28.3317
80.08
49.8485
30.7868
70.4052
62.2672
87.0289
162.193
142.149
141.219
259.52
231.641
242.627
186.591
210.23
230.621
174.535
191.086
173.132
-92.6936
-67.0779
-65.7407
-262.956
-247.346
-270.979
-314.087
-314.949
-341.324
-246.226
-258.589
-273.925
-132.604
-147.501
-151.986
59.0378
49.7021
47.7163
49.0955
50.3718
60.4195
90.6311
83.3425
79.8245
89.3636
86.9115
95.9187
121.523
126.251
127.211
111.681
118.457
111.586
129.09
124.107
114.929
16.6323
14.2848
28.0866
-6.75812
3.02141
6.79306
-9.72245
-2.25258
-11.5719
45.1728
42.4698
46.9028
41.9793
47.416
45.7832
48.7006
48.6537
43.1481
61.9791
55.3119
56.9327
38.7459
43.7019
46.3611
31.3759
36.8804
32.0618
46.512
41.8027
34.3154
-253.252
-237.818
-251.704
-398.679
-381.879
-373.878
-390.12
-383.45
-402.982
-293.628
-279.494
-264.561
-303.003
-289.228
-305.706
-377.252
-361.943
-365.887
-348.623
-353.354
-369.469
-413.641
-395.46
-390.285
-397.58
-394.117
-414.98
-345.748
-334.066
-339.591
-318.288
-324.549
-336.845
97.8317
87.195
88.9784
79.4368
84.9851
97.1964
64.9786
74.105
69.0954
181.012
179.893
175.211
174.125
177.339
175.332
159.237
108.89
84.2985
136.959
127.068
159.38
84.7264
103.476
113.826
173.697
190.03
174.862
224.441
207.294
185.05
241.2
228.175
252.794
153.692
135.385
129.37
138.546
137.824
161.395
94.5034
115.114
112.567
-53.0969
-71.3652
-80.8063
-19.157
-17.1943
-36.165
-161.378
-151.414
-131.933
-187.209
-168.228
-180.017
-154.001
-143.395
-118.319
-149.835
-157.985
-174.597
-151.767
-134.26
-145.174
-314.311
-288.035
-276.307
-155.444
-151.937
-166.155
-180.585
-162.511
-161.778
-328.345
-305.93
-310.831
-89.7363
-79.9687
-84.7604
-119.031
-109.688
-100.748
-160.461
-151.842
-157.129
-141.853
-146.995
-155.082
-130.438
-138.604
-133.442
-230.814
-219.565
-233.056
-157.875
-156.813
-162.562
-144.906
-150.912
-151.991
90.0265
82.3961
82.7892
78.9897
80.4867
88.4658
128.462
133.782
142.395
119.422
126.121
121.481
129.508
129.607
126.037
79.0926
71.7362
68.6528
80.4642
78.6539
86.2188
70.0763
57.3733
55.5029
56.5997
57.2876
67.5079
-140.288
-126.67
-114.917
-154.275
-138.945
-152.895
-174.787
-163.457
-173.073
-144.9
-156.837
-167.069
-373.407
-357.539
-347.275
-370.975
-361.747
-380.145
-364.101
-355.376
-366.724
-339.075
-323.779
-311.227
-341.875
-330.529
-348.169
-401.87
-383.863
-385.54
-373.839
-376.77
-396.157
-415.26
-396.215
-394.624
-391.501
-391.669
-412.805
-130.884
-128.524
-123.15
-138.763
-133.875
-135.999
-151.284
-148.657
-143.991
-158.367
-153.826
-156.46
-273.614
-266.757
-274.432
-294.133
-302.77
-309.97
-337.702
-331.98
-337.065
-310.737
-301.694
-308.495
-284.471
-291.751
-301.348
-134.408
-132.374
-138.833
-116.304
-126.108
-129.061
-150.163
-152.736
-142.236
-173.629
-163.272
-160.401
-168.245
-164.775
-175.487
116.65
113.618
105.819
130.1
121.924
125.28
113.702
118.155
125.637
136.159
127.169
126.525
126.908
125.235
135.156
82.5625
86.024
78.4289
110.937
98.1258
94.4494
102.718
101.425
112.705
-20.9232
-46.638
-55.5854
26.2201
25.2273
1.51274
-26.076
-18.2364
-17.0105
-41.1515
-41.6291
-33.4605
-18.2674
12.667
20.9188
-98.3382
-103.83
-130.133
-49.0984
-76.782
-74.3484
-87.2365
-80.7224
-49.8286
-91.1202
-82.3018
-83.7901
-110.722
-108.309
-99.7467
-99.8034
-110.736
-110.839
-77.117
-78.0156
-88.9065
292.875
317.39
293.093
358.12
337.041
307.201
385.651
368.108
399.688
274.499
247.279
245.921
243.801
202.788
166.744
239.925
226.596
268.434
165.659
193.384
207.968
281.625
260.768
242.287
270.176
266.398
295.22
201.735
235.911
237.651
420.554
382.734
391.432
328.447
356.601
385.056
303.572
332.159
309.138
-77.4951
-75.4585
-52.2401
-113.11
-93.4533
-99.0442
107.336
139.371
152.343
-181.483
-180.761
-187.119
-168.485
-174.579
-175.325
-15.946
-23.1874
-21.7166
-0.229438
-1.8687
-9.49795
-204.664
-194.201
-202.488
-179.551
-188.655
-198.112
-229.015
-218.653
-225.391
-207.229
-214.672
-223.65
-117.678
-109.435
-119.119
-172.025
-168.414
-163.625
-178.752
-173.881
-177.499
-2.75128
1.88638
3.35371
-10.3819
-11.8509
-6.90824
142.357
137.447
141.163
132.037
135.456
139.739
156.704
150.081
155.409
143.366
147.714
152.73
121.616
115.04
107.302
128.314
119.769
128.576
100.357
103.293
101.308
156.297
162.866
170.801
146.37
138.928
131.51
514.606
487.627
442.616
535.342
527.79
566.928
376.297
326.559
280.181
359.919
354.047
405.143
441.825
422.222
454.47
602.157
552.973
548.689
492.018
527.469
566.669
122.441
121.076
120.559
32.4063
4.91837
-5.03579
95.5765
88.041
61.4605
28.2288
32.3531
33.0137
22.6168
20.9325
24.9878
44.6442
46.0554
42.3557
47.1064
46.3161
41.5333
43.7868
39.7834
35.6643
33.768
27.6634
25.4276
41.8125
45.3685
43.5614
21.538
13.1258
14.1845
31.6783
34.9923
36.722
-1.68291
-8.72065
-4.11523
67.2608
54.447
53.3547
-6.79584
-14.8481
-6.83546
-72.5285
-70.5815
-53.6724
-149.089
-134.048
-117.85
-185.201
-165.369
-159.139
-166.549
-151.735
-156.723
-114.251
-108.54
-119.805
-46.077
-50.5408
-64.1384
-57.5506
-59.7782
-71.3554
71.4521
78.2665
79.0403
36.2238
39.3019
41.025
20.9357
22.6498
22.9523
-11.3675
-15.8519
-19.2529
21.6034
22.4996
24.1074
0.786141
-3.88653
-4.59283
18.8853
17.5535
19.8454
28.5388
3.18641
14.7885
-1.77535
24.8384
16.4192
5.90067
5.7381
5.64596
78.1642
76.569
66.8556
17.7596
0.760177
2.39009
-72.9986
-69.014
-58.8378
-77.0449
-91.3621
-89.7501
75.2119
76.3479
72.8915
69.0853
72.5737
72.9762
114.169
117.035
111.16
80.4704
88.548
87.2262
11.6163
7.75617
16.3433
-48.3061
-38.078
-38.7476
27.6648
14.1138
18.6028
41.899
39.434
47.6208
2.39971
9.4955
11.726
4.41722
20.3702
35.5688
85.7659
77.0937
73.0394
79.3324
80.1443
90.1808
86.0905
75.9802
77.8864
62.9182
69.9538
78.4933
60.8244
63.1802
55.111
71.3317
73.3721
82.3609
153.475
154.509
171.291
171.162
153.661
153.273
27.5829
39.3523
35.1243
22.4657
18.6097
9.73172
57.367
46.5881
33.8865
119.793
122.923
106.313
135.944
140.862
155.979
-39.1066
-26.2066
-19.4116
-28.2707
-21.7726
-33.4363
-0.150067
-11.5277
-14.5783
-104.221
-86.1389
-92.6784
-71.1963
-56.6103
-62.9046
-41.8364
-51.5617
-63.6522
-208.465
-227.796
-242.485
-194.431
-212.345
-196.538
-155.324
-143.408
-162.792
-77.5507
-63.4611
-61.6665
-63.9939
-66.1939
-79.922
-267.911
-290.868
-290.713
-286.347
-290.094
-269.359
-163.661
-163.45
-184.884
-50.3732
-43.0367
-35.8964
-55.8336
-50.8018
-59.3548
-228.806
-243.073
-232.489
-262.509
-253.618
-239.842
-132.322
-141.202
-155.193
-27.4444
-19.414
-20.9607
-83.4617
-95.575
-99.4767
-27.2202
-39.3848
-33.046
42.4251
42.9199
36.5087
72.5341
75.7719
69.3552
43.2589
39.32
36.5637
17.0131
16.3904
23.6187
-237.899
-226.499
-207.772
-234.77
-228.932
-238.337
127.246
107.819
92.0147
-144.028
-155.146
-175.788
-112.064
-134.179
-126.907
-251.121
-274.12
-281.712
-254.478
-265.716
-245.818
-258.531
-277.834
-271.199
-287.736
-284.016
-265.854
-186.784
-196.01
-183.308
-220.618
-208.787
-199.45
-104.873
-104.762
-118.73
75.89
75.5959
71.2856
64.8872
73.6349
74.0765
64.2975
65.2905
56.0872
55.4031
59.6873
56.074
35.9908
45.3419
43.8721
-102.703
-112.383
-96.4358
-248.503
-256.683
-263.911
110.086
115.826
117.86
-42.7884
-44.4366
-20.857
-79.8074
-62.2654
-56.7529
-9.40005
-0.0403404
2.61831
-27.8168
-28.232
-18.2979
-5.12878
5.35737
-21.2453
59.7818
31.2314
15.7876
-78.7518
-79.4213
-88.5116
-110.525
-113.756
-122.022
-96.9573
-105.31
-102.301
-110.038
-110.716
-100.218
-131.718
-121.152
-119.986
-90.0086
-80.4139
-76.7556
-14.2224
-25.5525
-21.2862
9.94858
5.92691
-5.24652
216.448
218.644
189.432
231.872
245.464
265.35
27.4934
34.2349
36.4781
18.1537
15.3059
22.0978
51.2862
35.6713
44.0343
158.548
130.36
138.887
162.191
147.673
138.149
134.188
145.763
161.142
66.8829
59.2328
70.6436
134.283
124.436
145.177
40.1031
41.9998
39.9063
20.4906
14.4572
12.9088
4.96423
-1.36973
-0.249704
-15.036
-19.921
-16.3603
20.1856
21.4268
25.8172
56.9579
63.8697
62.6969
-26.3007
-29.323
-24.1873
12.5161
11.3456
16.8374
108.519
123.679
121.183
-42.9929
-42.7158
-35.3726
3.44318
-0.735683
5.3641
-62.5575
-57.6729
-49.5259
-3.6018
-10.0324
-5.94319
-78.7294
-69.892
-63.394
-5.93012
-12.5978
-12.1862
-85.1756
-75.0961
-72.4102
-3.15085
-8.09147
-11.0408
-80.1577
-71.9361
-73.5479
2.90511
0.504766
-4.03358
-66.95
-62.3948
-67.1035
9.60473
9.43922
5.05391
-50.9934
-50.1729
-56.0752
-18.7137
-24.2634
-32.0647
-36.5473
-38.6114
-44.1244
40.2866
29.7122
37.0003
24.7286
35.0962
35.0205
-7.85707
-11.8119
-13.8299
112.229
115.398
96.6726
7.50819
-1.22462
7.52962
22.9337
30.584
35.6306
67.4773
63.8598
69.2375
51.9659
46.7982
54.0759
46.7426
39.9258
36.9901
41.2786
41.3637
30.8839
0.555709
5.33078
16.1024
31.894
26.4045
31.338
54.0246
57.7747
75.9906
-70.6256
-68.6078
-90.0868
-25.0042
-48.2958
-54.7305
-11.3739
-11.3853
-3.58022
-138.794
-142.799
-128.178
-169.956
-156.552
-151.731
18.9655
14.8506
20.0122
3.18327
9.88497
13.0567
-39.7292
-49.6053
-45.6594
8.84261
9.86146
4.36201
38.8546
36.8537
30.0198
27.5843
20.28
31.0507
-0.234601
-7.94031
-18.2115
42.0234
35.8743
42.5901
91.3208
78.278
75.0753
-514.578
-516.56
-522.007
-524.796
-533.121
-555.602
-511.409
-509.884
-516.332
-506.2
-505.482
-510.021
-105.976
-106.006
-106.614
-123.163
-106.042
-154.819
-249.326
-241.206
-270.251
-246.127
-238.868
-260.303
-110.691
-110.305
-110.814
182.661
170.915
116.062
-148.561
-143.579
-204.286
-494.456
-492.338
-496.627
-496.553
-495.337
-503.923
-525.657
-525.463
-530.458
-527.203
-528.817
-534.045
-477.439
-480.956
-494.334
-478.591
-481.613
-491.207
69.5775
69.0632
69.062
61.9444
61.5219
61.8021
272.054
297.856
255.034
454.918
447.879
384.497
-405.957
-411.456
-435.627
-381.781
-375.802
-384.009
-406.37
-404.341
-415.056
-510.627
-510.911
-520.597
-521.859
-522.851
-527.383
-520.854
-521.268
-526.46
-497.16
-496.353
-505.394
-326.655
-330.808
-342.978
-87.8259
-84.2817
-155.545
-92.0032
-91.7409
-93.9467
56.5924
57.1974
60.542
59.8764
59.4079
59.8488
23.8948
24.381
23.6926
-332.543
-332.494
-334.827
-339.166
-345.338
-361.411
-325.791
-324.555
-327.459
-333.35
-336.473
-343.225
-323.542
-320.528
-323.374
-328.517
-328.094
-334.12
-324.568
-324.135
-327.367
-335.012
-336.123
-338.757
-342.117
-342.856
-349.408
-347.575
-353.69
-370.19
-339.431
-339.229
-342.639
-321.685
-322.269
-325.838
-337.214
-340.315
-352.688
-341.922
-342.302
-348.931
-340.538
-346.55
-361.553
-323.411
-327.971
-342.306
-180.381
-180.03
-182.692
-129.154
-128.279
-129.164
54.1762
56.6539
62.7727
-383.753
-377.085
-393.302
-354.135
-349.228
-358.491
-355.901
-351.759
-369.415
-513.074
-521.612
-544.858
-489.304
-485.991
-490.693
-529.043
-534.849
-549.979
-523.174
-521.866
-527.659
-465.342
-467.346
-484.585
-487.049
-484.544
-488.683
-265.575
-264.304
-265.946
-289.774
-289.751
-291.543
-273.826
-273.324
-276.93
-318.178
-318.063
-323.539
-295.378
-294.935
-295.95
-175.788
-175.417
-176.761
-124.729
-123.797
-125.321
-117.579
-116.784
-117.541
35.8885
35.8002
33.615
69.1751
71.5115
72.6079
-467.092
-467.583
-471.638
-462.547
-461.19
-465.151
-510.045
-510.153
-514.145
-475.766
-480.528
-493.873
-481.675
-486.515
-504.712
-521.855
-522.137
-531.138
-520.428
-523.024
-537.989
-435.967
-434.834
-438.426
-440.252
-437.438
-440.879
-503.699
-504.624
-509.875
-435.776
-439.547
-454.142
-428.31
-428.558
-438.129
-65.1671
-64.7796
-65.0542
-70.6631
-70.123
-70.54
-101.375
-101.671
-102.545
-59.6139
-59.3497
-59.5496
-54.0886
-53.8826
-54.0218
-68.3115
-66.2737
-104.813
-89.9432
-90.3122
-91.8867
-83.7603
-84.4937
-87.5493
-249.13
-226.15
-242.728
-220.431
-186.72
-222.387
-245.802
-237.353
-250.116
-115.752
-115.062
-115.728
167.049
164.594
153.441
-147.156
-141.293
-162.083
-458.85
-458.088
-473.875
-497.191
-496.898
-500.822
-500.046
-505.748
-527.015
-527.27
-526.68
-534.222
-536.587
-546.416
-572.711
-470.924
-470.465
-476.895
-478.487
-478.526
-481.758
-402.766
-406.576
-421.938
-97.4424
-97.1458
-97.4995
-104.297
-103.747
-104.135
343.242
315.92
193.432
145.677
137.588
-31.5908
66.8321
66.3801
66.482
64.3081
63.9105
64.1111
-395.054
-397.257
-410.494
-385.349
-382.871
-389.433
-404.7
-403.381
-407.992
-463.367
-463.465
-475.68
-461.096
-458.719
-464.293
-507.801
-506.227
-510.713
-477.158
-476.306
-479.715
-479.827
-478.705
-486.613
-519.601
-518.733
-523.454
-524.444
-530.471
-548.608
-450.415
-449.839
-455.454
-445.388
-441.11
-445.243
-507.348
-514.853
-537.577
-410.992
-409.346
-411.906
-418.31
-416.198
-420.329
-331.79
-331.225
-333.273
-327.489
-327.623
-329.957
-84.8008
-84.0099
-84.6176
-77.0344
-76.5114
-77.2684
-98.1841
-99.9896
-105.072
-43.5422
-43.3557
-43.4956
-48.7
-48.5258
-48.6495
-38.4926
-38.1569
-38.2146
56.9062
56.3925
57.711
58.0851
57.5257
58.2244
-42.8538
-30.2141
-104.125
-61.6498
-61.0868
-61.3231
-69.1326
-68.4196
-68.9214
-76.561
-76.2051
-77.4578
-217.042
-207.138
-234.067
-217.674
-216.482
-238.107
-211.817
-196.163
-220.002
-219.694
-204.402
-249.175
-245.803
-245.204
-257.841
-294.279
-294.676
-297.763
-332.226
-331.328
-334.219
-335.376
-335.605
-341.891
-326.32
-325.992
-328.371
-328.857
-329.724
-332.375
-332.153
-336.914
-351.986
-327.702
-330.173
-338.047
-339.404
-342.67
-349.104
-345.683
-352.432
-368.942
-344.065
-348.173
-357.23
-340.304
-341.47
-344.827
-324.192
-323.832
-327.26
-329.208
-328.568
-333.748
-337.892
-337.765
-341.575
-336.964
-338.139
-341.965
-318.713
-319.461
-330.271
-121.806
-120.993
-121.984
46.4391
47.3043
47.9878
-359.468
-356.959
-364.55
-373.474
-379.71
-399.377
-354.497
-352.996
-385.075
-463.602
-467.156
-485.601
-458.574
-457.011
-465.451
-501.746
-503.049
-507.391
-493.883
-495.427
-505.476
-532.105
-537.094
-555.098
-530.181
-530.9
-542.653
-466.301
-465.582
-471.883
-481.557
-480.303
-483.494
-406.286
-405.724
-408.258
-402.873
-403.019
-406.147
-392.743
-393.604
-400.103
-259.294
-258.165
-259.306
-285.889
-287.198
-291.65
-282.553
-285.336
-294.438
-302.666
-301.182
-302.797
-309.177
-307.565
-309.937
-133.841
-134.282
-138.414
-110.833
-110.259
-110.8
47.3859
48.4784
47.8474
58.1921
59.9389
60.1376
675.077
702.112
702.085
820.745
899.199
974.8
871.229
953.424
1023.32
153.041
153.086
157.446
151.125
149.992
151.793
-273.817
-270.99
-282.11
-291.597
-294.472
-306.327
-275.203
-279.398
-303.33
-295.783
-298.84
-313.823
-235.649
-235.143
-236.432
-199.03
-198.689
-199.829
-155.445
-155.28
-156.113
-194.855
-195.085
-196.487
-151.276
-151.638
-152.771
189.447
184.552
176.297
-267.036
-257.411
-272.398
-283.478
-286.8
-326.557
-151.088
-151.33
-151.929
-196.253
-196.038
-196.667
-191.917
-192.177
-193.047
-146.679
-147.195
-148.154
-144.037
-146.671
-151.949
-56.4184
-29.2842
-142.789
24.2988
15.1192
-88.2757
257.601
277.957
-237.257
-11.3891
-11.636
-14.0708
21.9048
22.9317
24.0864
28.1372
30.7754
36.4562
35.716
35.4895
36.0375
144.497
145.995
149.242
153.345
151.871
151.669
-431.66
-436.002
-457.773
-336.731
-336.003
-337.396
-345.342
-343.146
-345.711
-363.664
-365.408
-370.799
119.726
117.591
117.041
-167.974
-148.95
-195.668
-20.6298
-20.2824
-20.2956
82.6404
89.8745
-0.927607
31.6779
30.8892
-16.7686
-39.5422
-39.4237
-39.6322
-2.22638
-1.68049
-2.55928
-33.538
-33.6358
-33.9741
-27.0383
-27.0958
-27.5054
-171.367
-169.094
-207.505
-284.577
-281.525
-290.246
-289.4
-290.682
-310.585
-272.209
-264.723
-292.276
-266.647
-258.359
-271.754
-227.06
-229.822
-239.938
-218.607
-217.876
-221.93
-172.038
-170.694
-172.607
-137.169
-136.402
-139.036
3.74786
3.95691
4.12798
-15.585
-15.1938
-14.9497
-0.997411
-0.972941
-0.772743
39.2214
39.13
39.5215
141.117
144.744
151.579
155.705
153.597
152.418
-215.406
-205.303
-222.74
-210.691
-199.088
-228.155
-437.669
-437.293
-441.911
-433.443
-435.077
-453.072
-447.906
-452.609
-464.823
-383.173
-380.518
-384.465
-366.28
-366.24
-368.332
-167.236
-166.785
-167.899
124.377
119.652
112.767
76.3468
75.3067
73.5761
154.883
159.543
170.861
151.153
150.164
151.233
104.919
108.26
116.689
96.1645
96.6094
98.8182
108.251
108.768
113.456
110.638
109.56
111.588
-268.632
-266.904
-271.861
105.937
105.653
104.062
100.741
100.788
100.617
-285.286
-284.162
-288.678
-266.224
-264.089
-273.947
-293.348
-291.9
-298.291
-304.388
-302.412
-306.082
-306.561
-304.879
-311.638
-317.471
-319.659
-324.709
-313.608
-314.087
-316.8
-306.149
-305.62
-309.033
-309.147
-309.97
-313.659
-324.521
-330.999
-347.872
-321.803
-322.001
-329.057
-243.52
-241.502
-243.384
-249.689
-247.897
-250.821
-278.085
-276.705
-279.009
-273.375
-272.87
-274.879
-285.076
-283.607
-287.666
-293.979
-295.235
-304.823
-232.426
-231.756
-233.809
-204.184
-203.342
-204.65
-160.174
-159.505
-160.378
-191.847
-193.058
-196.843
-148.27
-150.007
-154.461
120.568
122.338
122.682
112.884
113.566
112.355
-264.347
-248.226
-270.813
-232.887
-237.66
-265.792
-284.363
-282.023
-295.647
-246.409
-246.471
-247.8
-252.439
-252.016
-252.751
-155.672
-155.506
-155.97
-241.786
-242.468
-244.753
-239.305
-242.437
-251.199
-201.765
-201.345
-202.094
-188.362
-189.854
-193.62
147.673
138.364
117.117
71.7692
71.3604
70.808
85.7102
85.7376
85.5825
81.1308
80.9338
80.3897
683.023
701.734
691.878
284.942
277.309
160.52
173.999
167.905
107.229
-20.279
-22.5463
-27.9402
15.8018
16.2988
16.5779
8.20055
8.83524
9.00869
30.3934
30.5941
32.711
32.5516
32.149
32.9814
148.796
150.945
155.428
152
150.953
151.464
-422.1
-417.838
-424.326
-353.305
-352.421
-357.686
-362.064
-366.106
-379.031
83.6142
89.6037
97.7029
90.3383
91.3715
95.2649
112.391
111.96
112.572
-162.632
-143.202
-211.166
-151.354
-114.13
-186.531
-26.4246
-26.273
-26.5077
-33.5375
-33.0354
-33.0819
90.4583
90.4887
90.4291
95.424
95.4311
95.3481
-45.6042
-45.3328
-45.5531
-52.7991
-52.6025
-53.0159
15.0499
15.6404
15.2704
6.37703
6.88595
6.36234
-282.889
-279.726
-284.752
-285.858
-280.252
-290.354
-262.939
-256.927
-265.435
-293.535
-291.85
-295.951
-308.563
-308.952
-321.774
-311.231
-313.717
-329.996
-311.047
-309.498
-312.903
-311.173
-310.469
-313.037
-314.598
-314.783
-322.609
-317.627
-324.58
-343.424
-317.224
-316.48
-318.991
-265.883
-269.026
-279.873
-257.879
-257.773
-263.966
-268.875
-271.808
-279.546
-269.989
-270.401
-272.639
-303.433
-301.623
-305.046
-306.177
-305.765
-309.283
-300.177
-299.357
-302.619
-299.328
-302.178
-313.081
-229.507
-230.203
-234.606
-210.443
-209.104
-210.99
-165.445
-164.316
-165.492
-189.189
-191.536
-200.891
-144.125
-145.721
-151.808
-10.0541
-9.28805
-7.85856
-5.45143
-5.29568
-4.77115
43.269
43.5809
44.1905
132.873
136.609
142.294
157.912
152.564
142.534
-203.061
-190.156
-239.088
-324.026
-326.58
-361.668
-310.597
-298.634
-311.428
-326.237
-322.606
-341.816
-323.351
-320.764
-328.644
-432.214
-429.964
-434.829
-430.913
-428.018
-435.763
-375.561
-373.237
-375.528
-370.3
-369.091
-370.938
-160.783
-160.356
-160.986
-222.694
-221.588
-223.058
-230.978
-230.746
-234.084
-209.04
-208.424
-208.941
-216.06
-214.978
-215.895
-183.578
-184.856
-189.973
135.74
132.903
128.502
830.728
898.905
953.574
)
;

boundaryField
{
    topAndBottom
    {
        type            calculated;
        value           nonuniform List<scalar> 
72
(
33.6217
-39.5558
33.3441
-39.9722
32.7482
-40.8644
31.9669
-42.0118
31.0618
-43.302
30.0867
-44.628
29.118
-45.8504
28.2409
-46.8176
27.532
-47.3904
27.0446
-47.4651
26.7951
-46.9974
26.7583
-46.0125
26.8761
-44.599
27.0759
-42.8828
27.2888
-40.9938
27.4618
-39.0654
27.5622
-37.1713
27.575
-35.3764
27.4985
-33.7244
27.3402
-32.2333
27.1118
-30.9059
26.8272
-29.7358
26.4997
-28.711
26.1423
-27.8169
25.766
-27.0372
25.3803
-26.3561
24.9931
-25.7583
24.6107
-25.229
24.2378
-24.7559
23.878
-24.3271
23.534
-23.9323
23.208
-23.5623
22.8996
-23.2078
22.6178
-22.8655
22.3326
-22.5079
22.1684
-22.2148
)
;
    }
    inlet
    {
        type            calculated;
        value           nonuniform List<scalar> 
24
(
32.709
31.6731
30.7937
30.3819
30.3631
30.8649
31.862
33.3892
35.1044
36.7883
37.4276
35.929
31.4607
24.1467
15.0583
5.54219
-3.33187
-11.2325
-17.9639
-23.6414
-28.3714
-32.3888
-35.6534
-38.6431
)
;
    }
    outlet
    {
        type            calculated;
        value           nonuniform List<scalar> 
24
(
20.9947
19.1726
17.3504
15.525
13.6963
11.8673
10.0401
8.21465
6.38917
4.5637
2.73822
0.912746
-0.912745
-2.73822
-4.5637
-6.38917
-8.21465
-10.0401
-11.8656
-13.6911
-15.5166
-17.342
-19.1675
-20.993
)
;
    }
    wing
    {
        type            calculated;
        value           nonuniform List<scalar> 
375
(
-522
-555.594
-516.325
-510.014
-106.624
-154.81
-270.26
-260.312
-110.824
116.052
-204.278
-496.62
-503.916
-530.451
-534.038
-494.327
-491.199
69.0515
61.7917
255.025
384.505
-435.619
-384.002
-415.048
-520.589
-527.376
-526.453
-505.387
-342.97
-155.555
-93.9561
60.5317
59.8384
23.7027
-334.835
-361.419
-327.467
-343.233
-323.382
-334.128
-327.375
-338.766
-349.416
-370.198
-342.647
-325.846
-352.696
-348.939
-361.561
-342.315
-182.701
-129.174
62.7624
-393.295
-358.483
-369.407
-544.851
-490.686
-549.972
-527.652
-484.578
-488.676
-265.937
-291.534
-276.922
-323.531
-295.942
-176.752
-125.312
-117.532
33.6251
72.6182
-471.631
-465.144
-514.138
-493.866
-504.705
-531.131
-537.982
-438.418
-440.871
-509.868
-454.134
-438.122
-65.0637
-70.5495
-102.554
-59.5591
-54.0314
-104.804
-91.8773
-87.5398
-242.737
-222.396
-250.125
-115.737
153.43
-162.075
-473.868
-500.815
-527.008
-534.215
-572.704
-476.887
-481.751
-421.93
-97.4901
-104.125
193.424
-31.5995
66.4716
64.1007
-410.486
-389.425
-407.984
-475.673
-464.286
-510.706
-479.708
-486.606
-523.447
-548.601
-455.447
-445.236
-537.569
-411.898
-420.321
-333.265
-329.949
-84.627
-77.2779
-105.081
-43.5053
-48.6591
-38.2243
57.7007
58.2141
-104.116
-61.3135
-68.9119
-77.4483
-234.077
-238.116
-220.011
-249.184
-257.85
-297.771
-334.227
-341.899
-328.379
-332.383
-351.994
-338.055
-349.112
-368.95
-357.238
-344.836
-327.268
-333.756
-341.584
-341.973
-330.28
-121.994
47.9776
-364.542
-399.369
-385.067
-485.594
-465.444
-507.383
-505.469
-555.091
-542.646
-471.876
-483.487
-408.25
-406.14
-400.095
-259.297
-291.642
-294.429
-302.789
-309.929
-138.405
-110.791
47.8576
60.1478
702.079
974.797
1023.32
157.435
151.782
-282.119
-306.335
-303.339
-313.832
-236.44
-199.838
-156.122
-196.496
-152.78
176.307
-272.39
-326.549
-151.92
-196.658
-193.038
-148.145
-151.94
-142.799
-88.2847
-237.254
-14.0608
24.0764
36.4461
36.0273
149.231
151.658
-457.765
-337.388
-345.703
-370.791
117.052
-195.677
-20.3054
-0.919157
-16.7601
-39.6225
-2.54932
-33.9643
-27.4956
-207.514
-290.255
-310.593
-292.285
-271.763
-239.946
-221.938
-172.616
-139.045
4.11806
-14.9595
-0.782637
39.5113
151.568
152.407
-222.731
-228.146
-441.903
-453.065
-464.816
-384.458
-368.324
-167.89
112.778
73.5656
170.85
151.223
116.699
98.8287
113.466
111.599
-271.87
104.051
100.607
-288.687
-273.955
-298.299
-306.09
-311.646
-324.717
-316.808
-309.042
-313.667
-347.881
-329.066
-243.392
-250.83
-279.018
-274.887
-287.674
-304.831
-233.817
-204.659
-160.387
-196.852
-154.47
122.671
112.345
-270.805
-265.783
-295.639
-247.791
-252.742
-155.961
-244.745
-251.19
-202.085
-193.611
117.128
70.7976
85.572
80.3792
691.884
160.528
107.237
-27.9303
16.5679
8.99873
32.7009
32.9713
155.417
151.453
-424.318
-357.678
-379.023
97.7132
95.2753
112.583
-211.175
-186.54
-26.5174
-33.0916
90.4185
95.3375
-45.5434
-53.0062
15.2804
6.37234
-284.76
-290.363
-265.443
-295.959
-321.783
-330.004
-312.912
-313.046
-322.618
-343.433
-318.999
-279.881
-263.974
-279.554
-272.647
-305.054
-309.291
-302.627
-313.089
-234.614
-210.999
-165.501
-200.9
-151.818
-7.86839
-4.78101
44.1803
142.284
142.523
-239.079
-361.66
-311.42
-341.808
-328.636
-434.822
-435.755
-375.52
-370.93
-160.977
-223.05
-234.076
-208.933
-215.886
-189.964
128.512
953.578
)
;
    }
    front
    {
        type            empty;
    }
    back
    {
        type            empty;
    }
}


// ************************************************************************* //
