/*--------------------------------*- C++ -*----------------------------------*\
| =========                 |                                                 |
| \\      /  F ield         | OpenFOAM: The Open Source CFD Toolbox           |
|  \\    /   O peration     | Version:  5.x                                   |
|   \\  /    A nd           | Web:      www.OpenFOAM.org                      |
|    \\/     M anipulation  |                                                 |
\*---------------------------------------------------------------------------*/
FoamFile
{
    version     2.0;
    format      ascii;
    class       volScalarField;
    location    "200";
    object      p_rgh;
}
// * * * * * * * * * * * * * * * * * * * * * * * * * * * * * * * * * * * * * //

dimensions      [0 2 -2 0 0 0 0];

internalField   nonuniform List<scalar> 
6584
(
11.716
12.5056
13.4517
14.8653
16.672
18.9993
21.8219
25.1745
28.7153
32.2246
34.6894
35.0163
32.3735
26.8849
19.622
11.9314
4.88278
-1.19235
-6.09832
-9.95031
-12.8548
-15.0468
-16.4858
-17.6501
11.4384
12.3024
13.1916
14.5911
16.3541
18.6778
21.5305
25.0458
28.8437
32.8093
35.7468
36.4175
33.7134
27.7575
19.9277
11.6429
4.30097
-1.89066
-6.76637
-10.5431
-13.342
-15.4773
-16.8121
-18.0665
10.8425
11.7214
12.5023
13.8233
15.473
17.756
20.68
24.6441
29.0075
33.1739
38.5831
41.3428
39.558
32.8156
23.2033
10.5572
2.52157
-3.91839
-8.66983
-12.1876
-14.6951
-16.6163
-17.7346
-18.9586
10.0611
10.8762
11.4993
12.6537
14.0906
16.2024
19.1391
23.5347
29.4808
35.3639
43.9393
50.1738
49.1472
39.1707
25.299
12.4615
-0.597744
-7.28917
-11.6908
-14.6931
-16.7147
-18.2521
-19.0563
-20.1061
9.15612
9.8307
10.2394
11.1079
12.1814
13.8552
16.4765
20.8649
26.3528
36.7063
50.1518
63.6859
64.8105
47.6824
25.5024
8.34511
-2.7746
-12.5943
-16.0916
-18.0483
-19.3191
-20.2644
-20.6553
-21.3963
8.18095
8.64071
8.77748
9.2185
9.72958
10.4669
12.2211
14.8687
21.8742
32.9979
52.1141
85.4439
100.436
65.7373
20.7512
-1.50292
-12.1947
-19.6449
-21.6583
-22.1138
-22.3744
-22.5257
-22.4154
-22.7223
7.21225
7.39925
7.23025
7.13612
6.94547
6.43844
6.76564
8.07438
10.9313
19.0032
42.6978
103.012
191.784
72.4608
6.7367
-21.1809
-26.1673
-28.8332
-28.1988
-26.644
-25.6422
-24.8354
-24.1686
-23.9447
6.33512
6.22491
5.76
5.10095
4.14909
2.2729
0.515518
-0.398022
-4.24247
-8.01601
-3.59982
27.3875
-6.7632
-48.7612
-52.5339
-44.7735
-39.1177
-34.9916
-31.1402
-28.7501
-26.9268
-25.7108
-24.9119
5.62626
5.24003
4.54407
3.40597
1.79998
-1.217
-4.99391
-8.70009
-19.5492
-38.8195
-68.7271
-148.059
-229.261
-127.863
-87.1234
-63.5403
-48.3317
-40.7222
-34.8423
-31.2143
-28.4954
-26.8278
-25.4847
5.13891
4.54527
3.73576
2.32562
0.377966
-3.12786
-7.99422
-13.5907
-27.718
-54.0456
-99.1521
-204.207
-335.781
-177.109
-107.988
-75.4207
-53.8196
-43.9496
-36.9551
-32.5642
-29.2666
-27.335
-25.5594
4.8894
4.18961
3.40787
1.99336
0.116626
-3.0658
-7.66419
-13.4001
-25.4831
-46.7213
-82.3667
-153.213
-297.088
-171.268
-106.168
-76.0531
-53.9408
-43.8633
-37.0203
-32.5234
-29.0832
-27.1263
-25.0916
4.85257
4.1541
3.52295
2.34125
0.886424
-1.35536
-4.58664
-8.88048
-15.3797
-24.545
-37.8698
-52.8507
-182.083
-124.745
-85.6928
-66.3668
-49.0187
-40.6702
-35.0942
-31.1242
-27.9558
-26.2053
-24.1068
4.97037
4.36084
3.95177
3.14121
2.28606
1.20064
-0.252807
-2.39215
-3.08667
-0.86419
5.60335
31.9476
-58.2927
-66.9139
-57.8737
-51.1748
-40.9504
-35.4233
-31.6743
-28.6636
-26.0717
-24.6806
-22.6933
5.17013
4.70263
4.52766
4.1132
3.8463
3.78678
3.83667
5.70842
6.4043
15.3658
28.9442
68.5933
151.312
19.5436
-22.3874
-33.2989
-35.7555
-32.0435
-29.4292
-27.4804
-25.5767
-23.6838
-22.7281
-20.9771
5.38303
5.07495
5.09947
5.01979
5.20038
5.80957
6.79536
9.25792
11.8823
20.6545
33.0693
53.84
61.802
29.2256
-2.97575
-17.0587
-22.349
-23.8355
-23.6919
-23.1627
-22.2823
-21.0591
-20.5383
-19.0881
5.55608
5.3981
5.56493
5.72414
6.17932
7.12904
8.48622
11.2537
13.9192
20.4598
30.0206
37.1874
33.8826
18.312
3.83595
-8.14025
-15.3652
-17.5978
-18.8165
-19.171
-19.0923
-18.437
-18.2871
-17.1596
5.65651
5.62436
5.87403
6.17992
6.7568
7.82715
9.15331
11.8697
14.4018
17.8889
22.8667
24.7007
22.781
14.2677
4.64398
-3.55373
-9.91203
-12.8905
-14.8111
-15.7043
-16.1816
-15.9465
-16.0872
-15.2656
5.66925
5.7334
6.01502
6.39328
6.9766
8.01109
9.12067
11.219
13.5225
14.9967
17.8891
20.4678
11.6299
10.1048
2.36349
-1.66703
-6.1802
-9.49105
-11.6186
-12.8093
-13.6261
-13.6853
-14.027
-13.4707
5.5928
5.72475
6.00069
6.39955
6.91845
7.83974
8.67026
10.2811
11.3719
14.2615
8.37424
17.4933
14.2394
2.05746
4.3417
-1.14677
-4.38146
-7.24615
-9.20211
-10.4763
-11.4472
-11.6945
-12.1557
-11.8187
5.43444
5.61041
5.85684
6.24725
6.66654
7.46841
7.98411
9.38774
9.33903
12.4931
8.32033
13.5482
11.7226
3.46263
4.42313
-0.999117
-3.03837
-5.65619
-7.34919
-8.61002
-9.61357
-9.97273
-10.4909
-10.3276
5.20611
5.40822
5.6123
5.98167
6.28623
6.99183
7.2046
8.49748
7.83501
10.4764
7.3445
9.78186
8.53199
3.48419
3.80882
-0.775542
-2.04621
-4.49117
-5.89658
-7.11202
-8.0765
-8.49945
-9.0296
-9.00016
4.92142
5.13726
5.29346
5.63905
5.82734
6.4595
6.41869
7.59553
6.63081
8.72708
6.11556
7.52646
6.53465
2.91321
3.15747
-0.606673
-1.40171
-3.63549
-4.75806
-5.90976
-6.79154
-7.24721
-7.75891
-7.83003
4.594
4.81558
4.92364
5.24748
5.32804
5.90333
5.67057
6.73
5.63423
7.31833
5.15599
6.00288
5.20824
2.47211
2.62921
-0.491509
-0.98269
-2.99046
-3.86443
-4.94181
-5.71855
-6.18666
-6.66044
-6.80529
4.23657
4.45923
4.52232
4.82818
4.81565
5.34573
4.97827
5.92746
4.80209
6.15668
4.36093
4.83723
4.18867
2.09727
2.18424
-0.407112
-0.700777
-2.48918
-3.15734
-4.15589
-4.82142
-5.28894
-5.71389
-5.91121
3.86023
4.08146
4.10483
4.39648
4.30802
4.80065
4.34601
5.19288
4.09709
5.18428
3.68894
3.93875
3.38336
1.76129
1.80437
-0.344813
-0.50981
-2.09107
-2.59283
-3.51152
-4.06881
-4.52695
-4.8984
-5.13151
3.47458
3.69311
3.68296
3.96337
3.8163
4.27677
3.77239
4.52554
3.49248
4.36639
3.10635
3.22318
2.74139
1.48194
1.48752
-0.29753
-0.38003
-1.76943
-2.1387
-2.97749
-3.43442
-3.87701
-4.19451
-4.45036
3.08742
3.30258
3.26531
3.53659
3.34682
3.77854
3.25312
3.92208
2.96887
3.67989
2.60362
2.65466
2.257
1.2531
1.2249
-0.261488
-0.291668
-1.50479
-1.76947
-2.53009
-2.89706
-3.31957
-3.58512
-3.85261
2.70495
2.91625
2.85801
3.12126
2.90285
3.30811
2.78287
3.37796
2.51028
3.09882
2.17922
2.20241
1.86294
1.02954
1.00366
-0.231816
-0.226454
-1.27952
-1.46275
-2.14785
-2.43625
-2.83508
-3.05269
-3.32328
2.33204
2.53874
2.46513
2.72031
2.48546
2.86574
2.35609
2.88789
2.10437
2.5979
1.81069
1.8197
1.52954
0.840216
0.821242
-0.207691
-0.176932
-1.0857
-1.20457
-1.81672
-2.03723
-2.40933
-2.58343
-2.85015
1.97229
2.17334
2.08929
2.33568
2.09406
2.45034
1.96684
2.44389
1.74272
2.16207
1.48734
1.49198
1.24488
0.679379
0.668878
-0.186974
-0.137011
-0.915846
-0.983456
-1.52492
-1.68711
-2.02961
-2.16453
-2.42139
1.62825
1.82195
1.73148
1.96769
1.72721
2.06094
1.60912
2.03714
1.41592
1.77746
1.19981
1.20739
0.99885
0.539194
0.539488
-0.168087
-0.102503
-0.7636
-0.789731
-1.26289
-1.37499
-1.68506
-1.78509
-2.02656
1.3023
1.48609
1.39279
1.61602
1.38425
1.69464
1.27968
1.66353
1.11859
1.43367
0.940419
0.955514
0.780922
0.412449
0.427442
-0.150352
-0.0707923
-0.624147
-0.616458
-1.02286
-1.09202
-1.36678
-1.43574
-1.6566
0.993914
1.16359
1.07105
1.27748
1.06062
1.34335
0.972524
1.31404
0.844198
1.12004
0.703014
0.727381
0.584961
0.296796
0.329203
-0.132365
-0.0407162
-0.493214
-0.458139
-0.797869
-0.830436
-1.06609
-1.10749
-1.30207
0.712022
0.861774
0.773878
0.957877
0.762471
1.01252
0.693509
0.991452
0.598257
0.837101
0.481407
0.514781
0.402058
0.177742
0.240555
-0.112456
-0.0104596
-0.366379
-0.311173
-0.583619
-0.586681
-0.779413
-0.797299
-0.959751
0.426896
0.542331
0.467667
0.612563
0.456499
0.65355
0.409104
0.642922
0.349124
0.539455
0.272607
0.309375
0.234755
0.0820559
0.156419
-0.086087
0.0121777
-0.236887
-0.173584
-0.366248
-0.348106
-0.485868
-0.48457
-0.602196
0.262643
0.34324
0.286976
0.391922
0.280233
0.425504
0.257512
0.437805
0.238942
0.393458
0.0573258
0.105638
0.0454217
-0.163587
0.0917043
-0.0409509
0.0557281
-0.10448
-0.0478757
-0.17411
-0.15094
-0.24139
-0.232577
-0.309104
-132.913
-223.834
3.3276
-203.223
-360.311
-250.122
-164.155
-332.987
-366.439
-65.4062
-207.628
-319.6
23.4663
-69.5333
-190.367
68.3906
169.577
164.124
26.5043
-53.6649
49.4865
191.205
32.6071
93.977
-54.2739
-116.697
20.8997
-161.855
108.935
-206.003
-123.088
-47.8906
-96.2258
-183.816
-130.598
-182.135
-262.249
-220.937
-450.721
-361.889
-330.311
-195.556
-146.062
-90.3808
-151.893
-184.719
-196.742
-272.152
-286.424
-495.877
-506.076
-308.189
-201.57
-203.536
-49.9274
-63.4694
-142.093
-116.955
-139.819
-203.466
-327.545
-419.537
-197.847
-151.811
-192.924
-145.924
-228.253
-72.7209
-82.2354
-134.826
36.6431
-39.2052
59.413
66.5654
154.182
64.2834
42.2956
30.4262
-212.756
-121.443
-73.7942
-134.212
-229.059
90.2429
-115.53
-354.309
-186.25
-133.276
-177.479
-344.499
-285.314
-266.233
-189.74
-276.093
-295.766
-237.111
-275.41
-500.699
-455.214
-327.404
-440.332
-495.727
-351.041
-436.272
-311.858
-211.732
-266.079
-190.541
-275.732
-216.634
-295.122
-279.896
-424.116
-491.573
-362.869
-489.382
-413.686
-498.97
-493.106
-368.154
-134.634
-68.0691
-211.061
-144.36
-234.073
-321.586
-257.542
-318.877
-233.486
-408.575
-324.679
-273.913
6.62496
50.5839
-59.0155
-0.557507
-50.9965
-134.357
-222.499
-144.173
-137.474
97.9892
114.674
55.5671
95.0604
89.2264
43.9988
-49.93
-101.788
79.7053
-45.6886
254.092
-3.90639
18.328
-52.0332
-16.9598
-3.16449
-59.2435
17.4993
-33.4444
15.9814
-25.1146
-65.674
182.904
-75.8667
90.7398
-149.96
-98.9108
-67.7077
-130.544
-104.107
-104.618
-66.0383
43.1573
65.0123
-60.655
-24.3113
-40.4989
-88.7768
-120.201
-132.699
-53.5744
67.938
94.4973
-42.4971
26.0154
-10.5451
314.301
199.423
119.968
140.529
210.242
317.802
-83.0885
-51.9463
-92.7896
229.968
-54.801
-12.2368
-416.993
-408.213
-511.617
-510.649
-368.561
-375.303
-179.964
-148.437
-183.122
71.9935
24.5694
-34.6622
14.6337
-4.16796
-208.053
-184.999
-252.186
-213.228
-255.36
-197.808
-201.789
-85.4222
-37.1023
-103.948
-197.128
-286.951
-277.618
-288.483
-288.404
-256.178
-257.697
-480.597
-479.97
-475.28
-403.775
-381.212
-423.878
-409.625
-477.38
-399.157
-332.541
-293.377
-372.955
-343.712
-405.387
-252.225
-247.196
-295.81
-293.508
-460.832
-463.783
-461.783
-401.098
-418.615
-371.788
-394.117
-457.947
-506.11
-431.708
-427.005
-423.275
-431.075
-506.4
-109.479
-106.904
-110.094
-148.494
-66.3946
-104.925
-96.9463
-183.516
-152.976
-173.467
-275.294
-281.55
-368.983
-336.709
-363.775
-298.894
-327.316
-363.395
16.7711
40.6991
-32.3959
-25.0438
-61.0433
10.694
-20.4175
-24.1251
-19.3861
12.7746
-86.5936
-89.3747
-41.4568
-143.091
-95.2997
-99.1055
-93.8607
128.092
143.985
189.632
97.9824
122.327
191.683
113.685
76.7182
462.749
25.8601
55.0116
26.1437
53.1772
82.7778
53.7046
100.322
78.5114
88.0439
272.384
45.5917
3.77157
-6.00536
60.1661
68.8055
227.866
146.272
142.141
72.9669
84.5533
124.329
121.416
193.849
473.214
324.233
214.139
291.683
362.937
486.418
-248.292
-207
-224.001
-440.474
-388.175
-383.778
-284.098
-239.334
-232.143
-242.809
-243.026
-286.02
-505.108
-507.674
-345.417
-401.437
93.1448
78.6703
6.92443
21.1446
61.6674
109.406
90.0608
103.439
-6.32602
-62.2002
170.521
-327
-356.642
-383.784
-255.905
-208.613
-143.41
-278.579
-226.398
-277.68
-279.314
-237.885
-244.308
-225.999
-237.603
-276.648
-282.653
-305.625
-297.392
-321.951
-321.052
-292.497
-294.892
-289.261
-267.8
-494.773
-465.838
-456.007
-426.156
-417.782
-460.664
-452.315
-489.384
-226.295
-212.827
-244.698
-266.924
-286.092
-303.274
-297.375
-326.508
-323.208
-307.378
-318.631
-286.648
-440.016
-481.141
-478.813
-444.513
-452.826
-403.948
-406.957
-431.212
-502.878
-466.991
-460.82
-457.342
-462.611
-501.216
-251.465
-259.734
-240.619
-329.798
-316.895
-306.145
-279.363
-259.708
-289.132
-219.779
-249.457
-267.8
26.7323
36.4492
14.5093
61.2187
42.8091
32.8136
139.813
147.934
74.1956
88.5354
67.6202
128.269
137.72
113.14
98.4447
66.4115
352.642
115.356
26.477
-5.24744
-1.35378
26.7501
-9.76036
-12.6287
55.4236
44.4876
258.102
-7.67392
16.7145
-88.6707
-80.9209
52.4879
57.7778
52.4589
57.7216
50.8591
68.7965
60.2049
55.1312
-44.3037
-38.6925
-60.7743
-67.7976
78.7726
83.1375
71.9598
88.9767
103.964
-153.837
-129.682
-52.0469
-209.351
-151.738
-177.015
-436.769
-389.927
-507.312
-511.525
-350.725
-395.499
-171.862
-169.114
-187.655
-145.82
-163.422
-164.23
-218.221
-237.004
-193.57
-211.009
52.3534
68.7432
86.3918
33.6167
60.9026
46.3619
66.3933
36.6646
-231.612
-202.66
-224.065
-165.651
-194.374
-223.561
-249.054
-259.762
-229.905
-245.163
-154.81
-117.868
-155.819
-170.808
-185.343
-328.602
-348.845
-319.451
-329.584
-280.368
-227.407
-321.374
-294.51
-240.246
-276.485
-318.259
-314.657
-309.01
-283.076
-312.698
-318.628
-307.916
-308.806
-327.17
-325.275
-317.834
-324.098
-292.754
-319.306
-315.011
-281.059
-291.161
-263.337
-276.669
-300.102
-305.348
-293.399
-299.654
-266.814
-288
-281.756
-494.284
-466.248
-440.258
-428.136
-461.035
-487.39
-451.568
-441.495
-267.259
-281.2
-262.356
-290.67
-276.497
-309.363
-295.337
-253.589
-233.986
-271.248
-258.204
-326.998
-326.147
-296.028
-330.659
-333.91
-327.308
-332.044
-324.119
-311.249
-330.897
-326.946
-289.968
-321.002
-325.522
-445.574
-473.847
-429.402
-439.344
-473.472
-439.257
-412.575
-424.143
-469.173
-466.195
-505.088
-503.31
-466.048
-467.137
-125.958
-124.609
-122.64
-107.509
-143.77
-127.919
-132.348
-82.5469
-80.3059
-68.8852
-102.304
-85.6978
-88.3304
-206.734
-190.374
-227.808
-212.272
-167.779
-164.01
-148.858
-185.187
-169.097
-175.346
-284.281
-266.944
-257.984
-267.72
-283.676
-242.286
-260.143
-289.692
-300.073
-310.008
-288.01
28.0086
33.188
23.8696
48.4332
36.9231
31.5466
50.0335
-4.74465
19.1037
0.078854
-123.45
-122.256
-139.754
-95.0153
-116.234
-116.468
-115.688
-122.553
151.773
169.016
109.675
124.194
147.964
119.599
17.8224
-25.1521
17.6494
1.09033
38.3666
67.0206
635.386
468.212
387.293
497.519
543.891
656.521
83.3328
172.462
118.798
-179.309
-202.979
-242.646
-446.625
-449.048
-453.904
-501.813
-506.019
-179.527
-158.595
-176.986
-420.604
-414.807
-414.07
-234.757
-215.868
-210.902
-182.045
-140.676
-172.669
-253.715
-240.384
-219.656
-215.902
-262.587
-228.701
-243.281
-268.715
-257.421
-496.911
-460.043
-464.55
-459.503
-480.248
-477.73
-492.924
-409.752
-401.362
-424.91
-236.665
-205.562
-187.633
-228.413
-244.411
-230.334
-429.362
-426.875
-423.282
-488.698
-486.163
-469.455
-472.754
-500.408
-484.421
-482.642
-476.327
-479.645
-497.089
-202.055
-209.653
-223.481
-391.794
-380.199
-392.371
-189.133
-179.254
-209.44
146.428
147.45
114.856
95.7917
78.9533
146.062
146.534
72.4683
100.567
68.798
-33.6662
-12.8462
-99.6983
-65.1508
-70.4198
-71.5822
-55.2688
-54.3653
-59.7583
-22.8737
-27.6688
-29.2187
-87.4598
-81.5518
-82.4493
101.663
87.4288
82.1126
199.908
313.8
264.08
-105.806
-123.359
-103.467
-72.2568
-224.835
-205.696
-26.679
50.3759
68.9607
-428.585
-431.121
-424.086
-401.055
-415.356
-421.793
-515.051
-511.335
-375.1
-368.71
-362.016
-382.714
-387.557
-380.732
-184.051
-189.055
-147.753
-153.597
-153.627
-193.775
-198.556
-204.711
-209.27
-192.762
-216.528
-244.139
-244.904
-250.823
-189.619
-199.605
-222.015
-271.901
-277.192
-255.286
-258.051
-255.25
-61.2377
-106.849
-139.463
-126.854
-119.016
-131.269
-181.53
-257.577
-246.662
-279.647
-271.915
-245.306
-281.03
-281.637
-483.826
-479.369
-369.659
-356.962
-379.89
-421.362
-392.165
-381.54
-235.591
-249.057
-262.385
-455.248
-465.87
-489.715
-489.674
-506.246
-507.403
-489.683
-489.589
-114.357
-115.455
-114.437
-108.907
-148.177
-143.208
-144.192
-188.858
-204.456
-193.536
-200.233
-195.207
-230.138
-226.059
-157.682
-158.189
-153.12
-190.576
-186.036
-357.844
-368.777
-386.096
-347.614
-337.655
-347.652
-39.4887
-38.5514
-29.4192
-59.356
-48.7275
-44.8557
-68.4026
-72.5859
-88.4295
-47.1609
-60.1422
-61.4568
-136.746
-135.621
-141.593
-101.87
-94.5062
-139.02
172.162
173.806
183.699
120.764
112.008
120.285
106.757
134.166
124.104
116.497
180.71
151.725
92.1523
108.665
96.5837
191.886
376.441
100.538
62.7722
65.6417
175.491
177.251
200.904
76.5452
76.2871
71.8534
85.0009
80.5467
80.3825
196.764
162.892
154.664
344.608
490.043
441.781
-444.919
-446.051
-443.418
-390.781
-392.509
-386.255
-404.858
-393.957
-505.139
-505.637
-350.44
-354.471
-335.724
-343.162
-407.618
-407.38
-401.109
86.8417
91.0531
97.538
80.8506
85.7322
81.3855
-365.18
-363.519
-354.632
-379.725
-371.844
-374.798
-494.48
-462.794
-465.704
-466.272
-490.742
-475.631
-473.625
-435.778
-430.321
-435.791
-487.732
-462.049
-466.087
-483.424
-487.059
-485.566
-501.257
-499.815
-482.38
-484.276
-324.208
-325.132
-328.529
-314.945
-319.961
-320.38
149.312
151.951
138.498
142.124
131.948
137.969
134.098
118.56
111.465
107.849
112.734
118.047
102.168
106.29
103.198
51.5404
29.0038
17.9118
85.298
297.69
255.415
326.876
138.931
171.699
221.525
7.32996
5.74772
-2.645
22.664
14.4315
16.1565
-24.6709
-23.9144
-32.0734
-10.6966
-18.0761
-17.3642
74.2412
91.9009
33.1637
-65.6966
-97.2985
-23.4367
-29.8893
-94.8129
-76.9704
-75.7484
-82.536
53.848
55.6048
47.5531
50.1787
53.1112
-43.5312
-49.0035
-49.8581
-26.5486
-21.6338
-32.5521
-33.5763
-31.2263
-38.0238
-58.5066
-53.0552
-54.439
-51.5173
-59.1887
-38.7377
-45.1256
-75.359
-74.618
-67.1567
93.6631
94.6636
89.7104
105.711
99.9796
98.6554
-161.556
-132.605
-128.478
-197.162
-205.339
-185.075
-432.601
-431.053
-437.071
-442.62
-413.281
-410.957
-424.176
-417.32
-511.789
-513.262
-367.324
-372.802
-358.325
-362.564
-356.102
-363.033
-357.962
-396.144
-391.565
-389.372
-381.701
-169.964
-178.189
-158.763
-159.38
-165.105
-225.315
-225.965
-218.371
-237.248
-232.911
-231.65
-199.281
-199.758
-194.43
-211.475
-203.713
-204.553
-205.132
42.4425
38.6899
30.2361
56.2518
46.2293
-222.373
-231.666
-238.961
-237.536
-227.577
-211.219
-220.913
-266.028
-268.001
-274.401
-270.596
-255.948
-255.024
-263.189
-157.523
-141.655
-153.01
-115.772
-192.876
-182.009
-173.508
-338.635
-321.762
-310.84
-344.487
-334.438
-348.003
-351.957
-339.788
-262.128
-264.405
-282.844
-247.732
-262.909
-245.819
-309.629
-295.471
-301.972
-306.051
-316.418
-319.422
-309.271
-312.875
-313.062
-311.419
-310.156
-325.978
-324.639
-318.854
-321.143
-286.409
-292.062
-286.262
-293.623
-293.1
-289.304
-266.925
-279.998
-277.664
-286.42
-283.017
-271.169
-283.444
-285.414
-301.258
-303.466
-302.59
-308.988
-305.906
-303.118
-295.833
-299.256
-296.103
-303.776
-304.104
-298.597
-488.115
-473.413
-286.56
-288.067
-290.499
-276.917
-283.412
-281.915
-304.736
-293.154
-297.287
-298.962
-247.676
-249.313
-255.996
-236.029
-242.108
-240.859
-266.579
-266.865
-271.226
-260.171
-263.199
-262.278
-331.143
-332.767
-330.072
-333.233
-318.721
-314.412
-328.037
-326.666
-449.76
-469.085
-506.484
-489.605
-488.479
-486.455
-488.387
-505.883
-119.347
-125.121
-120.066
-120.761
-138.936
-137.659
-131.243
-212.675
-205.943
-201.123
-206.416
-212.373
-222.95
-227.603
-230.425
-218.049
-222.868
-217.543
-222.968
-219.19
-169.153
-163.566
-162.565
-181.205
-173.755
-279.014
-275.518
-281.487
-263.005
-269.421
-273.463
-274.923
-279.605
-246.076
-247.749
-241.648
-253.455
-302.102
-301.255
-308.601
-287.034
-293.758
-295.262
29.8634
28.7885
32.2373
21.659
25.4149
27.0406
46.1012
42.493
44.9582
35.8038
39.4204
40.9729
45.3519
-6.91078
-2.05919
-16.7883
-11.6871
14.2715
12.8444
17.1613
3.04064
9.53212
8.3698
-122.799
-129.505
-130.398
-108.772
-129.848
156.093
161.783
115.008
120.504
112.257
129.772
124.711
119.534
128.674
134.751
137.139
125.437
52.8568
71.5674
57.3228
79.1675
90.5771
66.6796
89.5849
71.8331
58.1351
61.844
37.5921
36.5654
27.2985
39.1175
42.3002
47.9786
86.258
76.0003
106.539
173.124
101.387
173.406
98.7013
77.7325
74.1866
25.2372
33.9224
14.0931
-1.27017
7.86502
7.06467
7.66506
34.1376
11.8113
39.4771
85.3055
99.9832
165.031
145.517
275.461
200.649
160.717
72.8456
39.5418
50.294
-30.8499
-31.6351
-13.8065
-24.2606
-45.6466
-4.79127
-20.6209
-24.1127
-2.13392
2.7237
5.82391
35.773
-93.4239
-86.0703
-33.7153
-109.242
-78.8419
-54.1226
-49.2143
-80.7742
-57.3123
-80.8747
-99.5548
-84.9867
-161.385
-181.308
-167.212
-285.585
-221.486
-175.799
-170.189
-120.417
-102.118
-53.0002
-77.3362
-83.3391
-99.1384
-119.29
-120.208
-203.658
-225.446
-226.049
-337.3
-268.174
-260.17
-177.996
-133.609
-131.256
-36.6435
-44.7953
-70.9132
-72.6788
-83.7174
-96.2109
-141.688
-153.236
-166.595
-258.155
-218.26
-242.999
-138.765
-115.45
-127.837
-12.1523
-6.25428
-34.8194
-40.4794
-40.402
-54.2188
-133.918
-123.571
-160.586
-81.0132
-79.7228
-98.6374
8.30181
19.9374
1.87167
-18.6628
-38.4849
-59.8429
-31.1651
-43.6591
-60.8244
18.9745
25.7308
22.1242
34.0422
53.093
58.1569
66.8311
83.9745
99.1031
115.545
111.067
118.828
30.6829
2.05422
-15.641
-9.73448
-18.4429
-29.4944
21.0327
26.3386
26.9355
32.3189
38.1092
48.7553
40.4725
41.819
65.197
39.705
30.7785
39.1632
23.3578
11.1381
4.34675
2.07182
-6.07226
-11.1299
26.2014
27.0229
31.7387
28.163
31.3485
36.4325
27.3203
21.9683
28.6471
16.0535
11.8033
12.712
-150.687
-131.3
-115.362
-194.032
-217.505
-264.756
19.5012
-17.587
-29.313
-224.818
-221.797
-200.284
-351.668
-391.274
-406.082
-278.451
-316.325
-273.318
-179.341
-191.135
-174.052
-344.904
-382.304
-360.631
-409.014
-414.841
-369.915
-67.9364
-81.5981
-78.2112
-223.927
-243.095
-215.929
-352.224
-326.992
-305.089
-86.0332
-85.006
-67.342
-198.861
-179.209
-172.551
98.7242
89.9258
57.3306
188.087
172.791
158.905
155.385
155.593
185.621
-49.6107
-32.1076
-38.2351
104.948
165.718
93.1804
745.124
634.856
641.083
161.229
193.868
272.337
755.129
783.443
54.7687
78.2332
53.5171
143.774
168.769
91.2454
-67.0482
-46.3429
-37.8477
-63.1941
-53.8674
-80.2409
3.38398
-25.0738
-42.7844
-128.839
-140.483
-198
132.688
88.164
71.5954
-160.926
-104.222
-123.148
-98.0726
-104.159
-135.806
-42.094
-72.0969
-72.7389
-117.258
-110.336
-89.9996
-170.302
-133.281
-141.249
-102.652
-120.416
-163.255
-202.979
-193.128
-172.544
-257.985
-244.584
-249.154
-206.48
-214.417
-227.505
-371.257
-380.502
-369.462
-258.288
-230.142
-299.961
-182.899
-210.363
-225.401
-164.862
-190.048
-166.413
-106.751
-114.632
-96.0308
-174.195
-136.566
-126.352
-144.376
-142.749
-179.505
-217.771
-222.688
-201.016
-277.2
-260.059
-255.772
-270.241
-270.458
-287.081
-252.48
-263.567
-332.83
-206.384
-236.398
-229.34
-234.733
-238.4
-207.302
-55.3539
-69.8847
-61.659
-98.3284
-79.7475
-61.7701
-112.883
-97.0573
-109.971
-124.993
-139.28
-129.471
-167.499
-150.164
-127.651
-195.193
-187.198
-195.975
-333.912
-341.127
-333.459
-173.501
-206.182
-243.711
-167.472
-185.663
-166.364
-217.914
-203.109
-181.475
-157.385
-162.775
-145.216
-230.875
-225.115
-222.822
-83.7453
-105.497
-118.37
-99.5049
-104.472
-83.8824
-145.859
-124.715
-117.204
27.4388
34.8135
44.6905
-36.7664
-24.2644
-27.4191
65.4886
78.2018
64.0622
91.9892
83.6633
72.8079
134.909
115.838
117.361
67.6327
74.0324
89.6457
42.6297
64.003
53.0346
72.0562
66.1172
41.7896
-203.603
-188.372
-197.947
-88.4263
-130.499
-169.413
-95.7737
-108.943
-83.3963
-153.896
-183.824
-157.092
58.5735
63.8249
103.371
-131.787
-107.703
-92.9245
-345.908
-355.036
-363.186
-195.259
-212.416
-203.176
-143.044
-179.899
-165.527
-206.314
-192.366
-165.873
-311.234
-296.253
-315.107
-283.727
-268.488
-269.697
-253.072
-256.775
-270.053
-195.957
-217.2
-210.909
-279.193
-285.63
-283.259
-305.276
-304.369
-293.959
-281.323
-279.018
-272.1
-363.796
-385.744
-340.68
-445.227
-438.864
-432.561
-373.303
-343.338
-328.276
-430.122
-423.892
-431.926
-293.851
-326.884
-355.985
-220.127
-211.33
-203.519
-250.669
-245.227
-259.358
-183.035
-201.718
-210.664
-273.627
-282.163
-285.956
-220.842
-225.261
-221.043
-296.87
-306.826
-305.876
-289.781
-292.878
-281.596
-404.528
-389.163
-355
-408.347
-410.878
-418.411
-370.515
-414.354
-408.772
-124.987
-126.792
-141.864
-69.621
-78.5336
-77.1066
-204.125
-214.289
-216.492
-147.016
-162.279
-153.913
-239.409
-242.044
-236.504
-326.534
-321.194
-316.55
-281.287
-252.974
-240.88
-306.243
-295.579
-305.768
-228.995
-240.01
-244.927
-403.419
-398.993
-402.759
-316.377
-327.178
-342.135
-289.781
-317.861
-290.883
13.6138
16.6346
9.40441
54.2998
48.3428
44.7143
-49.8841
-49.6738
-59.6865
1.96774
-5.81162
-8.09309
-62.8644
-62.0528
-49.3633
-139.305
-125.019
-122.87
-211.27
-207.198
-218.144
-138.831
-168.838
-178.882
-154.947
-159.965
-141.019
108.837
133.85
120.146
132.529
135.838
108.905
62.402
66.5613
60.1968
72.9889
107.297
112.009
-54.9399
-24.4665
-23.947
-30.1808
-24.7359
-74.2272
48.9764
12.2551
-2.90923
288.498
232.923
210.001
-9.13848
-10.1625
4.67027
-43.8237
-26.4588
-19.1842
-14.6447
-27.2004
-28.4936
-25.9585
-25.0061
-11.3752
-54.9658
-39.5635
-33.901
10.0113
12.3391
20.2942
-32.4306
-25.5602
-26.4263
-5.97409
-20.4334
-7.9881
138.592
151.044
203.644
-113.557
-83.3069
-48.3263
-13.7768
-24.7278
37.7769
-121.078
-49.1535
-50.712
-63.8466
-59.165
-101.603
-93.8877
-88.042
-68.5776
-119.315
-96.1085
-102.841
-91.1949
-96.0245
-110.511
46.5849
48.6757
45.6436
66.5565
63.2525
61.3769
-47.577
-46.4345
-39.5144
-122.148
-103.446
-103.049
-98.4835
-98.0492
-128.762
-62.464
-88.1009
-87.2299
71.6857
73.1321
69.7317
96.7147
92.359
89.934
-9.20372
-24.9075
-44.5372
9.31673
-6.80358
0.978744
-23.8225
-15.7948
-0.803835
271.19
318.326
427.825
188.918
278.986
248.415
202.602
277.861
179.864
165.847
200.641
170.539
260.918
307.179
207.201
436.097
347.56
283.607
-48.8209
-119.715
-91.2594
111.692
112.708
164.564
-39.8176
-5.97873
-16.8885
29.0629
38.8474
-6.59688
-186.947
-168.523
-168.964
-192.477
-196.514
-194.057
65.0215
70.0602
76.2324
27.7412
35.2785
31.5869
-14.1483
-21.0316
-34.0427
5.29607
-7.89033
-7.11098
-15.7163
-11.7443
0.672229
-212.227
-191.381
-170.582
-209.308
-235.567
-218.188
-185.044
-168.209
-179.609
-68.039
-90.2242
-105.132
-66.3988
-78.0857
-48.6054
-300.099
-311.054
-299.251
-264.538
-277.12
-289.202
-296.834
-295.269
-286.069
-290.649
-299.279
-297.884
-263.7
-260.845
-251.841
-261.775
-268.681
-266.016
-460.221
-457.433
-472.561
-396.811
-415.653
-423.197
-400.259
-407.1
-389.25
-419.71
-441.163
-445.905
-429.719
-435.786
-415.157
-480.254
-465.34
-462.55
-388.582
-380.465
-392.478
-320.286
-338.789
-351.052
-311.551
-325.76
-307.444
-363.848
-382.846
-391.864
-362.498
-373.142
-354.326
-411.408
-401.084
-393.172
-257.048
-261.23
-255.087
-244.075
-248.217
-252.437
-306.769
-307.121
-295.279
-293.395
-304.389
-305.555
-445.659
-449.25
-465.159
-407.399
-429.617
-422.159
-442.554
-436.547
-413.466
-379.192
-395.819
-385.849
-414.003
-405.104
-386.955
-452.692
-437.603
-441.805
-431.015
-455.183
-456.286
-449.876
-453.031
-429.605
-426.795
-451.79
-447.761
-456.115
-454.673
-429.601
-107.762
-122.199
-115.605
-72.0819
-71.7922
-66.3836
-103.595
-98.2733
-99.7091
-86.8477
-88.2808
-98.5494
-163.556
-167.509
-183.566
-278.182
-272.807
-269.994
-287.448
-289.951
-283.766
-364.613
-369.913
-374.736
-345.885
-357.601
-347.81
-376.746
-367.317
-355.136
-308.45
-317.711
-307.302
-337.965
-328.008
-318.045
-358.232
-353.236
-358.121
20.6647
22.3969
18.5449
42.8564
40.0796
38.0474
-31.2669
-40.1653
-40.9763
-29.6922
-30.8475
-26.0448
-61.4495
-56.0593
-55.6709
-1.61062
-3.07345
4.83008
-20.6558
-11.7273
-6.15427
-15.9635
-14.1103
-22.6787
-14.4714
-12.937
-17.907
14.3244
10.0868
8.74922
-86.8253
-74.8581
-74.6816
-82.8953
-83.1793
-89.1699
-42.4435
-49.55
-48.3555
-95.3105
-101.976
-102.04
-111.598
-111.038
-99.1972
133.421
145.204
136.656
161.432
148.401
138.532
102.708
104.946
100.805
103.804
114.55
137.098
81.6929
87.38
83.5938
49.2947
37.8029
43.454
17.7492
28.7208
46.0387
73.7724
63.9062
71.7833
45.3769
54.9259
63.4276
95.5225
103.538
109.818
81.2358
94.8578
87.5242
108.3
96.5121
83.6456
29.4855
24.8575
35.429
1.48235
13.5581
23.5727
4.4401
8.59377
-2.71811
204.658
217.589
266.186
148.929
166.271
164.939
151.439
161.134
147.95
128.173
140.448
135.054
142.054
145.239
128.459
249.902
189.477
188.354
431.079
468.416
588.802
322.004
385.91
375.463
327.897
414.735
301.169
322.056
365.757
332.901
413.058
479.485
369.512
605.489
524.42
461.421
-234.286
-239.787
-253.417
-214.505
-226.339
-220.56
-235.723
-230.925
-217.462
-376.429
-388.752
-398.611
-266.537
-263.791
-281.198
-238.801
-252.177
-254.342
-245.026
-248.652
-233.972
-244.801
-257.833
-257.284
-256.41
-257.134
-242.271
-286.933
-269.824
-268.675
-353.07
-347.955
-340.023
12.8094
24.2293
17.5857
38.112
30.2627
18.0252
53.0981
42.0273
49.9295
103.759
113.564
127.035
96.5113
105.586
96.962
114.985
107.752
98.8349
-14.1258
24.0222
26.0601
26.3257
25.7076
-21.3885
121.171
74.7663
60.5898
-338.722
-347.102
-338.173
-238.745
-216.31
-232.246
-186.437
-200.601
-222.447
-153.911
-178.228
-166.797
-262.834
-279.64
-295.93
-242.739
-262.148
-245.94
-297.872
-278.71
-259.464
-264.964
-267.03
-281.715
-241.844
-253.972
-251.56
-256.864
-255.306
-241.28
-231.655
-243.359
-239.4
-249.441
-246.253
-232.799
-273.506
-259.852
-262.728
-289.783
-287.601
-279.754
-303.362
-295.606
-297.285
-291.85
-293.763
-299.994
-321.302
-310.163
-310.869
-309.07
-309.798
-321.356
-294.484
-303.841
-302.786
-292.7
-287.866
-289.923
-284.042
-285.979
-290.804
-271.268
-277.202
-274.999
-446.218
-442.311
-449.951
-419.7
-431.105
-435.879
-456.788
-470.648
-473.281
-465.937
-468.584
-456.345
-223.346
-235.258
-240.133
-223.471
-229.312
-216.724
-252.256
-239.213
-232.917
-273.941
-277.761
-269.136
-291.006
-283.736
-280.152
-291.77
-287.935
-297.531
-307.725
-307.259
-296.003
-326.409
-313.718
-314.015
-311.752
-312.846
-324.804
-311.137
-298.289
-295.145
-304.52
-301.542
-314.953
-285.383
-296.096
-298.595
-446.539
-461.531
-458.104
-467.972
-465.086
-451.33
-418.238
-415.36
-402.249
-424.977
-418.078
-422.654
-463.939
-478.554
-480.273
-475.212
-477.35
-464.309
-458.368
-473.883
-471.314
-478.194
-476.543
-462.359
-254.415
-248.103
-245.575
-252.474
-249.603
-256.25
-238.073
-243.45
-245.946
-311.369
-315.433
-309.911
-273.853
-285.787
-290.946
-269.698
-276.225
-265.716
-296.875
-286.382
-279.483
-228.787
-234.426
-224.278
-255.239
-244.837
-239.163
-256.65
-251.309
-262.416
30.3132
23.5587
20.2532
29.1447
26.4805
32.9362
12.2997
19.5665
25.7455
54.837
51.5224
57.809
39.0034
45.2354
48.5335
38.86
42.3989
36.435
142.115
146.983
145.195
152.028
149.216
144.721
78.9296
72.5527
67.3553
81.2239
77.1445
83.9728
64.0656
70.5442
74.2175
143.723
141.575
135.154
163.115
175.684
117.571
-3.829
4.22861
2.41829
-19.6968
-19.0647
-11.6514
47.727
97.5274
95.536
224.049
157.961
168.546
-17.5782
-43.1717
-1.44072
54.3333
51.4338
49.1654
55.3483
52.7077
55.3497
65.6717
64.1267
67.4864
58.0815
61.0172
62.8438
58.5567
60.2171
57.1589
80.31
76.5203
74.7655
79.0544
78.0299
81.9465
70.9006
74.4043
75.2894
-106.084
-116.587
-140.373
-62.149
-90.9078
-80.9964
-191.032
-206.599
-228.35
-162.607
-186.173
-172.472
-405.609
-410.38
-395.39
-175.317
-176.804
-170.35
-188.891
-183.165
-181.578
-151.86
-152.694
-146.655
-164.735
-158.721
-157.752
57.7292
64.2988
59.8513
74.1542
69.6623
63.2535
81.7111
75.6151
80.1469
55.6597
47.2438
51.7582
37.8693
42.8672
50.8833
-210.442
-219.858
-213.752
-231.758
-225.595
-217.413
-176.26
-189.806
-179.35
-206.615
-198.955
-185.617
-252.504
-267.179
-263.99
-235.479
-245.707
-238.14
-259.389
-251.644
-240.142
-143.375
-157.151
-172.123
-131.949
-143.361
-129.994
-167.973
-155.446
-142.436
-307.938
-321.215
-330.507
-252.165
-265.153
-254.14
-290.822
-277.076
-264.027
-300.565
-289.064
-304.396
-313.971
-302.496
-303.476
-299.163
-301.041
-311.852
-285.859
-293.732
-291.623
-301.818
-300.382
-290.531
-317.495
-306.418
-307.847
-304.168
-305.203
-315.985
-273.198
-270.813
-263.061
-286.334
-280.047
-282.242
-274.946
-277.632
-284.029
-435.361
-447.499
-451.193
-439.484
-443.828
-433.559
-467.44
-453.877
-449.794
-471.367
-468.212
-483.528
-447.141
-460.288
-463.563
-454.091
-457.46
-446.063
-272.154
-268.183
-263.838
-276.315
-272.429
-276.765
-259.916
-265.715
-269.65
-326.823
-313.596
-313.236
-313.809
-313.762
-326.327
-297.001
-307.595
-307.531
-301.009
-302.61
-290.588
-322.162
-308.604
-306.911
-311.954
-310.364
-323.686
-431.838
-445.961
-442.269
-453.854
-450.131
-436.987
-468.973
-453.203
-457.409
-428.003
-432.855
-446.258
-415.796
-428.208
-423.386
-437.82
-433.467
-421.384
-467.317
-482.631
-483.084
-481.248
-482.511
-468.765
-465.692
-481.47
-480.254
-482.699
-482.72
-468.438
-117.87
-118.883
-123.67
-108.385
-113.747
-112.857
-138.628
-140.117
-145.221
-129.147
-134.764
-133.316
-81.6908
-76.8608
-77.7007
-72.404
-79.701
-82.6291
-96.9023
-97.9434
-103.178
-87.4674
-92.6872
-91.489
-94.3509
-92.8485
-87.2191
-195.405
-200.762
-195.628
-158.994
-160.987
-166.81
-150.308
-155.5
-153.906
-179.968
-184.677
-190.134
-172.4
-178.73
-174.561
-263.766
-266.954
-260.879
-303.581
-296.794
-294.18
29.5806
25.9903
24.3565
34.9745
36.7941
33.2097
-3.19048
-8.08468
-9.63621
4.68213
6.27048
1.78922
-127.957
-128.669
-122.673
-140.537
-134.557
-133.815
-102.36
-102.467
-96.0763
-116.132
-109.129
-108.998
-109.324
-108.916
-115.926
156.559
160.791
155.74
176.834
167.841
162.28
137.013
145.874
162.326
124.641
134.171
127.891
1.40751
23.7399
64.3079
-7.02836
5.46239
-15.3008
50.6289
35.6673
23.6166
52.5336
45.5957
61.1259
596.007
627.597
686.795
462.434
536.236
529.41
446.161
525.309
437.196
552.615
640.328
658.458
596.88
634.054
557.591
717.565
698.572
645.959
167.143
127.484
136.774
83.7537
107.498
173.516
-235.879
-221.824
-228.499
-186.643
-178.807
-170.299
-228.829
-226.897
-232.626
-214.474
-220.791
-222.516
-216.722
-219.028
-212.946
-166.557
-178.085
-193.434
-249.289
-238.274
-243.872
-229.568
-235.51
-245.176
-232.935
-219.872
-202.265
-250.107
-235.185
-247.831
-214.397
-225.337
-239.065
-252.778
-249.415
-237.977
-265.056
-255.712
-259.24
-246.45
-252.066
-261.402
-428.606
-421.45
-415.149
-226.024
-218.934
-228.494
-200.842
-210.067
-216.668
-195.58
-202.688
-193.092
-233.762
-230.975
-225.662
-241.348
-236.335
-239.255
-226.507
-230.112
-234.655
-214.552
-210.511
-205.896
-220.453
-215.76
-219.285
-388.121
-392.622
-397.392
-184.947
-196.073
-199.969
-213.917
-203.634
-199.79
109.108
102.923
108.241
90.623
97.1286
102.658
85.3972
90.8072
84.8191
82.5404
73.0418
63.2787
89.0417
81.4759
92.0447
96.6932
94.7237
99.306
86.0169
90.3206
91.954
86.4493
88.2848
84.1237
232.864
220.699
185.347
312.417
260.852
269.883
206.608
240.656
295.169
-1.58397
-1.83958
-32.0527
67.4719
29.1823
22.6738
25.5883
31.0128
72.4468
-206.963
-201.51
-198.617
-203.219
-202.349
-208.201
-191.809
-196.88
-197.922
-117.112
-98.8438
-88.8174
-123.41
-108.345
-127.687
-277.657
-269.38
-272.293
-262.622
-266.243
-275.22
-249.947
-258.204
-255.089
-386.519
-375.988
-367.919
-412.195
-404.992
-416.445
-239.363
-243.645
-238.983
-253.405
-250.517
-246.092
-259.319
-254.96
-257.814
-194.002
-189.884
-185.063
-200.337
-195.519
-199.315
-380.63
-376.659
-381.715
-342.124
-347.014
-352.782
-40.5008
-35.2242
-34.2595
-50.3429
-51.0287
-45.4679
-69.3932
-76.9286
-75.8819
-90.2847
-86.2451
-78.3758
-54.8476
-55.8529
-62.8465
111.335
108.545
106.087
116.148
112.25
116.038
103.841
108.26
111.74
131.142
125.893
129.572
119.017
123.356
127.974
97.627
92.9167
87.3958
103.31
98.0535
103.02
88.0835
92.2542
96.6343
183.063
199.296
189.121
185.475
194.589
180.659
223.71
201.984
189.874
176.98
182.532
218.067
160.237
173.061
162.358
170.889
176.016
160.378
396.798
387.452
341.622
491.324
432.891
441.076
379.837
413.135
475.321
46.9202
52.0001
47.3653
56.3262
57.9613
50.8438
56.1757
51.1466
45.3201
43.1444
34.6213
32.6836
35.5587
43.3489
42.6093
24.2582
13.2012
16.4203
16.9055
20.6797
25.9719
92.1867
101.897
92.5267
114.567
108.609
96.2807
-9.95891
-14.9544
-7.53722
3.78168
4.13602
13.4637
35.0998
45.1232
53.0638
213.793
207.091
187.432
-35.5542
-35.4643
-24.2555
-12.3961
-18.2723
-6.87494
-34.6913
-39.425
-13.3807
-70.5162
-60.9998
-47.998
-24.9069
-35.5208
-28.3115
-250.233
-227.89
-208.549
-100.162
-82.3808
-72.8488
-27.8832
-38.4718
-38.9749
-338.853
-311.709
-308.225
-109.948
-90.339
-88.3087
-21.0918
-27.5975
-34.3807
-284.981
-268.162
-278.814
-97.6175
-82.7743
-88.2747
-9.14413
-10.4649
-19.2448
-25.9473
-26.277
-40.6549
-166.056
-160.041
-174.72
-71.9566
-64.8145
-74.5778
2.31482
4.73704
-2.23776
13.8544
20.4226
10.9786
39.8604
47.2527
38.7013
-44.6917
-44.3297
-54.4248
10.0171
13.6601
10.0635
32.362
39.328
37.0589
137.971
134.784
144.97
25.5629
12.4017
5.44788
-24.0036
-27.3235
-35.2028
13.5418
16.8442
15.7367
48.7345
51.9699
57.8095
54.5651
50.4829
55.5519
27.5821
19.908
19.7819
-11.8102
-15.868
-21.203
19.3685
22.0397
24.3395
4.37697
-0.80453
-2.86003
20.2011
20.4582
23.6127
21.964
19.2435
25.4093
16.8554
18.5275
20.215
12.2111
9.83097
10.653
29.4168
19.2614
14.2163
19.6317
31.5834
38.1997
63.0877
85.237
68.0521
186.212
204.709
212.776
-100.334
-87.8713
-104.086
-187.703
-164.952
-179.8
-180.565
-161.979
-167.292
-115.102
-128.749
-143.433
-302.929
-295.211
-322.392
-160.273
-145.823
-139.986
-166.235
-168.566
-184.84
-288.583
-296.768
-317.976
-130.206
-122.568
-132.059
-148.968
-144.3
-135.656
-189.191
-203.314
-213.383
147.044
137.279
140.197
42.656
45.9271
36.2943
-108.014
-124.911
-139.557
-334.355
-323.887
-335.984
-358.64
-348.771
-339.82
-313.89
-307.819
-313.092
-319.282
-324.604
-330.648
-142.05
-152.827
-155.59
102.921
109.587
105.351
101.116
95.9721
89.3348
53.888
63.2576
54.4029
-80.42
-69.8866
-89.7974
68.6595
47.7058
52.9393
-0.131264
-12.6521
-14.5309
-10.5626
-12.546
-5.06957
-59.1848
-50.776
-50.6362
-36.7636
-30.0343
-16.9929
-63.8078
-45.7152
-50.3449
57.5437
44.6944
75.9224
-138.091
-109.406
-119.315
-76.1787
-75.275
-67.1373
-126.904
-118.199
-121.235
-121.042
-120.375
-131.238
-55.5577
-66.9459
-65.0486
-31.1796
-34.1755
-45.6988
312.035
341.881
351.451
140.861
170.765
144.947
356.054
352.517
318.978
193.137
175.548
200.521
-27.7552
-28.8504
-36.0095
13.226
5.25561
7.43102
6.72383
4.99155
9.24799
-21.7379
-16.8009
-15.6145
33.5549
28.0236
20.5883
62.0048
55.0621
46.8741
249.074
290.687
240.28
26.5832
29.9504
19.668
-35.3189
-21.621
-46.8303
142.257
114.504
130.582
35.2085
34.8837
40.7751
12.7679
16.9338
18.4128
31.4048
20.7529
7.18339
12.0333
22.7845
11.2868
108.025
96.8802
71.8061
98.9544
114.366
140.93
-189.067
-200.969
-192.878
-214.889
-207.916
-194.365
-173.488
-180.561
-187.874
-164.697
-172.584
-165.181
-153.287
-165.046
-153.54
-184.653
-174.982
-161.576
-189.042
-193.051
-182.704
60.2635
70.7435
77.978
229.826
247.335
292.397
84.0165
71.9876
71.3541
124.322
113.102
99.3463
131.779
124.991
152.372
98.8969
110.998
115.386
151.137
122.926
131.193
91.4261
108.1
119.577
87.4315
96.6516
84.1665
55.2223
57.1854
72.5736
17.5512
33.5225
24.8432
78.0743
47.2713
28.2057
67.8405
59.695
85.027
161.127
140.848
139.909
259.887
231.999
242.74
187.427
210.831
231.228
175.121
191.68
173.964
-90.4511
-64.836
-63.7258
-260.712
-245.102
-268.962
-311.845
-312.706
-339.308
-243.989
-256.351
-271.913
-130.375
-145.271
-149.982
56.9607
47.1686
45.1843
46.541
47.8319
58.3387
89.5785
82.0622
78.5449
88.08
85.6304
94.8652
121.667
126.394
127.24
112.062
118.716
111.846
129.369
124.372
115.326
19.1437
16.8032
30.1438
-3.32407
5.999
9.76373
-6.7318
0.731543
-8.13192
42.6416
39.9392
44.8288
40.8204
46.2564
44.1666
48.4557
47.9514
42.4463
61.2746
54.6087
56.6871
39.417
44.3732
46.5741
32.9638
38.01
33.1908
47.6418
42.9327
35.9046
-251.632
-236.197
-250.196
-397.17
-380.257
-372.257
-388.498
-381.829
-401.474
-292.12
-277.873
-262.94
-301.381
-287.607
-304.198
-375.745
-360.323
-364.267
-347.004
-351.735
-367.962
-412.132
-393.838
-388.663
-395.958
-392.495
-413.471
-344.242
-332.447
-337.972
-316.67
-322.93
-335.339
96.7496
85.8856
87.6852
78.1137
83.6642
96.1004
63.2038
72.5576
67.5462
180.892
179.774
175.149
174.12
177.394
175.393
158.198
107.563
82.9678
135.642
125.746
158.289
82.9457
101.925
112.278
172.874
189.443
174.281
223.839
206.7
184.219
241.077
227.816
252.427
154.756
136.679
130.661
139.852
139.123
162.462
96.2699
116.647
114.107
-55.3406
-73.6091
-82.8233
-21.173
-19.4373
-38.4085
-160.584
-150.562
-131.082
-186.357
-167.375
-179.223
-151.984
-141.152
-116.076
-152.079
-160.229
-176.614
-153.784
-136.504
-147.418
-312.293
-285.791
-274.063
-157.687
-154.179
-168.17
-182.602
-164.754
-164.021
-326.329
-303.689
-308.589
-91.9748
-82.2066
-86.7717
-121.044
-111.928
-102.987
-161.626
-153.006
-158.18
-143.243
-148.273
-156.36
-131.715
-139.882
-134.833
-228.804
-217.33
-230.82
-157.081
-155.962
-161.712
-144.056
-150.062
-151.198
89.6606
82.0314
82.6533
78.168
79.8934
87.8715
128.034
133.467
142.079
119.109
125.808
121.053
129.422
129.407
125.838
79.6437
72.2884
69.435
80.5574
78.9764
86.54
71.129
58.657
56.7952
57.8595
58.5614
68.5465
-141.568
-127.949
-116.31
-155.328
-140.112
-154.062
-175.584
-164.311
-173.927
-145.754
-157.691
-167.866
-371.898
-355.917
-345.654
-369.354
-360.125
-378.636
-363.019
-354.295
-365.7
-337.567
-322.158
-309.606
-340.254
-328.907
-346.66
-400.362
-382.242
-383.919
-372.219
-375.149
-394.65
-413.751
-394.593
-393.003
-389.879
-390.048
-411.296
-131.678
-129.376
-124.002
-139.616
-134.728
-136.794
-152.08
-149.511
-144.844
-159.22
-154.679
-157.257
-272.111
-265.141
-272.816
-293.052
-301.689
-308.946
-336.681
-330.901
-335.985
-309.233
-300.077
-306.877
-282.854
-290.134
-299.843
-133.615
-131.524
-137.983
-115.455
-125.259
-128.268
-148.778
-151.464
-140.964
-172.356
-161.999
-159.017
-167.197
-163.614
-174.326
115.836
112.803
104.891
129.51
121.222
124.579
112.998
117.452
125.047
135.609
126.504
125.866
126.212
124.555
134.589
83.3674
86.822
79.3404
111.507
98.8108
95.1421
103.39
102.101
113.267
-22.0879
-47.8031
-56.6371
25.1701
24.0638
0.348533
-27.2365
-19.3966
-18.0578
-42.1997
-42.7902
-34.6213
-17.1046
13.8289
21.9671
-96.9468
-102.552
-128.854
-47.8215
-75.5044
-72.9574
-86.1859
-79.5582
-48.6651
-92.2831
-83.4644
-84.8397
-111.773
-109.473
-100.91
-98.6466
-109.578
-109.794
-76.0736
-76.8602
-87.7503
292.442
317.075
292.779
357.799
336.724
306.765
385.584
367.915
399.491
273.942
246.602
245.237
243.218
202.088
166.04
239.236
225.901
267.856
164.732
192.573
207.161
282.178
261.437
242.955
270.856
267.072
295.775
202.647
236.705
238.45
420.749
382.925
391.495
328.885
356.918
385.376
303.886
332.474
309.575
-76.702
-74.6075
-51.3894
-112.258
-92.6021
-98.2508
107.954
139.988
152.902
-180.691
-179.911
-186.268
-167.634
-173.729
-174.533
-15.3252
-22.5664
-21.1518
0.333499
-1.24892
-8.87767
-205.461
-195.055
-203.342
-180.405
-189.509
-198.908
-229.809
-219.506
-226.243
-208.083
-215.525
-224.445
-118.53
-110.288
-119.915
-172.818
-169.266
-164.478
-179.603
-174.733
-178.291
-3.3738
1.26334
2.78834
-10.9461
-12.4736
-7.53058
142.024
137.055
140.772
131.644
135.063
139.404
156.369
149.689
155.019
142.975
147.323
152.397
121.95
115.431
107.694
128.702
120.16
128.91
100.889
103.953
101.976
155.92
162.506
170.501
146.683
139.298
131.89
514.429
487.453
442.379
535.305
527.683
566.819
375.976
326.177
279.796
359.544
353.67
404.827
442.188
422.582
454.768
602.261
553.077
548.723
492.253
527.639
566.841
121.784
120.42
120.017
31.7846
4.29635
-5.59914
95.013
87.4197
60.8388
27.6062
31.7305
32.4486
22.051
20.3093
24.365
41.4465
43.7704
40.0712
45.7341
45.8565
41.0743
44.24
41.1493
37.0307
36.0467
30.8554
28.6197
36.7883
41.2569
39.4505
25.6581
18.1641
19.2118
24.8031
29.0381
30.7792
4.28923
-1.8356
2.76399
69.345
56.9915
55.8939
-2.85624
-10.4531
-2.44337
-68.5836
-66.182
-49.2732
-145.144
-129.649
-113.451
-181.259
-160.973
-154.743
-162.613
-147.346
-152.332
-110.325
-104.16
-115.423
-44.0842
-48.3228
-61.9185
-53.6378
-55.4106
-66.9846
69.7142
76.7572
77.5262
32.7805
36.3149
38.0374
14.0699
16.6978
16.9987
-5.43927
-9.01057
-12.4105
16.5651
18.3742
19.9817
4.88477
1.12542
0.420639
15.6736
15.2551
17.5466
27.1539
2.71495
14.3168
-1.3332
26.1941
17.7751
8.17013
8.92123
8.82984
76.637
75.0285
65.0844
15.5181
-1.48226
0.374788
-75.0094
-71.2514
-61.0745
-74.8232
-89.1386
-87.7519
75.0771
75.9843
72.5288
69.4099
72.8973
73.0705
113.398
116.257
110.269
81.3747
89.3375
88.0106
9.61045
5.52358
14.1113
-50.5422
-40.3135
-40.7566
28.8115
15.2614
19.6387
40.8545
38.2767
46.4639
1.24052
8.3366
10.6798
6.65652
22.6072
37.5785
84.6193
75.9473
71.4367
79.0988
79.4544
89.4905
86.7702
76.6595
78.1092
64.5151
71.0904
79.6333
57.81
60.1771
51.6448
68.8096
70.8417
80.2907
153.354
154.16
170.941
171.501
153.998
153.38
31.0571
42.3666
38.1445
18.5225
14.2117
5.33235
55.3552
44.3487
31.646
118.25
121.388
104.545
134.659
139.571
154.921
-34.7078
-21.809
-15.4691
-32.2182
-26.1749
-37.8386
-4.55084
-15.9296
-18.5256
-99.8216
-81.7394
-88.7332
-75.1432
-61.0118
-67.3058
-46.2385
-55.9636
-67.5994
-205.768
-225.325
-240.015
-191.96
-209.874
-193.84
-150.927
-139.01
-158.848
-81.4954
-67.8605
-66.065
-68.3946
-70.5939
-83.8674
-265.215
-288.399
-288.244
-283.877
-287.624
-266.663
-159.268
-159.056
-180.944
-54.3143
-47.4327
-40.2914
-60.2313
-55.1986
-63.2969
-226.116
-240.609
-230.025
-260.044
-251.153
-237.151
-127.938
-136.815
-151.26
-31.8386
-23.8073
-24.899
-79.0877
-91.198
-95.5537
-25.0066
-37.1688
-31.0554
39.4368
39.9294
33.0587
71.0266
74.2638
67.619
41.1857
36.7901
34.0344
19.5141
18.8931
25.6643
-236.392
-224.878
-206.152
-233.269
-227.318
-236.722
126.201
106.66
90.8538
-141.331
-152.676
-173.318
-109.595
-131.709
-124.21
-248.424
-271.65
-279.242
-252.008
-263.246
-243.121
-255.837
-275.367
-268.732
-285.267
-281.548
-263.16
-184.098
-193.55
-180.849
-218.156
-206.326
-196.762
-102.873
-102.537
-116.503
74.6112
74.3178
70.2356
64.2958
73.0427
73.2557
65.0806
65.8437
56.6414
56.4158
60.931
57.3215
37.7219
46.8453
45.366
-104.096
-113.663
-97.7153
-246.888
-255.068
-262.408
109.179
115.032
117.05
-44.1804
-45.7152
-22.1352
-81.0866
-63.5444
-58.1453
-11.6338
-2.27349
0.611809
-29.8251
-30.467
-20.5322
-3.73954
6.63291
-19.969
61.0555
32.5061
17.176
-80.1402
-80.6968
-89.7873
-111.915
-115.033
-123.299
-98.2334
-106.587
-103.691
-108.656
-109.447
-98.949
-130.447
-119.882
-118.604
-88.7403
-79.1463
-75.3758
-13.0719
-24.4011
-20.2467
10.9854
7.07549
-4.09696
215.645
217.845
188.516
231.206
244.792
264.799
26.3355
33.0773
35.4333
17.1079
14.1473
20.9395
53.2933
37.9058
46.267
159.588
131.515
140.041
161.612
147.096
137.341
135.001
146.335
161.72
64.6489
56.9953
68.6344
133.13
123.28
144.135
35.0801
37.8895
35.7965
24.5965
19.477
17.9268
10.9193
5.5009
6.60956
-7.23906
-11.2124
-7.65598
11.4691
13.6213
18.0159
53.5027
60.8775
59.7141
-18.4955
-20.607
-15.4749
3.79462
3.53442
9.0289
106.761
122.154
119.667
-35.1817
-33.994
-26.6535
-5.28206
-8.55095
-2.44936
-54.7464
-48.9514
-40.8033
-12.3277
-17.8481
-13.7592
-70.9211
-61.1737
-54.6739
-14.6552
-20.4117
-20.0011
-77.3719
-66.3823
-63.694
-11.8743
-15.9032
-18.8536
-72.3606
-63.2288
-64.8372
-5.81662
-7.30502
-11.8443
-59.1612
-53.6956
-58.4
0.884066
1.63075
-2.75514
-43.2154
-41.4838
-47.3808
-14.8181
-19.9117
-27.7083
-28.7818
-29.9338
-35.4411
38.6716
28.5541
35.8419
24.9419
35.7668
35.6914
-1.93198
-4.97368
-6.99013
113.75
116.924
98.4312
9.7096
0.980369
9.50923
20.7023
28.3531
33.6265
65.4183
61.3444
66.7204
54.4997
49.3251
56.1378
42.815
35.5394
32.5993
44.2776
44.3699
34.3514
4.94524
9.71802
20.0339
27.5
22.0081
27.3968
56.2559
60.0038
77.9896
-67.9299
-66.139
-87.6174
-22.5366
-45.8277
-52.0353
-15.3113
-15.7777
-7.97196
-136.113
-140.343
-125.724
-167.498
-154.096
-149.049
15.0311
10.4607
15.6228
-1.20783
5.49448
9.12153
-35.3686
-45.2411
-41.7503
11.8084
12.8245
7.78211
38.1533
36.1527
29.7759
28.7127
21.4078
32.6357
1.74828
-5.73203
-16.0004
40.0199
33.644
40.3602
89.3229
76.0506
72.845
-513.645
-515.66
-521.132
-523.861
-532.219
-554.725
-510.474
-508.982
-515.456
-505.267
-504.582
-509.147
-106.443
-106.44
-107.023
-122.721
-105.631
-154.432
-249.788
-241.635
-270.655
-246.599
-239.307
-260.717
-111.164
-110.746
-111.23
182.574
170.859
116.031
-148.102
-143.152
-203.883
-493.542
-491.457
-495.772
-495.642
-494.459
-503.071
-524.715
-524.554
-529.574
-526.26
-527.908
-533.161
-476.53
-480.08
-493.483
-477.678
-480.733
-490.352
69.3636
68.8823
68.9063
61.7144
61.3249
61.6303
271.992
297.816
255.011
455.149
448.085
384.685
-405.194
-410.725
-434.921
-381.044
-375.098
-383.331
-405.599
-403.602
-414.342
-509.701
-510.018
-519.729
-520.92
-521.944
-526.502
-519.915
-520.362
-525.579
-496.234
-495.46
-504.527
-325.899
-330.085
-342.28
-88.1322
-84.5569
-155.797
-92.451
-92.1558
-94.3365
56.34
56.978
60.3479
59.6408
59.2052
59.6714
24.154
24.6078
23.8945
-333.233
-333.15
-335.458
-339.854
-345.992
-362.04
-326.472
-325.203
-328.082
-334.036
-337.126
-343.853
-324.213
-321.165
-323.986
-329.196
-328.741
-334.74
-325.242
-324.775
-327.982
-335.702
-336.78
-339.389
-342.808
-343.513
-350.04
-348.264
-354.346
-370.821
-340.122
-339.887
-343.271
-322.36
-322.912
-326.455
-337.896
-340.964
-353.312
-342.61
-342.957
-349.56
-341.223
-347.201
-362.179
-324.084
-328.611
-342.921
-180.931
-180.547
-183.184
-129.648
-128.74
-129.6
53.9185
56.4291
62.5731
-383.026
-376.39
-392.632
-353.44
-348.566
-357.854
-355.217
-351.107
-368.789
-512.15
-520.721
-543.992
-488.404
-485.124
-489.851
-528.102
-533.941
-549.096
-522.234
-520.959
-526.777
-464.444
-466.48
-483.745
-486.127
-483.654
-487.819
-264.89
-263.652
-265.318
-289.058
-289.067
-290.884
-273.133
-272.664
-276.295
-317.43
-317.348
-322.848
-294.653
-294.242
-295.282
-175.238
-174.899
-176.269
-124.258
-123.358
-124.907
-117.117
-116.355
-117.138
36.1348
36.014
33.8039
69.3904
71.6943
72.7658
-466.216
-466.741
-470.821
-461.677
-460.353
-464.339
-509.114
-509.255
-513.272
-474.885
-479.68
-493.051
-480.79
-485.662
-503.885
-520.918
-521.234
-530.26
-519.492
-522.121
-537.111
-435.087
-433.987
-437.604
-439.368
-436.587
-440.053
-502.768
-503.726
-509.003
-434.901
-438.705
-453.325
-427.441
-427.721
-437.317
-65.5857
-65.1654
-65.4148
-71.0885
-70.5155
-70.9074
-101.836
-102.098
-102.948
-60.0257
-59.7286
-59.9034
-54.4935
-54.2547
-54.3687
-67.8935
-65.8864
-104.449
-89.5242
-89.9257
-91.525
-83.351
-84.1168
-87.1973
-249.582
-226.569
-243.123
-220.822
-187.079
-222.721
-246.282
-237.8
-250.539
-116.232
-115.509
-116.15
166.952
164.531
153.403
-146.676
-140.844
-161.659
-458.008
-457.279
-473.091
-496.274
-496.013
-499.963
-499.139
-504.874
-526.166
-526.328
-525.771
-533.339
-535.644
-545.507
-571.828
-470.018
-469.592
-476.047
-477.571
-477.643
-480.9
-401.922
-405.766
-421.152
-97.0115
-96.7475
-97.1259
-103.855
-103.337
-103.75
343.056
315.76
193.292
145.451
137.39
-31.7666
66.6132
66.1941
66.3213
64.0837
63.7191
63.945
-394.299
-396.535
-409.797
-384.603
-382.158
-388.745
-403.918
-402.632
-407.268
-462.508
-462.638
-474.879
-460.232
-457.887
-463.487
-506.872
-505.332
-509.843
-476.263
-475.444
-478.878
-478.937
-477.848
-485.782
-518.663
-517.827
-522.575
-523.506
-529.565
-547.728
-449.521
-448.978
-454.618
-444.5
-440.255
-444.413
-506.419
-513.958
-536.707
-410.133
-408.52
-411.105
-417.446
-415.366
-419.522
-331.02
-330.487
-332.561
-326.726
-326.892
-329.252
-85.2407
-84.417
-84.9996
-77.4663
-76.9105
-77.6424
-98.638
-100.411
-105.468
-43.9337
-43.7143
-43.8291
-49.0982
-48.8911
-48.9896
-38.8779
-38.5093
-38.5419
56.6594
56.1787
57.5225
57.8439
57.3175
58.0415
-42.4601
-29.8508
-103.784
-61.2715
-60.7411
-61.0022
-68.7424
-68.062
-68.5886
-76.1615
-75.8382
-77.1157
-217.468
-207.531
-234.436
-218.113
-216.889
-238.489
-212.231
-196.545
-220.36
-220.097
-204.773
-249.521
-246.295
-245.663
-258.275
-294.889
-295.253
-298.315
-332.915
-331.984
-334.85
-336.064
-336.26
-342.52
-327.002
-326.641
-328.995
-329.541
-330.376
-333.001
-332.83
-337.558
-352.605
-328.378
-330.816
-338.664
-340.095
-343.327
-349.736
-346.375
-353.09
-369.574
-344.756
-348.831
-357.862
-340.994
-342.127
-345.459
-324.87
-324.477
-327.879
-329.888
-329.214
-334.369
-338.579
-338.419
-342.204
-337.65
-338.792
-342.592
-319.384
-320.098
-330.883
-122.292
-121.446
-122.413
46.1744
47.0725
47.7813
-358.764
-356.287
-363.903
-372.758
-379.026
-398.718
-353.823
-352.354
-384.458
-462.748
-466.335
-484.806
-457.727
-456.196
-464.661
-500.825
-502.162
-506.528
-492.979
-494.557
-504.631
-531.163
-536.186
-554.215
-529.24
-529.992
-541.77
-465.398
-464.713
-471.039
-480.638
-479.416
-482.633
-405.433
-404.903
-407.462
-402.024
-402.203
-405.357
-391.907
-392.8
-399.324
-258.617
-257.52
-258.686
-285.18
-286.522
-290.999
-281.852
-284.668
-293.794
-301.931
-300.48
-302.121
-308.436
-306.857
-309.254
-133.361
-133.834
-137.991
-110.381
-109.84
-110.406
47.6217
48.6817
48.0259
58.4173
60.1317
60.3055
674.963
702.016
702.002
820.708
899.17
974.777
871.263
953.455
1023.35
152.916
152.994
157.38
151.004
149.904
151.731
-274.358
-271.497
-282.593
-292.185
-295.027
-306.857
-275.736
-279.899
-303.806
-296.377
-299.401
-314.359
-236.259
-235.72
-236.983
-199.603
-199.229
-200.344
-155.971
-155.772
-156.58
-195.423
-195.619
-196.997
-151.796
-152.124
-153.233
189.534
184.611
176.336
-266.457
-256.863
-271.875
-282.886
-286.239
-326.021
-150.577
-150.85
-151.474
-195.666
-195.483
-196.137
-191.339
-191.632
-192.527
-146.175
-146.724
-147.708
-143.545
-146.212
-151.514
-56.7019
-29.5371
-143.019
24.0423
14.8924
-88.4797
257.616
277.968
-237.25
-11.0866
-11.3659
-13.8255
21.5965
22.6563
23.8362
27.8353
30.5065
36.2124
35.4326
35.2391
35.8122
144.36
145.89
149.163
153.236
151.795
151.618
-430.861
-435.237
-457.032
-335.953
-335.258
-336.676
-344.556
-342.393
-344.983
-362.859
-364.636
-370.052
119.863
117.694
117.12
-168.331
-149.276
-195.969
-20.9928
-20.6125
-20.6006
82.9791
90.1839
-0.640702
32.0448
31.2263
-16.4544
-39.1958
-39.1098
-39.3432
-1.93443
-1.421
-2.32463
-33.2009
-33.3312
-33.6943
-26.7131
-26.8031
-27.2375
-171.742
-169.437
-207.823
-285.147
-282.062
-290.758
-289.964
-291.212
-311.09
-272.711
-265.192
-292.72
-267.156
-258.836
-272.206
-227.654
-230.383
-240.474
-219.196
-218.432
-222.461
-172.581
-171.204
-173.092
-137.67
-136.87
-139.479
3.4177
3.65965
3.85588
-15.9412
-15.5171
-15.2479
-1.33363
-1.27627
-1.05091
38.9441
38.8856
39.3023
140.974
144.634
151.495
155.6
153.525
152.371
-214.876
-204.805
-222.266
-210.176
-198.604
-227.696
-436.842
-436.499
-441.142
-432.638
-434.305
-452.324
-447.071
-451.807
-464.046
-382.343
-379.721
-383.694
-365.468
-365.461
-367.578
-166.697
-166.278
-167.417
124.504
119.747
112.837
76.1459
75.1388
73.4335
154.755
159.448
170.791
151.036
150.08
151.175
105.093
108.401
116.804
96.3471
96.7594
98.9432
108.416
108.9
113.563
110.795
109.685
111.688
-269.181
-267.421
-272.353
105.77
105.519
103.954
100.569
100.649
100.503
-285.868
-284.711
-289.202
-266.75
-264.582
-274.415
-293.948
-292.466
-298.832
-305.017
-303.008
-306.653
-307.187
-305.471
-312.204
-318.13
-320.286
-325.31
-314.264
-314.71
-317.397
-306.782
-306.221
-309.609
-309.785
-310.575
-314.239
-325.184
-331.629
-348.477
-322.468
-322.633
-329.664
-244.135
-242.084
-243.941
-250.309
-248.484
-251.383
-278.73
-277.317
-279.597
-274.016
-273.479
-275.462
-285.725
-284.223
-288.257
-294.633
-295.855
-305.418
-233.03
-232.328
-234.355
-204.762
-203.887
-205.171
-160.705
-160.003
-160.851
-192.409
-193.587
-197.347
-148.783
-150.487
-154.916
120.414
122.217
122.586
112.723
113.438
112.252
-263.781
-247.692
-270.304
-232.339
-237.143
-265.299
-283.755
-281.447
-295.096
-245.751
-245.845
-247.199
-251.771
-251.381
-252.14
-155.151
-155.018
-155.507
-241.136
-241.85
-244.161
-238.664
-241.828
-250.615
-201.169
-200.782
-201.556
-187.792
-189.317
-193.108
147.782
138.441
117.168
71.5616
71.1858
70.6587
85.5207
85.581
85.4512
80.9355
80.7714
80.2526
683.189
701.88
692.01
285.215
277.555
160.744
174.306
168.183
107.485
-19.9662
-22.266
-27.6847
15.4871
16.0171
16.3213
7.87802
8.5456
8.74421
30.0977
30.3313
32.4734
32.262
31.8924
32.75
148.663
150.846
155.354
151.887
150.872
151.409
-421.309
-417.08
-423.593
-352.513
-351.662
-356.952
-361.265
-365.34
-378.29
83.8178
89.7747
97.8489
90.5303
91.5308
95.3993
112.538
112.074
112.661
-162.974
-143.513
-211.453
-151.682
-114.427
-186.803
-26.7942
-26.6096
-26.8192
-33.915
-33.3801
-33.4014
90.2746
90.3379
90.3036
95.246
95.2861
95.2285
-45.2478
-45.0089
-45.2541
-52.433
-52.2689
-52.7071
15.3216
15.8797
15.4848
6.65857
7.13504
6.58657
-283.465
-280.269
-285.269
-286.416
-280.776
-290.853
-263.457
-257.412
-265.894
-294.14
-292.421
-296.497
-309.179
-309.536
-322.333
-311.852
-314.305
-330.558
-311.696
-310.114
-313.494
-311.825
-311.088
-313.632
-315.244
-315.395
-323.196
-318.269
-325.189
-344.008
-317.892
-317.115
-319.601
-266.512
-269.622
-280.443
-258.503
-258.364
-264.532
-269.509
-272.408
-280.121
-270.627
-271.005
-273.218
-304.097
-302.254
-305.651
-306.843
-306.399
-309.892
-300.837
-299.984
-303.221
-299.985
-302.802
-313.679
-230.106
-230.769
-235.147
-211.027
-209.654
-211.516
-165.982
-164.821
-165.971
-189.746
-192.059
-201.39
-144.632
-146.195
-152.257
-10.4035
-9.60459
-8.14995
-5.79417
-5.60553
-5.05585
42.9972
43.3421
43.9769
132.726
136.494
142.205
157.81
152.495
142.49
-202.561
-189.688
-238.643
-323.391
-325.977
-361.09
-309.973
-298.042
-310.862
-325.591
-321.992
-341.227
-322.69
-320.136
-328.041
-431.394
-429.177
-434.067
-430.1
-427.238
-435.008
-374.737
-372.446
-374.762
-369.482
-368.306
-370.178
-160.253
-159.858
-160.513
-222.07
-220.996
-222.492
-230.346
-230.146
-233.509
-208.434
-207.85
-208.393
-215.444
-214.394
-215.336
-183.017
-184.328
-189.47
135.858
132.989
128.562
830.827
898.992
953.652
)
;

boundaryField
{
    topAndBottom
    {
        type            slip;
    }
    inlet
    {
        type            zeroGradient;
    }
    outlet
    {
        type            fixedValue;
        value           uniform 0;
    }
    wing
    {
        type            zeroGradient;
    }
    front
    {
        type            empty;
    }
    back
    {
        type            empty;
    }
}


// ************************************************************************* //
