/*--------------------------------*- C++ -*----------------------------------*\
| =========                 |                                                 |
| \\      /  F ield         | OpenFOAM: The Open Source CFD Toolbox           |
|  \\    /   O peration     | Version:  5.x                                   |
|   \\  /    A nd           | Web:      www.OpenFOAM.org                      |
|    \\/     M anipulation  |                                                 |
\*---------------------------------------------------------------------------*/
FoamFile
{
    version     2.0;
    format      ascii;
    class       volScalarField;
    location    "200";
    object      pSat;
}
// * * * * * * * * * * * * * * * * * * * * * * * * * * * * * * * * * * * * * //

dimensions      [0 2 -2 0 0 0 0];

internalField   nonuniform List<scalar> 
6584
(
697.948
697.948
697.948
697.948
697.948
697.948
697.948
697.948
697.948
697.948
697.948
697.948
697.948
697.948
697.948
697.948
697.948
697.948
697.948
697.948
697.948
697.948
697.948
697.948
697.948
697.948
697.948
697.948
697.948
697.948
697.948
697.948
697.948
697.948
697.948
697.948
697.948
697.948
697.948
697.948
697.948
697.948
697.948
697.948
697.948
697.948
697.948
697.948
697.948
697.948
697.948
697.948
697.948
697.948
697.948
697.948
697.948
697.948
697.948
697.948
697.948
697.948
697.948
697.948
697.948
697.948
697.948
697.948
697.948
697.948
697.948
697.948
697.948
697.948
697.948
697.948
697.948
697.948
697.948
697.948
697.948
697.948
697.948
697.948
697.948
697.948
697.948
697.948
697.948
697.948
697.948
697.948
697.948
697.948
697.948
697.948
697.948
697.948
697.948
697.948
697.948
697.948
697.948
697.948
697.948
697.948
697.948
697.948
697.948
697.948
697.948
697.948
697.948
697.948
697.948
697.948
697.948
697.948
697.948
697.948
697.948
697.948
697.948
697.948
697.948
697.948
697.948
697.948
697.948
697.948
697.948
697.948
697.948
697.948
697.948
697.948
697.948
697.948
697.948
697.948
697.948
697.948
697.948
697.948
697.948
697.948
697.948
697.948
697.948
697.948
697.948
697.948
697.948
697.948
697.948
697.948
697.948
697.948
697.948
697.948
697.948
697.948
697.948
697.948
697.948
697.948
697.948
697.948
697.948
697.948
697.948
697.948
697.948
697.948
697.948
697.948
697.948
697.948
697.948
697.948
697.948
697.948
697.948
697.948
697.948
697.948
697.948
697.948
697.948
697.948
697.948
697.948
697.948
697.948
697.948
697.948
697.948
697.948
697.948
697.948
697.948
697.948
697.948
697.948
697.948
697.948
697.948
697.948
697.948
697.948
697.948
697.948
697.948
697.948
697.948
697.948
697.948
697.948
697.948
697.948
697.948
697.948
697.948
697.948
697.948
697.948
697.948
697.948
697.948
697.948
697.948
697.948
697.948
697.948
697.948
697.948
697.948
697.948
697.948
697.948
697.948
697.948
697.948
697.948
697.948
697.948
697.948
697.948
697.948
697.948
697.948
697.948
697.948
697.948
697.948
697.948
697.948
697.948
697.948
697.948
697.948
697.948
697.948
697.948
697.948
697.948
697.948
697.948
697.948
697.948
697.948
697.948
697.948
697.948
697.948
697.948
697.948
697.948
697.948
697.948
697.948
697.948
697.948
697.948
697.948
697.948
697.948
697.948
697.948
697.948
697.948
697.948
697.948
697.948
697.948
697.948
697.948
697.948
697.948
697.948
697.948
697.948
697.948
697.948
697.948
697.948
697.948
697.948
697.948
697.948
697.948
697.948
697.948
697.948
697.948
697.948
697.948
697.948
685.458
697.948
697.948
697.948
697.948
697.948
697.948
697.948
697.948
697.948
697.948
697.948
697.948
697.948
697.948
697.948
697.948
697.948
697.948
697.948
697.948
697.948
697.948
697.948
695.022
697.948
697.948
697.948
697.948
697.948
697.948
697.948
697.948
697.948
697.948
697.948
697.948
697.948
697.948
697.948
697.948
697.948
697.948
697.948
697.948
697.948
697.948
697.948
695.305
697.948
697.948
697.948
697.948
697.948
697.948
697.948
697.948
697.948
697.948
697.948
697.948
697.948
697.948
697.948
697.948
697.948
697.948
697.948
697.948
697.948
697.948
697.934
696.721
697.948
697.948
697.948
697.948
697.948
697.948
697.948
697.948
697.948
697.948
697.948
697.948
697.948
697.948
697.948
697.948
697.948
697.948
697.948
697.948
697.948
697.948
697.925
696.769
697.948
697.948
697.948
697.948
697.948
697.948
697.948
697.948
697.948
697.948
697.948
697.948
697.948
697.948
697.948
697.948
697.948
697.948
697.948
697.948
697.948
697.946
697.405
697.4
697.948
697.948
697.948
697.948
697.948
697.948
697.948
697.948
697.948
697.948
697.948
697.948
697.948
697.948
697.948
697.948
697.948
697.948
697.948
697.948
697.948
697.943
697.408
697.407
697.948
697.948
697.948
697.948
697.948
697.948
697.948
697.948
697.948
697.948
697.948
697.948
697.948
697.948
697.948
697.948
697.948
697.948
697.948
697.948
697.948
697.941
697.411
697.413
697.948
697.948
697.948
697.948
697.948
697.948
697.948
697.948
697.948
697.948
697.948
697.948
697.948
697.948
697.948
697.948
697.948
697.948
697.948
697.948
697.948
697.939
697.414
697.419
697.948
697.948
697.948
697.948
697.948
697.948
697.948
697.948
697.948
697.948
697.948
697.948
697.948
697.948
697.948
697.948
697.948
697.948
697.948
697.948
697.948
697.937
697.417
697.425
697.948
697.948
697.948
697.948
697.948
697.948
697.948
697.948
697.948
697.948
697.948
697.948
697.948
697.948
697.948
697.948
697.948
697.948
697.948
697.948
697.948
697.935
697.42
697.43
697.948
697.948
697.948
697.948
697.948
697.948
697.948
697.948
697.948
697.948
697.948
697.948
697.948
697.948
697.948
697.948
697.948
697.948
697.948
697.948
697.948
697.934
697.423
697.435
697.948
697.948
697.948
697.948
697.948
697.948
697.948
697.948
697.948
697.948
697.948
697.948
697.948
697.948
697.948
697.948
697.948
697.948
697.948
697.948
697.948
697.932
697.426
697.44
697.948
697.948
697.948
697.948
697.948
697.948
697.948
697.948
697.948
697.948
697.948
697.948
697.948
697.948
697.948
697.948
697.948
697.948
697.948
697.948
697.948
697.93
697.429
697.445
697.948
697.948
697.948
697.948
697.948
697.948
697.948
697.948
697.948
697.948
697.948
697.948
697.948
697.948
697.948
697.948
697.948
697.948
697.948
697.948
697.948
697.928
697.432
697.45
697.948
697.948
697.948
697.948
697.948
697.948
697.948
697.948
697.948
697.948
697.948
697.948
697.948
697.948
697.948
697.948
697.948
697.948
697.948
697.948
697.948
697.926
697.436
697.455
697.948
697.948
697.948
697.948
697.948
697.948
697.948
697.948
697.948
697.948
697.948
697.948
697.948
697.948
697.948
697.948
697.948
697.948
697.948
697.948
697.948
697.925
697.439
697.46
697.948
697.948
697.948
697.948
697.948
697.948
697.948
697.948
697.948
697.948
697.948
697.948
697.948
697.948
697.948
697.948
697.948
697.948
697.948
697.948
697.948
697.923
697.442
697.464
697.948
697.948
697.948
697.948
697.948
697.948
697.948
697.948
697.948
697.948
697.948
697.948
697.948
697.948
697.948
697.948
697.948
697.948
697.948
697.948
697.948
697.922
697.445
697.469
697.948
697.948
697.948
697.948
697.948
697.948
697.948
697.948
697.948
697.948
697.948
697.948
697.948
697.948
697.948
697.948
697.948
697.948
697.948
697.948
697.948
697.921
697.449
697.474
697.948
697.948
697.948
697.948
697.948
697.948
697.948
697.948
697.948
697.948
697.948
697.948
697.948
697.948
697.948
697.948
697.948
697.948
697.948
697.948
697.948
697.919
697.452
697.478
697.948
697.948
697.948
697.948
697.948
697.948
697.948
697.948
697.948
697.948
697.948
697.948
697.948
697.948
697.948
697.948
697.948
697.948
697.948
697.948
697.947
697.918
697.455
697.483
697.948
697.948
697.948
697.948
697.948
697.948
697.948
697.948
697.948
697.948
697.948
697.948
697.948
697.948
697.948
697.948
697.948
697.948
697.948
697.948
697.947
697.917
697.459
697.487
697.948
697.948
697.948
697.948
697.948
697.948
697.948
697.948
697.948
697.948
697.948
697.948
697.948
697.948
697.948
697.948
697.948
697.948
697.948
697.948
697.948
697.948
697.948
697.948
697.948
697.948
697.948
692.003
685.072
697.948
697.948
697.948
697.948
697.948
697.948
697.948
697.948
697.948
697.948
697.948
697.948
697.948
697.948
697.948
697.948
697.948
697.948
697.948
697.948
697.948
697.948
697.948
697.948
697.948
697.948
697.948
697.948
697.948
697.948
697.948
697.945
697.948
697.948
697.948
697.948
697.948
697.948
697.948
697.948
697.948
697.948
697.947
697.943
697.948
697.948
697.948
697.948
697.948
697.948
697.948
697.948
697.948
697.948
697.948
694.001
691.842
692.288
697.948
697.948
697.948
697.948
697.948
697.948
697.948
697.948
697.948
697.948
697.948
697.948
697.948
697.948
697.948
697.948
697.948
697.948
697.948
697.948
697.948
697.948
697.948
697.948
697.948
697.948
697.948
697.948
697.948
697.948
697.948
697.948
697.948
697.948
697.948
697.948
697.943
697.944
697.948
697.948
697.948
697.948
697.948
697.948
697.948
697.948
697.948
697.948
697.948
697.947
697.948
697.948
697.948
697.948
697.948
697.948
697.948
697.948
697.948
697.948
697.948
697.948
697.948
697.948
697.948
697.948
697.948
697.948
697.948
697.948
697.948
697.948
697.948
697.948
697.948
697.948
697.948
697.948
697.948
697.948
697.948
697.948
697.911
697.88
697.948
697.948
697.948
697.948
697.948
697.948
697.948
697.948
697.948
697.948
697.948
697.902
697.913
697.941
697.944
697.913
697.926
697.873
697.81
697.948
697.948
697.948
697.944
697.946
697.948
697.948
697.948
697.948
697.948
697.948
697.948
697.948
697.948
697.948
697.948
697.948
697.948
697.948
697.948
697.948
697.948
697.947
697.947
697.946
697.945
697.948
697.805
697.948
697.93
697.914
697.913
697.929
697.948
697.948
697.948
697.948
697.948
697.948
697.948
697.948
697.948
697.948
697.948
697.948
697.948
697.948
697.948
697.948
697.948
697.948
697.948
697.948
697.948
697.948
697.948
697.948
697.948
697.948
697.948
697.948
697.948
697.948
697.948
697.948
697.948
697.948
697.948
697.948
697.94
697.941
697.948
697.948
697.948
697.948
697.948
697.948
697.948
697.948
697.948
697.948
697.948
697.948
697.904
697.948
697.925
697.918
697.935
697.926
697.948
697.948
697.92
697.948
697.948
697.948
697.948
697.948
697.948
697.948
697.948
697.948
697.936
697.94
697.948
697.94
697.935
697.944
697.941
697.948
697.928
697.935
697.948
697.877
697.909
697.813
697.87
697.948
697.795
697.945
697.945
697.234
697.946
697.945
693.618
697.932
697.932
697.948
697.948
697.948
697.948
697.948
697.948
697.948
691.481
697.945
697.948
697.948
697.948
697.948
697.948
697.83
697.839
692.738
697.942
697.94
697.848
697.864
697.858
697.932
680.019
697.948
697.948
697.948
697.948
697.948
697.948
697.948
697.948
697.948
697.948
697.948
697.948
697.948
697.948
697.948
697.948
697.948
697.948
697.946
697.948
697.946
697.944
697.718
697.651
697.948
697.931
697.939
697.948
697.948
694.094
697.948
697.948
697.948
697.948
697.948
697.948
697.948
697.948
697.948
697.948
697.948
697.948
697.948
697.948
697.948
697.948
697.948
697.948
697.948
697.948
697.948
697.948
697.948
697.948
697.948
697.948
697.948
697.948
697.948
697.948
697.948
697.948
697.948
697.948
697.948
697.948
697.948
697.948
697.948
697.948
697.948
697.948
697.948
697.948
697.948
697.948
697.948
697.941
697.942
697.948
697.948
697.948
697.948
697.948
697.948
697.948
697.948
697.948
697.948
697.948
697.948
697.948
697.914
697.923
697.911
697.903
697.947
697.948
697.948
697.948
697.948
697.948
697.948
697.948
697.946
697.944
697.947
697.947
697.948
697.901
697.906
697.948
697.947
697.947
697.895
697.9
697.791
697.735
697.948
697.948
697.948
697.665
697.9
697.691
697.722
697.706
697.896
697.948
697.948
697.948
697.948
697.948
697.9
697.905
697.834
697.831
697.942
697.867
697.86
697.882
697.869
697.943
697.917
697.92
697.851
697.84
697.945
697.899
697.888
697.866
697.875
697.948
697.948
697.948
697.948
697.948
697.948
697.948
697.948
697.946
697.948
697.946
697.944
697.817
697.924
697.917
697.931
697.926
697.814
697.899
697.892
697.914
697.903
697.925
697.804
697.835
697.745
697.789
697.922
697.615
697.651
697.948
697.948
697.948
697.948
697.948
697.948
697.948
697.948
697.948
697.948
697.948
697.948
697.948
697.948
697.948
697.948
697.948
697.948
697.948
697.948
697.948
697.948
697.948
697.948
697.948
697.948
697.948
697.948
697.948
697.948
697.948
697.948
697.948
697.948
697.948
697.948
697.948
697.948
697.948
697.948
697.948
697.948
697.948
697.948
697.948
697.948
697.948
697.948
697.948
697.948
697.948
697.948
697.948
697.948
697.948
697.948
697.948
697.948
697.948
697.948
697.948
697.948
697.946
697.946
697.944
697.945
697.946
697.947
697.946
697.946
697.948
697.948
697.948
697.947
697.946
697.948
697.947
697.945
697.944
697.946
697.946
697.948
697.948
697.948
697.94
697.942
697.948
697.948
697.948
697.948
697.948
697.948
697.948
697.948
697.948
697.948
697.948
697.948
697.911
697.919
697.948
697.948
697.948
697.948
697.916
697.931
697.948
697.948
697.948
697.948
697.93
697.947
697.947
697.947
697.947
697.925
697.948
697.948
697.948
697.948
697.926
697.907
697.912
697.948
697.874
697.892
697.888
697.871
697.893
697.947
697.898
697.902
697.938
697.826
697.834
697.855
697.827
697.939
697.831
697.931
697.834
697.932
697.843
697.936
697.932
697.94
697.937
697.848
697.77
697.779
697.908
697.912
697.879
697.892
697.829
697.803
697.948
697.948
697.948
697.948
697.948
697.948
697.948
697.948
697.948
697.948
697.948
697.948
697.948
697.948
697.948
697.948
697.948
697.948
697.948
697.948
697.948
697.945
697.948
697.948
697.948
697.948
697.936
697.934
697.943
697.925
697.929
697.948
697.948
697.948
697.948
697.948
697.948
697.948
697.948
697.948
697.948
697.948
697.948
697.948
697.948
697.948
697.948
697.948
697.948
697.948
697.948
697.948
697.948
697.948
697.948
697.948
697.948
697.948
697.948
697.948
697.943
697.938
697.938
697.944
697.948
697.948
697.948
697.948
697.948
697.948
697.948
697.948
697.948
697.948
697.948
697.948
697.948
697.948
697.948
697.948
697.948
697.948
697.78
697.783
697.948
697.948
697.948
697.774
697.777
697.94
697.942
697.948
697.948
697.948
697.9
697.883
697.887
697.911
697.914
697.873
697.878
697.892
697.889
697.925
697.769
697.758
697.821
697.907
697.901
697.945
697.948
697.948
697.948
697.948
697.948
697.948
697.948
697.948
697.948
697.948
697.948
697.948
697.948
697.948
697.948
697.948
697.948
697.948
697.947
697.947
697.935
697.936
697.946
697.945
697.931
697.933
697.829
697.831
697.867
697.862
697.804
697.834
697.838
697.948
697.93
697.935
697.948
697.948
697.948
697.948
697.948
697.948
697.948
697.948
697.948
697.948
697.948
697.948
697.948
697.948
697.948
697.948
697.948
697.948
697.948
697.948
697.948
697.948
697.948
697.948
697.948
697.948
697.948
697.948
697.948
697.948
697.948
697.948
697.948
697.948
697.948
697.948
697.948
697.94
697.941
697.948
697.948
697.948
697.948
697.948
697.948
697.907
697.924
697.941
697.941
697.936
697.936
697.916
697.948
697.948
697.948
697.931
697.93
697.938
697.938
697.921
697.935
697.936
697.929
697.93
697.948
697.948
697.948
697.948
697.948
697.948
697.938
697.948
697.948
697.948
697.948
697.937
697.892
697.938
697.941
697.94
697.939
697.897
697.825
697.88
697.874
697.778
697.771
697.795
697.717
697.815
697.817
697.781
697.946
697.917
697.909
697.922
697.918
697.944
697.594
697.589
697.843
697.867
697.935
697.948
697.948
697.948
697.829
697.832
697.812
697.717
690.315
697.856
697.836
697.839
697.827
697.832
697.861
680.175
697.511
697.819
697.948
697.948
697.948
697.948
697.948
697.948
697.948
697.948
697.948
697.948
697.948
697.946
697.948
697.914
697.919
697.914
697.913
697.944
697.932
697.931
697.702
697.592
697.603
697.621
697.614
697.683
697.948
697.948
697.948
697.948
697.948
697.948
697.948
697.948
697.948
697.948
697.948
697.948
697.948
697.939
697.939
697.943
697.943
697.948
697.948
697.948
697.948
697.948
697.948
697.948
697.948
697.948
697.911
697.921
697.918
697.924
697.923
697.91
697.786
697.791
697.778
697.771
697.897
697.85
697.847
697.659
697.653
697.774
697.671
697.696
697.621
697.645
697.755
697.948
697.948
697.948
697.948
697.948
697.948
697.948
697.948
697.948
697.948
697.686
697.806
697.797
697.829
697.817
697.697
697.739
697.762
697.745
697.788
697.778
697.724
697.948
697.948
697.948
697.948
697.948
697.948
697.948
697.898
697.909
697.892
697.893
697.834
697.833
697.904
697.906
697.863
697.869
697.869
697.915
697.867
697.862
697.869
697.923
697.882
697.874
697.777
697.793
697.86
697.742
697.745
697.735
697.736
697.83
697.754
697.76
697.868
697.816
697.822
697.809
697.812
697.871
697.948
697.948
697.948
697.948
697.948
697.948
697.948
697.948
697.948
697.948
697.948
697.948
697.948
697.948
697.946
697.947
697.923
697.925
697.92
697.922
697.946
697.936
697.936
697.93
697.931
697.944
697.926
697.841
697.83
697.809
697.857
697.851
697.896
697.846
697.843
697.865
697.854
697.894
697.911
697.867
697.872
697.847
697.857
697.908
697.84
697.76
697.848
697.839
697.613
697.628
697.948
697.948
697.948
697.948
697.948
697.948
697.948
697.948
697.948
697.948
697.948
697.948
697.948
697.948
697.948
697.948
697.948
697.948
697.948
697.948
697.948
697.948
697.948
697.948
697.948
697.948
697.948
697.948
697.948
697.948
697.948
697.948
697.948
697.948
697.948
697.948
697.948
697.948
697.948
697.948
697.948
697.948
697.948
697.948
697.948
697.948
697.948
697.948
697.948
697.948
697.948
697.948
697.948
697.948
697.948
697.948
697.948
697.948
697.948
697.948
697.948
697.948
697.948
697.948
697.948
697.948
697.948
697.948
697.948
697.948
697.948
697.948
697.948
697.948
697.948
697.948
697.948
697.948
697.946
697.943
697.944
697.941
697.942
697.946
697.944
697.944
697.944
697.945
697.946
697.938
697.939
697.938
697.937
697.946
697.946
697.941
697.941
697.94
697.941
697.946
697.947
697.947
697.948
697.947
697.945
697.944
697.946
697.946
697.94
697.941
697.948
697.948
697.948
697.948
697.948
697.948
697.91
697.939
697.94
697.923
697.915
697.937
697.938
697.934
697.932
697.947
697.942
697.942
697.947
697.941
697.94
697.942
697.941
697.947
697.938
697.936
697.934
697.935
697.923
697.93
697.932
697.909
697.934
697.932
697.935
697.934
697.911
697.88
697.889
697.881
697.869
697.868
697.874
697.895
697.926
697.925
697.931
697.928
697.897
697.828
697.881
697.883
697.877
697.879
697.831
697.844
697.897
697.901
697.887
697.892
697.833
697.824
697.847
697.847
697.856
697.851
697.842
697.871
697.875
697.852
697.862
697.845
697.891
697.886
697.836
697.769
697.789
697.799
697.804
697.885
697.825
697.812
697.843
697.837
697.889
697.784
697.785
697.616
697.631
697.948
697.948
697.948
697.948
697.948
697.948
697.948
697.948
697.948
697.948
697.948
697.948
697.948
697.948
697.948
697.948
697.948
697.948
697.948
697.948
697.948
697.948
697.948
697.948
697.948
697.948
697.948
697.948
697.948
697.948
697.948
697.948
697.948
697.948
697.948
697.948
697.948
697.948
697.948
697.948
697.948
697.948
697.948
697.948
697.948
697.948
697.948
697.948
697.948
697.948
697.948
697.948
697.948
697.948
697.948
697.948
697.948
697.948
697.948
697.948
697.948
697.948
697.948
697.948
697.948
697.948
697.948
697.948
697.948
697.948
697.948
697.948
697.948
697.948
697.948
697.948
697.948
697.948
697.948
697.948
697.948
697.948
697.948
697.948
697.948
697.948
697.948
697.948
697.948
697.948
697.948
697.948
697.948
697.948
697.948
697.948
697.948
697.948
697.948
697.948
697.948
697.948
697.948
697.948
697.948
697.948
697.948
697.948
697.948
697.948
697.948
697.948
697.948
697.948
697.948
697.948
697.948
697.948
697.948
697.948
697.948
697.948
697.948
697.948
697.948
697.948
697.948
697.948
697.948
697.948
697.948
697.948
697.948
697.948
697.948
697.948
697.948
697.948
686.73
697.73
697.767
697.948
697.948
697.948
697.948
697.948
697.948
697.948
697.948
697.948
697.948
697.948
697.948
697.948
695.794
695.787
695.243
697.948
697.948
697.948
697.948
697.948
697.948
697.948
697.948
697.948
697.948
697.948
697.94
696.827
695.8
696.695
697.948
697.948
697.948
697.948
697.948
697.948
697.948
697.948
697.948
697.948
697.948
697.948
697.948
697.948
697.948
697.948
697.948
697.948
697.948
697.948
697.948
697.948
697.948
697.948
697.948
697.948
697.948
697.948
697.948
697.948
697.948
697.948
697.948
697.948
697.948
697.948
697.948
697.948
697.948
697.948
697.948
697.948
697.948
697.948
697.948
697.948
697.948
697.948
697.948
697.948
689.954
697.35
697.25
694.752
694.739
680.23
697.948
697.948
697.948
697.948
697.948
697.948
697.948
697.948
697.948
697.948
697.948
697.948
697.948
697.948
697.948
697.948
697.948
697.948
697.948
697.948
697.948
697.948
697.948
697.948
697.948
697.948
697.948
697.948
697.948
697.948
697.948
697.948
697.948
697.948
697.948
697.948
697.948
697.948
697.948
697.948
697.948
697.948
697.948
697.948
697.948
697.948
697.948
697.948
697.948
697.948
697.948
697.948
697.948
697.948
697.948
697.948
697.948
697.948
697.948
697.948
697.948
697.948
697.948
697.948
697.948
697.948
697.948
697.948
697.948
697.948
697.948
697.948
697.948
697.948
697.948
697.948
697.948
697.948
697.948
697.948
697.948
697.948
697.948
697.948
697.948
697.948
697.948
697.948
697.948
697.948
697.948
697.948
697.948
697.948
697.948
697.948
697.948
697.948
697.948
697.948
697.948
697.948
697.948
697.948
697.948
697.948
697.948
697.948
697.948
697.948
697.948
697.948
697.948
697.948
697.948
697.948
697.948
697.948
697.948
697.946
697.938
697.939
697.948
697.948
697.948
697.948
697.948
697.948
697.948
697.948
697.948
697.948
697.94
697.942
697.946
697.946
697.948
697.948
697.948
697.948
697.948
697.948
697.948
697.948
697.948
697.948
697.948
697.948
697.948
697.947
697.947
697.948
697.948
697.948
697.948
694.059
697.948
697.948
697.94
697.938
691.487
697.946
697.946
691.712
697.948
697.948
697.948
697.948
697.948
697.948
697.948
697.948
697.948
697.948
697.948
697.948
697.948
697.948
697.948
697.948
697.948
697.948
697.948
697.948
697.948
697.948
697.948
697.948
697.948
697.948
697.948
697.948
697.948
697.948
697.948
697.948
697.948
697.948
697.948
697.948
697.948
697.948
697.948
697.948
697.948
697.948
697.948
697.948
697.948
697.948
697.948
697.948
697.948
697.948
697.948
697.948
697.948
697.948
697.948
697.948
697.948
697.948
697.948
697.948
697.948
697.948
697.948
697.948
697.948
697.948
697.948
697.948
697.948
697.948
697.948
697.948
697.948
697.948
697.948
697.948
697.948
697.948
697.948
697.948
697.948
697.948
697.948
697.948
697.948
697.948
697.948
697.948
697.948
697.948
697.948
697.948
697.948
697.948
697.948
697.948
697.948
697.948
697.948
697.948
697.948
697.948
697.948
697.948
697.948
697.948
697.948
697.948
697.948
697.948
697.948
697.948
697.948
697.948
697.948
697.946
697.946
697.94
697.941
697.947
697.948
697.948
697.948
697.948
697.948
697.948
697.948
697.948
697.948
697.948
697.948
697.948
697.948
697.948
697.948
697.948
697.948
697.948
697.948
697.948
697.948
697.948
697.948
697.948
697.948
697.948
697.948
697.948
697.948
697.948
697.948
697.947
697.947
697.942
697.944
697.948
697.948
697.948
697.948
697.948
697.948
697.948
697.948
697.948
697.948
697.948
697.948
697.948
697.946
697.947
697.948
697.948
697.948
697.948
697.948
697.942
697.943
697.948
697.948
697.948
697.948
697.948
697.948
697.948
697.948
697.948
697.948
697.948
697.948
697.948
697.948
697.948
697.948
697.948
697.948
697.948
697.948
697.948
697.948
697.948
697.948
697.948
697.948
697.948
697.907
697.873
697.879
697.826
697.837
697.886
697.948
697.948
697.948
697.948
697.948
697.948
697.948
697.948
697.948
697.948
697.948
697.948
697.948
697.948
697.948
697.948
697.948
697.948
697.948
697.948
697.948
697.948
697.948
697.948
697.948
697.948
697.948
697.942
697.93
697.929
697.935
697.934
697.943
697.867
697.804
697.815
697.948
697.948
697.948
697.948
697.948
697.948
697.948
697.948
697.948
697.944
697.937
697.936
697.94
697.94
697.945
697.948
697.948
697.948
697.948
697.948
697.948
697.948
697.948
697.948
697.948
697.948
697.948
697.948
697.948
697.948
697.948
697.948
697.948
697.948
697.948
697.948
697.948
697.948
697.948
697.948
697.948
697.948
697.948
697.948
697.948
697.948
697.948
697.948
697.948
697.948
697.948
697.948
697.948
697.948
697.936
697.939
697.948
697.948
697.947
697.947
697.929
697.91
697.913
697.885
697.89
697.917
697.921
697.942
697.941
697.943
697.943
697.923
697.948
697.947
697.948
697.948
697.948
697.948
697.948
697.948
697.948
697.948
697.948
697.948
697.948
697.948
697.948
697.948
697.948
697.948
697.948
697.948
697.948
697.948
697.948
697.948
697.948
697.948
697.948
697.948
697.948
697.948
697.948
697.948
697.948
697.948
697.948
697.948
697.948
697.948
697.948
697.948
697.948
697.948
697.948
697.948
697.948
697.948
697.948
697.948
697.948
697.948
697.948
697.948
697.948
697.948
697.948
697.948
697.948
697.948
697.948
697.948
697.948
697.948
697.948
697.948
697.948
697.948
697.948
697.948
697.948
697.948
697.948
697.948
697.948
697.948
697.948
697.948
697.948
697.948
697.948
697.948
697.948
697.948
697.948
697.948
697.948
697.948
697.948
697.948
697.948
697.948
697.948
697.948
697.948
697.948
697.948
697.948
697.948
697.948
697.948
697.948
697.948
697.948
697.948
697.948
697.948
697.948
697.948
697.948
697.948
697.948
697.948
697.948
697.948
697.948
697.948
697.948
697.948
697.934
697.944
697.944
697.941
697.942
697.927
697.948
697.948
697.948
697.948
697.948
697.948
697.944
697.944
697.948
697.948
697.943
697.944
697.948
697.948
697.948
697.948
697.948
697.948
697.948
697.948
697.948
697.948
697.948
697.948
697.948
697.948
697.948
697.948
697.948
697.948
697.937
697.918
697.916
697.928
697.926
697.94
697.948
697.948
697.948
697.94
697.946
697.946
697.945
697.945
697.936
697.943
697.948
697.948
697.948
697.948
697.942
697.948
697.948
697.948
697.928
697.896
697.894
697.915
697.913
697.934
697.946
697.947
697.948
697.882
697.913
697.91
697.929
697.928
697.906
697.906
697.902
697.862
697.948
697.946
697.946
697.945
697.926
697.923
697.929
697.927
697.945
697.946
697.941
697.941
697.931
697.873
697.887
697.916
697.918
697.933
697.948
697.948
697.948
697.948
697.948
697.948
697.948
697.948
697.948
697.948
697.948
697.948
697.453
697.43
691.222
697.945
697.916
697.917
697.929
697.915
697.946
697.948
697.948
697.948
697.948
697.948
697.948
697.948
697.948
697.948
696.483
695.516
691.032
697.94
697.898
697.899
697.893
697.897
697.94
697.909
697.236
697.079
697.884
697.893
697.932
680.069
689.526
692.211
697.948
697.948
697.948
697.948
697.948
697.948
697.948
697.948
697.948
697.948
697.948
697.948
697.948
697.948
697.948
697.948
697.948
697.948
697.948
697.948
697.948
697.948
697.948
697.948
697.948
697.948
697.948
697.948
697.948
697.948
697.948
697.948
697.948
697.948
697.948
697.948
697.948
697.948
697.948
697.948
697.948
697.948
697.948
697.948
697.948
697.948
697.948
697.948
697.937
697.937
697.946
697.948
697.948
697.948
697.937
697.944
697.944
697.945
697.945
697.938
697.948
697.947
697.946
697.945
697.946
697.948
694.14
697.833
697.773
697.948
697.948
697.948
697.948
697.948
697.948
697.948
697.948
697.948
697.948
697.948
697.948
697.948
697.948
697.948
697.948
697.948
697.948
697.948
697.948
697.948
697.948
697.948
697.948
697.948
697.948
697.948
697.948
697.948
697.948
697.948
697.948
697.948
697.948
697.948
697.948
697.948
697.948
697.948
697.948
697.948
697.948
697.948
697.948
697.948
697.948
697.948
697.948
697.948
697.948
697.948
697.948
697.948
697.948
697.948
697.948
697.948
697.948
697.948
697.948
697.948
697.948
697.948
697.948
697.948
697.948
697.948
697.948
697.948
697.948
697.948
697.948
697.948
697.948
697.948
697.948
697.948
697.948
697.948
697.948
697.948
697.948
697.948
697.948
697.948
697.948
697.948
697.948
697.948
697.948
697.948
697.948
697.948
697.948
697.948
697.948
697.948
697.948
697.948
697.948
697.948
697.948
697.948
697.948
697.948
697.948
697.948
697.948
697.948
697.948
697.948
697.948
697.948
697.948
697.948
697.948
697.948
697.948
697.948
697.948
697.948
697.948
697.948
697.948
697.948
697.948
697.948
697.948
697.948
697.948
697.948
697.948
697.948
697.948
697.948
697.948
697.948
697.948
697.948
697.948
697.948
697.948
697.948
697.948
697.948
697.948
697.948
697.945
697.946
697.948
697.917
697.937
697.936
697.939
697.938
697.92
697.947
697.941
697.942
697.948
697.948
697.948
697.948
697.948
697.948
697.948
697.948
697.948
697.948
697.948
697.948
697.948
697.948
697.948
697.948
697.948
697.948
697.948
697.948
697.948
697.945
697.948
697.948
697.948
697.948
697.945
697.947
697.948
697.948
697.948
697.948
697.947
697.948
697.948
697.948
697.903
697.859
697.857
697.865
697.862
697.904
697.948
697.948
697.948
697.947
697.948
697.948
697.948
697.948
697.947
697.855
697.852
697.898
697.948
697.948
697.948
697.86
697.866
697.903
697.891
697.846
697.854
697.948
697.948
697.948
697.948
697.948
697.948
697.948
697.948
697.948
697.932
697.931
697.942
697.865
697.908
697.909
697.876
697.915
697.917
697.911
697.913
697.872
697.943
697.933
697.933
697.938
697.938
697.945
697.896
697.923
697.925
697.919
697.921
697.893
697.948
697.948
697.948
697.948
697.948
697.948
697.948
697.948
697.948
697.948
697.948
697.948
697.948
697.948
697.948
697.921
697.886
697.892
697.876
697.881
697.919
697.929
697.905
697.908
697.898
697.901
697.928
697.903
697.907
697.927
697.817
697.876
697.869
697.886
697.881
697.827
697.862
697.855
697.774
697.92
697.895
697.899
697.948
697.948
697.948
697.948
697.948
697.948
697.948
697.948
697.948
697.948
697.948
697.948
697.948
697.948
697.948
697.948
697.948
697.948
697.948
697.948
697.948
697.948
697.948
697.948
697.948
697.948
697.948
697.948
697.948
697.948
697.948
697.948
697.948
697.948
697.948
697.948
697.948
697.948
697.948
697.948
697.948
697.948
697.948
697.948
697.948
697.948
697.948
697.948
697.948
697.948
697.948
697.948
697.948
697.948
697.948
697.948
697.948
697.948
697.948
697.948
697.948
697.948
697.948
697.948
697.948
697.948
697.948
697.948
697.948
697.948
697.948
697.948
697.948
697.948
697.948
697.948
697.948
697.948
697.948
697.948
697.948
697.948
697.948
697.948
697.948
697.948
697.948
697.948
697.948
697.948
697.948
697.948
697.948
697.948
697.948
697.948
697.948
697.948
697.948
697.948
697.948
697.948
697.948
697.948
697.948
697.948
697.948
697.948
697.948
697.948
697.948
697.948
697.948
697.948
697.948
697.948
697.948
697.948
697.948
697.948
697.948
697.948
697.948
697.948
697.948
697.948
697.948
697.948
697.948
697.948
697.948
697.948
697.948
697.948
697.948
697.948
697.948
697.948
697.948
697.948
697.948
697.948
697.948
697.948
697.948
697.946
697.946
697.947
697.947
697.948
697.948
697.946
697.945
697.946
697.946
697.948
697.943
697.944
697.933
697.948
697.947
697.947
697.948
697.947
697.947
697.947
697.947
697.948
697.928
697.942
697.943
697.942
697.942
697.947
697.948
697.945
697.945
697.945
697.945
697.948
697.948
697.943
697.942
697.944
697.943
697.948
697.948
697.945
697.945
697.942
697.943
697.947
697.92
697.919
697.937
697.939
697.924
697.922
697.901
697.898
697.929
697.933
697.909
697.905
697.935
697.917
697.92
697.911
697.914
697.934
697.939
697.926
697.928
697.922
697.924
697.938
697.854
697.898
697.895
697.91
697.875
697.87
697.881
697.88
697.912
697.823
697.739
697.739
697.712
697.726
697.814
697.948
697.948
697.948
697.948
697.948
697.948
697.948
697.948
697.948
697.948
697.948
697.948
697.948
697.948
697.948
697.948
697.948
697.948
697.948
697.948
697.948
697.948
697.948
697.948
697.948
697.948
697.948
697.948
697.948
697.948
697.948
697.948
697.948
697.948
697.948
697.948
697.948
697.948
697.948
697.948
697.948
697.948
697.926
697.941
697.94
697.942
697.941
697.927
697.948
697.947
697.947
697.948
697.948
697.948
697.948
697.948
697.948
697.948
697.948
697.948
697.948
697.948
697.948
697.948
697.948
697.948
697.948
697.948
697.948
697.948
697.948
697.948
697.948
697.948
697.948
697.948
697.948
697.948
697.948
697.948
697.948
697.948
697.948
697.948
697.948
697.948
697.948
697.948
697.948
697.948
697.948
697.948
697.948
697.948
697.948
697.948
697.948
697.948
697.948
697.948
697.948
697.948
697.948
697.948
697.948
697.948
697.948
697.948
697.948
697.948
697.948
697.948
697.948
697.948
697.948
697.948
697.948
697.948
697.948
697.948
697.948
697.948
697.948
697.941
697.946
697.946
697.946
697.946
697.941
697.904
697.928
697.929
697.926
697.927
697.902
697.945
697.939
697.939
697.948
697.948
697.948
697.948
697.948
697.948
697.948
697.948
697.948
697.948
697.948
697.948
697.948
697.948
697.948
697.948
697.948
697.948
697.947
697.947
697.948
697.932
697.943
697.942
697.944
697.943
697.933
697.948
697.948
697.948
697.948
697.948
697.948
697.948
697.948
697.948
697.948
697.948
697.948
697.948
697.948
697.948
697.948
697.948
697.948
697.948
697.948
697.948
697.948
697.948
697.948
697.948
697.948
697.948
697.948
697.948
697.948
697.948
697.948
697.948
697.948
697.948
697.948
697.948
697.948
697.948
697.948
697.948
697.948
697.946
697.946
697.939
697.936
697.945
697.945
697.92
697.917
697.887
697.93
697.932
697.942
697.902
697.925
697.923
697.942
697.942
697.946
697.915
697.932
697.933
697.93
697.931
697.912
697.921
697.936
697.936
697.934
697.935
697.919
697.852
697.895
697.891
697.903
697.899
697.86
697.934
697.921
697.923
697.728
697.215
697.521
697.096
697.14
697.717
690.625
695.21
695.021
688.1
688.59
680.121
697.826
695.6
694.17
697.355
696.667
697.821
697.948
697.948
697.948
697.948
697.948
697.948
697.948
697.948
697.948
697.948
697.948
697.948
697.948
697.948
697.948
697.948
697.948
697.948
697.948
697.948
697.948
697.948
697.948
697.948
697.948
697.948
697.948
697.948
697.948
697.948
697.948
697.948
697.948
697.948
697.948
697.948
697.948
697.948
697.948
697.948
697.948
697.948
697.948
697.948
697.948
697.948
697.948
697.948
697.948
697.948
697.948
697.948
697.948
697.948
697.948
697.948
697.948
697.948
697.948
697.948
697.948
697.948
697.948
697.948
697.948
697.948
697.948
697.948
697.948
697.948
697.948
697.948
697.948
697.948
697.948
697.948
697.948
697.948
697.948
697.948
697.948
697.948
697.948
697.948
697.948
697.948
697.948
697.948
697.948
697.948
697.948
697.948
697.948
697.948
697.948
697.948
697.948
697.948
697.948
697.948
697.948
697.948
697.948
697.948
697.948
697.948
697.948
697.948
697.948
697.948
697.948
697.948
697.948
697.948
697.948
697.948
697.948
685.886
694.812
694.765
697.948
697.948
697.948
697.948
697.948
697.948
697.948
697.948
697.948
697.948
697.948
697.948
695.104
697.935
697.935
697.948
697.948
697.948
697.948
697.948
697.948
697.948
697.948
697.948
697.948
697.948
697.948
697.948
697.948
697.948
697.928
696.837
696.832
696.745
697.948
697.948
697.948
697.948
697.948
697.948
697.948
697.948
697.948
697.948
697.948
697.948
697.948
697.948
697.948
697.948
697.948
697.948
697.948
697.948
697.948
697.948
697.948
697.948
697.948
697.948
697.948
697.948
697.948
697.948
697.948
697.948
697.948
697.948
697.948
697.948
697.948
697.948
697.948
697.948
697.948
697.948
697.948
697.948
697.948
697.948
697.948
697.948
697.948
697.948
697.148
697.045
691.703
697.948
697.948
697.948
697.948
697.948
697.948
697.948
697.948
697.948
697.948
697.948
697.948
697.948
697.948
697.948
697.948
697.948
697.948
697.948
697.948
697.948
697.948
697.948
697.948
697.948
697.948
697.948
697.948
697.948
697.948
697.948
697.948
697.948
697.948
697.948
697.948
697.948
697.948
697.948
697.948
697.948
697.948
697.948
697.948
697.948
697.948
697.948
697.948
697.948
697.948
697.948
697.948
697.948
697.948
697.948
697.948
697.948
697.948
697.948
697.948
697.948
697.948
697.948
697.948
697.948
697.948
697.948
697.948
697.948
697.948
697.948
697.948
697.948
697.948
697.948
697.948
697.948
697.948
697.948
697.948
697.948
697.948
697.948
697.948
697.916
697.933
697.931
697.939
697.938
697.927
697.944
697.947
697.947
697.946
697.947
697.941
697.948
697.948
697.948
697.948
697.948
697.948
697.948
697.948
697.948
697.932
697.94
697.94
697.948
697.948
697.948
697.948
697.948
697.948
697.946
697.948
697.948
697.947
697.947
697.944
697.948
697.948
697.948
697.948
697.948
697.948
697.948
697.948
697.948
697.948
697.948
697.948
697.948
697.948
697.948
697.948
697.948
697.948
697.948
697.948
697.948
697.948
697.948
697.948
697.948
697.948
697.948
697.948
697.948
697.948
697.948
697.948
697.948
697.948
697.948
697.948
697.948
697.948
697.948
697.948
697.948
697.948
697.948
697.948
697.948
697.948
697.948
697.948
697.948
697.948
697.948
697.948
697.948
697.948
697.948
697.948
697.948
697.948
697.948
697.948
697.948
697.948
697.948
697.948
697.948
697.948
697.948
697.948
697.948
697.948
697.948
697.948
697.948
697.948
697.948
697.948
697.948
697.948
697.948
697.948
697.948
697.948
697.948
697.948
697.948
697.948
697.948
697.948
697.948
697.948
697.948
697.948
697.948
697.948
697.948
697.948
697.948
697.948
697.948
697.948
697.948
697.948
697.948
697.948
697.948
697.948
697.948
697.948
697.948
697.948
697.948
695.028
694.919
686.311
697.721
697.039
697.075
697.026
697.03
697.72
697.948
697.948
697.948
697.948
697.948
697.948
697.948
697.948
697.948
697.948
697.948
697.948
697.947
697.947
697.948
695.79
697.874
697.856
697.917
697.895
695.787
697.936
697.935
695.176
697.948
697.948
697.948
697.948
697.948
697.948
697.948
697.948
697.948
697.948
697.948
697.948
697.948
697.948
697.948
697.948
697.948
697.948
697.948
697.948
697.948
697.948
697.948
697.948
697.948
697.948
697.948
697.948
697.948
697.948
697.948
697.948
697.948
697.948
697.948
697.948
697.948
697.948
697.948
697.948
697.948
697.948
697.948
697.948
697.948
697.948
697.948
697.948
694.859
694.74
689.645
680.683
688.198
688.008
697.948
697.948
697.948
697.948
697.948
697.948
697.948
697.948
697.948
697.948
697.948
697.948
697.948
697.948
697.948
697.948
697.948
697.948
697.948
697.948
697.948
697.948
697.948
697.948
697.948
697.948
697.948
697.948
697.948
697.948
697.948
697.948
697.948
697.948
697.948
697.948
697.948
697.948
697.948
697.948
697.948
697.948
697.948
697.948
697.948
697.948
697.948
697.948
697.948
697.948
697.948
697.948
697.948
697.948
697.948
697.948
697.948
697.948
697.948
697.948
697.948
697.948
697.948
697.948
697.948
697.948
697.948
697.948
697.948
697.948
697.948
697.948
697.948
697.948
697.948
697.948
697.948
697.948
697.94
697.946
697.946
697.946
697.946
697.941
697.714
697.659
694.033
697.948
697.939
697.942
697.94
697.875
697.885
697.846
697.862
697.939
691.585
696.944
696.856
697.918
697.92
697.946
691.918
697.493
697.474
697.948
697.948
697.948
697.948
697.948
697.948
697.948
697.948
697.948
697.948
697.948
697.948
697.948
697.948
697.948
697.948
697.948
697.948
697.948
697.948
697.948
697.948
697.948
697.948
697.948
697.948
697.948
697.948
697.948
697.948
697.948
697.948
697.948
697.948
697.948
697.948
697.948
697.948
697.948
697.948
697.948
697.948
697.948
697.948
697.948
697.948
697.948
697.948
697.948
697.948
697.948
697.948
697.948
697.948
697.948
697.948
697.948
697.948
697.948
697.948
697.948
697.948
697.948
697.948
697.948
697.948
697.948
697.948
697.948
697.948
697.948
697.948
697.943
697.947
697.947
697.947
697.947
697.943
697.948
697.948
697.948
697.948
697.948
697.948
697.948
697.948
697.948
697.948
697.948
697.948
697.948
697.948
697.948
697.948
697.948
697.948
697.946
697.948
697.948
697.948
697.948
697.947
697.948
697.948
697.948
697.942
697.946
697.946
697.947
697.946
697.943
697.948
697.948
697.948
697.948
697.948
697.948
697.948
697.948
697.948
697.948
697.948
697.948
697.948
697.948
697.948
697.948
697.948
697.948
697.948
697.948
697.948
697.948
697.948
697.948
697.948
697.948
697.948
697.948
697.948
697.948
697.948
697.948
697.948
697.948
697.948
697.948
697.948
697.948
697.948
697.948
697.948
697.948
697.948
697.948
697.948
697.948
697.948
697.948
697.948
697.948
697.948
697.948
697.948
697.948
697.948
697.948
697.948
697.948
697.948
697.948
697.948
697.948
697.948
697.948
697.948
697.948
697.948
697.948
697.948
697.948
697.948
697.948
697.948
697.948
697.948
697.948
697.948
697.948
697.948
697.948
697.948
697.948
697.948
697.948
697.937
697.945
697.944
697.945
697.945
697.938
697.935
697.934
697.919
697.925
697.937
697.936
697.948
697.948
697.948
697.948
697.948
697.948
697.948
697.948
697.948
697.948
697.948
697.948
697.948
697.948
697.948
697.948
697.948
697.948
697.948
697.948
697.948
697.947
697.947
697.943
697.942
697.947
697.947
697.925
697.938
697.939
697.937
697.938
697.924
697.929
697.94
697.94
697.939
697.94
697.928
697.879
697.91
697.907
697.915
697.913
697.883
697.905
697.945
697.947
697.929
697.922
697.875
697.885
697.914
697.914
697.948
697.948
697.948
697.948
697.948
697.948
697.948
697.948
697.948
697.948
697.948
697.948
697.948
697.948
697.948
697.948
697.948
697.948
697.948
697.948
697.948
697.948
697.948
697.946
697.948
697.948
697.948
697.948
697.948
697.948
697.948
697.948
697.945
697.945
697.947
697.948
697.948
697.948
697.948
697.948
697.948
697.948
697.948
697.948
697.948
697.948
697.948
697.948
697.948
697.948
697.948
697.948
697.948
697.948
697.948
697.948
697.948
697.948
697.948
697.948
697.948
697.948
697.948
697.948
697.948
697.948
697.948
697.948
697.948
697.948
697.948
697.948
697.948
697.948
697.948
697.948
697.948
697.948
697.948
697.948
697.948
697.948
697.948
697.948
697.948
697.948
697.948
697.948
697.948
697.948
697.948
697.948
697.948
697.948
697.948
697.948
697.948
697.948
697.948
697.948
697.948
697.948
697.948
697.948
697.948
697.948
697.948
697.948
697.925
696.852
696.843
696.8
697.948
697.948
697.948
697.948
697.948
697.948
697.948
697.948
697.948
697.948
697.948
697.948
697.948
697.948
697.948
697.948
697.948
694.014
697.607
697.561
697.524
697.509
692.106
697.948
697.948
697.948
697.948
697.948
697.948
697.948
697.948
697.948
697.948
697.948
697.948
697.948
697.948
697.948
697.948
697.948
697.948
697.948
697.948
697.948
697.948
697.948
697.948
697.948
697.948
697.948
697.948
697.948
697.948
697.948
697.948
697.948
697.948
697.948
697.948
697.948
697.948
697.948
697.948
697.948
697.948
697.948
697.948
697.948
697.948
697.948
697.948
697.948
697.948
697.948
697.948
697.948
697.948
697.948
697.948
697.948
697.948
697.948
697.948
697.948
697.948
697.948
697.948
697.948
697.948
697.948
697.948
697.948
697.948
697.948
697.948
697.948
697.948
697.948
697.948
697.948
697.948
697.948
697.948
697.948
697.948
697.948
697.948
697.948
697.948
697.948
697.948
697.948
697.948
697.948
697.948
697.948
697.948
697.948
697.948
697.948
697.948
697.948
697.948
697.948
697.948
697.948
697.948
697.948
697.948
697.948
697.948
697.948
697.948
697.948
697.948
697.948
697.948
697.948
697.948
697.948
697.948
697.948
697.948
697.948
697.948
697.948
697.948
697.948
697.948
697.948
697.948
697.948
697.948
697.948
697.948
697.948
697.948
697.948
697.948
697.948
697.948
697.948
697.948
697.948
697.948
697.948
697.948
697.948
697.948
697.948
697.948
697.948
697.948
697.948
697.948
697.948
697.948
697.948
697.948
697.948
697.948
697.948
697.948
697.948
697.948
697.948
697.948
697.948
697.948
697.948
697.948
697.948
697.948
697.948
697.948
697.948
697.948
697.948
697.948
697.948
697.948
697.948
697.948
697.931
697.936
697.948
697.946
697.921
697.922
697.948
697.948
697.948
697.948
697.948
697.948
697.948
697.948
697.948
697.948
697.948
697.948
697.948
697.948
697.948
697.948
697.948
697.948
697.948
697.948
697.948
697.948
697.948
697.948
697.948
697.948
697.948
697.948
697.948
697.948
697.948
697.948
697.948
697.948
697.948
697.948
697.948
697.948
697.948
697.948
697.948
697.948
697.948
697.948
697.948
697.948
697.948
697.948
697.948
697.948
697.948
697.948
697.948
697.948
697.948
697.948
697.948
697.948
697.948
697.948
697.948
697.948
697.948
697.948
697.948
697.948
697.948
697.948
697.948
697.948
697.948
697.948
697.948
697.948
697.948
697.948
697.948
697.948
697.948
697.948
697.948
697.948
697.948
697.948
697.948
697.948
697.948
697.948
697.948
697.948
697.948
697.948
697.948
697.948
697.948
697.948
697.948
697.948
697.948
697.948
697.948
697.948
697.948
697.948
697.948
697.948
697.948
697.948
697.948
697.948
697.948
697.948
697.948
697.948
697.948
697.948
697.948
697.948
697.948
697.948
697.948
697.948
697.948
697.948
697.948
697.948
697.948
697.948
697.948
697.948
697.948
697.948
697.948
697.948
697.948
697.948
697.948
697.948
697.948
697.948
697.948
697.948
697.948
697.948
697.948
697.948
697.948
697.948
697.948
697.948
697.948
697.948
697.948
697.948
697.948
697.948
697.948
697.948
697.948
697.948
697.945
697.946
695.368
697.936
697.936
697.948
697.948
697.948
697.948
697.948
697.948
697.948
697.948
697.948
697.948
697.948
697.948
697.948
697.948
697.948
697.948
697.948
697.948
697.948
697.948
697.948
697.948
697.948
697.948
697.948
697.948
697.948
697.948
697.948
697.948
697.948
697.948
697.948
697.948
697.948
697.948
697.948
697.948
697.948
697.948
697.948
697.948
697.948
697.948
697.948
697.948
697.948
697.948
697.948
697.948
697.948
697.948
697.948
697.948
697.948
697.948
697.948
697.948
697.948
697.948
697.84
697.827
695.807
697.948
697.948
697.948
697.948
697.948
697.948
697.948
697.948
697.948
697.948
697.948
697.948
697.92
697.131
681.793
697.913
697.033
681.556
697.855
696.408
678.326
697.855
696.402
678.094
697.36
693.625
666.757
697.948
697.939
694.586
697.948
697.873
692.461
697.948
697.859
692.193
697.376
693.693
667.016
695.378
687.931
651.482
697.948
697.921
694.348
697.928
697.277
683.157
697.928
697.284
683.397
697.9
696.852
680.02
697.9
696.854
679.911
697.798
695.965
676.325
697.81
696.06
676.562
696.56
690.448
656.275
696.573
690.508
657.017
688.98
679.526
651.398
697.948
697.947
696.504
697.944
697.683
688.801
697.945
697.731
689.44
697.944
697.676
688.57
697.92
697.144
682.36
697.911
696.993
680.936
697.88
696.635
679.036
697.825
696.16
677.473
697.374
693.809
669.785
697.948
697.944
695.423
697.292
693.324
666.03
696.586
690.569
658.097
696.579
690.534
657.285
695.477
687.781
655.058
697.907
696.963
680.606
697.913
697.041
681.371
697.92
697.149
682.275
697.919
697.135
681.628
697.928
697.292
683.463
697.921
697.169
682.535
697.928
697.289
683.272
697.907
696.959
680.413
697.895
696.81
679.708
697.883
696.68
678.783
697.894
696.801
679.45
697.85
696.4
676.945
697.858
696.453
677.614
697.878
696.632
678.528
697.869
696.552
677.865
697.839
696.318
676.713
697.593
694.789
670.076
697.432
693.961
667.768
696.582
690.562
658.328
697.945
697.733
689.664
697.946
697.759
690.426
697.946
697.761
690.658
697.922
697.183
682.6
697.934
697.395
684.047
697.909
696.975
680.699
697.88
696.636
679.201
697.771
695.792
675.682
697.818
696.104
677.235
697.103
692.765
667.424
697.242
693.289
668.455
697.136
692.888
667.677
697.339
693.661
669.531
697.255
693.329
668.696
696.599
691.072
663.197
696.325
690.214
660.94
696.285
690.092
660.661
695.403
687.572
654.799
695.117
686.785
654.016
697.938
697.484
685.191
697.938
697.485
685.358
697.92
697.131
681.93
697.938
697.48
684.962
697.935
697.421
684.724
697.911
696.999
681.318
697.861
696.457
678.564
697.74
695.605
674.705
697.741
695.61
674.891
697.855
696.403
677.945
697.721
695.482
674.465
697.701
695.363
674.224
697.178
692.844
664.887
697.203
692.948
665.152
697.348
693.585
666.499
697.153
692.741
664.621
697.127
692.64
664.354
697.948
697.939
694.793
696.152
689.703
659.474
696.102
689.548
659.196
697.948
697.892
692.719
697.948
697.927
694.075
697.948
697.858
691.963
697.394
693.778
667.275
696.162
689.381
651.641
697.948
697.92
694.031
697.941
697.579
686.486
697.928
697.274
682.963
697.93
697.314
683.637
697.9
696.856
680.225
697.888
696.719
679.675
697.793
695.939
676.089
697.814
696.081
676.798
697.642
695.035
673.114
696.178
689.775
659.737
696.223
689.902
660.144
697.948
697.947
696.644
697.948
697.947
696.427
696.562
690.458
656.498
696.567
690.481
656.751
697.945
697.728
689.046
697.945
697.73
689.25
697.944
697.673
688.27
697.938
697.498
685.819
697.938
697.487
685.576
697.92
697.134
682.121
697.934
697.397
684.199
697.934
697.401
684.501
697.911
696.994
681.091
697.872
696.558
678.8
697.753
695.679
675.351
697.745
695.629
675.129
697.836
696.243
677.71
697.675
695.216
673.738
697.686
695.277
673.981
697.423
694.022
670.261
697.417
694.006
670.038
697.252
693.154
665.657
697.228
693.053
665.414
697.316
693.435
666.253
697.077
692.444
663.832
697.102
692.539
664.088
697.055
692.357
663.602
696.586
690.57
657.825
696.584
690.557
657.555
697.948
697.941
695.134
695.967
689.146
658.267
696.028
689.325
658.678
696.062
689.428
658.925
697.948
697.895
693.305
697.948
697.893
692.922
697.948
697.898
693.561
697.948
697.899
693.812
697.948
697.856
691.634
697.942
697.627
687.349
697.908
696.97
680.854
697.909
696.995
681.113
697.92
697.143
682.03
697.919
697.14
681.833
697.923
697.207
682.794
697.928
697.285
683.051
697.907
696.955
680.221
697.899
696.854
679.965
697.893
696.791
679.036
697.894
696.798
679.262
697.85
696.399
677.111
697.852
696.404
677.362
697.877
696.625
678.278
697.877
696.624
678.114
697.829
696.233
676.506
697.413
693.868
667.53
696.578
690.55
658.514
697.946
697.759
690.245
697.946
697.745
689.882
697.946
697.777
690.9
697.94
697.534
686.062
697.941
697.577
686.301
697.928
697.275
682.836
697.934
697.393
683.875
697.903
696.887
680.463
697.882
696.653
679.439
697.791
695.934
675.883
697.814
696.084
676.996
697.668
695.193
673.496
697.667
695.184
673.32
697.608
694.86
672.771
697.076
692.666
667.195
697.222
693.229
668.197
697.174
693.032
667.937
697.285
693.442
669.062
697.31
693.54
669.285
696.367
690.346
661.218
696.251
689.988
660.391
695.319
687.353
654.525
695.224
687.096
654.259
697.948
697.948
696.985
697.948
697.948
697.217
697.948
697.948
697.189
696.216
689.097
652.623
696.234
689.144
652.487
697.945
697.752
690.168
697.944
697.683
688.387
697.946
697.76
690.418
697.942
697.644
688.123
697.724
695.56
672.814
697.653
695.128
671.121
697.537
694.483
669.091
697.649
695.114
670.874
697.529
694.456
668.838
692.161
683.256
652.354
697.948
697.888
692.599
697.948
697.855
692.361
696.494
690.739
662.119
696.747
691.55
664.364
696.73
691.508
664.092
696.485
690.724
661.877
696.412
690.495
661.478
697.948
697.945
695.81
697.948
697.945
696.041
675.86
666.345
651.849
695.714
688.418
656.26
696.72
691.094
660.469
696.721
691.089
660.226
696.679
690.942
659.4
696.194
689.065
652.822
696.281
689.263
652.017
697.943
697.651
687.893
697.435
694.066
670.496
697.461
694.182
670.851
697.546
694.594
671.553
695.063
686.601
651.961
697.948
697.929
694.687
696.962
692.001
662.7
697.948
697.945
695.707
697.948
697.943
695.368
695.88
688.888
657.453
695.66
688.264
655.981
695.86
688.837
657.207
695.832
688.782
656.796
697.948
697.928
694.296
697.944
697.69
689.116
697.944
697.704
689.382
697.947
697.817
691.402
697.947
697.807
691.144
697.699
695.409
672.113
697.685
695.316
671.866
697.577
694.699
669.845
697.464
694.117
668.132
696.84
691.552
661.388
696.932
691.884
662.427
696.863
691.636
661.622
696.658
690.87
659.138
696.225
689.196
653.074
696.298
689.327
652.054
697.948
697.892
693.357
697.948
697.893
693.553
697.942
697.596
687.01
697.942
697.611
687.65
697.942
697.592
686.693
697.59
694.769
672.543
697.556
694.619
671.8
696.568
690.97
662.939
694.996
686.447
651.711
696.523
690.301
655.658
696.194
689.033
652.702
696.25
689.183
652.314
695.003
686.461
652.92
694.98
686.4
653.061
695.024
686.507
652.733
695.042
686.545
652.52
697.945
697.75
689.836
696.399
689.843
654.125
696.434
689.97
654.367
697.944
697.686
688.644
697.947
697.804
690.682
697.942
697.631
687.86
697.939
697.544
686.357
697.939
697.548
686.62
697.934
697.413
684.518
697.934
697.415
684.71
697.939
697.542
686.131
697.939
697.541
685.955
697.93
697.34
684.262
697.928
697.31
684.023
697.731
695.601
673.16
697.739
695.648
673.367
697.782
695.923
674.766
697.78
695.921
674.519
697.788
695.955
675.013
697.796
696.01
675.26
697.722
695.554
672.599
697.661
695.174
671.369
697.548
694.541
669.344
697.643
695.095
670.64
697.513
694.376
668.589
696.242
689.257
653.543
696.354
689.671
653.911
697.948
697.889
692.77
697.948
697.89
692.977
697.948
697.853
692.025
697.023
692.485
666.57
697.039
692.539
666.818
696.513
690.794
662.386
697.008
692.456
666.305
696.954
692.25
666.039
696.77
691.624
664.636
696.701
691.417
663.83
695.011
686.553
652.71
696.543
690.383
655.9
696.488
690.161
655.139
696.506
690.231
655.4
697.948
697.947
696.827
697.948
697.946
696.283
697.948
697.945
695.936
695.771
688.587
656.537
696.76
691.254
660.743
696.793
691.381
660.998
696.711
691.056
659.95
696.697
691.007
659.674
696.164
688.923
652.571
696.265
689.219
652.133
697.944
697.673
688.125
697.483
694.281
671.068
697.51
694.406
671.307
695.094
686.744
653.593
695.054
686.631
653.336
695.043
686.561
652.122
697.948
697.93
694.931
697.948
697.943
695.192
696.99
692.109
662.969
697.015
692.204
663.219
696.47
690.092
654.88
696.452
690.026
654.622
695.906
688.966
657.724
695.937
689.056
658.003
695.572
688.022
655.471
695.613
688.133
655.714
697.944
697.688
688.861
697.945
697.748
689.635
697.947
697.805
690.902
697.942
697.629
687.628
697.942
697.623
687.129
697.94
697.571
686.881
697.934
697.422
685.174
697.934
697.418
684.923
697.934
697.438
685.435
697.936
697.47
685.696
697.928
697.296
683.668
697.762
695.802
673.843
697.749
695.712
673.6
697.776
695.905
674.087
697.781
695.922
674.33
697.817
696.163
675.935
697.82
696.169
676.163
697.818
696.164
675.752
697.809
696.103
675.506
697.719
695.548
672.358
697.672
695.238
671.618
697.562
694.616
669.596
697.621
694.948
670.43
697.486
694.227
668.348
696.911
691.81
662.154
696.887
691.723
661.883
696.636
690.784
658.904
696.22
689.177
653.31
696.285
689.358
651.901
697.948
697.894
693.799
697.947
697.82
691.622
697.948
697.852
691.862
697.947
697.819
691.394
697.947
697.818
691.118
697.942
697.597
687.181
697.942
697.6
687.403
697.574
694.691
672.297
697.562
694.635
672.049
696.538
690.875
662.663
696.874
691.973
665.514
696.911
692.099
665.772
696.795
691.708
664.89
696.843
691.865
665.278
696.658
691.268
663.591
694.986
686.489
651.595
697.948
697.948
697.096
)
;

boundaryField
{
    topAndBottom
    {
        type            calculated;
        value           nonuniform List<scalar> 
72
(
697.948
697.948
697.948
697.948
697.948
697.948
697.948
697.948
697.948
697.948
697.948
697.948
697.948
697.948
697.948
697.948
697.948
697.948
697.948
697.948
697.948
697.948
697.948
697.948
697.948
697.948
697.948
697.948
697.948
697.948
697.948
697.948
697.948
697.948
697.948
697.948
697.948
697.948
697.948
697.948
697.948
697.948
697.948
697.948
697.948
697.948
697.948
697.948
697.948
697.948
697.948
697.948
697.948
697.948
697.948
697.948
697.948
697.948
697.948
697.948
697.948
697.948
697.948
697.948
697.948
697.948
697.948
697.948
697.948
697.948
697.948
697.948
)
;
    }
    inlet
    {
        type            calculated;
        value           uniform 697.948;
    }
    outlet
    {
        type            calculated;
        value           nonuniform List<scalar> 
24
(
697.948
697.948
697.948
697.948
697.948
697.948
697.948
697.948
697.948
697.947
697.917
697.459
697.487
697.948
697.948
697.948
697.948
697.948
697.948
697.948
697.948
697.948
697.948
697.948
)
;
    }
    wing
    {
        type            calculated;
        value           uniform 484.035;
    }
    front
    {
        type            empty;
    }
    back
    {
        type            empty;
    }
}


// ************************************************************************* //
