/*--------------------------------*- C++ -*----------------------------------*\
| =========                 |                                                 |
| \\      /  F ield         | OpenFOAM: The Open Source CFD Toolbox           |
|  \\    /   O peration     | Version:  5.x                                   |
|   \\  /    A nd           | Web:      www.OpenFOAM.org                      |
|    \\/     M anipulation  |                                                 |
\*---------------------------------------------------------------------------*/
FoamFile
{
    version     2.0;
    format      ascii;
    class       volScalarField;
    location    "200";
    object      xf;
}
// * * * * * * * * * * * * * * * * * * * * * * * * * * * * * * * * * * * * * //

dimensions      [0 0 0 0 0 0 0];

internalField   nonuniform List<scalar> 
6584
(
0.106651
0.106651
0.106651
0.106651
0.106651
0.106651
0.106651
0.106651
0.106651
0.106651
0.106651
0.106651
0.106651
0.106651
0.106651
0.106651
0.106651
0.106651
0.106651
0.106651
0.106651
0.106651
0.106651
0.106651
0.106648
0.106648
0.106648
0.106648
0.106648
0.106648
0.106648
0.106648
0.106648
0.106648
0.106648
0.106648
0.106648
0.106648
0.106648
0.106648
0.106648
0.106648
0.106648
0.106648
0.106648
0.106648
0.106648
0.106648
0.106646
0.106646
0.106646
0.106646
0.106646
0.106646
0.106646
0.106646
0.106646
0.106647
0.106647
0.106647
0.106647
0.106647
0.106647
0.106646
0.106646
0.106646
0.106646
0.106646
0.106646
0.106646
0.106646
0.106646
0.106643
0.106643
0.106643
0.106643
0.106643
0.106643
0.106643
0.106643
0.106643
0.106644
0.106644
0.106644
0.106644
0.106644
0.106644
0.106644
0.106643
0.106643
0.106643
0.106643
0.106643
0.106643
0.106643
0.106643
0.10664
0.10664
0.10664
0.10664
0.10664
0.10664
0.10664
0.10664
0.106642
0.106642
0.106642
0.106642
0.106642
0.106642
0.106642
0.106642
0.106642
0.10664
0.10664
0.10664
0.10664
0.10664
0.10664
0.10664
0.106638
0.106638
0.106638
0.106638
0.106638
0.106638
0.106638
0.106639
0.106639
0.106639
0.10664
0.10664
0.10664
0.10664
0.106639
0.106639
0.106639
0.106638
0.106638
0.106638
0.106638
0.106638
0.106638
0.106638
0.106635
0.106635
0.106635
0.106635
0.106635
0.106635
0.106635
0.106637
0.106637
0.106636
0.106637
0.106637
0.106637
0.106637
0.106637
0.106637
0.106637
0.106635
0.106635
0.106635
0.106635
0.106635
0.106635
0.106635
0.106633
0.106633
0.106633
0.106633
0.106633
0.106633
0.106633
0.106634
0.106634
0.106634
0.106634
0.106635
0.106635
0.106635
0.106634
0.106634
0.106633
0.106633
0.106633
0.106633
0.106633
0.106633
0.106633
0.10663
0.10663
0.10663
0.10663
0.10663
0.10663
0.10663
0.106631
0.106631
0.106631
0.106632
0.106632
0.106632
0.106632
0.106632
0.106632
0.10663
0.10663
0.10663
0.10663
0.10663
0.10663
0.10663
0.106627
0.106627
0.106627
0.106628
0.106628
0.106628
0.106628
0.106629
0.106629
0.106629
0.10663
0.10663
0.10663
0.10663
0.106629
0.106629
0.106628
0.106628
0.106628
0.106628
0.106628
0.106628
0.106627
0.106625
0.106625
0.106625
0.106625
0.106625
0.106625
0.106625
0.106626
0.106626
0.106627
0.106627
0.106627
0.106628
0.106627
0.106627
0.106627
0.106625
0.106625
0.106625
0.106625
0.106625
0.106625
0.106625
0.106622
0.106622
0.106622
0.106622
0.106622
0.106622
0.106623
0.106624
0.106624
0.106624
0.106625
0.106625
0.106625
0.106625
0.106624
0.106624
0.106623
0.106623
0.106622
0.106622
0.106622
0.106622
0.106622
0.10662
0.10662
0.10662
0.10662
0.10662
0.10662
0.10662
0.106621
0.106621
0.106621
0.106622
0.106622
0.106623
0.106622
0.106622
0.106622
0.10662
0.10662
0.10662
0.10662
0.10662
0.10662
0.10662
0.106617
0.106617
0.106617
0.106617
0.106617
0.106617
0.106617
0.106617
0.106619
0.106619
0.106619
0.10662
0.0972584
0.10662
0.10662
0.106619
0.106619
0.106618
0.106617
0.106617
0.106617
0.106617
0.106617
0.106617
0.106615
0.106615
0.106615
0.106615
0.106615
0.106615
0.106615
0.106615
0.106616
0.106616
0.106617
0.106617
0.104003
0.106617
0.106617
0.106617
0.106615
0.106615
0.106615
0.106615
0.106615
0.106615
0.106615
0.106615
0.106612
0.106612
0.106612
0.106612
0.106612
0.106612
0.106612
0.106612
0.106614
0.106614
0.106614
0.106614
0.104124
0.106614
0.106614
0.106614
0.106613
0.106612
0.106612
0.106612
0.106612
0.106612
0.106612
0.106612
0.106609
0.106609
0.10661
0.10661
0.10661
0.10661
0.10661
0.10661
0.10661
0.106611
0.106611
0.1066
0.105336
0.106611
0.106611
0.106611
0.10661
0.10661
0.10661
0.10661
0.10661
0.10661
0.106609
0.106609
0.106607
0.106607
0.106607
0.106607
0.106607
0.106607
0.106607
0.106607
0.106607
0.106607
0.106608
0.10659
0.10535
0.106608
0.106608
0.106608
0.106607
0.106607
0.106607
0.106607
0.106607
0.106607
0.106607
0.106607
0.106604
0.106604
0.106604
0.106604
0.106604
0.106605
0.106605
0.106605
0.106605
0.106605
0.106603
0.106093
0.105981
0.106605
0.106605
0.106605
0.106605
0.106605
0.106605
0.106604
0.106604
0.106604
0.106604
0.106604
0.106602
0.106602
0.106602
0.106602
0.106602
0.106602
0.106602
0.106602
0.106602
0.106602
0.106599
0.10609
0.10598
0.106602
0.106602
0.106602
0.106602
0.106602
0.106602
0.106602
0.106602
0.106602
0.106602
0.106602
0.106599
0.106599
0.106599
0.106599
0.106599
0.106599
0.106599
0.1066
0.1066
0.1066
0.106595
0.106087
0.105979
0.106599
0.1066
0.1066
0.1066
0.1066
0.106599
0.106599
0.106599
0.106599
0.106599
0.106599
0.106597
0.106597
0.106597
0.106597
0.106597
0.106597
0.106597
0.106597
0.106597
0.106597
0.106591
0.106083
0.105978
0.106597
0.106597
0.106597
0.106597
0.106597
0.106597
0.106597
0.106597
0.106597
0.106597
0.106596
0.106594
0.106594
0.106594
0.106594
0.106594
0.106594
0.106594
0.106594
0.106594
0.106594
0.106588
0.10608
0.105977
0.106594
0.106595
0.106595
0.106595
0.106594
0.106594
0.106594
0.106594
0.106594
0.106594
0.106594
0.106591
0.106591
0.106592
0.106592
0.106592
0.106592
0.106592
0.106592
0.106592
0.106592
0.106584
0.106077
0.105975
0.106591
0.106592
0.106592
0.106592
0.106592
0.106592
0.106592
0.106591
0.106591
0.106591
0.106591
0.106589
0.106589
0.106589
0.106589
0.106589
0.106589
0.106589
0.106589
0.106589
0.106589
0.106581
0.106074
0.105973
0.106588
0.106589
0.106589
0.106589
0.106589
0.106589
0.106589
0.106589
0.106589
0.106589
0.106589
0.106586
0.106586
0.106586
0.106586
0.106586
0.106587
0.106587
0.106587
0.106587
0.106587
0.106577
0.106071
0.105971
0.106586
0.106587
0.106587
0.106587
0.106587
0.106587
0.106586
0.106586
0.106586
0.106586
0.106586
0.106584
0.106584
0.106584
0.106584
0.106584
0.106584
0.106584
0.106584
0.106584
0.106584
0.106574
0.106067
0.10597
0.106583
0.106584
0.106584
0.106584
0.106584
0.106584
0.106584
0.106584
0.106584
0.106584
0.106584
0.106581
0.106581
0.106581
0.106581
0.106581
0.106581
0.106582
0.106582
0.106582
0.106581
0.10657
0.106064
0.105968
0.10658
0.106582
0.106582
0.106582
0.106582
0.106581
0.106581
0.106581
0.106581
0.106581
0.106581
0.106579
0.106579
0.106579
0.106579
0.106579
0.106579
0.106579
0.106579
0.106579
0.106579
0.106567
0.106061
0.105966
0.106578
0.106579
0.106579
0.106579
0.106579
0.106579
0.106579
0.106579
0.106578
0.106578
0.106578
0.106576
0.106576
0.106576
0.106576
0.106576
0.106576
0.106576
0.106576
0.106577
0.106576
0.106563
0.106058
0.105964
0.106575
0.106577
0.106577
0.106576
0.106576
0.106576
0.106576
0.106576
0.106576
0.106576
0.106576
0.106573
0.106573
0.106574
0.106574
0.106574
0.106574
0.106574
0.106574
0.106574
0.106574
0.10656
0.106055
0.105962
0.106572
0.106574
0.106574
0.106574
0.106574
0.106574
0.106573
0.106573
0.106573
0.106573
0.106573
0.106571
0.106571
0.106571
0.106571
0.106571
0.106571
0.106571
0.106571
0.106571
0.106571
0.106557
0.106051
0.10596
0.106569
0.106571
0.106571
0.106571
0.106571
0.106571
0.106571
0.106571
0.106571
0.106571
0.106571
0.106568
0.106568
0.106568
0.106568
0.106569
0.106569
0.106569
0.106569
0.106569
0.106568
0.106554
0.106048
0.105958
0.106567
0.106569
0.106569
0.106569
0.106569
0.106568
0.106568
0.106568
0.106568
0.106568
0.106568
0.106566
0.106566
0.106566
0.106566
0.106566
0.106566
0.106566
0.106566
0.106566
0.106566
0.10655
0.106045
0.105956
0.106564
0.106566
0.106566
0.106566
0.106566
0.106566
0.106566
0.106566
0.106566
0.106565
0.106565
0.106563
0.106563
0.106563
0.106563
0.106563
0.106564
0.106564
0.106564
0.106564
0.106563
0.106547
0.106042
0.105953
0.106561
0.106564
0.106564
0.106564
0.106564
0.106563
0.106563
0.106563
0.106563
0.106563
0.106563
0.106561
0.106561
0.106561
0.106561
0.106561
0.106561
0.106561
0.106561
0.106561
0.106561
0.106544
0.106039
0.105951
0.106559
0.106561
0.106561
0.106561
0.106561
0.106561
0.106561
0.10656
0.10656
0.10656
0.10656
0.106632
0.106632
0.106635
0.10663
0.10663
0.106632
0.106628
0.106628
0.10663
0.106625
0.106625
0.106628
0.106623
0.106623
0.106625
0.10662
0.102119
0.0970414
0.10662
0.106623
0.106635
0.106637
0.106635
0.106637
0.106633
0.106632
0.106635
0.106633
0.106635
0.106632
0.106633
0.106635
0.10663
0.10663
0.106632
0.106631
0.106631
0.106632
0.106631
0.106632
0.10663
0.10663
0.106632
0.106628
0.106628
0.10663
0.106629
0.106629
0.10663
0.106625
0.106629
0.106628
0.106628
0.10663
0.106625
0.106625
0.106627
0.106626
0.106626
0.106627
0.106614
0.106618
0.106625
0.106626
0.106627
0.106601
0.106612
0.106623
0.106623
0.106625
0.106594
0.106598
0.106617
0.103445
0.101988
0.101828
0.106617
0.10662
0.106632
0.106633
0.106633
0.106633
0.106632
0.106635
0.106633
0.106632
0.106633
0.106633
0.106633
0.106632
0.10663
0.106631
0.106631
0.106631
0.10663
0.106632
0.106631
0.106629
0.106631
0.106631
0.106631
0.10663
0.106632
0.106631
0.106631
0.106627
0.106629
0.106629
0.106628
0.106627
0.10663
0.106629
0.106619
0.106625
0.106629
0.106628
0.106627
0.106629
0.106628
0.106629
0.106626
0.106625
0.106627
0.106626
0.106613
0.106614
0.106626
0.106623
0.106623
0.106626
0.106623
0.106627
0.106623
0.106622
0.106625
0.106624
0.106598
0.106601
0.106623
0.106622
0.106624
0.106621
0.106617
0.106622
0.106621
0.106583
0.106594
0.106634
0.106633
0.106635
0.106634
0.106634
0.106623
0.106623
0.106625
0.106624
0.106624
0.106625
0.106453
0.106443
0.10662
0.106621
0.106622
0.106634
0.106634
0.106635
0.106633
0.106634
0.106625
0.106626
0.106626
0.106515
0.106515
0.106522
0.106521
0.106514
0.106519
0.106441
0.106422
0.106624
0.106621
0.106619
0.106522
0.106522
0.106619
0.106617
0.106622
0.106636
0.106636
0.106635
0.106635
0.106636
0.106636
0.106634
0.106634
0.106634
0.106634
0.106634
0.106634
0.106631
0.106631
0.106628
0.106628
0.106617
0.106617
0.106602
0.106437
0.106612
0.10646
0.106454
0.106468
0.106473
0.106596
0.106633
0.106633
0.106633
0.106633
0.106633
0.106633
0.106633
0.106634
0.106634
0.106634
0.106633
0.106633
0.106633
0.10663
0.10663
0.106632
0.106631
0.10663
0.10663
0.10663
0.10663
0.106631
0.10663
0.10663
0.10663
0.106631
0.106632
0.106632
0.106631
0.106631
0.106631
0.106628
0.106628
0.106629
0.106629
0.106619
0.10662
0.106627
0.106628
0.106629
0.106628
0.106628
0.106627
0.106629
0.106629
0.10663
0.106629
0.106629
0.106629
0.106518
0.106626
0.106543
0.106543
0.106546
0.106542
0.106625
0.106627
0.106547
0.106627
0.106613
0.106613
0.106625
0.106627
0.106627
0.106626
0.106627
0.106625
0.106521
0.106522
0.106624
0.106546
0.106544
0.106546
0.106546
0.106624
0.106518
0.106521
0.106599
0.106456
0.106467
0.106439
0.106454
0.1066
0.106417
0.10651
0.106508
0.105956
0.106522
0.10651
0.103558
0.106453
0.10646
0.106634
0.10662
0.10662
0.106622
0.106621
0.106621
0.106622
0.101422
0.106541
0.106559
0.106634
0.106622
0.106624
0.106624
0.106413
0.106413
0.102763
0.106498
0.106493
0.106417
0.106422
0.106382
0.106449
0.0938236
0.106635
0.106635
0.106635
0.106635
0.106635
0.106635
0.106631
0.106632
0.106631
0.106631
0.106632
0.106632
0.106629
0.106629
0.106629
0.10663
0.106629
0.106629
0.106627
0.106629
0.106614
0.106616
0.106317
0.106293
0.106596
0.106474
0.106483
0.106611
0.106609
0.103568
0.106634
0.106634
0.106635
0.106632
0.106632
0.106632
0.106633
0.106633
0.106633
0.106632
0.106633
0.106633
0.10663
0.10663
0.10663
0.106631
0.106631
0.10663
0.106631
0.10663
0.106631
0.10663
0.10663
0.10663
0.106631
0.106631
0.106631
0.106629
0.10663
0.10663
0.106631
0.106631
0.10663
0.10663
0.10663
0.106629
0.106628
0.106628
0.106628
0.106628
0.106628
0.106629
0.106629
0.106629
0.106628
0.106629
0.106629
0.106618
0.106623
0.106628
0.106628
0.106629
0.106627
0.106628
0.106627
0.106629
0.106629
0.10663
0.106629
0.106629
0.106629
0.106613
0.106535
0.10654
0.10655
0.106538
0.106614
0.106624
0.106626
0.106626
0.106625
0.106626
0.106624
0.106623
0.106546
0.106546
0.106558
0.106559
0.106623
0.106428
0.106428
0.106622
0.106557
0.106557
0.10643
0.106429
0.106346
0.106323
0.106634
0.106634
0.106634
0.106317
0.106449
0.106341
0.106345
0.106349
0.106448
0.106634
0.106634
0.106634
0.106634
0.106634
0.106508
0.106513
0.106421
0.106415
0.106521
0.106439
0.10644
0.106443
0.106439
0.106521
0.106512
0.106514
0.106434
0.10643
0.106522
0.10645
0.106446
0.106421
0.106421
0.106633
0.106633
0.106634
0.106633
0.106633
0.106633
0.106631
0.106632
0.106627
0.106629
0.106615
0.106615
0.106449
0.106519
0.106516
0.106521
0.10652
0.106445
0.106509
0.10651
0.106516
0.106511
0.106458
0.106372
0.106382
0.106353
0.106366
0.106457
0.106279
0.106307
0.106633
0.106633
0.106633
0.106633
0.106633
0.106633
0.106632
0.106632
0.106633
0.106632
0.106633
0.106634
0.106633
0.106633
0.106633
0.106632
0.106632
0.106632
0.106632
0.106633
0.106633
0.106632
0.106633
0.106633
0.106633
0.106632
0.10663
0.10663
0.106631
0.10663
0.10663
0.106631
0.10663
0.106629
0.106629
0.10663
0.10663
0.10663
0.10663
0.10663
0.106632
0.106631
0.106632
0.106632
0.106631
0.106631
0.106631
0.106631
0.106631
0.106631
0.106631
0.10663
0.10663
0.10663
0.106631
0.10663
0.10663
0.10663
0.10663
0.106628
0.106628
0.106628
0.106626
0.106625
0.106625
0.106626
0.106622
0.106622
0.106625
0.106623
0.106629
0.106629
0.106629
0.106628
0.106628
0.106629
0.106628
0.106627
0.106626
0.106628
0.106627
0.106629
0.106629
0.106629
0.106617
0.106622
0.106628
0.106628
0.106628
0.106627
0.106628
0.106628
0.106629
0.106629
0.106629
0.106629
0.106629
0.106629
0.106529
0.106541
0.106617
0.106617
0.106617
0.106617
0.106536
0.106545
0.106616
0.106607
0.106616
0.106616
0.106543
0.106621
0.106619
0.106622
0.106622
0.106559
0.106619
0.106618
0.106618
0.106619
0.106562
0.106537
0.106535
0.106613
0.106506
0.106521
0.10651
0.106503
0.106523
0.106613
0.106533
0.106534
0.10652
0.106429
0.106437
0.106439
0.106428
0.10652
0.106423
0.106517
0.106439
0.106518
0.106447
0.106523
0.106521
0.106524
0.106523
0.106447
0.106412
0.106417
0.106429
0.106429
0.106423
0.10643
0.106357
0.10635
0.106635
0.106635
0.106637
0.106621
0.106618
0.106614
0.106635
0.106635
0.106634
0.106634
0.106635
0.106635
0.106636
0.106636
0.106635
0.106632
0.106632
0.106632
0.106631
0.106631
0.106631
0.106626
0.106629
0.106627
0.106627
0.106627
0.106605
0.106601
0.106618
0.10654
0.106539
0.106612
0.106633
0.106633
0.106632
0.106632
0.106632
0.106632
0.106633
0.106633
0.106633
0.106632
0.106632
0.106632
0.106629
0.106631
0.10663
0.106631
0.10663
0.10663
0.10663
0.106631
0.106631
0.106631
0.106628
0.106628
0.106628
0.106626
0.106627
0.106628
0.10662
0.10661
0.106608
0.106625
0.106628
0.106628
0.106628
0.106629
0.106629
0.10663
0.106628
0.106629
0.106628
0.106627
0.106626
0.106626
0.106625
0.106627
0.106627
0.106622
0.106625
0.106625
0.10634
0.106339
0.106556
0.106556
0.106621
0.106343
0.106341
0.106483
0.106482
0.106592
0.106634
0.106634
0.106512
0.10649
0.106494
0.106516
0.106512
0.106482
0.106486
0.106487
0.106487
0.106519
0.106402
0.106396
0.106424
0.10645
0.10645
0.106522
0.106635
0.106635
0.106635
0.106634
0.106634
0.106634
0.106634
0.106633
0.106633
0.106634
0.106634
0.106634
0.106631
0.106631
0.106631
0.106631
0.106631
0.106631
0.106627
0.106628
0.106596
0.106596
0.106617
0.106616
0.10659
0.106593
0.106459
0.106461
0.106467
0.106466
0.106439
0.106464
0.106467
0.106612
0.10654
0.106542
0.106633
0.106633
0.106633
0.106633
0.106633
0.106633
0.106633
0.106632
0.106632
0.106633
0.106632
0.106632
0.106634
0.106634
0.106633
0.106634
0.106634
0.106634
0.106633
0.106633
0.106633
0.106631
0.106632
0.106632
0.106632
0.106632
0.10663
0.10663
0.106632
0.106632
0.106632
0.106631
0.106631
0.106631
0.106628
0.106627
0.106628
0.106618
0.106621
0.106629
0.106629
0.106629
0.106629
0.106629
0.106629
0.106522
0.106544
0.106575
0.106574
0.106571
0.10657
0.10654
0.106625
0.106626
0.106627
0.106578
0.106574
0.106599
0.106597
0.10655
0.106574
0.106573
0.106572
0.106569
0.106627
0.106627
0.106625
0.106624
0.106627
0.106627
0.106543
0.106606
0.106606
0.106606
0.106606
0.106543
0.106461
0.106514
0.106524
0.106515
0.106514
0.106463
0.106443
0.106472
0.106469
0.106411
0.106405
0.106427
0.10628
0.106347
0.106345
0.106359
0.106522
0.106455
0.106451
0.106455
0.106455
0.106511
0.106212
0.106215
0.106384
0.106394
0.106462
0.106634
0.106634
0.106634
0.106411
0.106411
0.106352
0.106276
0.10097
0.106421
0.106407
0.10641
0.106398
0.106403
0.106422
0.0937557
0.106105
0.106347
0.106635
0.106635
0.106634
0.106631
0.106631
0.106631
0.106632
0.106632
0.106632
0.106632
0.106632
0.106626
0.106629
0.10656
0.106565
0.106557
0.106557
0.106617
0.106598
0.106595
0.106312
0.106256
0.106257
0.106277
0.10627
0.106306
0.106632
0.106632
0.106632
0.106632
0.106632
0.106632
0.106629
0.106631
0.10663
0.10663
0.10663
0.10663
0.10663
0.106613
0.106612
0.106619
0.106624
0.106628
0.106628
0.106628
0.106629
0.106629
0.106629
0.106628
0.106629
0.106629
0.106548
0.106564
0.106561
0.106563
0.106564
0.106544
0.106338
0.106338
0.10635
0.106344
0.10643
0.106393
0.106394
0.106268
0.106269
0.106339
0.10628
0.10629
0.106261
0.10627
0.10633
0.106634
0.106634
0.106634
0.106634
0.106634
0.106634
0.106634
0.106634
0.106634
0.106634
0.106336
0.106389
0.106387
0.106397
0.106393
0.106337
0.106369
0.10638
0.106374
0.106386
0.106384
0.106359
0.106634
0.106634
0.106634
0.106634
0.106634
0.106634
0.106634
0.106508
0.106516
0.106498
0.106501
0.106419
0.106417
0.106472
0.106472
0.10644
0.106476
0.106478
0.106512
0.106469
0.106465
0.106472
0.106517
0.106483
0.106478
0.106398
0.106403
0.106437
0.106379
0.106383
0.106373
0.106375
0.106427
0.106393
0.106393
0.10642
0.106389
0.106394
0.106381
0.106385
0.10642
0.106633
0.106633
0.106633
0.106633
0.106633
0.106633
0.106631
0.106631
0.106631
0.106631
0.106631
0.106632
0.106631
0.106631
0.106627
0.106628
0.106575
0.106579
0.106569
0.106572
0.106616
0.106594
0.106593
0.106592
0.106591
0.106615
0.106582
0.106462
0.106458
0.106442
0.106466
0.106465
0.106509
0.106479
0.106476
0.106491
0.106485
0.106509
0.106515
0.106485
0.106485
0.106476
0.106481
0.106514
0.10647
0.106357
0.106403
0.106401
0.106282
0.106293
0.106633
0.106633
0.106633
0.106633
0.106633
0.106633
0.106633
0.106632
0.106632
0.106632
0.106632
0.106632
0.106632
0.106632
0.106633
0.106634
0.106634
0.106634
0.106633
0.106633
0.106633
0.106632
0.106632
0.106632
0.106632
0.106632
0.106632
0.106632
0.106632
0.106633
0.106633
0.106633
0.106633
0.106633
0.106633
0.106633
0.106633
0.106633
0.106633
0.10663
0.10663
0.106631
0.10663
0.10663
0.10663
0.10663
0.106629
0.106629
0.10663
0.10663
0.106632
0.106632
0.106632
0.106631
0.106631
0.106631
0.106632
0.106632
0.106632
0.106632
0.106632
0.106632
0.106632
0.106632
0.106631
0.106631
0.106631
0.106631
0.106631
0.106631
0.106631
0.106631
0.106631
0.106631
0.106631
0.106631
0.10663
0.10663
0.106626
0.106621
0.106623
0.106618
0.106619
0.106625
0.106625
0.106623
0.106624
0.106625
0.106622
0.106605
0.106608
0.106603
0.106603
0.106622
0.106624
0.106614
0.106616
0.106611
0.106613
0.106624
0.106628
0.106628
0.106629
0.106629
0.106626
0.106626
0.106628
0.106627
0.106617
0.106622
0.106629
0.106629
0.106629
0.106629
0.106629
0.106629
0.106526
0.106574
0.106575
0.106544
0.106536
0.10657
0.106572
0.106585
0.106581
0.106621
0.106604
0.106605
0.106623
0.106608
0.106606
0.106607
0.106608
0.106623
0.106594
0.106589
0.106576
0.106576
0.106554
0.106569
0.106573
0.106537
0.106567
0.106567
0.106565
0.106566
0.106536
0.106511
0.106517
0.106507
0.106496
0.106494
0.106503
0.10653
0.106562
0.106562
0.106566
0.106564
0.10653
0.106432
0.106462
0.106461
0.106463
0.106462
0.106434
0.106435
0.106468
0.10647
0.106462
0.106465
0.106429
0.106422
0.106454
0.106452
0.106461
0.106457
0.106444
0.106463
0.106463
0.106454
0.106458
0.106447
0.106475
0.106474
0.106446
0.10641
0.106423
0.10634
0.106341
0.106426
0.106386
0.10638
0.106393
0.106392
0.106429
0.106358
0.106356
0.106236
0.106248
0.10664
0.10664
0.106642
0.10664
0.10664
0.106642
0.10664
0.10664
0.106642
0.10664
0.10664
0.106642
0.106638
0.106638
0.106639
0.106638
0.106638
0.10664
0.106638
0.106638
0.10664
0.106638
0.106638
0.10664
0.106638
0.106638
0.10664
0.106638
0.106638
0.106639
0.106635
0.106635
0.106637
0.106635
0.106635
0.106637
0.106636
0.106636
0.106637
0.106636
0.106636
0.106637
0.106636
0.106636
0.106637
0.106635
0.106635
0.106637
0.106633
0.106633
0.106635
0.106634
0.106634
0.106634
0.106634
0.106634
0.106635
0.106634
0.106634
0.106635
0.106633
0.106633
0.106634
0.10663
0.10663
0.106632
0.106631
0.106631
0.106632
0.106632
0.106632
0.106632
0.106631
0.106631
0.106632
0.10663
0.10663
0.106632
0.106628
0.106628
0.10663
0.106629
0.106629
0.10663
0.106629
0.106629
0.10663
0.106629
0.106629
0.10663
0.106628
0.106628
0.106629
0.106625
0.106625
0.106627
0.106626
0.106627
0.106627
0.106627
0.106627
0.106627
0.106627
0.106627
0.106628
0.106626
0.106626
0.106627
0.106623
0.106623
0.106625
0.106625
0.106625
0.106625
0.106624
0.106624
0.106625
0.106623
0.106623
0.106624
0.10662
0.10662
0.106622
0.106622
0.106622
0.106622
0.106621
0.106621
0.106622
0.106618
0.106618
0.106619
0.106618
0.106617
0.106619
0.106619
0.106618
0.106619
0.0979719
0.106265
0.106306
0.106618
0.106618
0.10662
0.106618
0.106618
0.106619
0.106615
0.106615
0.106616
0.106615
0.106615
0.106617
0.106615
0.104782
0.104806
0.104101
0.106614
0.106617
0.106615
0.106615
0.106617
0.106615
0.106615
0.106617
0.106612
0.106612
0.106614
0.106606
0.105619
0.104776
0.105327
0.106606
0.106614
0.106612
0.106613
0.106614
0.106632
0.106633
0.106633
0.106633
0.106633
0.106632
0.106635
0.106634
0.106634
0.10663
0.10663
0.10663
0.10663
0.10663
0.10663
0.106632
0.106632
0.106632
0.106628
0.106628
0.106628
0.106628
0.106628
0.106628
0.10663
0.106629
0.10663
0.106625
0.106626
0.106626
0.106626
0.106626
0.106625
0.106627
0.106627
0.106627
0.106623
0.106623
0.106623
0.106625
0.106625
0.106625
0.106619
0.106621
0.106621
0.10069
0.106002
0.105924
0.104073
0.104081
0.0937344
0.106623
0.106622
0.106622
0.106635
0.106636
0.106636
0.106634
0.106634
0.106634
0.106637
0.106636
0.106636
0.106634
0.106634
0.106635
0.106635
0.106635
0.106637
0.106636
0.106636
0.106633
0.106633
0.106633
0.106633
0.106633
0.106633
0.106634
0.106634
0.106634
0.106633
0.106633
0.106633
0.106634
0.106634
0.106634
0.106633
0.106633
0.106633
0.106633
0.106633
0.106633
0.106634
0.106634
0.106634
0.10663
0.106631
0.106631
0.106631
0.106631
0.10663
0.106632
0.106631
0.106631
0.106631
0.106632
0.106632
0.106631
0.106631
0.106631
0.106632
0.106632
0.106632
0.106632
0.106632
0.106632
0.10663
0.106631
0.106631
0.106631
0.106631
0.10663
0.106632
0.106631
0.106631
0.106628
0.106628
0.106628
0.106629
0.106628
0.106628
0.10663
0.106629
0.106629
0.106629
0.106629
0.106629
0.106629
0.106629
0.106629
0.10663
0.10663
0.10663
0.106628
0.106629
0.106629
0.106628
0.106629
0.106628
0.10663
0.106629
0.106629
0.106625
0.106626
0.106626
0.106626
0.106626
0.106625
0.106627
0.106627
0.106626
0.106626
0.106627
0.106627
0.106627
0.106627
0.106626
0.106627
0.106627
0.106627
0.106613
0.10659
0.106591
0.106625
0.106626
0.106626
0.106626
0.106626
0.106626
0.106627
0.106627
0.106627
0.106601
0.106544
0.106544
0.106593
0.106593
0.106612
0.106623
0.106624
0.106624
0.106624
0.106624
0.106623
0.106625
0.106624
0.106624
0.106595
0.106552
0.106552
0.106555
0.106554
0.106597
0.106617
0.106617
0.106618
0.10353
0.106609
0.106607
0.106492
0.106489
0.101682
0.10654
0.106541
0.101545
0.106618
0.106599
0.106606
0.106612
0.106599
0.106619
0.106632
0.106632
0.106632
0.106633
0.106633
0.106633
0.106633
0.106633
0.106633
0.106633
0.106633
0.106633
0.106634
0.106634
0.106635
0.106633
0.106634
0.106634
0.106632
0.106632
0.106632
0.106633
0.106633
0.106633
0.106633
0.106633
0.106633
0.106633
0.106633
0.106633
0.106632
0.106632
0.106632
0.10663
0.10663
0.10663
0.106631
0.106631
0.106631
0.106631
0.106631
0.106631
0.106631
0.106631
0.106631
0.10663
0.10663
0.10663
0.106631
0.106631
0.106631
0.106631
0.10663
0.106631
0.106631
0.106631
0.106631
0.106632
0.106632
0.106632
0.106631
0.106631
0.106631
0.106632
0.106632
0.106631
0.106628
0.106628
0.106628
0.106629
0.106628
0.106628
0.106628
0.106628
0.106629
0.106628
0.106628
0.106628
0.106627
0.106627
0.106627
0.10663
0.10663
0.10663
0.106628
0.106629
0.106629
0.106629
0.106628
0.106628
0.106627
0.106627
0.106627
0.106629
0.106629
0.106629
0.106626
0.106624
0.106624
0.106624
0.106624
0.106625
0.106627
0.106627
0.106627
0.106624
0.106625
0.106626
0.106613
0.106593
0.106593
0.106593
0.106594
0.106614
0.106626
0.106626
0.106626
0.106623
0.106626
0.106626
0.106625
0.106625
0.106623
0.106626
0.106627
0.106627
0.106626
0.106626
0.106624
0.106627
0.106627
0.106626
0.106623
0.106622
0.106622
0.10662
0.106621
0.106622
0.106625
0.106623
0.106623
0.106622
0.106622
0.106624
0.106599
0.106555
0.106555
0.106544
0.106545
0.1066
0.106623
0.106625
0.106625
0.106624
0.106624
0.106622
0.106625
0.106624
0.106624
0.10662
0.106554
0.106555
0.106535
0.106548
0.10662
0.106622
0.10662
0.10662
0.10659
0.10648
0.106475
0.106634
0.106634
0.106634
0.106634
0.106634
0.106634
0.106635
0.106634
0.106634
0.106634
0.106634
0.106634
0.106624
0.106623
0.106623
0.106625
0.106624
0.106624
0.106624
0.106624
0.106624
0.106624
0.106624
0.106624
0.106625
0.106625
0.106624
0.106451
0.106425
0.106428
0.106412
0.106415
0.106445
0.10662
0.106621
0.106621
0.106634
0.106634
0.106634
0.106634
0.106634
0.106634
0.106634
0.106634
0.106635
0.106633
0.106634
0.106634
0.106634
0.106634
0.106634
0.106626
0.106626
0.106625
0.106626
0.106626
0.106626
0.106626
0.106626
0.106626
0.106522
0.106498
0.106498
0.106498
0.106497
0.106521
0.106439
0.106406
0.106408
0.106624
0.106624
0.106624
0.10662
0.106623
0.106624
0.106623
0.106623
0.10662
0.106522
0.106499
0.106498
0.106499
0.106499
0.106522
0.106618
0.106622
0.106622
0.106621
0.106622
0.106618
0.106622
0.106622
0.106622
0.106636
0.106635
0.106635
0.106635
0.106635
0.106636
0.106635
0.106635
0.106635
0.106635
0.106635
0.106635
0.106636
0.106635
0.106635
0.106635
0.106635
0.106636
0.106634
0.106634
0.106634
0.106634
0.106634
0.106634
0.106634
0.106634
0.106634
0.106634
0.106634
0.106634
0.106542
0.106543
0.106601
0.106612
0.106592
0.106592
0.106459
0.106439
0.10644
0.10643
0.106431
0.106455
0.106471
0.106515
0.106515
0.106515
0.106515
0.106471
0.106597
0.106554
0.106554
0.106633
0.106633
0.106633
0.106632
0.106632
0.106633
0.106633
0.106633
0.106633
0.106634
0.106634
0.106634
0.106634
0.106634
0.106634
0.106632
0.106632
0.106632
0.106633
0.106633
0.106633
0.10663
0.10663
0.10663
0.10663
0.10663
0.10663
0.106632
0.106632
0.106632
0.106631
0.106631
0.106631
0.10663
0.10663
0.10663
0.106631
0.106631
0.10663
0.106631
0.106631
0.106631
0.10663
0.10663
0.10663
0.10663
0.10663
0.10663
0.10663
0.10663
0.10663
0.106631
0.106632
0.106631
0.106632
0.106632
0.106632
0.106632
0.106632
0.106632
0.106631
0.106631
0.106631
0.106631
0.106631
0.106631
0.106631
0.106631
0.106631
0.106628
0.106628
0.106628
0.106628
0.106628
0.106628
0.106629
0.106629
0.106629
0.106629
0.106629
0.106629
0.106628
0.106628
0.106628
0.106628
0.106628
0.106628
0.106629
0.106628
0.106628
0.106628
0.106628
0.106628
0.106628
0.106628
0.106628
0.106627
0.106628
0.106628
0.106629
0.106629
0.106629
0.10663
0.10663
0.10663
0.106629
0.106629
0.106629
0.106629
0.106629
0.106629
0.106624
0.106624
0.106626
0.106547
0.106575
0.106574
0.106573
0.106572
0.106541
0.106625
0.106624
0.106624
0.106626
0.106625
0.106625
0.106594
0.106594
0.106613
0.106613
0.106593
0.106594
0.106627
0.106627
0.106625
0.106627
0.106627
0.106627
0.106627
0.106627
0.106627
0.106627
0.106627
0.106626
0.106627
0.106627
0.106627
0.106625
0.106626
0.106626
0.106521
0.106493
0.106494
0.106497
0.106496
0.106521
0.106623
0.106623
0.106624
0.106546
0.106573
0.106573
0.106573
0.106572
0.106543
0.106545
0.106605
0.106605
0.106605
0.106605
0.106545
0.106624
0.106622
0.106623
0.106518
0.106486
0.106487
0.106494
0.106493
0.106521
0.106556
0.106555
0.106599
0.106458
0.106482
0.106481
0.106488
0.106487
0.106466
0.106479
0.106478
0.106451
0.1066
0.106556
0.106556
0.10651
0.106455
0.106455
0.106454
0.106455
0.106509
0.106522
0.1065
0.106499
0.106453
0.106396
0.106399
0.106441
0.106442
0.106461
0.106621
0.106621
0.10662
0.106622
0.106622
0.106621
0.106621
0.106622
0.106621
0.106622
0.106622
0.106622
0.106033
0.10602
0.10128
0.106542
0.106453
0.106453
0.106458
0.106453
0.106547
0.106623
0.106623
0.106623
0.106624
0.106623
0.106623
0.106623
0.106623
0.106624
0.105396
0.1047
0.101535
0.106495
0.10643
0.106427
0.106422
0.106427
0.106493
0.106426
0.105905
0.10578
0.106395
0.106399
0.106448
0.0937951
0.100455
0.102393
0.106635
0.106635
0.106635
0.106635
0.106635
0.106635
0.106634
0.106635
0.106635
0.106635
0.106635
0.106634
0.106635
0.106635
0.106635
0.106635
0.106635
0.106635
0.106631
0.106631
0.106631
0.106631
0.106631
0.106632
0.106631
0.106631
0.106631
0.106632
0.106632
0.106632
0.106629
0.106629
0.106629
0.106629
0.106629
0.106629
0.106629
0.106629
0.106629
0.10663
0.10663
0.10663
0.106629
0.106629
0.10663
0.106629
0.106629
0.106629
0.106591
0.10659
0.106613
0.106553
0.106553
0.106595
0.106483
0.106515
0.106515
0.106514
0.106514
0.106483
0.106611
0.106556
0.106535
0.106552
0.106554
0.10661
0.103612
0.106389
0.106344
0.106634
0.106634
0.106634
0.106634
0.106634
0.106634
0.106635
0.106634
0.106634
0.106632
0.106632
0.106632
0.106633
0.106633
0.106633
0.106633
0.106633
0.106633
0.106633
0.106633
0.106633
0.106632
0.106632
0.106632
0.106633
0.106632
0.106633
0.106632
0.106632
0.106633
0.10663
0.10663
0.10663
0.10663
0.10663
0.10663
0.10663
0.10663
0.10663
0.106631
0.106631
0.106631
0.10663
0.106631
0.106631
0.106631
0.106631
0.10663
0.106631
0.106631
0.106631
0.106631
0.106631
0.106631
0.106631
0.106631
0.106631
0.10663
0.10663
0.10663
0.10663
0.10663
0.10663
0.10663
0.10663
0.10663
0.106631
0.106631
0.106631
0.106631
0.106631
0.106631
0.106631
0.106631
0.106631
0.106631
0.106631
0.106631
0.106631
0.106631
0.106631
0.10663
0.10663
0.10663
0.10663
0.10663
0.10663
0.106628
0.106628
0.106629
0.106628
0.106628
0.106628
0.106628
0.106628
0.106628
0.106628
0.106628
0.106628
0.106628
0.106628
0.106628
0.106628
0.106628
0.106628
0.106629
0.106629
0.10663
0.106629
0.106629
0.106629
0.10663
0.106629
0.106629
0.106628
0.106629
0.106628
0.106629
0.106629
0.106628
0.106629
0.106629
0.106629
0.106628
0.106628
0.106628
0.106628
0.106628
0.106628
0.106628
0.106628
0.106628
0.106627
0.106627
0.106627
0.10663
0.106629
0.106629
0.10663
0.10663
0.10663
0.106629
0.106629
0.106629
0.106629
0.106629
0.106629
0.106593
0.106593
0.106613
0.106537
0.106566
0.106565
0.106568
0.106567
0.106539
0.106614
0.106594
0.106593
0.106626
0.106626
0.106624
0.106626
0.106626
0.106626
0.106626
0.106626
0.106626
0.106625
0.106625
0.106625
0.106626
0.106625
0.106626
0.106624
0.106625
0.106626
0.106621
0.106621
0.106623
0.106545
0.106604
0.106604
0.106604
0.106604
0.106545
0.106558
0.106603
0.106602
0.106603
0.106603
0.106558
0.106623
0.106621
0.106621
0.106428
0.106391
0.106392
0.106391
0.106391
0.106428
0.106619
0.10662
0.106622
0.106557
0.106602
0.106601
0.106602
0.106602
0.106557
0.106392
0.106393
0.106429
0.106634
0.106634
0.106634
0.106421
0.106423
0.10645
0.106447
0.106419
0.10642
0.106634
0.106634
0.106634
0.106634
0.106634
0.106634
0.106634
0.106634
0.106634
0.106497
0.106497
0.106522
0.10644
0.106471
0.106471
0.10644
0.106471
0.106472
0.10647
0.10647
0.106439
0.106521
0.106497
0.106497
0.106499
0.106499
0.106522
0.10645
0.106476
0.106476
0.106474
0.106475
0.106449
0.106634
0.106633
0.106633
0.106634
0.106634
0.106634
0.106633
0.106633
0.106633
0.106633
0.106633
0.106633
0.106632
0.106631
0.106632
0.106517
0.106489
0.106491
0.106485
0.106486
0.106516
0.10652
0.106495
0.106495
0.106493
0.106494
0.10652
0.106436
0.106438
0.106459
0.106377
0.106413
0.10641
0.106416
0.106414
0.10638
0.106408
0.106405
0.106361
0.106456
0.106433
0.106435
0.106633
0.106633
0.106633
0.106633
0.106633
0.106633
0.106633
0.106633
0.106633
0.106633
0.106633
0.106633
0.106632
0.106632
0.106632
0.106632
0.106632
0.106633
0.106632
0.106632
0.106632
0.106633
0.106633
0.106633
0.106633
0.106633
0.106634
0.106633
0.106633
0.106633
0.106632
0.106632
0.106632
0.106633
0.106633
0.106633
0.106633
0.106633
0.106633
0.106633
0.106633
0.106633
0.10663
0.10663
0.10663
0.10663
0.10663
0.10663
0.10663
0.10663
0.106631
0.10663
0.10663
0.10663
0.10663
0.10663
0.10663
0.10663
0.10663
0.10663
0.106631
0.106631
0.106631
0.106631
0.106631
0.106631
0.106631
0.106631
0.106631
0.10663
0.10663
0.10663
0.106631
0.10663
0.10663
0.10663
0.10663
0.10663
0.10663
0.10663
0.10663
0.10663
0.10663
0.10663
0.10663
0.10663
0.10663
0.106628
0.106628
0.106628
0.106628
0.106628
0.106628
0.106628
0.106628
0.106628
0.106629
0.106629
0.106629
0.106629
0.106629
0.106629
0.106629
0.106629
0.106629
0.106629
0.106629
0.106629
0.106629
0.106629
0.106629
0.106629
0.106629
0.106629
0.106628
0.106628
0.106628
0.106628
0.106628
0.106628
0.106628
0.106628
0.106628
0.106628
0.106628
0.106627
0.106628
0.106628
0.106628
0.106628
0.106628
0.106628
0.106629
0.106629
0.106629
0.106629
0.106629
0.106629
0.106629
0.106629
0.106629
0.106629
0.106629
0.106629
0.106617
0.106601
0.1066
0.1066
0.106601
0.106617
0.106617
0.106599
0.1066
0.106599
0.106599
0.106617
0.106574
0.106575
0.106547
0.106616
0.106599
0.106599
0.106616
0.106599
0.106599
0.106599
0.106599
0.106616
0.106541
0.106572
0.106573
0.106601
0.106602
0.10662
0.106619
0.106604
0.106603
0.106601
0.106603
0.106618
0.106618
0.1066
0.1066
0.106602
0.106601
0.106618
0.106613
0.106593
0.106593
0.106592
0.106592
0.106613
0.106493
0.106493
0.10652
0.10652
0.106494
0.106493
0.106486
0.106485
0.106517
0.10652
0.106491
0.106488
0.106522
0.106499
0.1065
0.106497
0.106498
0.106522
0.106523
0.106501
0.106502
0.1065
0.106501
0.106523
0.106448
0.106476
0.106475
0.10643
0.106396
0.106393
0.106397
0.106398
0.106431
0.106357
0.106303
0.1063
0.106295
0.1063
0.106354
0.106635
0.106636
0.106636
0.106636
0.106636
0.106635
0.106617
0.106621
0.106621
0.10662
0.10662
0.106616
0.106635
0.106635
0.106635
0.106635
0.106635
0.106635
0.106634
0.106635
0.106635
0.106634
0.106634
0.106634
0.106635
0.106635
0.106635
0.106635
0.106635
0.106635
0.106636
0.106636
0.106636
0.106635
0.106635
0.106635
0.106632
0.106632
0.106632
0.106627
0.106627
0.106627
0.10654
0.106567
0.106568
0.106566
0.106567
0.106539
0.106612
0.106592
0.106592
0.106633
0.106633
0.106633
0.106632
0.106632
0.106632
0.106632
0.106632
0.106632
0.106633
0.106633
0.106633
0.106633
0.106633
0.106633
0.106633
0.106633
0.106633
0.106632
0.106632
0.106632
0.106632
0.106632
0.106632
0.106632
0.106632
0.106632
0.106631
0.106631
0.106631
0.106628
0.106628
0.106628
0.106628
0.106628
0.106628
0.106628
0.106628
0.106628
0.106627
0.106627
0.106627
0.106627
0.106627
0.106627
0.106628
0.106627
0.106628
0.106626
0.106627
0.106627
0.106627
0.106627
0.106626
0.106627
0.106627
0.106626
0.106624
0.106625
0.106623
0.106625
0.106625
0.106625
0.106556
0.106601
0.1066
0.106601
0.106601
0.106556
0.106621
0.106619
0.106619
0.106483
0.106514
0.106514
0.106513
0.106513
0.106483
0.106449
0.106476
0.106476
0.106476
0.106476
0.106449
0.106522
0.106499
0.106499
0.106635
0.106635
0.106635
0.106635
0.106635
0.106635
0.106635
0.106635
0.106635
0.106634
0.106634
0.106634
0.106634
0.106634
0.106634
0.106634
0.106634
0.106634
0.106592
0.106592
0.106612
0.106541
0.106567
0.106567
0.106568
0.106567
0.106542
0.106634
0.106634
0.106634
0.106634
0.106634
0.106634
0.106632
0.106632
0.106631
0.106632
0.106632
0.106632
0.106632
0.106632
0.106632
0.106632
0.106632
0.106632
0.106631
0.106631
0.106631
0.106628
0.106628
0.106628
0.106627
0.106628
0.106628
0.106628
0.106628
0.106627
0.106625
0.106627
0.106627
0.106627
0.106627
0.106626
0.106625
0.106627
0.106627
0.106626
0.106626
0.106625
0.106572
0.106573
0.106545
0.106542
0.106571
0.106572
0.106484
0.106483
0.106459
0.106503
0.106503
0.106524
0.106464
0.106487
0.106485
0.1065
0.1065
0.106522
0.106454
0.106478
0.106479
0.106477
0.106478
0.106453
0.106455
0.106479
0.106479
0.106479
0.106479
0.106455
0.106388
0.106419
0.106417
0.106422
0.106421
0.106391
0.106461
0.106443
0.106443
0.106289
0.105913
0.106136
0.105818
0.105854
0.106279
0.101219
0.10447
0.104323
0.0993545
0.0997466
0.0937729
0.106344
0.104745
0.103694
0.106026
0.105525
0.106346
0.106635
0.106635
0.106635
0.106635
0.106635
0.106635
0.106634
0.106635
0.106635
0.106643
0.106643
0.106644
0.106643
0.106643
0.106644
0.106643
0.106643
0.106644
0.106643
0.106643
0.106644
0.10664
0.10664
0.106642
0.10664
0.10664
0.106642
0.106638
0.106638
0.106639
0.106639
0.106639
0.10664
0.106639
0.106639
0.10664
0.106638
0.106638
0.106639
0.106635
0.106635
0.106637
0.106636
0.106636
0.106637
0.106637
0.106637
0.106637
0.106635
0.106635
0.106637
0.106633
0.106633
0.106634
0.106634
0.106634
0.106635
0.106633
0.106633
0.106634
0.10663
0.10663
0.106631
0.106632
0.106632
0.106632
0.10663
0.10663
0.106632
0.106628
0.106628
0.106629
0.10663
0.10663
0.10663
0.106628
0.106628
0.106629
0.106625
0.106625
0.106626
0.106627
0.106627
0.106628
0.106625
0.106625
0.106627
0.106623
0.106623
0.106624
0.106624
0.106624
0.106625
0.106625
0.106625
0.106625
0.106623
0.106623
0.106624
0.10662
0.10662
0.106621
0.106621
0.106622
0.106622
0.106622
0.106622
0.106622
0.10662
0.10662
0.106622
0.106618
0.106618
0.106619
0.106619
0.106619
0.10662
0.0975034
0.104079
0.104063
0.106619
0.106619
0.10662
0.106618
0.106618
0.106619
0.106615
0.106615
0.106616
0.106616
0.106615
0.106616
0.104042
0.106497
0.106498
0.106616
0.106616
0.106617
0.106615
0.106615
0.106616
0.106612
0.106612
0.106614
0.106613
0.106613
0.106614
0.10661
0.10661
0.106611
0.106595
0.105613
0.105616
0.105344
0.106603
0.106604
0.10661
0.10661
0.106611
0.106623
0.106623
0.106623
0.106621
0.106621
0.10662
0.106635
0.106635
0.106635
0.106637
0.106637
0.106637
0.106633
0.106633
0.106632
0.106632
0.106633
0.106633
0.10663
0.10663
0.10663
0.106632
0.106632
0.106632
0.10663
0.10663
0.10663
0.106628
0.106628
0.106628
0.10663
0.106629
0.106629
0.106628
0.106628
0.106628
0.106627
0.106627
0.106627
0.106626
0.106626
0.106626
0.106625
0.106626
0.106626
0.105845
0.105765
0.101872
0.10662
0.106619
0.10662
0.106633
0.106633
0.106633
0.106632
0.106632
0.106632
0.106632
0.106632
0.106632
0.106623
0.106626
0.106626
0.106626
0.106626
0.106623
0.106624
0.106624
0.106622
0.10662
0.106618
0.106618
0.106619
0.106619
0.106621
0.106552
0.106551
0.106593
0.106634
0.106634
0.106633
0.106635
0.106634
0.106634
0.106623
0.106623
0.106623
0.106624
0.106624
0.106624
0.106625
0.106625
0.106625
0.106621
0.106621
0.106621
0.106622
0.106622
0.106622
0.106634
0.106634
0.106635
0.106633
0.106634
0.106633
0.106625
0.106625
0.106625
0.106626
0.106626
0.106626
0.106621
0.106623
0.106624
0.106622
0.106623
0.10662
0.106619
0.106622
0.106622
0.106636
0.106636
0.106636
0.106635
0.106635
0.106635
0.106636
0.106636
0.106636
0.106634
0.106634
0.106634
0.106469
0.106489
0.106489
0.106491
0.10649
0.106472
0.106546
0.106573
0.106573
0.106573
0.106573
0.106545
0.10662
0.106621
0.106621
0.106621
0.106622
0.106622
0.106635
0.106635
0.106635
0.106474
0.106491
0.106491
0.106634
0.106634
0.106634
0.106635
0.106634
0.106634
0.106546
0.106572
0.106572
0.106573
0.106572
0.106546
0.106637
0.106636
0.106636
0.106621
0.106621
0.106621
0.106636
0.106636
0.106636
0.106635
0.106635
0.106635
0.106632
0.106632
0.106632
0.106632
0.106632
0.106632
0.106627
0.106627
0.106627
0.106627
0.106627
0.106627
0.106633
0.106633
0.106633
0.106632
0.106632
0.106632
0.106625
0.106625
0.106625
0.106593
0.106551
0.10655
0.106635
0.106635
0.106635
0.106638
0.106638
0.106638
0.106638
0.106638
0.106638
0.106638
0.106638
0.106638
0.10664
0.106639
0.106639
0.106638
0.106638
0.106638
0.106638
0.106638
0.106638
0.10664
0.106639
0.106639
0.106638
0.106638
0.106638
0.106635
0.106636
0.106636
0.106636
0.106636
0.106635
0.106637
0.106636
0.106636
0.106637
0.106637
0.106636
0.106636
0.106637
0.106637
0.106637
0.106637
0.106636
0.106637
0.106637
0.106637
0.106634
0.106634
0.106634
0.106631
0.106632
0.106632
0.106629
0.106629
0.106629
0.106627
0.106627
0.106627
0.106624
0.106625
0.106625
0.106618
0.106618
0.106618
0.10662
0.106619
0.106619
0.106618
0.106619
0.106618
0.106619
0.106619
0.106619
0.104195
0.104135
0.0977432
0.106261
0.105725
0.105745
0.10573
0.105724
0.106264
0.106618
0.106618
0.106618
0.106619
0.106619
0.106618
0.10662
0.106619
0.106619
0.106617
0.106616
0.106616
0.106613
0.106614
0.106615
0.104789
0.106523
0.106508
0.106555
0.106538
0.104797
0.106495
0.106496
0.104074
0.106615
0.106604
0.106603
0.106605
0.106604
0.106616
0.106632
0.106632
0.106632
0.10663
0.10663
0.10663
0.10663
0.10663
0.10663
0.106632
0.106632
0.106632
0.106632
0.106632
0.106632
0.106628
0.106628
0.106628
0.106628
0.106628
0.106628
0.10663
0.10663
0.10663
0.106629
0.10663
0.106629
0.106627
0.106627
0.106628
0.106627
0.106627
0.106627
0.10662
0.10662
0.10662
0.106621
0.106621
0.10662
0.106621
0.106621
0.106621
0.104193
0.10409
0.100447
0.0939778
0.0993344
0.099243
0.106635
0.106635
0.106635
0.106636
0.106636
0.106636
0.106636
0.106636
0.106636
0.106637
0.106637
0.106637
0.106636
0.106637
0.106637
0.106637
0.106637
0.106636
0.106637
0.106637
0.106637
0.106636
0.106637
0.106637
0.106637
0.106637
0.106636
0.106633
0.106633
0.106633
0.106634
0.106634
0.106634
0.106633
0.106633
0.106633
0.106633
0.106633
0.106633
0.106633
0.106633
0.106633
0.106631
0.106631
0.106631
0.106632
0.106632
0.106631
0.106631
0.106631
0.106631
0.106629
0.106628
0.106628
0.106629
0.106629
0.106629
0.106628
0.106628
0.106629
0.106626
0.106626
0.106626
0.106627
0.106627
0.106626
0.106627
0.106627
0.106627
0.106627
0.106627
0.106627
0.106626
0.106627
0.106627
0.106626
0.106626
0.106626
0.106544
0.106568
0.106568
0.106568
0.106568
0.106544
0.1063
0.106259
0.103498
0.106608
0.106546
0.10655
0.106491
0.106406
0.106415
0.106381
0.106395
0.10649
0.101771
0.105686
0.105615
0.106454
0.106454
0.106541
0.10165
0.106054
0.106044
0.106607
0.106618
0.106619
0.106615
0.106617
0.106602
0.106633
0.106633
0.106633
0.106633
0.106633
0.106633
0.106633
0.106633
0.106633
0.106633
0.106633
0.106633
0.106631
0.106631
0.106631
0.106631
0.106631
0.106631
0.106632
0.106632
0.106632
0.106631
0.106631
0.106632
0.106631
0.106631
0.106631
0.106628
0.106629
0.106629
0.106628
0.106628
0.106628
0.106629
0.106629
0.106629
0.106629
0.106629
0.106629
0.106624
0.106626
0.106626
0.106626
0.106626
0.106624
0.106625
0.106626
0.106626
0.106626
0.106626
0.106625
0.106626
0.106626
0.106626
0.106626
0.106626
0.106623
0.106624
0.106626
0.106626
0.106627
0.106627
0.106627
0.106627
0.106627
0.106627
0.106544
0.106568
0.106568
0.106568
0.106568
0.106545
0.106624
0.106624
0.106624
0.106624
0.106624
0.106624
0.106622
0.106624
0.106624
0.106617
0.106618
0.10662
0.106555
0.106599
0.106598
0.1066
0.1066
0.106555
0.106536
0.106581
0.10658
0.106594
0.106585
0.10654
0.106548
0.106545
0.106587
0.106478
0.106508
0.106511
0.106506
0.106506
0.106477
0.106634
0.106634
0.106634
0.106634
0.106634
0.106634
0.106624
0.106624
0.106624
0.106625
0.106625
0.106624
0.106634
0.106634
0.106634
0.106634
0.106634
0.106633
0.106634
0.106634
0.106634
0.106634
0.106634
0.106634
0.106626
0.106625
0.106625
0.106626
0.106626
0.106626
0.106623
0.106623
0.106621
0.10662
0.106623
0.106623
0.106636
0.106636
0.106636
0.106635
0.106636
0.106636
0.106636
0.106636
0.106635
0.106636
0.106636
0.106635
0.106635
0.106635
0.106635
0.106635
0.106635
0.106635
0.106635
0.106635
0.106635
0.106636
0.106636
0.106636
0.106635
0.106636
0.106636
0.106636
0.106636
0.106635
0.106635
0.106636
0.106636
0.106636
0.106636
0.106635
0.106636
0.106636
0.106636
0.106634
0.106634
0.106634
0.106634
0.106634
0.106634
0.106634
0.106634
0.106634
0.106542
0.106568
0.106568
0.106568
0.106568
0.106543
0.10649
0.106489
0.10647
0.106472
0.10649
0.10649
0.106633
0.106633
0.106633
0.106633
0.106633
0.106633
0.106632
0.106632
0.106632
0.106633
0.106633
0.106633
0.106625
0.106625
0.106624
0.106625
0.106626
0.106626
0.106626
0.106626
0.106625
0.106572
0.106573
0.106546
0.106545
0.106572
0.106572
0.106455
0.106478
0.106479
0.106479
0.106478
0.106455
0.106456
0.106479
0.106478
0.106479
0.106479
0.106456
0.106398
0.106425
0.106424
0.106426
0.106426
0.106399
0.106434
0.106499
0.106504
0.106463
0.106455
0.106407
0.106394
0.106421
0.106422
0.106635
0.106635
0.106635
0.106635
0.106635
0.106635
0.106635
0.106635
0.106635
0.106635
0.106635
0.106635
0.106635
0.106635
0.106635
0.106635
0.106635
0.106635
0.106635
0.106635
0.106635
0.106579
0.106579
0.106535
0.106634
0.106634
0.106634
0.106634
0.106634
0.106634
0.106572
0.106572
0.106545
0.106546
0.106572
0.106572
0.106646
0.106646
0.106647
0.106646
0.106646
0.106647
0.106646
0.106646
0.106647
0.106646
0.106646
0.106647
0.106643
0.106643
0.106644
0.106643
0.106643
0.106644
0.10664
0.10664
0.106642
0.10664
0.10664
0.106642
0.106639
0.106639
0.10664
0.106636
0.106636
0.106637
0.106634
0.106634
0.106635
0.106631
0.106631
0.106632
0.106629
0.106629
0.10663
0.106627
0.106627
0.106627
0.106624
0.106624
0.106625
0.106622
0.106622
0.106623
0.106622
0.106622
0.106622
0.106619
0.106619
0.10662
0.106616
0.106616
0.106617
0.106612
0.106612
0.106614
0.106613
0.106613
0.106614
0.10661
0.10661
0.106611
0.10661
0.10661
0.106612
0.106607
0.106607
0.106608
0.106585
0.105607
0.10561
0.105356
0.1066
0.106601
0.106607
0.106607
0.106609
0.10662
0.10662
0.10662
0.106635
0.106634
0.106634
0.106626
0.106626
0.106625
0.106623
0.106623
0.106623
0.10347
0.10622
0.106183
0.10607
0.106062
0.101743
0.106607
0.106608
0.106617
0.106584
0.106542
0.106541
0.106623
0.106623
0.106623
0.106625
0.106625
0.106625
0.106621
0.106621
0.106617
0.106623
0.106623
0.106622
0.106624
0.106623
0.106623
0.106635
0.106635
0.106635
0.10664
0.106641
0.106641
0.106641
0.106641
0.10664
0.10664
0.106641
0.106641
0.106641
0.106641
0.10664
0.106638
0.106638
0.106638
0.10664
0.106639
0.106639
0.106638
0.106638
0.106638
0.106638
0.106638
0.106638
0.106638
0.106638
0.106638
0.106636
0.106636
0.106635
0.106635
0.106635
0.106635
0.106636
0.106637
0.106637
0.106637
0.106637
0.106637
0.106635
0.106636
0.106636
0.106633
0.106633
0.106633
0.106635
0.106634
0.106634
0.106633
0.106633
0.106633
0.106631
0.106631
0.10663
0.106632
0.106631
0.106631
0.106632
0.106632
0.106631
0.106632
0.106632
0.106632
0.10663
0.106631
0.106631
0.106628
0.106628
0.106628
0.10663
0.106629
0.106629
0.106629
0.106629
0.106629
0.10663
0.10663
0.10663
0.106628
0.106628
0.106628
0.106626
0.106626
0.106625
0.106627
0.106626
0.106626
0.106627
0.106627
0.106627
0.106628
0.106627
0.106627
0.106625
0.106626
0.106626
0.106625
0.106624
0.106624
0.106623
0.106624
0.106624
0.106622
0.106622
0.106622
0.106618
0.106618
0.106618
0.106619
0.106619
0.106619
0.106615
0.106616
0.106615
0.106615
0.106616
0.106616
0.106633
0.106633
0.106633
0.106626
0.106626
0.106626
0.106635
0.106635
0.106635
0.106633
0.106633
0.106633
0.106633
0.106633
0.106633
0.10663
0.10663
0.10663
0.106631
0.106631
0.106631
0.106628
0.106628
0.106628
0.106629
0.106628
0.106628
0.106626
0.106626
0.106625
0.106626
0.106626
0.106626
0.106624
0.106624
0.106624
0.106618
0.106618
0.106617
0.106538
0.106543
0.106608
0.106541
0.106455
0.106455
0.106598
0.106614
0.106615
0.106619
0.106619
0.106618
0.106633
0.106633
0.106633
0.106626
0.106626
0.106626
0.106618
0.10661
0.106616
0.106634
0.106634
0.106634
0.106634
0.106634
0.106634
0.106624
0.106623
0.106623
0.106624
0.106624
0.106624
0.106634
0.106634
0.106634
0.106635
0.106634
0.106635
0.106625
0.106625
0.106626
0.106626
0.106626
0.106626
0.106626
0.106626
0.106626
0.106624
0.106623
0.106623
0.106624
0.106624
0.106624
0.106623
0.106623
0.106623
0.106622
0.106622
0.106618
0.106617
0.106621
0.106621
0.106635
0.106636
0.106636
0.106636
0.106636
0.106636
0.106623
0.106623
0.106623
0.106623
0.106623
0.106623
0.106636
0.106636
0.106636
0.106635
0.106635
0.106635
0.106638
0.106638
0.106638
0.106638
0.106638
0.106638
0.106636
0.106636
0.106636
0.106635
0.106635
0.106635
0.106646
0.106646
0.106647
0.106646
0.106646
0.106647
0.106643
0.106643
0.106644
0.10664
0.10664
0.106642
0.106638
0.106638
0.106639
0.106639
0.106639
0.10664
0.106638
0.106638
0.106639
0.106635
0.106635
0.106637
0.106637
0.106637
0.106637
0.106635
0.106635
0.106637
0.106633
0.106633
0.106634
0.106633
0.106633
0.106634
0.10663
0.10663
0.106631
0.10663
0.10663
0.106631
0.106628
0.106628
0.106629
0.106628
0.106628
0.106629
0.106625
0.106625
0.106626
0.106625
0.106625
0.106626
0.106623
0.106623
0.106624
0.106623
0.106623
0.106624
0.10662
0.10662
0.106621
0.10662
0.10662
0.106621
0.106619
0.106619
0.10662
0.106618
0.106618
0.106619
0.106613
0.10661
0.106611
0.104144
0.106492
0.106494
0.10661
0.10661
0.106611
0.106637
0.106637
0.106637
0.10662
0.106621
0.106621
0.106622
0.106622
0.106622
0.106641
0.106641
0.10664
0.10664
0.106641
0.106641
0.106638
0.106638
0.106638
0.10664
0.106639
0.106639
0.106638
0.106638
0.106638
0.106637
0.106636
0.106636
0.106636
0.106637
0.106637
0.106634
0.106634
0.106634
0.106635
0.106634
0.106634
0.106623
0.106623
0.106623
0.106625
0.106625
0.106624
0.106625
0.106625
0.106625
0.106621
0.106621
0.10662
0.106622
0.106621
0.106621
0.10662
0.106621
0.106621
0.106617
0.106617
0.106617
0.106494
0.10648
0.10477
0.106602
0.106601
0.106613
0.106621
0.106621
0.106621
0.106622
0.106622
0.106621
0.106637
0.106637
0.106636
0.106607
0.106091
0.0964024
0.106603
0.10603
0.0962388
0.106563
0.105616
0.0939443
0.106562
0.105607
0.0937796
0.106189
0.103842
0.0856976
0.106633
0.106625
0.104687
0.106632
0.106583
0.103434
0.106632
0.106575
0.103272
0.106197
0.103871
0.0858952
0.104734
0.099539
0.0736615
0.106633
0.106616
0.104544
0.106614
0.106187
0.097355
0.106614
0.106193
0.0975172
0.106594
0.105914
0.0951623
0.106594
0.105914
0.0950769
0.106512
0.105283
0.0924858
0.106523
0.105349
0.0926596
0.105735
0.101943
0.0778981
0.105752
0.102018
0.0784886
0.100141
0.0934607
0.0735103
0.106634
0.106633
0.105809
0.106628
0.106463
0.101116
0.106629
0.106493
0.101527
0.106628
0.106458
0.100968
0.106608
0.106102
0.0968006
0.106601
0.106003
0.0958054
0.10658
0.105769
0.0944524
0.106539
0.105437
0.0933233
0.106223
0.103986
0.087763
0.106634
0.106629
0.105184
0.106152
0.103673
0.085144
0.105771
0.1021
0.079271
0.105758
0.102042
0.0786928
0.105194
0.100427
0.0771513
0.106604
0.106047
0.0958505
0.106606
0.106085
0.0963576
0.10661
0.106147
0.0969538
0.10661
0.106138
0.0965299
0.106615
0.106225
0.0977393
0.106611
0.106156
0.0971254
0.106615
0.106223
0.097613
0.106603
0.106044
0.0957225
0.106597
0.105964
0.0952467
0.106591
0.105884
0.0946255
0.106597
0.105958
0.0950778
0.106569
0.105681
0.0933322
0.106576
0.105733
0.0938112
0.106589
0.105856
0.0944495
0.106583
0.105798
0.0939878
0.106562
0.105622
0.0931634
0.106328
0.104448
0.0882178
0.106228
0.104005
0.0864737
0.105774
0.10211
0.0794244
0.106629
0.106495
0.10167
0.10663
0.106516
0.102146
0.10663
0.106518
0.102292
0.10661
0.106126
0.0969643
0.106618
0.106264
0.0979609
0.1066
0.105991
0.09564
0.106581
0.105773
0.0945741
0.106488
0.105154
0.0920081
0.106533
0.105396
0.0931504
0.106093
0.103471
0.086059
0.106159
0.103736
0.0868121
0.106109
0.103532
0.0862462
0.106205
0.10391
0.0875749
0.106165
0.103753
0.0869752
0.105859
0.102604
0.0830779
0.105721
0.102114
0.0814668
0.1057
0.102041
0.0812615
0.105142
0.100268
0.0769442
0.104937
0.0996508
0.076305
0.106621
0.106325
0.0987353
0.106622
0.106326
0.0988526
0.106608
0.106092
0.0965026
0.106621
0.106322
0.0985807
0.106619
0.106284
0.0984212
0.106601
0.106009
0.0960738
0.106567
0.105651
0.0941146
0.106457
0.105017
0.0913033
0.106461
0.105025
0.09144
0.106561
0.105602
0.0936656
0.106442
0.104936
0.0911256
0.106427
0.10486
0.0909468
0.106094
0.10343
0.0842962
0.106106
0.103481
0.0844979
0.106183
0.103823
0.0855129
0.106081
0.103379
0.0840939
0.106069
0.103329
0.0838915
0.106633
0.106626
0.10481
0.105627
0.101805
0.08041
0.105599
0.101706
0.0802035
0.106633
0.106594
0.103589
0.106633
0.106617
0.104394
0.106632
0.106574
0.103133
0.106207
0.103911
0.086093
0.10529
0.100602
0.0738511
0.106633
0.106615
0.104356
0.106625
0.10639
0.0996039
0.106614
0.106184
0.0972196
0.106615
0.106212
0.0976799
0.106594
0.105918
0.0953075
0.106586
0.105828
0.09491
0.106507
0.105261
0.0923131
0.106527
0.105369
0.0928313
0.106381
0.104652
0.0901317
0.105642
0.10185
0.0806048
0.105663
0.101912
0.0808722
0.106634
0.106633
0.105889
0.106634
0.106632
0.105763
0.105741
0.101968
0.0780836
0.105747
0.101993
0.0782841
0.106629
0.106491
0.101272
0.106629
0.106493
0.101404
0.106627
0.106455
0.100774
0.106622
0.106337
0.099161
0.106622
0.106329
0.0989999
0.106608
0.106095
0.0966368
0.106618
0.106265
0.0980692
0.106619
0.10627
0.098271
0.106601
0.106004
0.0959169
0.106575
0.105717
0.0942838
0.106474
0.105079
0.0917791
0.106466
0.105042
0.0916128
0.106548
0.105495
0.0934954
0.106407
0.104771
0.0905868
0.106416
0.104807
0.0907671
0.10625
0.104106
0.0880884
0.106246
0.104097
0.0879505
0.106131
0.103587
0.0848863
0.106119
0.103534
0.0846978
0.106166
0.103739
0.0853218
0.106045
0.103231
0.0834937
0.106057
0.103279
0.08369
0.106033
0.103179
0.0833113
0.105767
0.102083
0.0790898
0.105763
0.102064
0.0788953
0.106633
0.106627
0.10501
0.105521
0.101443
0.0795372
0.105553
0.101545
0.0798086
0.105576
0.101625
0.0800001
0.106633
0.106597
0.103939
0.106633
0.106595
0.103712
0.106633
0.1066
0.10409
0.106633
0.106601
0.104239
0.106632
0.106572
0.102934
0.106626
0.10643
0.100261
0.106604
0.106051
0.0960106
0.106604
0.106062
0.096184
0.10661
0.106143
0.0967948
0.10661
0.106141
0.0966645
0.106612
0.106176
0.0972976
0.106615
0.10622
0.0974686
0.106603
0.106042
0.0955956
0.106599
0.105985
0.0954218
0.106597
0.10595
0.0948003
0.106597
0.105955
0.0949505
0.10657
0.105687
0.0934588
0.106572
0.105699
0.0936336
0.106588
0.105848
0.0942806
0.106588
0.105844
0.0941626
0.106554
0.105559
0.0930082
0.106217
0.103956
0.0862889
0.105777
0.102119
0.0795489
0.10663
0.106516
0.102032
0.106629
0.106503
0.101809
0.10663
0.106527
0.102443
0.106623
0.10636
0.0993213
0.106625
0.106388
0.0994789
0.106614
0.106184
0.0971263
0.106618
0.106262
0.0978405
0.106596
0.105937
0.0954743
0.106582
0.105786
0.0947421
0.106503
0.105251
0.0921614
0.106529
0.105377
0.0929777
0.106402
0.104755
0.0904153
0.106398
0.104747
0.0902904
0.106358
0.104552
0.0898948
0.106079
0.103417
0.0858847
0.106151
0.103713
0.0866297
0.106127
0.103605
0.0864381
0.106177
0.103796
0.0872214
0.10619
0.103848
0.0873917
0.105744
0.102193
0.0816712
0.105681
0.101976
0.0810608
0.105084
0.100101
0.0767257
0.105017
0.0999009
0.07651
0.106634
0.106634
0.106083
0.106634
0.106634
0.10621
0.106634
0.106634
0.106203
0.105416
0.100688
0.0748151
0.105415
0.100683
0.0746808
0.10663
0.10651
0.102035
0.106628
0.106467
0.10092
0.10663
0.106516
0.102188
0.106627
0.106443
0.100753
0.106438
0.104954
0.0902696
0.106373
0.104658
0.0889842
0.106291
0.104288
0.0874597
0.106368
0.104644
0.0888072
0.106286
0.104274
0.0872803
0.102626
0.0964348
0.0747578
0.106632
0.106594
0.103493
0.106632
0.106575
0.103347
0.10581
0.102432
0.0822918
0.10593
0.102863
0.0838933
0.105923
0.102843
0.0837129
0.105804
0.10241
0.0821279
0.105768
0.102285
0.0818643
0.106634
0.10663
0.105408
0.106634
0.106631
0.105541
0.0909151
0.0842593
0.0740727
0.105355
0.100909
0.0780561
0.105862
0.10248
0.0809786
0.105859
0.102469
0.0808268
0.105836
0.10238
0.0802112
0.105436
0.100775
0.0750768
0.105408
0.100648
0.0742224
0.106627
0.10644
0.100526
0.106256
0.104126
0.088256
0.106269
0.104176
0.088499
0.106319
0.104408
0.0890277
0.104783
0.0991986
0.0747176
0.106633
0.106619
0.104754
0.105988
0.102997
0.0826525
0.106634
0.10663
0.105345
0.106634
0.106629
0.105148
0.105465
0.10126
0.0789237
0.105319
0.100795
0.0778415
0.105448
0.101209
0.0787294
0.105433
0.101174
0.0784714
0.106633
0.106618
0.104526
0.106628
0.106473
0.101379
0.106629
0.106481
0.101545
0.106631
0.10655
0.102792
0.106631
0.106544
0.102635
0.106412
0.104836
0.0897394
0.1064
0.104775
0.0895514
0.106317
0.104397
0.0880373
0.106246
0.104084
0.0867272
0.105926
0.102753
0.0816497
0.105973
0.102934
0.0824465
0.10594
0.102808
0.0818357
0.105824
0.102334
0.0800077
0.105464
0.100892
0.0752958
0.105407
0.100652
0.0741994
0.106633
0.106599
0.103951
0.106633
0.106599
0.104069
0.106625
0.106404
0.0999471
0.106626
0.106415
0.100368
0.106625
0.106399
0.0997419
0.106347
0.1045
0.0897228
0.106325
0.104422
0.0891946
0.105844
0.102549
0.0828881
0.104721
0.0990483
0.074493
0.105708
0.101833
0.077432
0.105414
0.100682
0.0749093
0.105413
0.100672
0.0745192
0.104818
0.0993005
0.0754687
0.104821
0.0993015
0.0755802
0.104814
0.0992887
0.0753162
0.104806
0.099259
0.075133
0.10663
0.106508
0.10183
0.105604
0.101437
0.0761571
0.105631
0.101542
0.0763644
0.106628
0.106469
0.101082
0.106631
0.106541
0.102351
0.106626
0.106435
0.100588
0.106624
0.106379
0.0996268
0.106624
0.106384
0.0997933
0.10662
0.106298
0.0984249
0.10662
0.1063
0.0985529
0.106624
0.106377
0.0994798
0.106624
0.106376
0.0993627
0.106617
0.106255
0.0982568
0.106616
0.106238
0.0980982
0.106447
0.104988
0.090511
0.106455
0.10503
0.0906742
0.106505
0.105276
0.0917354
0.1065
0.105259
0.091554
0.106512
0.10531
0.0919181
0.106521
0.105359
0.0921001
0.106433
0.104942
0.0901044
0.10638
0.104685
0.0891733
0.106298
0.104315
0.0876525
0.106363
0.10463
0.0886343
0.106277
0.104235
0.0870882
0.105492
0.100997
0.0756901
0.105568
0.101293
0.0759634
0.106632
0.106595
0.103598
0.106632
0.106596
0.103724
0.106632
0.106573
0.103143
0.106058
0.103345
0.0854593
0.106065
0.103368
0.0856331
0.105819
0.10246
0.0824852
0.106052
0.10333
0.0852947
0.106025
0.103213
0.0850995
0.105939
0.102894
0.0840896
0.10591
0.102798
0.0835197
0.104684
0.0990054
0.075041
0.105723
0.1019
0.0776327
0.105678
0.101714
0.0770064
0.105693
0.101773
0.0772197
0.106634
0.106633
0.105997
0.106634
0.106631
0.105681
0.106634
0.106631
0.105479
0.105393
0.101032
0.0782694
0.105884
0.102582
0.0811868
0.105903
0.102661
0.0813838
0.105853
0.102447
0.0806278
0.105845
0.102418
0.0804203
0.105407
0.100646
0.0748562
0.10541
0.100657
0.0743498
0.106627
0.106454
0.100676
0.106282
0.104232
0.0886651
0.106297
0.1043
0.0888443
0.104917
0.0996045
0.0760194
0.10488
0.0994947
0.0758064
0.104791
0.0992213
0.0748626
0.106634
0.10662
0.104897
0.106634
0.106628
0.105049
0.106002
0.103055
0.0828567
0.106014
0.103106
0.0830493
0.105663
0.101653
0.0767914
0.105647
0.101595
0.0765774
0.105483
0.101318
0.0791302
0.105502
0.101381
0.0793391
0.105253
0.10059
0.0774325
0.105286
0.100691
0.0776311
0.106628
0.10647
0.10122
0.10663
0.106506
0.101703
0.106631
0.106542
0.102486
0.106626
0.106432
0.10044
0.106626
0.106427
0.100121
0.106625
0.106396
0.099961
0.10662
0.106305
0.0988556
0.10662
0.106302
0.0986931
0.10662
0.106315
0.0990251
0.106621
0.106334
0.0991947
0.106615
0.106228
0.0978755
0.106478
0.105149
0.0910354
0.106465
0.10508
0.0908521
0.106491
0.105226
0.0912182
0.106497
0.10525
0.0914007
0.106542
0.105491
0.0926075
0.106546
0.105508
0.0927754
0.10654
0.105483
0.0924616
0.106532
0.105431
0.092281
0.106428
0.104929
0.0899261
0.106389
0.104724
0.0893627
0.106307
0.104353
0.0878458
0.106347
0.104537
0.0884661
0.10626
0.104149
0.0869009
0.105963
0.102899
0.0822413
0.105952
0.102855
0.0820358
0.105809
0.102267
0.0798185
0.105469
0.100916
0.0754836
0.105385
0.100629
0.074032
0.106633
0.1066
0.104216
0.106631
0.106554
0.102892
0.106632
0.106573
0.10304
0.106631
0.106553
0.102751
0.106631
0.106552
0.102579
0.106625
0.106405
0.100062
0.106625
0.106407
0.100209
0.106337
0.104459
0.0895404
0.106329
0.104433
0.0893578
0.10583
0.1025
0.0826869
0.105987
0.103068
0.0847126
0.106005
0.103134
0.0849037
0.105951
0.102934
0.0842767
0.105971
0.103005
0.084534
0.105887
0.102702
0.0833385
0.104695
0.0990165
0.0743562
0.106634
0.106634
0.106154
)
;

boundaryField
{
    topAndBottom
    {
        type            calculated;
        value           nonuniform List<scalar> 
72
(
0.106651
0.106651
0.106648
0.106648
0.106646
0.106646
0.106643
0.106643
0.10664
0.10664
0.106638
0.106638
0.106635
0.106635
0.106633
0.106633
0.10663
0.10663
0.106627
0.106627
0.106625
0.106625
0.106622
0.106622
0.10662
0.10662
0.106617
0.106617
0.106615
0.106615
0.106612
0.106612
0.106609
0.106609
0.106607
0.106607
0.106604
0.106604
0.106602
0.106602
0.106599
0.106599
0.106597
0.106596
0.106594
0.106594
0.106591
0.106591
0.106589
0.106589
0.106586
0.106586
0.106584
0.106584
0.106581
0.106581
0.106579
0.106578
0.106576
0.106576
0.106573
0.106573
0.106571
0.106571
0.106568
0.106568
0.106566
0.106565
0.106563
0.106563
0.106561
0.10656
)
;
    }
    inlet
    {
        type            calculated;
        value           uniform 0;
    }
    outlet
    {
        type            calculated;
        value           nonuniform List<scalar> 
24
(
0.106561
0.106561
0.106561
0.106561
0.106561
0.106561
0.106561
0.106561
0.106561
0.106561
0.106544
0.106039
0.105951
0.106559
0.106561
0.106561
0.106561
0.106561
0.106561
0.106561
0.10656
0.10656
0.10656
0.10656
)
;
    }
    wing
    {
        type            calculated;
        value           uniform 0;
    }
    front
    {
        type            empty;
    }
    back
    {
        type            empty;
    }
}


// ************************************************************************* //
