/*--------------------------------*- C++ -*----------------------------------*\
| =========                 |                                                 |
| \\      /  F ield         | OpenFOAM: The Open Source CFD Toolbox           |
|  \\    /   O peration     | Version:  5.x                                   |
|   \\  /    A nd           | Web:      www.OpenFOAM.org                      |
|    \\/     M anipulation  |                                                 |
\*---------------------------------------------------------------------------*/
FoamFile
{
    version     2.0;
    format      ascii;
    class       volScalarField;
    location    "400";
    object      YSat;
}
// * * * * * * * * * * * * * * * * * * * * * * * * * * * * * * * * * * * * * //

dimensions      [0 0 0 0 0 0 0];

internalField   nonuniform List<scalar> 
6584
(
0.00431405
0.00431405
0.00431405
0.00431405
0.00431405
0.00431405
0.00431405
0.00431405
0.00431405
0.00431405
0.00431405
0.00431405
0.00431405
0.00431405
0.00431405
0.00431405
0.00431405
0.00431405
0.00431405
0.00431405
0.00431405
0.00431405
0.00431405
0.00431405
0.00431405
0.00431405
0.00431405
0.00431405
0.00431405
0.00431405
0.00431405
0.00431405
0.00431405
0.00431405
0.00431405
0.00431405
0.00431405
0.00431405
0.00431405
0.00431405
0.00431405
0.00431405
0.00431405
0.00431405
0.00431405
0.00431405
0.00431405
0.00431405
0.00431405
0.00431405
0.00431405
0.00431405
0.00431405
0.00431405
0.00431405
0.00431405
0.00431405
0.00431405
0.00431405
0.00431405
0.00431405
0.00431405
0.00431405
0.00431405
0.00431405
0.00431405
0.00431405
0.00431405
0.00431405
0.00431405
0.00431405
0.00431405
0.00431405
0.00431405
0.00431405
0.00431405
0.00431405
0.00431405
0.00431405
0.00431405
0.00431405
0.00431405
0.00431405
0.00431405
0.00431405
0.00431405
0.00431405
0.00431405
0.00431405
0.00431405
0.00431405
0.00431405
0.00431405
0.00431405
0.00431405
0.00431405
0.00431405
0.00431405
0.00431405
0.00431405
0.00431405
0.00431405
0.00431405
0.00431405
0.00431405
0.00431405
0.00431405
0.00431405
0.00431405
0.00431405
0.00431405
0.00431405
0.00431405
0.00431405
0.00431405
0.00431405
0.00431405
0.00431405
0.00431405
0.00431405
0.00431405
0.00431405
0.00431405
0.00431405
0.00431405
0.00431405
0.00431405
0.00431405
0.00431405
0.00431405
0.00431405
0.00431405
0.00431405
0.00431405
0.00431405
0.00431405
0.00431405
0.00431405
0.00431405
0.00431405
0.00431405
0.00431405
0.00431405
0.00431405
0.00431405
0.00431405
0.00431405
0.00431405
0.00431405
0.00431405
0.00431405
0.00431405
0.00431405
0.00431405
0.00431405
0.00431405
0.00431405
0.00431405
0.00431405
0.00431405
0.00431405
0.00431405
0.00431405
0.00431405
0.00431405
0.00431405
0.00431405
0.00431405
0.00431405
0.00431405
0.00431405
0.00431405
0.00431405
0.00431405
0.00431405
0.00431405
0.00431405
0.00431405
0.00431405
0.00431405
0.00431405
0.00431405
0.00431405
0.00431405
0.00431405
0.00431405
0.00431405
0.00431405
0.00431405
0.00431405
0.00431405
0.00431405
0.00431405
0.00431405
0.00431405
0.00431405
0.00431405
0.00431405
0.00431405
0.00431405
0.00431405
0.00431405
0.00431405
0.00431405
0.00431405
0.00431405
0.00431405
0.00431405
0.00431405
0.00431405
0.00431405
0.00431405
0.00431405
0.00431405
0.00431405
0.00431405
0.00431405
0.00431405
0.00431405
0.00431405
0.00431405
0.00431405
0.00431405
0.00431405
0.00431405
0.00431405
0.00431405
0.00431405
0.00431405
0.00431405
0.00431405
0.00431405
0.00431405
0.00431405
0.00431405
0.00431405
0.00431405
0.00431405
0.00431405
0.00431405
0.00431405
0.00431405
0.00431405
0.00431405
0.00431405
0.00431405
0.00431405
0.00431405
0.00431405
0.00431405
0.00431405
0.00431405
0.00431405
0.00431405
0.00431405
0.00431405
0.00431405
0.00431405
0.00431405
0.00431405
0.00431405
0.00431405
0.00431405
0.00431405
0.00431405
0.00431405
0.00431405
0.00431405
0.00431405
0.00431405
0.00431405
0.00431405
0.00431405
0.00431405
0.00431405
0.00431405
0.00431405
0.00431405
0.00431405
0.00431405
0.00431405
0.00431405
0.00431405
0.00431405
0.00431405
0.00431405
0.00431405
0.00431405
0.00431405
0.00431405
0.00431405
0.00431405
0.00431405
0.00431405
0.00431405
0.00431405
0.00431405
0.00431405
0.00431405
0.00431405
0.00431405
0.00431405
0.00431405
0.00431405
0.00431405
0.00431405
0.00431405
0.00431405
0.00431405
0.00431405
0.00431405
0.00431405
0.00431405
0.00431405
0.00431405
0.00431405
0.00431405
0.00431405
0.00337629
0.00431405
0.00431405
0.00431405
0.00431405
0.00431405
0.00431405
0.00431405
0.00431405
0.00431405
0.00431405
0.00431405
0.00431405
0.00431405
0.00431405
0.00431405
0.00431405
0.00431405
0.00431405
0.00431405
0.00431405
0.00431405
0.00431405
0.00431404
0.00405496
0.00431405
0.00431405
0.00431405
0.00431405
0.00431405
0.00431405
0.00431405
0.00431405
0.00431405
0.00431405
0.00431405
0.00431405
0.00431405
0.00431405
0.00431405
0.00431405
0.00431405
0.00431405
0.00431405
0.00431405
0.00431405
0.00431405
0.00431403
0.00407492
0.00431405
0.00431405
0.00431405
0.00431405
0.00431405
0.00431405
0.00431405
0.00431405
0.00431405
0.00431405
0.00431405
0.00431405
0.00431405
0.00431405
0.00431405
0.00431405
0.00431405
0.00431405
0.00431405
0.00431405
0.00431405
0.00431405
0.00431086
0.00420064
0.00431405
0.00431405
0.00431405
0.00431405
0.00431405
0.00431405
0.00431405
0.00431405
0.00431405
0.00431405
0.00431405
0.00431405
0.00431405
0.00431405
0.00431405
0.00431405
0.00431405
0.00431405
0.00431405
0.00431405
0.00431405
0.00431405
0.00430922
0.0042033
0.00431405
0.00431405
0.00431405
0.00431405
0.00431405
0.00431405
0.00431405
0.00431405
0.00431405
0.00431405
0.00431405
0.00431405
0.00431405
0.00431405
0.00431405
0.00431405
0.00431405
0.00431405
0.00431405
0.00431405
0.00431405
0.00431352
0.00417429
0.00426105
0.00431404
0.00431405
0.00431405
0.00431405
0.00431405
0.00431405
0.00431405
0.00431405
0.00431405
0.00431405
0.00431405
0.00431405
0.00431405
0.00431405
0.00431405
0.00431405
0.00431405
0.00431405
0.00431405
0.00431405
0.00431404
0.00431303
0.00417493
0.00426136
0.00431404
0.00431405
0.00431405
0.00431405
0.00431405
0.00431405
0.00431405
0.00431405
0.00431405
0.00431405
0.00431405
0.00431405
0.00431405
0.00431405
0.00431405
0.00431405
0.00431405
0.00431405
0.00431405
0.00431405
0.00431404
0.00431256
0.00417551
0.00426161
0.00431403
0.00431405
0.00431405
0.00431405
0.00431405
0.00431405
0.00431405
0.00431405
0.00431405
0.00431405
0.00431405
0.00431405
0.00431405
0.00431405
0.00431405
0.00431405
0.00431405
0.00431405
0.00431405
0.00431405
0.00431403
0.0043121
0.00417604
0.00426182
0.00431402
0.00431405
0.00431405
0.00431405
0.00431405
0.00431405
0.00431405
0.00431405
0.00431405
0.00431405
0.00431405
0.00431405
0.00431405
0.00431405
0.00431405
0.00431405
0.00431405
0.00431405
0.00431405
0.00431405
0.00431403
0.00431167
0.00417653
0.004262
0.00431402
0.00431405
0.00431405
0.00431405
0.00431405
0.00431405
0.00431405
0.00431405
0.00431405
0.00431405
0.00431405
0.00431405
0.00431405
0.00431405
0.00431405
0.00431405
0.00431405
0.00431405
0.00431405
0.00431405
0.00431402
0.00431126
0.00417699
0.00426215
0.00431401
0.00431405
0.00431405
0.00431405
0.00431405
0.00431405
0.00431405
0.00431405
0.00431405
0.00431405
0.00431405
0.00431405
0.00431405
0.00431405
0.00431405
0.00431405
0.00431405
0.00431405
0.00431405
0.00431405
0.00431401
0.00431087
0.00417742
0.00426228
0.004314
0.00431405
0.00431405
0.00431405
0.00431405
0.00431405
0.00431405
0.00431405
0.00431405
0.00431405
0.00431405
0.00431405
0.00431405
0.00431405
0.00431405
0.00431405
0.00431405
0.00431405
0.00431405
0.00431405
0.004314
0.00431044
0.00417786
0.00426241
0.004314
0.00431405
0.00431405
0.00431405
0.00431405
0.00431405
0.00431405
0.00431405
0.00431405
0.00431405
0.00431405
0.00431405
0.00431405
0.00431405
0.00431405
0.00431405
0.00431405
0.00431405
0.00431405
0.00431405
0.00431399
0.00430998
0.00417832
0.00426256
0.00431399
0.00431405
0.00431405
0.00431405
0.00431405
0.00431405
0.00431405
0.00431405
0.00431405
0.00431405
0.00431405
0.00431405
0.00431405
0.00431405
0.00431405
0.00431405
0.00431405
0.00431405
0.00431405
0.00431405
0.00431397
0.00430954
0.00417877
0.0042627
0.00431398
0.00431405
0.00431405
0.00431405
0.00431405
0.00431405
0.00431405
0.00431405
0.00431405
0.00431405
0.00431405
0.00431405
0.00431405
0.00431405
0.00431405
0.00431405
0.00431405
0.00431405
0.00431405
0.00431405
0.00431395
0.0043091
0.00417919
0.00426283
0.00431398
0.00431405
0.00431405
0.00431405
0.00431405
0.00431405
0.00431405
0.00431405
0.00431405
0.00431405
0.00431405
0.00431405
0.00431405
0.00431405
0.00431405
0.00431405
0.00431405
0.00431405
0.00431405
0.00431405
0.00431394
0.00430868
0.0041796
0.00426295
0.00431397
0.00431405
0.00431405
0.00431405
0.00431405
0.00431405
0.00431405
0.00431405
0.00431405
0.00431405
0.00431405
0.00431405
0.00431405
0.00431405
0.00431405
0.00431405
0.00431405
0.00431405
0.00431405
0.00431405
0.00431392
0.00430826
0.00418001
0.00426307
0.00431396
0.00431405
0.00431405
0.00431405
0.00431405
0.00431405
0.00431405
0.00431405
0.00431405
0.00431405
0.00431405
0.00431405
0.00431405
0.00431405
0.00431405
0.00431405
0.00431405
0.00431405
0.00431405
0.00431405
0.0043139
0.00430785
0.0041804
0.00426318
0.00431396
0.00431405
0.00431405
0.00431405
0.00431405
0.00431405
0.00431405
0.00431405
0.00431405
0.00431405
0.00431405
0.00431405
0.00431405
0.00431405
0.00431405
0.00431405
0.00431405
0.00431405
0.00431405
0.00431405
0.00431388
0.00430744
0.0041808
0.00426329
0.00431395
0.00431405
0.00431405
0.00431405
0.00431405
0.00431405
0.00431405
0.00431405
0.00431405
0.00431405
0.00431405
0.00431405
0.00431405
0.00431405
0.00431405
0.00431405
0.00431405
0.00431405
0.00431405
0.00431405
0.00431385
0.00430701
0.00418119
0.00426341
0.00431395
0.00431405
0.00431405
0.00431405
0.00431405
0.00431405
0.00431405
0.00431405
0.00431405
0.00431405
0.00431405
0.00431405
0.00431405
0.00431405
0.00431405
0.00431405
0.00431405
0.00431405
0.00431405
0.00431404
0.00431383
0.00430658
0.00418158
0.00426353
0.00431394
0.00431405
0.00431405
0.00431405
0.00431405
0.00431405
0.00431405
0.00431405
0.00431405
0.00431405
0.00431405
0.00431405
0.00431405
0.00431405
0.00431405
0.00431405
0.00431405
0.00431405
0.00431405
0.00431404
0.0043138
0.00430612
0.00418198
0.00426366
0.00431393
0.00431405
0.00431405
0.00431405
0.00431405
0.00431405
0.00431405
0.00431405
0.00431405
0.00431405
0.00431405
0.00431405
0.00431405
0.00431405
0.00431405
0.00431405
0.00431405
0.00431405
0.00431405
0.00431405
0.00431405
0.00431405
0.00431405
0.00431405
0.00431405
0.00431405
0.00431405
0.00327019
0.00334115
0.00431405
0.00431405
0.00431405
0.00431405
0.00431405
0.00431405
0.00431405
0.00431405
0.00431405
0.00431404
0.00431405
0.00431405
0.00431405
0.00431405
0.00431405
0.00431405
0.00431405
0.00431405
0.00431236
0.00431372
0.00431144
0.00431369
0.00431405
0.00431405
0.00431405
0.00431405
0.00431405
0.00431405
0.00431405
0.00430646
0.00430775
0.00428529
0.00429838
0.00431405
0.00431405
0.00431405
0.00431405
0.00431405
0.00431405
0.00431405
0.00430906
0.00430764
0.00430634
0.00429371
0.00431405
0.00431405
0.00431405
0.00431257
0.0043122
0.00431405
0.00431405
0.00431405
0.00431366
0.00431339
0.00431404
0.00352349
0.00327554
0.00385054
0.00431405
0.00431405
0.00431383
0.00431405
0.00431405
0.00431403
0.00431312
0.00431405
0.00431404
0.00431376
0.00431404
0.00431405
0.00431405
0.00431394
0.00430819
0.00431194
0.00431405
0.0043071
0.0042912
0.0043127
0.00430786
0.00429916
0.00431134
0.00431405
0.00431269
0.00430975
0.00431391
0.00431276
0.00431405
0.00430745
0.00430653
0.00431405
0.00428568
0.00429324
0.00429044
0.00428538
0.00429318
0.00428446
0.00431405
0.00430896
0.00431027
0.00430972
0.00430901
0.00431405
0.00429066
0.00429861
0.00429384
0.00428938
0.00431205
0.00430706
0.00431405
0.00431235
0.00431344
0.00431034
0.00431223
0.00431405
0.00430559
0.00430852
0.00429959
0.00430501
0.00431333
0.00431271
0.00431349
0.00431374
0.00431405
0.0043105
0.00430806
0.00430883
0.00431036
0.00431378
0.00431369
0.00431405
0.00431405
0.00431405
0.00431394
0.00431405
0.00431405
0.00431405
0.00431405
0.00431405
0.00431197
0.0043109
0.00427278
0.00425102
0.00431405
0.00431405
0.00431405
0.00431405
0.00431393
0.00431405
0.00431405
0.00431405
0.00431071
0.00430927
0.00431405
0.0030849
0.00326249
0.00392922
0.00402664
0.0032766
0.00352676
0.00424678
0.00420652
0.00431405
0.00431376
0.00431388
0.00403749
0.00409079
0.00431389
0.00431395
0.00431405
0.00431405
0.00431405
0.00431405
0.00431405
0.00431405
0.00431405
0.00431389
0.00431405
0.00431397
0.00431405
0.004314
0.00431405
0.00431225
0.00431284
0.00429231
0.00429305
0.00430198
0.00430055
0.00431208
0.00420867
0.00431294
0.00428924
0.0042752
0.00427819
0.00429081
0.00431353
0.00429129
0.00431393
0.00424828
0.00430617
0.00423607
0.00431383
0.00430786
0.00431392
0.00431405
0.00431356
0.00429743
0.00431398
0.004314
0.00429837
0.00429737
0.00431142
0.00431108
0.00430405
0.00430473
0.00430992
0.00431402
0.00431403
0.00431401
0.00431401
0.00430991
0.0043135
0.00431404
0.00431405
0.00431403
0.00431404
0.0043133
0.00428917
0.0042896
0.00428628
0.00428586
0.0042755
0.00427664
0.00430861
0.00431401
0.004314
0.00431401
0.00431401
0.0043086
0.00430943
0.004314
0.004314
0.004314
0.004314
0.00430938
0.00309764
0.00429432
0.0032723
0.00308415
0.00352313
0.00328563
0.00429544
0.0042841
0.00310063
0.00428539
0.00431052
0.00431017
0.00431124
0.00431402
0.00431401
0.00431402
0.00431402
0.00431143
0.00376857
0.00390735
0.00430222
0.00376182
0.00354403
0.00393809
0.00378609
0.00430299
0.00355217
0.0037465
0.00431312
0.00425336
0.00427575
0.00421375
0.00424882
0.00431303
0.00419652
0.00408084
0.00409949
0.00339581
0.00409672
0.0040736
0.00356065
0.00428884
0.00429056
0.00431403
0.00431405
0.00431405
0.00431405
0.00431405
0.00431336
0.00431326
0.00378601
0.00431227
0.00431338
0.00431404
0.00431272
0.00431209
0.00431405
0.00337771
0.00340827
0.00317703
0.00407204
0.00406877
0.0034346
0.00348086
0.00427989
0.00428823
0.00293233
0.00431405
0.00431405
0.00431405
0.00431405
0.00431405
0.00431405
0.00431314
0.00431403
0.00431402
0.00431149
0.00431053
0.00431333
0.00430662
0.00431393
0.00431392
0.00431394
0.00431393
0.00430679
0.00428842
0.00429617
0.00430451
0.004295
0.00410137
0.00406279
0.00431357
0.00429214
0.00430105
0.00430115
0.00430143
0.00348279
0.00431405
0.00431401
0.00431405
0.00431386
0.004312
0.00431097
0.00431404
0.00431405
0.00431405
0.00431405
0.00431405
0.00431403
0.00430971
0.00431398
0.00431395
0.00431401
0.00431399
0.00431024
0.00430329
0.00414606
0.00424174
0.0040693
0.00408862
0.00429368
0.00425149
0.00426198
0.00430946
0.00430127
0.00430693
0.00431109
0.00431381
0.00431383
0.00431364
0.00431367
0.00430984
0.00431392
0.00431393
0.00430683
0.00428741
0.00400559
0.00394708
0.00428839
0.00404059
0.00406353
0.00393697
0.00395319
0.00428489
0.00428632
0.00427992
0.00430878
0.00431366
0.00431364
0.00431361
0.00431375
0.00430963
0.0043096
0.00431362
0.00431364
0.00431364
0.00431362
0.00430918
0.00431149
0.0042775
0.00428527
0.00426704
0.00426196
0.00430859
0.00431322
0.00431403
0.00431403
0.00431403
0.00431403
0.00431328
0.00430706
0.00405287
0.00395511
0.00414352
0.00411533
0.00430748
0.00362103
0.00364834
0.00430961
0.00417233
0.00415178
0.00359171
0.00361368
0.00414832
0.00411134
0.00431403
0.00431404
0.00431404
0.00406495
0.00426479
0.00409178
0.00411005
0.00410511
0.004262
0.00431405
0.00431398
0.00431405
0.00431381
0.00431404
0.00310694
0.00316233
0.00337965
0.00337822
0.00397763
0.0034706
0.00343951
0.00353306
0.00347934
0.00399023
0.00334952
0.0033962
0.00423192
0.00422513
0.00406445
0.00361299
0.0035608
0.00348521
0.00350841
0.00431376
0.00431403
0.00431404
0.00431394
0.00431402
0.00431366
0.00431153
0.00431326
0.00428921
0.0042954
0.00430405
0.00429579
0.00421788
0.00428877
0.00428308
0.00429474
0.00429055
0.00421614
0.00427
0.00426455
0.0042813
0.00427306
0.00428429
0.00416689
0.00418919
0.00412598
0.00415571
0.00428222
0.0040415
0.00405557
0.00427643
0.00431194
0.00430997
0.00431368
0.00431251
0.00428383
0.00429724
0.00429303
0.0043084
0.00429908
0.00431288
0.00431401
0.00431381
0.00431211
0.00431063
0.00431333
0.00431225
0.00431389
0.00431246
0.00431362
0.0043139
0.00431271
0.0043135
0.00431403
0.00431378
0.00431341
0.00411397
0.00413167
0.00430184
0.00398076
0.00390982
0.00416092
0.00399643
0.00380654
0.00374231
0.00388786
0.00383358
0.00429459
0.00409527
0.00410924
0.00424091
0.0042234
0.00429084
0.00425597
0.00420209
0.00418145
0.00422027
0.00420734
0.0043099
0.00426435
0.00427079
0.004302
0.00430656
0.00431373
0.00431379
0.00431042
0.00430986
0.00431368
0.00431372
0.00401684
0.00401555
0.00428792
0.003638
0.00363281
0.0034041
0.00360951
0.00360164
0.00367659
0.00362639
0.00360677
0.00400653
0.00403284
0.00428779
0.00364061
0.00357684
0.00372616
0.00366061
0.00346068
0.00339645
0.00355282
0.00348836
0.00428506
0.00396567
0.00399627
0.00428162
0.00427902
0.00431369
0.00431367
0.00430873
0.00430923
0.00431374
0.0043137
0.00431361
0.00431362
0.00430956
0.00430923
0.00431362
0.00431361
0.00311197
0.0031659
0.00403194
0.0040749
0.00397661
0.00401689
0.00310235
0.0034247
0.00413333
0.00407318
0.00408689
0.00412224
0.0033761
0.00380322
0.0038246
0.00372235
0.00379539
0.00314876
0.00392345
0.00396544
0.00383691
0.00390171
0.0031463
0.00427063
0.00427558
0.00431128
0.00424892
0.00425922
0.00426199
0.00424843
0.00425922
0.00430897
0.00425899
0.00426648
0.0038267
0.00330142
0.00329413
0.00341834
0.00331759
0.00384683
0.00337741
0.00362553
0.00329528
0.00365713
0.00423216
0.00429948
0.00429603
0.0043036
0.00430063
0.00423519
0.00418102
0.00418732
0.00366169
0.00369441
0.00352712
0.00358212
0.00417298
0.00415674
0.00431405
0.00431405
0.00431405
0.00431405
0.00431399
0.004314
0.00431405
0.00431405
0.00431405
0.00431404
0.00431405
0.00431405
0.00431405
0.00431405
0.00431405
0.00431405
0.00431404
0.00431332
0.00431146
0.00430702
0.00430643
0.00428616
0.00429762
0.00431394
0.00431395
0.00430821
0.00427749
0.00427526
0.00429409
0.004287
0.00429098
0.00431257
0.004314
0.00431405
0.00431405
0.0043047
0.00430745
0.00431342
0.00431398
0.00431385
0.00431403
0.00431251
0.00429104
0.00430346
0.00429986
0.00430581
0.00430515
0.00431096
0.00431209
0.0043121
0.00430978
0.00431387
0.00431389
0.00431286
0.00430696
0.00431393
0.00431394
0.00403653
0.00401016
0.00429147
0.00429226
0.00428061
0.00427955
0.00428363
0.00430891
0.0043121
0.00431209
0.00430968
0.00431208
0.00431208
0.00431208
0.00431207
0.00430907
0.0042817
0.00407797
0.00405014
0.00431054
0.00431365
0.00431363
0.00431361
0.00431404
0.00431404
0.00336737
0.00336732
0.00419325
0.00417825
0.00430983
0.00337003
0.0033683
0.00430188
0.00430379
0.00431375
0.00431397
0.0043139
0.00307578
0.00311229
0.00312115
0.00324526
0.00329275
0.00310874
0.00310865
0.00331703
0.00328736
0.0034931
0.00417254
0.00416536
0.0042128
0.00365272
0.00362164
0.00407166
0.00431405
0.00431405
0.00431405
0.00431373
0.00431388
0.00431398
0.00431402
0.0043135
0.00431361
0.00431405
0.00431405
0.00431404
0.00430989
0.0043096
0.00431183
0.00431309
0.00431209
0.00431156
0.00429088
0.0042938
0.00428406
0.00428589
0.00430293
0.00429877
0.00427629
0.00428038
0.00422568
0.00422656
0.0042504
0.00424716
0.00420861
0.00422871
0.00423124
0.00431268
0.00429256
0.00429689
0.00428565
0.00426163
0.00429521
0.00429128
0.004311
0.0043094
0.0043025
0.00419655
0.00418259
0.00428132
0.00425334
0.00421384
0.00431404
0.00431403
0.0043134
0.00431316
0.00431149
0.00431233
0.00430223
0.00431291
0.00431334
0.00427287
0.00428398
0.0043123
0.00416467
0.00414835
0.00430339
0.0043054
0.00431398
0.004314
0.00431371
0.0043129
0.00431392
0.00431395
0.00429099
0.00400759
0.00401326
0.0042756
0.00427741
0.00431205
0.00431205
0.00430947
0.00430933
0.00431205
0.00431205
0.0031098
0.00325596
0.00354888
0.00357032
0.00333593
0.0033517
0.00306841
0.00409795
0.00408316
0.00428289
0.00314317
0.00312133
0.00325714
0.00325989
0.00311785
0.00332096
0.00332779
0.00310279
0.00310622
0.00431369
0.00431367
0.00431065
0.0043118
0.00431374
0.00431371
0.00365946
0.00412052
0.00413518
0.00408917
0.00410492
0.00362296
0.00426373
0.00430165
0.00430441
0.0043038
0.00430278
0.00426718
0.00422135
0.00425897
0.00425458
0.00418561
0.00417527
0.00419863
0.0034193
0.00343545
0.00344466
0.00337916
0.0041126
0.00371638
0.00366899
0.00375562
0.00372748
0.00406594
0.00400199
0.00400653
0.00419513
0.00421373
0.00429381
0.00431403
0.00431403
0.00431397
0.0033796
0.00338839
0.00366107
0.0036596
0.00314887
0.00346066
0.00341785
0.00341703
0.00340487
0.00341274
0.00347405
0.002943
0.00415766
0.00417151
0.00431405
0.00431405
0.00431405
0.00430815
0.0043076
0.00431147
0.00430942
0.00431125
0.00431248
0.00431068
0.00431102
0.00428751
0.00429689
0.00426548
0.00426839
0.00426879
0.00426549
0.00429448
0.00427373
0.00427269
0.00409289
0.00402511
0.00402414
0.00403811
0.004035
0.00408203
0.00431169
0.00431302
0.00431307
0.00431285
0.00431297
0.00431135
0.00430055
0.00430987
0.00430441
0.00430253
0.00430981
0.00431211
0.00431212
0.00428063
0.00428125
0.00429037
0.00428133
0.00431213
0.00431212
0.00430884
0.00431207
0.00431207
0.00430964
0.00430912
0.00431206
0.00431206
0.00426712
0.00427729
0.00427326
0.00428068
0.0042794
0.00426602
0.00336875
0.00337384
0.00337665
0.0033726
0.00359937
0.00346741
0.00346219
0.00403053
0.00403207
0.00413708
0.00405691
0.00407279
0.00402856
0.00404023
0.00412393
0.004314
0.00431398
0.00431401
0.00431396
0.00431403
0.00431404
0.00431405
0.00431401
0.00431402
0.004314
0.00408614
0.00418374
0.00417814
0.00419931
0.00419124
0.00409238
0.00412932
0.00415716
0.00414556
0.00417362
0.00416774
0.00411934
0.00431401
0.00431404
0.00431402
0.00431334
0.00431275
0.00431393
0.00431382
0.00307753
0.00321624
0.00312614
0.0031192
0.00337974
0.00337909
0.00358699
0.00360487
0.00345268
0.00314022
0.00311637
0.00331532
0.00323333
0.00323662
0.00322215
0.00344778
0.00323618
0.00318503
0.00417781
0.00418828
0.00423785
0.00414847
0.00415161
0.00414036
0.00414251
0.00421851
0.00416233
0.00416675
0.00348955
0.00338632
0.00339578
0.00337768
0.00337854
0.00349629
0.00431393
0.00431395
0.00431383
0.00431337
0.00431368
0.00431388
0.00430736
0.00431162
0.00430918
0.00430869
0.00430982
0.00431026
0.00430878
0.00430933
0.00429002
0.00429459
0.0042723
0.00427312
0.00426968
0.00427103
0.00430356
0.00428687
0.00428757
0.00427226
0.00427339
0.00429706
0.00427283
0.00423475
0.0042281
0.00421214
0.00424442
0.00424089
0.00426775
0.00423523
0.00423429
0.00424584
0.00423975
0.00426615
0.00427917
0.00425065
0.00425404
0.00423817
0.00424471
0.00427635
0.00423195
0.00413582
0.00421201
0.00420641
0.00403477
0.00404166
0.00427261
0.00429858
0.00429692
0.00426906
0.0042901
0.00430508
0.00430119
0.00421991
0.00420749
0.00426729
0.00427009
0.00429453
0.00424662
0.00423341
0.00430701
0.00430916
0.00431267
0.00431043
0.00430433
0.00429561
0.00430378
0.00431314
0.00431361
0.0043137
0.00431317
0.00431335
0.00431242
0.00431134
0.00431215
0.00431369
0.00431329
0.00431314
0.00431372
0.00431339
0.00431378
0.00431291
0.00431292
0.00431235
0.00431304
0.00396164
0.00393436
0.00411445
0.00391296
0.00393654
0.00386319
0.00401012
0.00378246
0.00376109
0.00386841
0.00385149
0.00423196
0.00414937
0.00416793
0.00411225
0.00413021
0.00422693
0.00428672
0.00425344
0.00426267
0.00417882
0.0042317
0.00427693
0.0041333
0.00410419
0.00419668
0.00399474
0.00401339
0.00396223
0.00397831
0.00419059
0.00421702
0.0040818
0.00409614
0.00403409
0.00405694
0.00421241
0.00430272
0.00430603
0.00364392
0.00341781
0.0034483
0.00335669
0.00338585
0.00363895
0.00345626
0.0034657
0.003465
0.0035376
0.00361126
0.0032016
0.00323023
0.00324773
0.00320245
0.00363598
0.00362002
0.0033057
0.00333005
0.00325911
0.00328368
0.0036137
0.00362345
0.00360408
0.0037095
0.00368352
0.00343584
0.00341321
0.00353181
0.00351371
0.00427759
0.00427818
0.00430951
0.00431205
0.00431206
0.00431205
0.00431205
0.00430928
0.00311739
0.00347565
0.00351878
0.0032258
0.00306828
0.00338085
0.00342535
0.00318984
0.00316579
0.00380947
0.00342573
0.00342973
0.0037598
0.00339247
0.00332333
0.00343102
0.00342223
0.00378276
0.00324394
0.00321573
0.00327712
0.00330723
0.00313593
0.00314319
0.00321276
0.00427284
0.0042922
0.00429068
0.00429444
0.00429336
0.00427422
0.00425247
0.00425742
0.0042572
0.00424772
0.00424769
0.00425195
0.00425875
0.00428367
0.00428192
0.00428855
0.00428603
0.00426196
0.00329545
0.00341641
0.0034345
0.00338814
0.00340198
0.00329375
0.0033824
0.00352998
0.00356267
0.00345972
0.0034932
0.00334752
0.00336984
0.00323534
0.00324318
0.00323656
0.00323591
0.00329506
0.0033478
0.00337188
0.00326815
0.0033075
0.00328845
0.00426557
0.00426273
0.00422825
0.00417976
0.0041944
0.00338753
0.00341102
0.00354886
0.00341637
0.00339049
0.00345496
0.00344176
0.00356831
0.00338212
0.00338067
0.00401106
0.00401703
0.00431405
0.00431405
0.00431405
0.00431405
0.00431405
0.00431405
0.00431405
0.00431405
0.00431405
0.00431405
0.00431405
0.00431405
0.00431405
0.00431405
0.00431405
0.00431405
0.00431405
0.00431405
0.00431405
0.00431405
0.00431405
0.00431405
0.00431405
0.00431405
0.00431405
0.00431405
0.00431405
0.00431405
0.00431405
0.00431405
0.00431405
0.00431405
0.00431405
0.00431405
0.00431405
0.00431405
0.00431405
0.00431405
0.00431405
0.00431405
0.00431405
0.00431405
0.00431405
0.00431405
0.00431405
0.00431405
0.00431405
0.00431405
0.00431405
0.00431405
0.00431405
0.00431405
0.00431405
0.00431405
0.00431405
0.00431405
0.00431405
0.00431405
0.00431405
0.00431405
0.00431405
0.00431405
0.00431405
0.00431405
0.00431405
0.00431405
0.00431405
0.00431405
0.00431405
0.00431405
0.00431405
0.00431405
0.00431405
0.00431405
0.00431405
0.00431405
0.00431405
0.00431405
0.00431405
0.00431405
0.00431405
0.00431405
0.00431405
0.00431405
0.00431405
0.00431403
0.00431403
0.00431405
0.00431405
0.00431405
0.00431405
0.00431405
0.00431405
0.00431405
0.00431405
0.00431405
0.00431405
0.00431405
0.00431405
0.00431405
0.00431403
0.00431403
0.00431405
0.00431405
0.00431405
0.00431405
0.00431405
0.00431405
0.00431405
0.00431405
0.00431405
0.00431405
0.00431404
0.00431404
0.00431405
0.00431405
0.00431405
0.00431405
0.00431405
0.00431405
0.00431405
0.00431405
0.00431405
0.00431405
0.00431405
0.00431405
0.00431405
0.00431405
0.00431405
0.00431405
0.00431405
0.00431405
0.00431405
0.00431405
0.00431405
0.00431405
0.00431299
0.00431297
0.00348318
0.00426371
0.00426853
0.00431405
0.00431405
0.00431405
0.00431405
0.00431405
0.00431405
0.00431405
0.00431405
0.00431405
0.00431405
0.00431405
0.00431405
0.00431404
0.00377277
0.00375736
0.00407026
0.00431405
0.00431405
0.00431405
0.00431405
0.00431405
0.00431405
0.00431405
0.00431405
0.00431405
0.00431404
0.00431405
0.00431199
0.00402576
0.00377727
0.00419918
0.00431398
0.00431405
0.00431405
0.00431405
0.00431405
0.00431405
0.00431405
0.00431405
0.00431405
0.00431405
0.00431405
0.00431405
0.00431405
0.00431405
0.00431404
0.00431404
0.00431405
0.00431405
0.00431404
0.00431404
0.00431405
0.00431405
0.00431405
0.00431403
0.00431403
0.00431405
0.00431405
0.00431404
0.00431404
0.00431404
0.00431403
0.00431405
0.00431404
0.00431404
0.00431405
0.00431405
0.00431404
0.00431405
0.00431404
0.00431404
0.00431405
0.00431405
0.00431405
0.00431405
0.00431405
0.00431405
0.00431405
0.00431297
0.00431339
0.00431405
0.00314637
0.0036023
0.00360732
0.00396404
0.00396529
0.0029495
0.00431405
0.00431405
0.00431405
0.00431405
0.00431405
0.00431405
0.00431405
0.00431405
0.00431404
0.00431405
0.00431405
0.00431405
0.00431405
0.00431405
0.00431405
0.00431405
0.00431405
0.00431405
0.00431405
0.00431405
0.00431405
0.00431405
0.00431405
0.00431405
0.00431405
0.00431405
0.00431405
0.00431405
0.00431405
0.00431405
0.00431403
0.004314
0.00431405
0.00431405
0.00431405
0.00431405
0.00431405
0.00431405
0.00431405
0.00431405
0.00431405
0.00431405
0.00431405
0.00431405
0.00431405
0.00431405
0.00431405
0.00431405
0.00431405
0.00431405
0.00431405
0.00431405
0.00431405
0.00431404
0.00431405
0.00431405
0.00431266
0.00431366
0.00431358
0.00431397
0.00431394
0.00431361
0.0043133
0.00431288
0.00431356
0.00431405
0.00431405
0.00431405
0.00431405
0.00431405
0.00431405
0.00431405
0.00431405
0.00431405
0.00431405
0.00431405
0.00431405
0.00431405
0.00431405
0.00431405
0.00431405
0.00431405
0.00431405
0.00431403
0.00431403
0.00431405
0.00430644
0.00431213
0.00431213
0.00431242
0.00431232
0.00430736
0.00431405
0.00431405
0.00431405
0.00431405
0.00431405
0.00431405
0.00431405
0.00431405
0.00431405
0.00431405
0.00431405
0.00431405
0.00431405
0.00431405
0.00431405
0.00431405
0.00431405
0.00431405
0.00431403
0.00431403
0.00431405
0.00430842
0.00431395
0.00431397
0.00431241
0.00431246
0.00430783
0.00430563
0.00429061
0.00429262
0.00431405
0.00431405
0.00431405
0.00431405
0.00431405
0.00431405
0.00431405
0.00431405
0.00431405
0.00431242
0.00430215
0.00430453
0.00430847
0.00430889
0.00431234
0.00431405
0.00431405
0.00431405
0.00431405
0.00431405
0.00431405
0.00431405
0.00431405
0.00431405
0.00431364
0.00431244
0.00431255
0.00431143
0.00431164
0.00431344
0.00431345
0.00431298
0.00431404
0.00349224
0.00430144
0.00430107
0.00407076
0.00407409
0.00329985
0.00431245
0.00431231
0.00380299
0.00431405
0.00431392
0.00431398
0.004314
0.00431392
0.00431405
0.0043139
0.00431402
0.004314
0.00431405
0.00431405
0.00431402
0.00431405
0.00431405
0.00431405
0.00431402
0.00431358
0.00431396
0.00431405
0.00431405
0.00431405
0.00431401
0.00431404
0.00431405
0.0043138
0.00431352
0.00431346
0.00431404
0.00431403
0.00431404
0.00431405
0.00431405
0.00431405
0.00431404
0.00431405
0.00431405
0.00431403
0.00431403
0.00431399
0.00430867
0.00431266
0.00431254
0.00431347
0.00431335
0.00431139
0.00431405
0.00431404
0.00431404
0.00430609
0.00429522
0.00429813
0.00426117
0.00426264
0.00429198
0.00430002
0.00430134
0.00430847
0.00431404
0.00431404
0.00431405
0.00431254
0.0043133
0.00431338
0.00431376
0.00431401
0.00431402
0.00431343
0.00431346
0.00431279
0.00431405
0.00431405
0.00431404
0.00430726
0.00431232
0.00431236
0.00431215
0.00431217
0.00430662
0.00431405
0.00431403
0.00431403
0.00428628
0.00424873
0.0042473
0.00426355
0.0042621
0.0042926
0.00428972
0.00425838
0.00425976
0.00424635
0.00424579
0.00428502
0.00431404
0.00431404
0.00431405
0.00431274
0.00431268
0.00431016
0.00431405
0.00431403
0.00431403
0.00429191
0.0041816
0.00416334
0.00425158
0.00424742
0.0042976
0.00429444
0.00426649
0.00426505
0.00415756
0.00413771
0.00428808
0.00431188
0.00430747
0.00430801
0.00429476
0.00429655
0.00430769
0.00431404
0.00431404
0.00431405
0.00431264
0.00431381
0.00431379
0.00431389
0.00431388
0.00431339
0.0043104
0.00431283
0.00431278
0.00431377
0.00431375
0.0043119
0.00431405
0.00431404
0.00431404
0.00430612
0.00428273
0.00428053
0.00429251
0.00429124
0.0043082
0.00430051
0.00425937
0.00425554
0.00427813
0.00427554
0.00430439
0.00431327
0.00431091
0.00431118
0.00430522
0.00430702
0.00431283
0.00431354
0.00431391
0.0043139
0.00431404
0.00431404
0.00431365
0.00431405
0.00431405
0.00431405
0.00431084
0.00420795
0.00419751
0.00418354
0.00420148
0.00431065
0.00430912
0.00429473
0.00429367
0.00431377
0.00430408
0.00430443
0.00431405
0.00431405
0.00431405
0.00431405
0.00431405
0.00431405
0.00431405
0.00431405
0.00431405
0.00431405
0.00431405
0.00431405
0.00431405
0.00431405
0.00431405
0.00431405
0.00431405
0.00431405
0.00431404
0.00431404
0.00431405
0.00431156
0.00431392
0.00431393
0.00431391
0.00431392
0.00431141
0.00427016
0.00423932
0.00424389
0.00420846
0.00421582
0.00425515
0.00431405
0.00431405
0.00431405
0.00431405
0.00431405
0.00431405
0.00431367
0.00431388
0.004314
0.00431405
0.00431405
0.00431405
0.00431405
0.00431405
0.00431405
0.00431405
0.00431405
0.00431405
0.00431012
0.00431398
0.0043139
0.00431397
0.00431398
0.00430991
0.00431405
0.00431404
0.00431403
0.00394764
0.00377642
0.00375754
0.00386973
0.00385285
0.00401464
0.00424254
0.004195
0.00420123
0.00431405
0.00431405
0.00431405
0.00431382
0.00431404
0.00431404
0.00431404
0.00431404
0.00431384
0.00404766
0.00390176
0.0038863
0.00396558
0.00395602
0.00408463
0.00431392
0.00431404
0.00431404
0.00431404
0.00431404
0.00431393
0.00431405
0.00431405
0.00431405
0.00431405
0.00431405
0.00431405
0.00431405
0.00431405
0.00431405
0.00431405
0.00431405
0.00431405
0.00431405
0.00431405
0.00431405
0.00431405
0.00431405
0.00431405
0.00431405
0.00431405
0.00431405
0.00431405
0.00431404
0.00431405
0.00431405
0.00431405
0.00431405
0.00431403
0.00431404
0.00431401
0.00431405
0.00431405
0.00431405
0.004298
0.00430118
0.00431226
0.00431286
0.00431058
0.00431085
0.00428779
0.00426736
0.00426979
0.00424809
0.00425174
0.00427739
0.00428451
0.00430552
0.00430471
0.0043069
0.00430625
0.00428622
0.00431349
0.00431184
0.00431201
0.00431246
0.00431336
0.00431399
0.00431365
0.00430846
0.00431187
0.0043093
0.00431247
0.0043118
0.00431401
0.00431397
0.00431378
0.00431405
0.00431404
0.00431405
0.00431389
0.00431384
0.00431396
0.00431401
0.00431395
0.00431392
0.00427443
0.00427649
0.0042994
0.00429643
0.00427083
0.00427257
0.00430767
0.00430853
0.00431175
0.00431071
0.00430599
0.00430683
0.00431223
0.00431228
0.00430997
0.00431402
0.00431396
0.00431395
0.00431398
0.00431397
0.00431403
0.00431401
0.00431392
0.00431392
0.00431394
0.00431393
0.00431401
0.0043099
0.00431218
0.0043122
0.0043138
0.00431385
0.0043136
0.00431404
0.00431403
0.00431403
0.00431404
0.00431404
0.00431405
0.00431404
0.004314
0.00431399
0.00431402
0.00431401
0.00431404
0.00431311
0.00431367
0.00431374
0.00425544
0.00425472
0.00428877
0.00429004
0.00425697
0.00425619
0.00425084
0.00425202
0.00428673
0.00428553
0.0042487
0.00424972
0.00431221
0.00431218
0.00430864
0.00431401
0.00431391
0.00431392
0.00431391
0.00431391
0.004314
0.00431401
0.00431393
0.00431394
0.00431392
0.00431393
0.00431401
0.00430867
0.00431228
0.00431224
0.004314
0.0043139
0.0043139
0.00431391
0.00431391
0.004314
0.004314
0.00431391
0.00431391
0.0043139
0.0043139
0.004314
0.00423369
0.00418783
0.00429316
0.00349911
0.00376539
0.00379263
0.00358905
0.00360977
0.00330354
0.00429654
0.0042429
0.00423829
0.00428673
0.00412925
0.00410413
0.00430363
0.00430442
0.00431081
0.00430978
0.00430158
0.00430266
0.00431312
0.00431306
0.00431102
0.00431402
0.00431395
0.00431395
0.00431394
0.00431395
0.00431402
0.00431402
0.00431397
0.00431397
0.00431396
0.00431396
0.00431402
0.00431158
0.00431322
0.00431318
0.0037884
0.00358742
0.00356808
0.00373505
0.00370869
0.0038882
0.00426654
0.00426307
0.00430139
0.00373264
0.00396045
0.00397984
0.00381597
0.00383962
0.00356605
0.00387471
0.00417167
0.00418214
0.00414824
0.00416028
0.0038517
0.00430371
0.00427273
0.00426975
0.00357462
0.00335204
0.00333592
0.00354586
0.0035171
0.00372054
0.00431028
0.00431061
0.0043132
0.00425695
0.00428076
0.00427852
0.00429324
0.00429171
0.00427318
0.00427595
0.00427318
0.00424367
0.00431293
0.00430949
0.0043099
0.00408782
0.00379462
0.00376465
0.00383397
0.00380647
0.00409456
0.00410238
0.00398462
0.0039752
0.00428763
0.00421865
0.00422924
0.00427206
0.00427423
0.00429175
0.00431405
0.00431405
0.00431405
0.00431405
0.00431405
0.00431405
0.00431333
0.00431397
0.00431397
0.00431396
0.00431397
0.0043133
0.00422724
0.00422442
0.00376636
0.00431228
0.00430133
0.00430156
0.00430158
0.00430142
0.00431244
0.00431249
0.00431395
0.00431396
0.00431394
0.00431395
0.00431241
0.00431405
0.00431404
0.00431404
0.00340226
0.00337002
0.00315402
0.00406757
0.00385142
0.00379522
0.00385927
0.00385434
0.00406735
0.00428589
0.00418934
0.00417664
0.00422635
0.00424407
0.00428837
0.00293453
0.00358587
0.00373617
0.00431405
0.00431405
0.00431405
0.00431405
0.00431405
0.00431405
0.00431405
0.00431405
0.00431405
0.00431405
0.00431405
0.00431405
0.00431405
0.00431405
0.00431405
0.00431405
0.00431405
0.00431405
0.0043138
0.00431374
0.00431292
0.00431403
0.00431397
0.00431399
0.00431392
0.00431395
0.00431402
0.00431342
0.00431258
0.00431242
0.00431214
0.00431213
0.0043065
0.00431392
0.00431356
0.00431356
0.00431356
0.00431356
0.00431392
0.00431394
0.00431361
0.00431363
0.00431357
0.00431358
0.00431393
0.00430704
0.00431224
0.00431218
0.00428825
0.00428917
0.00430502
0.00431217
0.00431231
0.00431361
0.0042991
0.00430799
0.00430748
0.00430886
0.00430845
0.00430012
0.0043013
0.00422315
0.00418511
0.00422382
0.00422371
0.00430139
0.00347298
0.00397203
0.00396905
0.00431405
0.00431405
0.00431405
0.00431405
0.00431405
0.00431405
0.00431405
0.00431405
0.00431405
0.00431361
0.00431356
0.00431383
0.00431405
0.00431405
0.00431404
0.00431405
0.00431405
0.00431405
0.00431405
0.00431405
0.00431405
0.00431405
0.00431404
0.00431404
0.00431405
0.00431405
0.00431405
0.00431401
0.00431404
0.00431404
0.00431294
0.0043128
0.00430918
0.00431397
0.00431373
0.00431376
0.00431366
0.00431369
0.00431396
0.004314
0.00431387
0.0043139
0.0043138
0.00431383
0.004314
0.0043108
0.00431321
0.00431307
0.00428609
0.00429089
0.00430478
0.00417497
0.00425632
0.00424234
0.00427923
0.00427077
0.00421884
0.00407536
0.00420069
0.00419807
0.00420632
0.00420345
0.00408185
0.00429282
0.0042642
0.00426582
0.0042563
0.00428615
0.00428358
0.00428959
0.00428801
0.00425943
0.00430898
0.0043024
0.00430335
0.00431286
0.00431315
0.00431211
0.00431382
0.00431376
0.00431366
0.00431365
0.00431322
0.00431321
0.00431325
0.00431323
0.00431366
0.00431393
0.00431356
0.00431356
0.00431358
0.00431357
0.00431393
0.00430672
0.00431219
0.00431221
0.00425182
0.00425032
0.00428682
0.00398769
0.00417046
0.00417545
0.00415978
0.00416475
0.00396573
0.00425566
0.00425699
0.00428903
0.00404884
0.00418996
0.00418702
0.00419554
0.00419289
0.00405717
0.00393434
0.00415529
0.00415663
0.00415844
0.00415568
0.00394202
0.00428501
0.00424565
0.00424599
0.00431365
0.00431321
0.00431322
0.00431319
0.0043132
0.00431365
0.00431339
0.00431341
0.00431376
0.00430995
0.00431261
0.00431252
0.00431362
0.00431317
0.00431317
0.00431319
0.00431318
0.00431363
0.00431363
0.00431317
0.00431318
0.00431316
0.00431317
0.00431363
0.00430628
0.00430689
0.00431169
0.00428011
0.00429699
0.00429564
0.00429957
0.00429834
0.0042829
0.00430819
0.0042978
0.00429872
0.00431384
0.00431383
0.00431315
0.00431403
0.00431399
0.00431399
0.00431398
0.00431398
0.00431403
0.00431403
0.004314
0.004314
0.00431399
0.004314
0.00431403
0.00431334
0.00431387
0.00431385
0.00428661
0.00428475
0.00430661
0.00401375
0.00420833
0.00421561
0.00419166
0.00420036
0.00399978
0.00413468
0.00423314
0.00423793
0.00422206
0.00422787
0.00412537
0.00430785
0.00428984
0.0042883
0.00362886
0.0034894
0.00348329
0.00350686
0.00349674
0.00363766
0.00429658
0.00429569
0.00430938
0.00416603
0.00424973
0.00425296
0.00424229
0.00424618
0.00415923
0.00347775
0.00347249
0.00360653
0.00431405
0.00431404
0.00431403
0.00423075
0.00423484
0.00426748
0.00425886
0.00422209
0.00422677
0.00431404
0.00431404
0.00431405
0.00431405
0.00431405
0.00431404
0.00431402
0.00431397
0.00431401
0.00380769
0.00379266
0.00396333
0.00346229
0.00361915
0.00363196
0.00350835
0.003677
0.00369799
0.0036448
0.00365934
0.00349085
0.00400299
0.00383709
0.00382209
0.0039267
0.00391515
0.00405658
0.00360176
0.00375613
0.00376892
0.00371994
0.00373997
0.00358498
0.00431403
0.00431401
0.00431399
0.00431403
0.00431402
0.00431404
0.00431397
0.00431385
0.0043138
0.00431397
0.00431391
0.00431399
0.00431233
0.00431226
0.00431319
0.00428681
0.00426341
0.0042674
0.00425663
0.00425962
0.00428487
0.00429344
0.00427555
0.00427775
0.00427081
0.00427339
0.00429208
0.00426168
0.00426469
0.00428616
0.00417637
0.00423254
0.00422771
0.00424024
0.00423662
0.00418336
0.00422242
0.00421713
0.00414492
0.00427988
0.00425512
0.00425846
0.00431141
0.00430711
0.0043081
0.00430433
0.00430607
0.00431081
0.00431346
0.00431232
0.00431294
0.0043094
0.00431099
0.00431305
0.00429583
0.00427218
0.00427437
0.0043052
0.00428993
0.00430017
0.00427736
0.00428234
0.00430174
0.00431366
0.00431314
0.00431095
0.00431397
0.00431379
0.00431393
0.0043133
0.00431357
0.00431391
0.00431393
0.00431376
0.00431367
0.004314
0.00431398
0.00431402
0.00431362
0.00431387
0.00431393
0.00431376
0.00431381
0.00431349
0.00411896
0.00422307
0.00421983
0.00423289
0.00422712
0.0041245
0.00430056
0.00427893
0.00428202
0.0042675
0.00426915
0.00429549
0.0041003
0.00421182
0.00420919
0.00421698
0.00421435
0.00410472
0.00430426
0.00430514
0.00431032
0.00426663
0.00429253
0.00429108
0.00429535
0.00429395
0.00426879
0.00431375
0.00431342
0.00431338
0.00431356
0.00431348
0.00431377
0.0043101
0.00431238
0.00431257
0.00431214
0.00431216
0.00430988
0.00431369
0.00431329
0.00431327
0.00431334
0.00431332
0.00431371
0.00401994
0.0041823
0.00418332
0.00417892
0.00418098
0.00401963
0.00428835
0.00425395
0.00425303
0.00401701
0.00417844
0.00417513
0.00418419
0.00418141
0.00402544
0.00428725
0.0042532
0.0042544
0.00424679
0.00424773
0.00428522
0.00397723
0.00416547
0.00416196
0.00417183
0.00416866
0.00398666
0.00431368
0.00431325
0.00431327
0.00431323
0.00431324
0.00431368
0.00430868
0.00431216
0.00431215
0.00431243
0.00431235
0.00430888
0.00431372
0.00431333
0.00431336
0.00431328
0.0043133
0.00431371
0.00431361
0.00431316
0.00431315
0.00431316
0.00431316
0.00431361
0.00431362
0.00431316
0.00431316
0.00431315
0.00431315
0.00431361
0.00404618
0.00380909
0.00378168
0.00385072
0.00383177
0.00406139
0.00398859
0.00370041
0.00368325
0.00375158
0.00372322
0.00400205
0.00370007
0.00373098
0.00346724
0.00414359
0.00396719
0.00394686
0.00409892
0.00388578
0.00386802
0.00392584
0.00390496
0.00411039
0.00333295
0.0036356
0.0036669
0.00342531
0.00342281
0.00381606
0.00394058
0.0036372
0.00360899
0.00366931
0.00365534
0.00395395
0.00385473
0.00346917
0.00343969
0.00356613
0.00351487
0.00387745
0.00431106
0.00430508
0.00430568
0.00429956
0.00430051
0.00430939
0.00362751
0.00360652
0.00380743
0.0038677
0.00367997
0.00365205
0.00339882
0.00337121
0.0035981
0.00369002
0.00347919
0.00343681
0.00429844
0.00428462
0.00428644
0.00428011
0.00428247
0.00429728
0.00430269
0.00429133
0.00429293
0.00428809
0.00428971
0.00430171
0.00423886
0.00427046
0.00426798
0.00367754
0.00354188
0.00352184
0.0035664
0.00356227
0.00369289
0.00417008
0.00409758
0.00409623
0.00408229
0.00409026
0.00416378
0.00431405
0.00431405
0.00431405
0.00431405
0.00431405
0.00431405
0.00431399
0.00431404
0.00431404
0.00431404
0.00431404
0.004314
0.00431405
0.00431405
0.00431405
0.00431405
0.00431405
0.00431405
0.00431404
0.00431405
0.00431405
0.00431405
0.00431405
0.00431404
0.00431405
0.00431405
0.00431405
0.00431405
0.00431405
0.00431405
0.00431405
0.00431405
0.00431405
0.00431405
0.00431405
0.00431405
0.00431348
0.0043139
0.00431385
0.00430801
0.0043125
0.00431256
0.00428832
0.00430145
0.00430059
0.00430304
0.00430225
0.00428958
0.00431246
0.00430926
0.00430962
0.00431404
0.00431403
0.00431396
0.00430567
0.00431064
0.00431011
0.0043116
0.00431113
0.00430654
0.00431394
0.00431401
0.00431402
0.00431396
0.00431399
0.0043139
0.00431404
0.00431403
0.00431401
0.0043113
0.00431208
0.00431264
0.00429784
0.00430722
0.00430511
0.00430946
0.00430857
0.00430152
0.00431282
0.00431349
0.00431352
0.00431225
0.00431228
0.0043071
0.00431393
0.00431359
0.00431358
0.00431361
0.0043136
0.00431394
0.00402415
0.00419489
0.00419863
0.00418955
0.00419183
0.00401528
0.00429204
0.0042608
0.00425966
0.00407139
0.00421048
0.00421379
0.00420264
0.00420641
0.00406221
0.00431291
0.00431286
0.00431046
0.00431393
0.00431392
0.00431358
0.00431401
0.00431401
0.00431404
0.00418865
0.00426109
0.00426336
0.00425592
0.00425861
0.00418368
0.00431002
0.00429813
0.00429739
0.00430262
0.00430954
0.00430922
0.00431005
0.00430982
0.00430327
0.00363978
0.00380074
0.00381264
0.00377977
0.00379003
0.00362994
0.00407832
0.00394662
0.00393697
0.00431405
0.00431405
0.00431405
0.00431405
0.00431405
0.00431405
0.00431405
0.00431405
0.00431405
0.00431405
0.00431404
0.00431404
0.00431405
0.00431405
0.00431405
0.00431403
0.00431404
0.00431405
0.00430996
0.00431028
0.00431277
0.00429417
0.00430463
0.00430384
0.004306
0.00430535
0.00429565
0.00431399
0.00431402
0.00431403
0.00431361
0.00431391
0.00431383
0.00427535
0.00429838
0.00429679
0.00430259
0.00430028
0.00427878
0.00431204
0.00430943
0.00431038
0.00431367
0.00431388
0.0043139
0.00431356
0.00431361
0.00431298
0.00425868
0.00425779
0.00429049
0.00400815
0.00418651
0.00418785
0.00418431
0.00418536
0.00401023
0.00409258
0.00422209
0.00422506
0.00421671
0.00421949
0.00408786
0.00431082
0.00431301
0.00431295
0.0043133
0.00431326
0.0043117
0.00391257
0.00393794
0.00369777
0.00359127
0.00386171
0.00388781
0.00428578
0.00428331
0.00426026
0.00429442
0.00429577
0.00430512
0.00427039
0.00428997
0.00428799
0.00400217
0.0039937
0.00410777
0.00370291
0.00385174
0.00386311
0.0038257
0.00383901
0.00368654
0.00374648
0.00389964
0.00391009
0.00387691
0.00388882
0.00373725
0.00420153
0.00424721
0.00424373
0.00425375
0.00425061
0.00420792
0.00429284
0.00427626
0.00427814
0.00364731
0.00351796
0.00353502
0.00352719
0.00352108
0.0036516
0.00315048
0.00336474
0.00336591
0.00350769
0.00353521
0.00293836
0.00417472
0.00399767
0.00391275
0.00407921
0.00405141
0.00417209
0.00431405
0.00431405
0.00431405
0.00431405
0.00431405
0.00431405
0.00431405
0.00431405
0.00431405
0.00431405
0.00431405
0.00431405
0.00431405
0.00431405
0.00431405
0.00431405
0.00431405
0.00431405
0.00431405
0.00431405
0.00431405
0.00431405
0.00431405
0.00431405
0.00431405
0.00431405
0.00431405
0.00431405
0.00431405
0.00431405
0.00431405
0.00431405
0.00431405
0.00431405
0.00431405
0.00431405
0.00431405
0.00431405
0.00431405
0.00431405
0.00431405
0.00431405
0.00431405
0.00431405
0.00431405
0.00431405
0.00431405
0.00431405
0.00431405
0.00431405
0.00431405
0.00431405
0.00431405
0.00431405
0.00431405
0.00431405
0.00431405
0.00431405
0.00431405
0.00431405
0.00431405
0.00431405
0.00431405
0.00431405
0.00431405
0.00431405
0.00431405
0.00431405
0.00431405
0.00431405
0.00431405
0.00431405
0.00431405
0.00431405
0.00431405
0.00431405
0.00431405
0.00431405
0.00431405
0.00431405
0.00431405
0.00431405
0.00431405
0.00431405
0.00431405
0.00431405
0.00431405
0.00431405
0.00431405
0.00431405
0.00431405
0.00431405
0.00431405
0.00431405
0.00431405
0.00431405
0.00431405
0.00431405
0.00431405
0.00431405
0.00431405
0.00431405
0.00431405
0.00431405
0.00431405
0.00431405
0.00431404
0.00431404
0.00431405
0.00431405
0.00431405
0.00431405
0.00431405
0.00431405
0.00431405
0.00431405
0.00431405
0.00341167
0.00396633
0.00396282
0.00431405
0.00431405
0.00431405
0.00431405
0.00431405
0.00431405
0.00431405
0.00431405
0.00431405
0.00431404
0.00431314
0.00431334
0.00406076
0.00430771
0.0043077
0.00431405
0.00431405
0.00431405
0.00431405
0.00431405
0.00431405
0.00431405
0.00431405
0.00431405
0.00431405
0.00431405
0.00431405
0.00431405
0.00431402
0.00431403
0.00430983
0.00402959
0.0040277
0.00420197
0.00431392
0.00431395
0.00431405
0.00431405
0.00431405
0.00431404
0.00431404
0.00431405
0.00431405
0.00431405
0.00431405
0.00431405
0.00431405
0.00431405
0.00431405
0.00431405
0.00431405
0.00431405
0.00431405
0.00431405
0.00431405
0.00431405
0.00431405
0.00431405
0.00431405
0.00431405
0.00431405
0.00431405
0.00431405
0.00431405
0.00431405
0.00431405
0.00431405
0.00431405
0.00431405
0.00431405
0.00431405
0.00431405
0.00431405
0.00431405
0.00431405
0.00431405
0.00431405
0.00431405
0.00430884
0.00431272
0.00431277
0.00431405
0.00431405
0.00431405
0.00360988
0.00361059
0.00328184
0.00431405
0.00431405
0.00431405
0.00431405
0.00431405
0.00431404
0.00431398
0.00431399
0.00431397
0.00431386
0.00431396
0.00431397
0.00431246
0.00431349
0.00431346
0.00431343
0.0043134
0.00431211
0.00431396
0.00431396
0.00431371
0.00431064
0.00430053
0.00430001
0.00429944
0.00429881
0.0043102
0.00431265
0.00431274
0.00431371
0.00431405
0.00431405
0.00431405
0.00431405
0.00431405
0.00431405
0.00431405
0.00431405
0.00431405
0.00431185
0.00431349
0.00431352
0.00431324
0.00431329
0.00431108
0.00431405
0.00431405
0.00431405
0.00431405
0.00431405
0.00431405
0.00431405
0.00431405
0.00431405
0.00431405
0.00431405
0.00431405
0.00431052
0.00431314
0.00431319
0.00431282
0.00431288
0.00430949
0.00431378
0.00431398
0.00431397
0.004314
0.004314
0.00431387
0.00431391
0.00431401
0.00431401
0.00431405
0.00431405
0.00431405
0.00431405
0.00431405
0.00431405
0.00431405
0.00431405
0.00431405
0.00431405
0.00431405
0.00431405
0.0042805
0.0042959
0.00429464
0.00430137
0.00430065
0.00428936
0.00391897
0.00407875
0.00408967
0.00399659
0.00401174
0.00380803
0.00431405
0.00431405
0.00431405
0.00431404
0.00431404
0.00431405
0.00431405
0.00431405
0.00431405
0.00429337
0.00430265
0.00430205
0.00431403
0.00431404
0.00431404
0.00431405
0.00431405
0.00431405
0.0040405
0.00414892
0.00415546
0.00409993
0.00410912
0.00397078
0.00431405
0.00431405
0.00431405
0.00431405
0.00431405
0.00431405
0.00431405
0.00431405
0.00431405
0.00431405
0.00431405
0.00431405
0.00431404
0.00431402
0.00431403
0.004314
0.00431401
0.00431404
0.00431394
0.00431363
0.00431362
0.00431366
0.00431365
0.00431395
0.00431405
0.00431404
0.00431405
0.00431404
0.00431404
0.00431405
0.00431404
0.00431401
0.00431401
0.00431373
0.00431282
0.00431288
0.00431405
0.00431405
0.00431405
0.00431405
0.00431405
0.00431405
0.00431405
0.00431405
0.00431405
0.00431405
0.00431405
0.00431405
0.00431405
0.00431405
0.00431405
0.00431405
0.00431405
0.00431405
0.00431405
0.00431405
0.00431405
0.00431405
0.00431405
0.00431405
0.00431405
0.00431405
0.00431405
0.00431405
0.00431405
0.00431405
0.00431405
0.00431405
0.00431405
0.00431405
0.00431405
0.00431405
0.00431405
0.00431405
0.00431405
0.00431405
0.00431405
0.00431405
0.00431405
0.00431405
0.00431405
0.00431405
0.00431405
0.00431405
0.00431405
0.00431405
0.00431405
0.00431405
0.00431405
0.00431405
0.00431405
0.00431405
0.00431405
0.00431405
0.00431405
0.00431405
0.00431405
0.00431405
0.00431405
0.00431405
0.00431405
0.00431405
0.00431405
0.00431405
0.00431405
0.00431299
0.00431391
0.00431392
0.00431391
0.00431391
0.00431298
0.0039838
0.00397518
0.00344599
0.00426237
0.00417273
0.00417717
0.00417252
0.00417214
0.00426256
0.00431405
0.00431405
0.00431405
0.00431405
0.00431405
0.00431405
0.00431405
0.00431405
0.00431405
0.00431405
0.00431405
0.00431405
0.00431259
0.00431288
0.00431404
0.00376803
0.0042518
0.00424992
0.00425749
0.00425451
0.00376293
0.00430768
0.0043077
0.00406569
0.00431405
0.00431397
0.00431397
0.00431398
0.00431398
0.00431405
0.00431405
0.00431405
0.00431405
0.00431404
0.00431405
0.00431405
0.00431405
0.00431405
0.00431404
0.00431405
0.00431405
0.00431405
0.00431405
0.00431405
0.00431405
0.00431404
0.00431405
0.00431405
0.00431405
0.00431405
0.00431404
0.00431403
0.00431404
0.00431404
0.00431404
0.00431404
0.00431403
0.00431404
0.00431405
0.00431405
0.00431405
0.00431405
0.00431404
0.0043131
0.00431393
0.00431391
0.00431397
0.00431398
0.00431341
0.00431405
0.00431404
0.00431404
0.00336692
0.00336791
0.00315011
0.00301271
0.00352246
0.0035052
0.00431405
0.00431405
0.00431405
0.00431405
0.00431405
0.00431405
0.00431405
0.00431405
0.00431405
0.00431405
0.00431405
0.00431405
0.00431405
0.00431405
0.00431405
0.00431405
0.00431405
0.00431405
0.00431405
0.00431405
0.00431405
0.00431405
0.00431405
0.00431405
0.00431405
0.00431405
0.00431405
0.00431405
0.00431405
0.00431405
0.00431405
0.00431405
0.00431405
0.00431403
0.00431404
0.00431404
0.00431403
0.00431404
0.00431402
0.00431405
0.00431405
0.00431405
0.00431405
0.00431405
0.00431405
0.00431405
0.00431405
0.00431405
0.00431405
0.00431405
0.00431405
0.00431405
0.00431405
0.00431405
0.00431405
0.00431405
0.00431405
0.00431405
0.00431405
0.00431405
0.00431405
0.00431405
0.00431405
0.00431405
0.00431405
0.00431405
0.00431261
0.00431266
0.00430863
0.00431396
0.00431369
0.00431367
0.00431371
0.0043137
0.00431396
0.00431405
0.00431405
0.00431405
0.00430301
0.0043093
0.00430888
0.00431001
0.00430967
0.00430379
0.0039659
0.00396345
0.00350132
0.00430143
0.00422199
0.00422314
0.00407221
0.00386607
0.00386319
0.00386871
0.00386801
0.00407324
0.00328881
0.00361094
0.00361196
0.00430191
0.00430223
0.00431236
0.00381837
0.00423184
0.00422973
0.00431397
0.00431404
0.00431404
0.00431404
0.00431404
0.00431392
0.00431405
0.00431405
0.00431405
0.00431404
0.00431405
0.00431404
0.00431376
0.00431395
0.0043139
0.004314
0.00431398
0.00431388
0.00431404
0.00431405
0.00431405
0.00431405
0.00431405
0.00431404
0.00431392
0.00431394
0.00431381
0.00431405
0.00431405
0.00431405
0.00431405
0.00431405
0.00431404
0.00431404
0.00431404
0.00431404
0.00431404
0.00431404
0.00431404
0.00431403
0.00431404
0.00431404
0.00431404
0.00431404
0.00431403
0.0041753
0.00425717
0.00425961
0.00425225
0.00425475
0.00416922
0.0041516
0.00424719
0.00424979
0.00424142
0.00424443
0.0041451
0.00431404
0.00431405
0.00431405
0.00431355
0.00431352
0.00431256
0.004312
0.00431336
0.00431333
0.00431404
0.00431405
0.00431405
0.00431405
0.00431405
0.00431404
0.00430587
0.00431059
0.00431032
0.00431107
0.00431085
0.00430647
0.00431404
0.00431402
0.00431402
0.00431402
0.00431402
0.00431404
0.00431368
0.00431395
0.00431394
0.00430136
0.00430099
0.00431075
0.00420513
0.00426905
0.00427038
0.00426544
0.00426734
0.00420148
0.00418247
0.00425499
0.0042556
0.00426903
0.00425876
0.00418698
0.00431293
0.00431294
0.00431377
0.00430406
0.0043102
0.00431021
0.00431037
0.00431024
0.0043042
0.00431405
0.00431405
0.00431405
0.00431405
0.00431405
0.00431405
0.00431342
0.00431346
0.00431171
0.00431125
0.00431334
0.00431338
0.00431405
0.00431405
0.00431405
0.00431405
0.00431405
0.00431405
0.00431405
0.00431405
0.00431405
0.00431405
0.00431405
0.00431405
0.00431303
0.00431308
0.00431032
0.0043097
0.00431293
0.00431298
0.00431399
0.00431398
0.0043138
0.00431385
0.00431399
0.00431399
0.00431405
0.00431405
0.00431405
0.00431405
0.00431405
0.00431405
0.00431405
0.00431405
0.00431405
0.00431405
0.00431405
0.00431405
0.00431405
0.00431405
0.00431405
0.00431405
0.00431405
0.00431405
0.00431405
0.00431405
0.00431405
0.00431405
0.00431405
0.00431405
0.00431405
0.00431405
0.00431405
0.00431405
0.00431405
0.00431405
0.00431405
0.00431405
0.00431405
0.00431405
0.00431405
0.00431405
0.00431405
0.00431405
0.00431405
0.00431405
0.00431405
0.00431405
0.00431405
0.00431405
0.00431404
0.00431405
0.00431405
0.00431405
0.00429908
0.00430731
0.00430668
0.00430841
0.00430788
0.00430014
0.00429807
0.00429706
0.00428262
0.00428783
0.00429985
0.00429901
0.00431284
0.00431362
0.00431347
0.00431383
0.00431374
0.00431312
0.00430965
0.00431253
0.00431207
0.00431326
0.00431294
0.00431089
0.00426197
0.00426419
0.00419377
0.00412028
0.00423461
0.00423814
0.00422786
0.00423131
0.00411171
0.00405345
0.00406644
0.00389752
0.00382937
0.00402585
0.00403987
0.00378376
0.00393792
0.00394777
0.00391942
0.00392926
0.00377406
0.00383162
0.00397432
0.00397618
0.00395665
0.0039664
0.00381948
0.00422305
0.00426045
0.00425729
0.00426454
0.00426302
0.00422695
0.0042972
0.00430995
0.00431047
0.0039343
0.00391674
0.0037795
0.00422634
0.00426173
0.0042619
0.00431405
0.00431405
0.00431405
0.00431405
0.00431405
0.00431405
0.00431405
0.00431405
0.00431405
0.00431405
0.00431405
0.00431405
0.00431405
0.00431405
0.00431405
0.00431405
0.00431405
0.00431405
0.00431405
0.00431405
0.00431405
0.00425656
0.00425741
0.00418647
0.00431405
0.00431405
0.00431404
0.00431405
0.00431405
0.00431405
0.00413416
0.00414168
0.00402746
0.0039855
0.00411795
0.0041262
0.00431405
0.00431405
0.00431405
0.00431405
0.00431405
0.00431405
0.00431405
0.00431405
0.00431405
0.00431405
0.00431405
0.00431405
0.00431405
0.00431405
0.00431405
0.00431405
0.00431405
0.00431405
0.00431405
0.00431405
0.00431405
0.00431405
0.00431405
0.00431405
0.00431405
0.00431405
0.00431405
0.00431405
0.00431405
0.00431405
0.00431405
0.00431405
0.00431405
0.00431405
0.00431405
0.00431405
0.00431405
0.00431405
0.00431405
0.00431405
0.00431405
0.00431405
0.00431405
0.00431405
0.00431405
0.00431405
0.00431405
0.00431405
0.00431405
0.00431405
0.00431405
0.00431405
0.00431403
0.00431403
0.00431405
0.00431405
0.00431405
0.00431405
0.00431405
0.00431405
0.00431405
0.00431405
0.00431405
0.00431405
0.00431405
0.00431405
0.00431405
0.00431405
0.00431405
0.00431405
0.00431397
0.004314
0.00430917
0.00403431
0.00403135
0.00420518
0.00431386
0.0043139
0.00431405
0.00431405
0.00431405
0.00431403
0.00431404
0.00431405
0.00431405
0.00431405
0.00431405
0.00431405
0.00431405
0.00431405
0.00431405
0.00431405
0.00431405
0.00351007
0.00396251
0.00396294
0.00423506
0.00423363
0.00383302
0.00429368
0.00429346
0.004308
0.00431377
0.00431294
0.00431298
0.00431405
0.00431405
0.00431405
0.00431405
0.00431405
0.00431405
0.00431402
0.00431402
0.00431395
0.00431265
0.00431369
0.00431371
0.00431355
0.00431358
0.00431221
0.00431405
0.00431405
0.00431405
0.00431405
0.00431405
0.00431405
0.00431405
0.00431405
0.00431405
0.00431405
0.00431405
0.00431405
0.00431405
0.00431405
0.00431405
0.00431405
0.00431405
0.00431405
0.00431405
0.00431405
0.00431405
0.00431405
0.00431405
0.00431405
0.00431405
0.00431405
0.00431405
0.00431405
0.00431405
0.00431405
0.00431405
0.00431405
0.00431405
0.00431405
0.00431405
0.00431405
0.00431405
0.00431405
0.00431405
0.00431405
0.00431405
0.00431405
0.00431405
0.00431405
0.00431405
0.00431405
0.00431405
0.00431405
0.00431405
0.00431405
0.00431405
0.00431405
0.00431405
0.00431405
0.00431405
0.00431405
0.00431405
0.00431405
0.00431405
0.00431405
0.00431405
0.00431405
0.00431405
0.00431405
0.00431405
0.00431405
0.00431405
0.00431405
0.00431405
0.00431405
0.00431405
0.00431405
0.00431405
0.00431405
0.00431405
0.00431405
0.00431405
0.00431405
0.00431405
0.00431405
0.00431405
0.00431405
0.00431405
0.00431405
0.00431405
0.00431405
0.00431405
0.00431405
0.00431405
0.00431405
0.00431405
0.00431405
0.00431405
0.00431405
0.00431405
0.00431405
0.00431405
0.00431405
0.00431405
0.00431405
0.00431405
0.00431405
0.00431405
0.00431405
0.00431405
0.00431405
0.00431405
0.00431405
0.00431405
0.00431405
0.00431405
0.00431403
0.00431403
0.00431405
0.00431405
0.00431405
0.00431405
0.00431405
0.00431405
0.00431405
0.00431405
0.00431405
0.00431405
0.00431404
0.00431405
0.00431405
0.00431405
0.00431405
0.00431405
0.00431405
0.00431405
0.00431405
0.00431405
0.00431405
0.00431405
0.00431405
0.00431405
0.00431405
0.00431405
0.00431405
0.00431405
0.00431405
0.00431405
0.00431405
0.00431405
0.00431405
0.00431405
0.00431405
0.00431405
0.00431405
0.00431405
0.00431405
0.00431405
0.00431405
0.00431405
0.00431405
0.00431392
0.00431392
0.00431298
0.00421838
0.0042206
0.00430129
0.0043124
0.00430251
0.00430275
0.00431392
0.00431404
0.00431404
0.00431405
0.00431405
0.00431405
0.00431405
0.00431405
0.00431405
0.00431405
0.00431405
0.00431404
0.00430875
0.00429545
0.00430079
0.00431405
0.00431405
0.00431405
0.00431405
0.00431405
0.00431405
0.00431405
0.00431405
0.00431405
0.00431405
0.00431405
0.00431405
0.00431405
0.00431405
0.00431405
0.00431405
0.00431405
0.00431405
0.00431399
0.00431379
0.00431378
0.00431397
0.00431374
0.00431373
0.00431377
0.00431375
0.00431398
0.00431404
0.00431403
0.00431403
0.00431402
0.00431403
0.00431404
0.00431403
0.00431403
0.00431404
0.00431401
0.00431401
0.00431392
0.00431394
0.00431402
0.00431402
0.00431405
0.00431405
0.00431405
0.00431405
0.00431405
0.00431405
0.00431365
0.00431367
0.00431258
0.00431231
0.00431361
0.00431363
0.00431405
0.00431405
0.00431405
0.00431405
0.00431405
0.00431405
0.00431405
0.00431405
0.00431405
0.00431405
0.00431405
0.00431405
0.00431405
0.00431405
0.00431405
0.00431405
0.00431405
0.00431405
0.00431405
0.00431405
0.00431405
0.00431405
0.00431405
0.00431405
0.00431405
0.00431405
0.00431405
0.00431405
0.00431405
0.00431405
0.00431405
0.00431405
0.00431405
0.00431405
0.00431405
0.00431405
0.00431405
0.00431405
0.00431405
0.00431405
0.00431405
0.00431405
0.00431405
0.00431405
0.00431405
0.00431405
0.00431405
0.00431405
0.00431405
0.00431405
0.00431405
0.00431405
0.00431405
0.00431405
0.00431405
0.00431405
0.00431405
0.00431405
0.00431405
0.00431405
0.00431405
0.00431405
0.00431405
0.00431405
0.00431405
0.00431405
0.00431405
0.00431405
0.00431405
0.00431405
0.00431405
0.00431405
0.00431405
0.00431405
0.00431405
0.00431405
0.00431405
0.00431405
0.00431405
0.00431405
0.00431405
0.00431405
0.00431405
0.00431405
0.00431405
0.00431405
0.00431405
0.00431405
0.00431405
0.00431405
0.00431402
0.00431184
0.00431228
0.00408141
0.00430757
0.00430764
0.00431405
0.00431405
0.00431405
0.00431405
0.00431405
0.00431405
0.00431405
0.00431405
0.00431405
0.00431405
0.00431405
0.00431405
0.00431405
0.00431405
0.00431405
0.00431405
0.00431405
0.00431405
0.00431405
0.00431405
0.00431405
0.00431405
0.00431405
0.00431405
0.00431405
0.00431405
0.00431405
0.00431405
0.00431405
0.00431405
0.00431405
0.00431405
0.00431405
0.00431405
0.00431405
0.00431405
0.00431405
0.00431405
0.00431405
0.00431405
0.00431405
0.00431405
0.00431405
0.00431405
0.00431405
0.00431405
0.00431405
0.00431405
0.00431405
0.00431405
0.00431405
0.00431405
0.00431405
0.00431405
0.00431405
0.00431405
0.00431405
0.00431405
0.00431405
0.00431405
0.00424945
0.00424939
0.00378675
0.00431397
0.00431397
0.00431405
0.00431405
0.00431405
0.00431405
0.00431405
0.00431405
0.00431405
0.00431405
0.00431405
0.00431405
0.00413612
0.00354419
0.00254114
0.00413167
0.00353391
0.00252965
0.00407892
0.00344654
0.00246983
0.00407553
0.00344214
0.00246902
0.00227955
0.00190713
0.00168967
0.00430639
0.00416186
0.00308978
0.00409431
0.00339383
0.00220065
0.00406482
0.00333627
0.00216522
0.00227359
0.00190567
0.00168929
0.00295509
0.00249535
0.00198136
0.00430469
0.00413943
0.00303397
0.00415526
0.00356919
0.0025398
0.00415825
0.00357383
0.00254045
0.00411015
0.00350161
0.00251419
0.00410859
0.00350248
0.00251998
0.00403982
0.00338493
0.00242756
0.00404478
0.00339537
0.00243704
0.00289896
0.00230448
0.001787
0.00292797
0.00238922
0.00180134
0.00284874
0.00248196
0.00197478
0.00431296
0.00427369
0.00361942
0.00423864
0.00376334
0.00257056
0.00424819
0.00379882
0.00259198
0.0042354
0.00375156
0.00256332
0.00414309
0.00354994
0.00253306
0.00412364
0.0035243
0.00253021
0.00409268
0.00347503
0.00249648
0.00406038
0.00341821
0.00244548
0.00390953
0.00319417
0.00230232
0.00430122
0.0040665
0.00290895
0.0022443
0.001908
0.00169123
0.00289156
0.00236853
0.0017983
0.00292874
0.00240314
0.00180847
0.00340041
0.0026366
0.00192904
0.00281125
0.00211284
0.00173112
0.00286838
0.00214381
0.00173868
0.00294234
0.00218564
0.00174736
0.00289293
0.002158
0.00174091
0.00305245
0.00225247
0.00176298
0.0029635
0.00219823
0.00175059
0.00303413
0.00224116
0.00176
0.00279763
0.00210599
0.00172952
0.00274327
0.00207842
0.00172422
0.00267716
0.00204771
0.00171775
0.0027268
0.00207044
0.00172217
0.00254055
0.00199136
0.00170473
0.00258973
0.00200972
0.00170919
0.00265813
0.00203873
0.00171546
0.00261066
0.00201944
0.00171131
0.00251965
0.001982
0.00170318
0.00225133
0.00188065
0.00168227
0.00224399
0.00188937
0.00168527
0.00286404
0.00232411
0.00178947
0.00425113
0.00381033
0.00259978
0.00426166
0.00385638
0.00262303
0.00426454
0.00387025
0.00263488
0.00414678
0.00355707
0.00253847
0.00416808
0.00359319
0.00255475
0.00412047
0.00351912
0.00252673
0.00409516
0.00347707
0.00249433
0.00402748
0.00336521
0.00241024
0.00405574
0.0034101
0.00244016
0.00385131
0.0031141
0.00222993
0.00388146
0.00315325
0.0022813
0.00385789
0.00312423
0.00224024
0.00390196
0.00318375
0.00228863
0.00388566
0.00315867
0.0022867
0.00374291
0.00296388
0.00213585
0.00366476
0.00287832
0.00205827
0.00365236
0.00286722
0.00204536
0.00338169
0.00262065
0.00191952
0.00332936
0.00258733
0.00193114
0.00418487
0.00362444
0.00255033
0.00418726
0.00362689
0.00254405
0.00413784
0.00354389
0.00253536
0.00418175
0.0036184
0.00254914
0.00417766
0.00360773
0.00253932
0.00412818
0.0035277
0.00252523
0.00408323
0.00345418
0.00247551
0.00401153
0.0033409
0.00241257
0.00401432
0.00334306
0.00241114
0.00407292
0.0034402
0.00247139
0.00400599
0.00333037
0.00240106
0.00400027
0.0033198
0.00238994
0.0022679
0.0019586
0.00170788
0.00229514
0.00194605
0.00170155
0.00228095
0.00190711
0.00168983
0.00225992
0.0019919
0.00172004
0.00233129
0.0020454
0.00173349
0.00430748
0.0041757
0.00313967
0.00361225
0.00282346
0.0020343
0.00359863
0.00281162
0.00202068
0.00412257
0.00345134
0.002237
0.00423825
0.00376388
0.00250734
0.00404112
0.00328949
0.0021346
0.00226491
0.00190306
0.00168864
0.00295621
0.0024758
0.00194269
0.00430248
0.00411699
0.00299545
0.00420435
0.00366707
0.0025637
0.00415289
0.00356721
0.0025434
0.00416181
0.00358088
0.00254492
0.00411264
0.00350394
0.00251281
0.00410297
0.00349103
0.00250515
0.00403532
0.00337844
0.00242373
0.00404882
0.00340151
0.00244046
0.00397871
0.00328942
0.00236646
0.00362176
0.00283298
0.00204496
0.00363252
0.00284747
0.00203549
0.00431283
0.00426702
0.00347427
0.00431226
0.00424597
0.00335732
0.00291134
0.00233236
0.00179186
0.00292147
0.00236386
0.00179688
0.00424255
0.00377974
0.00258878
0.00424547
0.00378981
0.00259225
0.00423071
0.00373867
0.0025808
0.00419372
0.00364002
0.00254492
0.00419024
0.00363211
0.00254213
0.0041401
0.00354548
0.00253197
0.00416961
0.00359405
0.00255413
0.00417443
0.00360088
0.00253612
0.00412548
0.00352448
0.00252547
0.00408798
0.00346536
0.00248693
0.00402172
0.00335373
0.00241892
0.00401783
0.00334734
0.00241272
0.00406522
0.00342896
0.00245488
0.00399029
0.00330411
0.00237828
0.00399515
0.00331089
0.00238259
0.00392228
0.00320806
0.00232269
0.00391856
0.00320448
0.00231987
0.00227558
0.00192182
0.00169427
0.00229247
0.00193825
0.00169855
0.00226849
0.00190527
0.00168989
0.00247316
0.00212561
0.00174843
0.00241887
0.00209752
0.0017434
0.00250995
0.00213633
0.00174994
0.00291119
0.00239625
0.00181121
0.0029233
0.00240649
0.00181457
0.0043091
0.00419795
0.00320376
0.00356281
0.00277756
0.00201395
0.00357583
0.00279206
0.00200624
0.00358619
0.00280136
0.00200942
0.00417598
0.00358313
0.00234596
0.0041402
0.00349329
0.00227291
0.00419725
0.00364056
0.00239414
0.00421549
0.00369579
0.00244975
0.00400429
0.00322053
0.00208867
0.00348548
0.00258409
0.00184047
0.00282763
0.00212136
0.00173324
0.00284659
0.00213151
0.00173583
0.00292391
0.00217483
0.00174464
0.00290839
0.00216593
0.0017425
0.00298764
0.00221304
0.00175414
0.00301489
0.00222998
0.00175727
0.00278456
0.00210028
0.00172843
0.00276259
0.00208844
0.00172662
0.00269892
0.00205867
0.00171964
0.00271341
0.00206463
0.00172072
0.00255503
0.00199587
0.00170567
0.00257135
0.00200209
0.00170718
0.00264191
0.00203169
0.00171363
0.0026293
0.00202759
0.0017126
0.00249881
0.00197277
0.00170104
0.00225429
0.00189878
0.00168764
0.00283242
0.00227649
0.00177952
0.00425924
0.00384619
0.00262013
0.00425403
0.00382307
0.00261482
0.00426762
0.00388669
0.00265702
0.00419771
0.00365067
0.00255301
0.00420166
0.0036619
0.00256339
0.00415122
0.00356781
0.00255046
0.004166
0.00359123
0.0025559
0.00411606
0.00350962
0.00251664
0.00409858
0.00348231
0.00249698
0.00403196
0.00337447
0.00242153
0.00405188
0.00340456
0.00243865
0.00398625
0.00329988
0.00237697
0.00398349
0.00329832
0.00237754
0.00397275
0.00327614
0.00237214
0.00384619
0.00310608
0.00222496
0.00387616
0.0031451
0.00227264
0.00386615
0.00313473
0.00225415
0.00389155
0.00316695
0.00227336
0.00389634
0.00317372
0.00227842
0.0036778
0.00289049
0.00207253
0.00364139
0.00285682
0.00203708
0.00336246
0.00260639
0.00191186
0.00334473
0.00259598
0.00190975
0.00431351
0.00428805
0.00368842
0.00431382
0.00430007
0.00386378
0.00431381
0.00430004
0.00387727
0.0027862
0.0022134
0.00177312
0.00281129
0.00225312
0.00179406
0.00382068
0.00295201
0.00196687
0.00360725
0.00270511
0.00187687
0.00385153
0.00299268
0.00198286
0.00357252
0.00267124
0.0018683
0.00232256
0.0019051
0.00168686
0.00228388
0.00189394
0.00168489
0.00225951
0.0018914
0.00168505
0.00227646
0.00189134
0.00168434
0.00226116
0.00189124
0.00168498
0.0032158
0.00253369
0.00200981
0.00428964
0.00400944
0.00279295
0.0042863
0.00398894
0.00275632
0.00371205
0.00292473
0.00210274
0.00377625
0.00300556
0.00216621
0.00377039
0.0029966
0.00216031
0.00370632
0.00291707
0.00209932
0.00369058
0.0029026
0.00208818
0.00430842
0.00414643
0.00306646
0.00431034
0.0041896
0.00315892
0.00268741
0.00229187
0.00197352
0.00347598
0.00269709
0.00196914
0.00252388
0.00199356
0.00171593
0.00255432
0.00201663
0.00172677
0.00272516
0.00235751
0.00180563
0.0027284
0.00214266
0.00175403
0.00288056
0.00235572
0.00184423
0.00422519
0.00372241
0.0025703
0.00392611
0.00321277
0.00232754
0.00393203
0.00322059
0.00231437
0.00395065
0.00324741
0.00234807
0.00329102
0.00254999
0.00191051
0.00427376
0.00390513
0.00267649
0.00269138
0.00230903
0.00179566
0.00431117
0.0042337
0.00335019
0.00430997
0.00421324
0.00327083
0.00353216
0.00274857
0.00199935
0.0034573
0.00268192
0.00195553
0.00352308
0.00273997
0.00199894
0.00351141
0.00272645
0.00200316
0.00425101
0.00381104
0.00256338
0.00368846
0.00279268
0.00190712
0.00372118
0.00282918
0.00191933
0.00397196
0.0031697
0.00206714
0.00394128
0.00312204
0.00204371
0.0023105
0.00190191
0.00168651
0.00230298
0.00189868
0.0016858
0.00225272
0.00188616
0.00168377
0.00222545
0.00188015
0.00168333
0.00256229
0.00200164
0.00171398
0.00268955
0.00225526
0.00177909
0.00260967
0.00202906
0.00171928
0.00276155
0.00235989
0.00181935
0.00273155
0.00214431
0.00175759
0.00290373
0.00239094
0.00186898
0.00429668
0.004063
0.00287319
0.0042983
0.00407685
0.00290127
0.00421217
0.0036857
0.00255658
0.00422121
0.00370866
0.00255734
0.00420711
0.00367432
0.00257137
0.00396815
0.00326816
0.00236311
0.00395507
0.00325253
0.00235248
0.00373494
0.00295448
0.00212426
0.00327747
0.00253534
0.00189212
0.00287439
0.00224701
0.00177513
0.00275967
0.00217012
0.0017577
0.00283505
0.00228907
0.0018105
0.00330882
0.00257746
0.00196816
0.00331277
0.00257139
0.00195905
0.00330404
0.00257912
0.00196326
0.00329863
0.00257456
0.00194946
0.00378135
0.00289787
0.00194124
0.00278046
0.00216222
0.00175706
0.0027992
0.00217396
0.00175948
0.00363578
0.00273398
0.00188573
0.00388949
0.00304271
0.00200102
0.00354222
0.00264162
0.00186001
0.00336681
0.0024842
0.00181872
0.00339492
0.00250776
0.00182506
0.00316195
0.00232866
0.00177966
0.00318147
0.00234177
0.00178317
0.00334217
0.00246312
0.00181292
0.00332175
0.00244735
0.0018081
0.00313175
0.00230757
0.00177611
0.00310732
0.00229105
0.00177251
0.00232415
0.0019051
0.00168705
0.0023406
0.00191034
0.00168794
0.00241728
0.00193943
0.00169364
0.00240666
0.00193578
0.0016929
0.00242916
0.0019437
0.00169458
0.00244248
0.00194925
0.00169591
0.00232009
0.00190587
0.00168728
0.0022899
0.00189549
0.0016852
0.00225776
0.00189064
0.00168486
0.00226613
0.00188724
0.0016834
0.00225739
0.00188731
0.00168415
0.00274194
0.00213846
0.00175146
0.00276114
0.00215196
0.00175475
0.00429149
0.00402182
0.00280921
0.00429338
0.00403602
0.00283655
0.00428265
0.00396601
0.00274437
0.0038354
0.00308823
0.00223032
0.00384024
0.00309524
0.00223672
0.00371883
0.00293435
0.00210811
0.00382994
0.00308061
0.0022235
0.00381838
0.00306921
0.00220468
0.00378198
0.00301545
0.00217263
0.00376277
0.00298705
0.00214869
0.00326594
0.00253902
0.00194844
0.00288662
0.00226804
0.00177918
0.00284598
0.00221201
0.00176762
0.00286053
0.00222824
0.00177112
0.00431346
0.00428748
0.00373374
0.0043126
0.00426395
0.00353061
0.00431176
0.00424577
0.00342818
0.00349455
0.00271229
0.00198498
0.00252815
0.00199231
0.00171307
0.0025372
0.00199512
0.00171261
0.0026092
0.00206658
0.00174782
0.00267137
0.00219388
0.00177854
0.00273232
0.00213123
0.00175032
0.00285784
0.00232239
0.00182576
0.00422862
0.00373401
0.00258185
0.00393652
0.00322713
0.00232019
0.00394219
0.0032371
0.00233156
0.00332661
0.00258653
0.00199912
0.00332157
0.00257966
0.00198203
0.00329522
0.00255958
0.0019251
0.00428411
0.0039591
0.00274967
0.00429548
0.00402097
0.00282993
0.00266782
0.00230834
0.00178262
0.00262009
0.0021979
0.0017621
0.00283099
0.00219787
0.00176457
0.00281544
0.00218527
0.00176187
0.0035424
0.00275816
0.00200232
0.00355293
0.0027681
0.00200643
0.00342344
0.00265564
0.00193383
0.00343933
0.00266719
0.00194377
0.00365987
0.00276057
0.00189575
0.00375733
0.00286926
0.00193105
0.00391425
0.00307943
0.00202113
0.00351727
0.00261723
0.00185312
0.00346041
0.00256256
0.00183706
0.00342638
0.00253422
0.00183157
0.00322776
0.00237624
0.00179244
0.00320292
0.00235782
0.00178749
0.00325576
0.0023972
0.00179783
0.00328717
0.002421
0.00180332
0.00307309
0.00226591
0.00176491
0.002373
0.00192268
0.00169043
0.00235721
0.00191629
0.00168909
0.00238727
0.00192915
0.00169176
0.00239784
0.00193322
0.00169246
0.00247688
0.00196293
0.00169835
0.00248607
0.00196628
0.00169884
0.00246931
0.00196157
0.00169821
0.00245712
0.00195634
0.00169742
0.00231816
0.00190649
0.00168741
0.00229618
0.00189697
0.00168548
0.0022554
0.00188916
0.00168447
0.00224711
0.00187612
0.00168152
0.0022446
0.00188143
0.00168309
0.00267034
0.00216392
0.00174959
0.00264368
0.00206396
0.00172685
0.0027853
0.00231417
0.00178645
0.00273408
0.00213488
0.00175077
0.00292093
0.00241748
0.00188479
0.0043001
0.00409387
0.00294641
0.00427749
0.00393636
0.00269907
0.00428073
0.00395523
0.00273208
0.00427492
0.00392116
0.00267987
0.00427116
0.00390332
0.00268606
0.00421459
0.00369026
0.00255163
0.00421766
0.00369804
0.00255174
0.00396323
0.00326128
0.00235715
0.00395883
0.00325603
0.00235378
0.00372665
0.00294442
0.0021151
0.00380017
0.00304842
0.00217708
0.00380848
0.00305867
0.00218868
0.00378751
0.0030248
0.00218046
0.00379409
0.00303917
0.00217131
0.00375358
0.00297816
0.00213573
0.00327163
0.00252684
0.00189919
0.00431374
0.00429693
0.00383307
)
;

boundaryField
{
    topAndBottom
    {
        type            calculated;
        value           nonuniform List<scalar> 
72
(
0.00431405
0.00431405
0.00431405
0.00431405
0.00431405
0.00431405
0.00431405
0.00431405
0.00431405
0.00431405
0.00431405
0.00431405
0.00431405
0.00431405
0.00431405
0.00431405
0.00431405
0.00431405
0.00431405
0.00431405
0.00431405
0.00431405
0.00431405
0.00431405
0.00431405
0.00431405
0.00431405
0.00431405
0.00431405
0.00431405
0.00431405
0.00431405
0.00431405
0.00431405
0.00431405
0.00431405
0.00431405
0.00431405
0.00431405
0.00431405
0.00431405
0.00431405
0.00431405
0.00431405
0.00431405
0.00431405
0.00431405
0.00431405
0.00431405
0.00431405
0.00431405
0.00431405
0.00431405
0.00431405
0.00431405
0.00431405
0.00431405
0.00431405
0.00431405
0.00431405
0.00431405
0.00431405
0.00431405
0.00431405
0.00431405
0.00431405
0.00431405
0.00431405
0.00431405
0.00431405
0.00431405
0.00431405
)
;
    }
    inlet
    {
        type            calculated;
        value           uniform 0.00431405;
    }
    outlet
    {
        type            calculated;
        value           nonuniform List<scalar> 
24
(
0.00431405
0.00431405
0.00431405
0.00431405
0.00431405
0.00431405
0.00431405
0.00431405
0.00431404
0.0043138
0.00430612
0.00418198
0.00426366
0.00431393
0.00431405
0.00431405
0.00431405
0.00431405
0.00431405
0.00431405
0.00431405
0.00431405
0.00431405
0.00431405
)
;
    }
    wing
    {
        type            calculated;
        value           uniform 0.00160882;
    }
    front
    {
        type            empty;
    }
    back
    {
        type            empty;
    }
}


// ************************************************************************* //
