/*--------------------------------*- C++ -*----------------------------------*\
| =========                 |                                                 |
| \\      /  F ield         | OpenFOAM: The Open Source CFD Toolbox           |
|  \\    /   O peration     | Version:  5.x                                   |
|   \\  /    A nd           | Web:      www.OpenFOAM.org                      |
|    \\/     M anipulation  |                                                 |
\*---------------------------------------------------------------------------*/
FoamFile
{
    version     2.0;
    format      ascii;
    class       volScalarField;
    location    "300";
    object      xf;
}
// * * * * * * * * * * * * * * * * * * * * * * * * * * * * * * * * * * * * * //

dimensions      [0 0 0 0 0 0 0];

internalField   nonuniform List<scalar> 
6584
(
0.159242
0.159242
0.159242
0.159242
0.159242
0.159242
0.159243
0.159243
0.159243
0.159243
0.159243
0.159243
0.159243
0.159243
0.159243
0.159243
0.159243
0.159243
0.159242
0.159242
0.159242
0.159242
0.159242
0.159242
0.159068
0.159069
0.159069
0.159069
0.159069
0.159069
0.159069
0.15907
0.15907
0.15907
0.15907
0.15907
0.15907
0.15907
0.15907
0.15907
0.15907
0.15907
0.159069
0.159069
0.159069
0.159069
0.159069
0.159068
0.158895
0.158895
0.158895
0.158895
0.158895
0.158895
0.158896
0.158897
0.158897
0.158984
0.158984
0.158984
0.158984
0.158984
0.158984
0.158897
0.158897
0.158896
0.158896
0.158895
0.158895
0.158895
0.158895
0.158895
0.158721
0.158721
0.158721
0.158722
0.158722
0.158722
0.158723
0.158724
0.158724
0.15881
0.15881
0.15881
0.15881
0.15881
0.15881
0.158811
0.158723
0.158723
0.158722
0.158722
0.158722
0.158722
0.158721
0.158721
0.158547
0.158548
0.158548
0.158548
0.158548
0.158549
0.158549
0.158549
0.158637
0.158637
0.158636
0.158635
0.158635
0.158635
0.158636
0.158637
0.158637
0.15855
0.158549
0.158549
0.158549
0.158548
0.158548
0.158548
0.158374
0.158374
0.158374
0.158375
0.158375
0.158376
0.158376
0.158462
0.158462
0.158461
0.158504
0.158502
0.158501
0.158503
0.158462
0.158464
0.158464
0.158378
0.158377
0.158376
0.158376
0.158375
0.158375
0.158374
0.158201
0.158201
0.158201
0.158202
0.158202
0.158203
0.158204
0.15829
0.158289
0.158288
0.158326
0.158343
0.15834
0.158323
0.158331
0.158292
0.158292
0.158207
0.158205
0.158204
0.158203
0.158202
0.158201
0.158201
0.158028
0.158028
0.158028
0.158029
0.15803
0.158031
0.158033
0.158118
0.158117
0.158117
0.158151
0.158159
0.158164
0.158159
0.158122
0.158122
0.158037
0.158034
0.158032
0.15803
0.158029
0.158029
0.158028
0.157854
0.157855
0.157855
0.157856
0.157857
0.157859
0.157862
0.157946
0.157947
0.157949
0.157983
0.15799
0.157996
0.157993
0.157955
0.157953
0.157868
0.157862
0.15786
0.157858
0.157857
0.157856
0.157855
0.157681
0.157682
0.157683
0.157684
0.157685
0.157687
0.157691
0.157776
0.157778
0.157783
0.157819
0.157832
0.157842
0.157832
0.157791
0.157786
0.157698
0.157692
0.157688
0.157686
0.157684
0.157683
0.157682
0.157508
0.157509
0.15751
0.157511
0.157513
0.157515
0.15752
0.157605
0.157609
0.157616
0.157656
0.157674
0.15769
0.157673
0.157626
0.157619
0.157529
0.157521
0.157517
0.157514
0.157512
0.15751
0.157509
0.157335
0.157336
0.157337
0.157339
0.157341
0.157344
0.157349
0.157435
0.157439
0.157448
0.15749
0.157511
0.157532
0.157511
0.157461
0.157451
0.157359
0.15735
0.157345
0.157341
0.157339
0.157337
0.157336
0.157162
0.157163
0.157164
0.157166
0.157169
0.157172
0.157177
0.157264
0.157269
0.157279
0.157321
0.15734
0.157364
0.157344
0.157293
0.157282
0.157189
0.157179
0.157173
0.157169
0.157166
0.157164
0.157163
0.156989
0.15699
0.156992
0.156994
0.156996
0.157
0.157006
0.157008
0.157097
0.157105
0.157145
0.157156
0.0868739
0.157163
0.157173
0.157123
0.157112
0.157018
0.157008
0.157002
0.156996
0.156993
0.156991
0.156989
0.156816
0.156817
0.156819
0.156821
0.156824
0.156828
0.156833
0.156834
0.156923
0.156931
0.15697
0.156955
0.134848
0.156984
0.156953
0.156951
0.15685
0.156845
0.156835
0.156829
0.156824
0.15682
0.156818
0.156816
0.156643
0.156644
0.156646
0.156648
0.156651
0.156655
0.156659
0.156661
0.156749
0.156758
0.156754
0.156778
0.135683
0.156766
0.156779
0.156779
0.156678
0.156672
0.156662
0.156655
0.15665
0.156646
0.156644
0.156642
0.15647
0.156471
0.156473
0.156476
0.156479
0.156482
0.156486
0.156489
0.156494
0.156586
0.15658
0.156348
0.145461
0.156589
0.156605
0.156605
0.156505
0.156499
0.156488
0.156482
0.156476
0.156472
0.15647
0.156468
0.156297
0.156298
0.1563
0.156303
0.156306
0.156309
0.156314
0.156316
0.156322
0.156324
0.156407
0.156036
0.145424
0.156412
0.156347
0.15634
0.156331
0.156326
0.156315
0.156308
0.156302
0.156298
0.156296
0.156293
0.156124
0.156125
0.156127
0.15613
0.156133
0.156136
0.156141
0.156144
0.156149
0.156151
0.156111
0.145906
0.150687
0.156156
0.156173
0.156166
0.156158
0.156153
0.156141
0.156134
0.156128
0.156124
0.156121
0.156119
0.155951
0.155952
0.155954
0.155957
0.15596
0.155963
0.155969
0.155972
0.155977
0.155979
0.15591
0.145754
0.150526
0.155979
0.155999
0.155993
0.155984
0.155979
0.155968
0.15596
0.155954
0.15595
0.155947
0.155944
0.155778
0.155779
0.155781
0.155784
0.155787
0.155791
0.155797
0.1558
0.155805
0.155806
0.155711
0.145599
0.150362
0.155802
0.155825
0.15582
0.155811
0.155805
0.155794
0.155786
0.15578
0.155776
0.155773
0.155769
0.155605
0.155606
0.155608
0.155611
0.155615
0.155618
0.155625
0.155628
0.155633
0.155633
0.155513
0.145442
0.150195
0.155625
0.155652
0.155646
0.155637
0.155632
0.15562
0.155612
0.155606
0.155601
0.155598
0.155595
0.155431
0.155433
0.155435
0.155438
0.155442
0.155446
0.155452
0.155456
0.155461
0.155461
0.155317
0.145284
0.150026
0.155448
0.155478
0.155473
0.155464
0.155458
0.155446
0.155438
0.155432
0.155427
0.155424
0.15542
0.155258
0.15526
0.155262
0.155266
0.155269
0.155273
0.15528
0.155284
0.15529
0.155288
0.155123
0.145124
0.149856
0.155271
0.155305
0.1553
0.15529
0.155285
0.155272
0.155264
0.155257
0.155252
0.155249
0.155245
0.155085
0.155087
0.155089
0.155093
0.155097
0.155101
0.155108
0.155112
0.155118
0.155116
0.15493
0.144964
0.149684
0.155093
0.155131
0.155126
0.155116
0.155111
0.155098
0.155089
0.155083
0.155078
0.155074
0.155071
0.154912
0.154914
0.154916
0.15492
0.154924
0.154929
0.154936
0.15494
0.154946
0.154943
0.154735
0.144803
0.149512
0.154916
0.154958
0.154953
0.154943
0.154937
0.154924
0.154915
0.154909
0.154903
0.1549
0.154896
0.154739
0.154741
0.154744
0.154747
0.154752
0.154756
0.154764
0.154768
0.154774
0.154771
0.154538
0.144643
0.149342
0.15474
0.154784
0.15478
0.15477
0.154764
0.154751
0.154742
0.154735
0.154729
0.154725
0.154722
0.154566
0.154568
0.154571
0.154574
0.154579
0.154584
0.154592
0.154596
0.154603
0.154598
0.154343
0.144482
0.149172
0.154564
0.154611
0.154607
0.154597
0.154591
0.154577
0.154568
0.15456
0.154555
0.154551
0.154547
0.154393
0.154395
0.154398
0.154402
0.154406
0.154412
0.15442
0.154424
0.154431
0.154426
0.154149
0.14432
0.149001
0.154388
0.154438
0.154434
0.154423
0.154417
0.154403
0.154394
0.154386
0.154381
0.154377
0.154373
0.15422
0.154222
0.154225
0.154229
0.154234
0.154239
0.154248
0.154253
0.15426
0.154253
0.153955
0.144159
0.148829
0.154212
0.154265
0.154261
0.15425
0.154244
0.15423
0.15422
0.154212
0.154206
0.154202
0.154199
0.154047
0.154049
0.154052
0.154056
0.154061
0.154067
0.154076
0.154081
0.154089
0.154081
0.153762
0.143997
0.148657
0.154036
0.154092
0.154088
0.154077
0.154071
0.154056
0.154046
0.154038
0.154032
0.154028
0.154024
0.153874
0.153876
0.153879
0.153884
0.153889
0.153895
0.153905
0.15391
0.153917
0.153908
0.153569
0.143834
0.148485
0.15386
0.153919
0.153915
0.153904
0.153897
0.153882
0.153872
0.153864
0.153858
0.153854
0.15385
0.153701
0.153704
0.153707
0.153711
0.153716
0.153723
0.153733
0.153738
0.153746
0.153735
0.153377
0.143672
0.148313
0.153684
0.153746
0.153742
0.15373
0.153724
0.153709
0.153698
0.15369
0.153683
0.153679
0.153675
0.153528
0.153531
0.153534
0.153538
0.153544
0.153551
0.153561
0.153566
0.153574
0.153563
0.153185
0.143509
0.14814
0.153508
0.153573
0.153569
0.153557
0.15355
0.153535
0.153524
0.153516
0.153509
0.153505
0.153501
0.153355
0.153358
0.153361
0.153365
0.153371
0.153379
0.15339
0.153395
0.153403
0.15339
0.152993
0.143347
0.147968
0.153331
0.153399
0.153396
0.153384
0.153377
0.153361
0.15335
0.153341
0.153335
0.15333
0.153326
0.153183
0.153185
0.153188
0.153193
0.153199
0.153207
0.153218
0.153223
0.153231
0.153217
0.152801
0.143184
0.147795
0.153156
0.153226
0.153223
0.153211
0.153204
0.153188
0.153176
0.153167
0.15316
0.153156
0.153152
0.158011
0.158014
0.15816
0.157852
0.15786
0.157994
0.157694
0.157709
0.157841
0.157532
0.157552
0.15769
0.157362
0.157385
0.157532
0.157179
0.0791349
0.0850409
0.157208
0.157364
0.158181
0.15834
0.158182
0.158344
0.158025
0.158013
0.158163
0.158073
0.158154
0.158016
0.158031
0.158155
0.15786
0.157853
0.157993
0.15793
0.157875
0.157977
0.157713
0.157955
0.157861
0.157871
0.15799
0.157697
0.157694
0.157833
0.157773
0.157599
0.157686
0.155271
0.156613
0.157709
0.157713
0.157831
0.157532
0.157531
0.157674
0.157614
0.157494
0.157535
0.156551
0.155628
0.157552
0.157553
0.157673
0.156816
0.157025
0.157385
0.157388
0.157512
0.156703
0.156781
0.157
0.0988102
0.0793485
0.118898
0.157017
0.157184
0.15799
0.158068
0.158072
0.158065
0.15797
0.158156
0.158076
0.157965
0.158067
0.158074
0.158066
0.157984
0.157704
0.157855
0.157911
0.157733
0.157291
0.157949
0.157757
0.156703
0.157699
0.157917
0.157799
0.157494
0.157976
0.15781
0.157937
0.157541
0.15759
0.157753
0.157114
0.15722
0.15727
0.157112
0.155611
0.155189
0.157766
0.157289
0.157276
0.157483
0.157301
0.157785
0.157068
0.157158
0.157228
0.157052
0.157016
0.15662
0.157612
0.157331
0.1574
0.15727
0.157323
0.157632
0.1572
0.157188
0.157166
0.157199
0.156789
0.156818
0.157394
0.157337
0.15747
0.157134
0.156917
0.157183
0.157142
0.156487
0.156689
0.158093
0.158079
0.15816
0.158093
0.158146
0.157364
0.157362
0.157511
0.157448
0.157382
0.157436
0.152527
0.151011
0.157209
0.157218
0.157346
0.15815
0.158099
0.158158
0.158076
0.158095
0.157443
0.157488
0.157593
0.110223
0.117191
0.140141
0.144148
0.117517
0.125976
0.150729
0.148257
0.157449
0.157327
0.157246
0.144637
0.147122
0.157233
0.157136
0.157298
0.158253
0.158244
0.158168
0.158167
0.158243
0.158253
0.158086
0.158107
0.15809
0.15815
0.158096
0.158118
0.157811
0.157857
0.156046
0.156114
0.156259
0.156125
0.1568
0.148266
0.157055
0.15375
0.152703
0.152866
0.153841
0.15675
0.15745
0.158032
0.156312
0.157843
0.155984
0.158019
0.157893
0.158096
0.158109
0.158082
0.157616
0.158018
0.158025
0.15749
0.157462
0.157886
0.157872
0.157136
0.15719
0.157559
0.157882
0.157912
0.157843
0.157872
0.157551
0.157907
0.157962
0.157992
0.157922
0.157952
0.157887
0.157165
0.15717
0.157157
0.157145
0.154202
0.154342
0.157178
0.15773
0.157758
0.157692
0.15772
0.157166
0.157412
0.157805
0.157833
0.157767
0.157795
0.157401
0.111219
0.157114
0.120783
0.11329
0.129666
0.121213
0.157126
0.156975
0.114242
0.156994
0.156909
0.156879
0.157288
0.157655
0.157683
0.157617
0.157645
0.157303
0.134358
0.139286
0.157186
0.136911
0.130231
0.142561
0.137648
0.157191
0.126781
0.133609
0.156808
0.151054
0.15268
0.148553
0.150744
0.156812
0.147681
0.146585
0.147425
0.0946748
0.147407
0.146239
0.105962
0.153726
0.153846
0.158135
0.157191
0.157183
0.15734
0.157274
0.157241
0.157304
0.115837
0.155892
0.156157
0.158137
0.15731
0.157374
0.157426
0.10445
0.105992
0.0681403
0.145846
0.145486
0.107783
0.110811
0.153052
0.15369
0.0592082
0.158196
0.1582
0.158158
0.158154
0.158199
0.158196
0.157923
0.157953
0.157923
0.157736
0.157735
0.157913
0.157629
0.157793
0.157764
0.157833
0.157803
0.157642
0.155642
0.156418
0.156408
0.155647
0.143448
0.141583
0.156739
0.153945
0.154651
0.156592
0.156513
0.0975144
0.158121
0.158105
0.158154
0.157988
0.157858
0.157768
0.158033
0.158044
0.158076
0.158002
0.158033
0.158022
0.157765
0.157873
0.157843
0.157913
0.157883
0.157786
0.157625
0.153572
0.156076
0.15175
0.152168
0.157359
0.156319
0.156583
0.157811
0.156884
0.157378
0.157667
0.157878
0.157889
0.157803
0.157821
0.157519
0.157754
0.157725
0.157567
0.157141
0.150604
0.149248
0.157213
0.15115
0.151635
0.149025
0.149301
0.157114
0.155041
0.154735
0.157236
0.157704
0.157717
0.157639
0.157669
0.157236
0.157455
0.157781
0.157798
0.157721
0.157735
0.157349
0.156974
0.153032
0.153698
0.152415
0.151918
0.15675
0.15742
0.157578
0.157607
0.157538
0.157568
0.157416
0.157199
0.146363
0.143109
0.15014
0.149147
0.157197
0.120084
0.121549
0.157169
0.151227
0.150447
0.118249
0.11966
0.145795
0.143936
0.158114
0.158134
0.158122
0.14163
0.151957
0.142724
0.143694
0.143342
0.151762
0.158128
0.158119
0.158141
0.158109
0.158121
0.110816
0.113256
0.106108
0.104829
0.142058
0.112289
0.11109
0.115569
0.112638
0.142569
0.119579
0.12126
0.149776
0.149354
0.145878
0.120272
0.117202
0.111065
0.112591
0.158063
0.158083
0.158103
0.158055
0.158076
0.158053
0.157745
0.157903
0.155717
0.15635
0.156393
0.155692
0.148768
0.153795
0.153324
0.154297
0.153947
0.148668
0.152279
0.151907
0.153186
0.152521
0.153383
0.146578
0.147774
0.144486
0.145995
0.153228
0.140581
0.141201
0.15705
0.157984
0.157916
0.158053
0.158004
0.157244
0.157561
0.157437
0.15787
0.157613
0.158044
0.158085
0.158062
0.158026
0.15798
0.157969
0.157878
0.157996
0.157913
0.158013
0.158047
0.157933
0.158001
0.158044
0.15802
0.15798
0.152742
0.153193
0.157586
0.149201
0.147233
0.154034
0.149562
0.144359
0.142428
0.146629
0.145238
0.157384
0.152318
0.15263
0.156044
0.155568
0.157376
0.156448
0.155051
0.154567
0.155487
0.155173
0.157827
0.156644
0.156817
0.156944
0.157347
0.157852
0.157871
0.157614
0.157527
0.157827
0.157845
0.150951
0.150834
0.157149
0.138847
0.139003
0.130935
0.137866
0.138593
0.140898
0.138862
0.138563
0.150445
0.150992
0.157197
0.139214
0.137042
0.141997
0.139849
0.132685
0.130568
0.136158
0.133833
0.157122
0.149583
0.150225
0.154625
0.154616
0.157687
0.1577
0.15722
0.157203
0.157673
0.157683
0.157759
0.157775
0.157445
0.15736
0.15774
0.157754
0.113349
0.116564
0.1505
0.151506
0.149167
0.150135
0.113904
0.126323
0.152814
0.150699
0.151771
0.152565
0.124504
0.144633
0.145209
0.142257
0.144409
0.117338
0.147852
0.148905
0.145536
0.147276
0.117582
0.152557
0.152887
0.156961
0.150773
0.151552
0.151729
0.150735
0.151598
0.156773
0.151674
0.152219
0.136289
0.10412
0.105211
0.110049
0.104599
0.137003
0.106353
0.129178
0.105655
0.130335
0.14967
0.154708
0.154408
0.155073
0.15481
0.149852
0.146763
0.147091
0.122271
0.123885
0.11386
0.117596
0.147073
0.14623
0.158186
0.158198
0.158328
0.157276
0.157169
0.157042
0.158171
0.158174
0.158147
0.158141
0.158172
0.15817
0.158251
0.158247
0.158171
0.157994
0.157964
0.157938
0.157721
0.157423
0.157377
0.155373
0.156547
0.157676
0.157646
0.157517
0.154046
0.153804
0.155631
0.153835
0.154139
0.15704
0.158025
0.158036
0.158005
0.157742
0.157828
0.157987
0.158054
0.158029
0.15805
0.157933
0.157368
0.157705
0.156764
0.157329
0.157272
0.157667
0.15767
0.157677
0.157502
0.157903
0.157915
0.157834
0.15756
0.157715
0.157686
0.151561
0.151013
0.157194
0.155554
0.154411
0.154279
0.155106
0.157276
0.157565
0.15757
0.157474
0.157657
0.157663
0.157575
0.15758
0.157316
0.15694
0.152441
0.151852
0.157245
0.157623
0.157631
0.157374
0.157497
0.157527
0.101413
0.101201
0.152035
0.151458
0.157162
0.101887
0.101641
0.154712
0.154841
0.15664
0.158098
0.158097
0.109543
0.107986
0.109041
0.11667
0.117873
0.10593
0.106915
0.11355
0.11234
0.124827
0.146446
0.146082
0.148618
0.122702
0.120788
0.146215
0.158205
0.158202
0.158158
0.158073
0.158079
0.158086
0.158094
0.158029
0.158039
0.158109
0.15813
0.158119
0.157651
0.157627
0.157777
0.15788
0.157809
0.157768
0.155897
0.156182
0.154367
0.154505
0.156339
0.155956
0.153648
0.154029
0.149198
0.149249
0.150808
0.150592
0.148257
0.149404
0.149574
0.157045
0.154278
0.154662
0.157302
0.156678
0.157533
0.157429
0.157974
0.157926
0.157742
0.154924
0.154544
0.157166
0.156432
0.155405
0.158103
0.158091
0.158064
0.158065
0.158017
0.158045
0.157747
0.157983
0.158011
0.156875
0.157179
0.157923
0.154026
0.153565
0.157081
0.157243
0.157951
0.157963
0.157939
0.157842
0.157926
0.157939
0.157188
0.150968
0.150946
0.154171
0.154435
0.157619
0.157625
0.157423
0.157386
0.157608
0.157614
0.112269
0.120214
0.13327
0.133943
0.125765
0.126299
0.112446
0.152829
0.152545
0.156958
0.117815
0.11675
0.124129
0.124108
0.11532
0.125186
0.125461
0.116146
0.116548
0.157609
0.157616
0.157244
0.157314
0.157594
0.157602
0.133607
0.151782
0.152128
0.151057
0.151416
0.132451
0.151784
0.154849
0.155144
0.155028
0.154944
0.152038
0.14901
0.151411
0.151099
0.147068
0.146577
0.147712
0.102411
0.104635
0.104805
0.103018
0.148168
0.126655
0.123707
0.129074
0.127357
0.145863
0.138929
0.13932
0.1481
0.149145
0.15408
0.158131
0.158137
0.158124
0.104285
0.104709
0.120679
0.119461
0.0668762
0.109539
0.105828
0.10602
0.104487
0.105233
0.110399
0.0591816
0.145593
0.146964
0.158177
0.158174
0.158145
0.157511
0.157468
0.157728
0.157661
0.15778
0.157867
0.157733
0.15776
0.155521
0.156482
0.1524
0.152657
0.152614
0.152367
0.155633
0.153609
0.153459
0.143037
0.139968
0.139819
0.140496
0.14038
0.142511
0.157833
0.157921
0.157929
0.157898
0.157912
0.157807
0.156824
0.157585
0.157215
0.157082
0.157511
0.157684
0.157691
0.154496
0.154507
0.1554
0.154892
0.157556
0.157561
0.157255
0.157644
0.15765
0.157465
0.157333
0.157586
0.157591
0.152379
0.153364
0.15301
0.153597
0.15352
0.152244
0.101057
0.101138
0.102554
0.102154
0.118764
0.109089
0.10874
0.140166
0.140222
0.145222
0.141276
0.142048
0.139949
0.140484
0.14456
0.158111
0.158105
0.158107
0.15811
0.158129
0.158131
0.158139
0.158117
0.158122
0.158123
0.142496
0.147234
0.146934
0.148102
0.147648
0.142838
0.144551
0.145853
0.145275
0.1467
0.146397
0.144029
0.158124
0.158128
0.158121
0.158083
0.158062
0.158111
0.158103
0.109451
0.115569
0.109899
0.110134
0.105705
0.105264
0.121032
0.121797
0.111642
0.105599
0.105275
0.118473
0.107265
0.10661
0.107329
0.123174
0.109894
0.107303
0.146782
0.147352
0.150151
0.14533
0.145472
0.144988
0.145062
0.148954
0.145946
0.146198
0.111331
0.10301
0.103717
0.102608
0.102535
0.111774
0.158072
0.158079
0.158071
0.158033
0.158047
0.158064
0.157487
0.157757
0.157594
0.157553
0.157662
0.157696
0.157583
0.157625
0.155793
0.156253
0.153129
0.153269
0.152811
0.152972
0.156375
0.154558
0.154582
0.153375
0.15343
0.155799
0.153311
0.149787
0.149356
0.148448
0.150417
0.150191
0.152115
0.14979
0.149738
0.150475
0.150078
0.152009
0.15302
0.150864
0.151091
0.149998
0.150449
0.152789
0.149632
0.14498
0.148834
0.148508
0.140281
0.140585
0.156965
0.157627
0.15758
0.156864
0.157415
0.157808
0.1577
0.155535
0.155209
0.156773
0.156847
0.157481
0.156261
0.155898
0.157885
0.157947
0.158046
0.157993
0.157804
0.157569
0.157794
0.157952
0.157983
0.157995
0.157941
0.15796
0.157894
0.157817
0.15789
0.158023
0.158
0.157983
0.158035
0.15801
0.158034
0.157951
0.157966
0.157928
0.157967
0.148734
0.147932
0.15277
0.14712
0.147826
0.145809
0.149903
0.143607
0.142963
0.146121
0.145702
0.1558
0.153579
0.154102
0.152589
0.153059
0.155662
0.157266
0.156405
0.156651
0.154392
0.155818
0.157005
0.153147
0.15238
0.154927
0.149422
0.14991
0.14861
0.149012
0.154787
0.155407
0.151838
0.152189
0.150475
0.151118
0.155295
0.157025
0.157304
0.139155
0.13093
0.132199
0.128223
0.129497
0.139134
0.132747
0.13279
0.132819
0.135461
0.138914
0.121688
0.122724
0.123917
0.121956
0.139678
0.13874
0.126076
0.127082
0.124108
0.125197
0.138645
0.138719
0.138092
0.141537
0.140619
0.131699
0.130878
0.135427
0.134845
0.154319
0.154524
0.157433
0.157631
0.157638
0.157596
0.157602
0.157372
0.113133
0.130736
0.132256
0.119047
0.112376
0.127332
0.128933
0.120331
0.119017
0.144807
0.131083
0.131083
0.143363
0.129437
0.126798
0.130987
0.130574
0.144041
0.12331
0.121766
0.12352
0.124682
0.116425
0.118148
0.120944
0.152714
0.154568
0.154446
0.154727
0.15465
0.152799
0.151025
0.151378
0.151367
0.150687
0.150638
0.150972
0.15163
0.153809
0.153674
0.154252
0.154019
0.151848
0.104319
0.113241
0.113875
0.112403
0.112811
0.104739
0.108048
0.118335
0.119915
0.11495
0.116536
0.10604
0.106151
0.10458
0.104887
0.105762
0.105058
0.106218
0.110725
0.111818
0.106345
0.108567
0.106289
0.151885
0.151682
0.149434
0.146721
0.147472
0.101819
0.103176
0.115334
0.105464
0.103632
0.108231
0.107286
0.116654
0.103188
0.102977
0.13953
0.13968
0.158548
0.158548
0.158635
0.158546
0.158546
0.158634
0.158546
0.158546
0.158635
0.158547
0.158548
0.158636
0.158374
0.158372
0.15846
0.15837
0.158368
0.158503
0.158366
0.158364
0.158501
0.158364
0.158367
0.158501
0.158369
0.158372
0.158504
0.158375
0.158376
0.158462
0.158202
0.158198
0.158328
0.158195
0.158186
0.158323
0.158273
0.158271
0.158343
0.158266
0.158268
0.15834
0.158278
0.158281
0.158324
0.158202
0.158207
0.158291
0.158033
0.158028
0.158155
0.158109
0.158108
0.15815
0.158137
0.158135
0.158157
0.158099
0.158108
0.158172
0.158034
0.15804
0.158123
0.157866
0.157862
0.157986
0.157942
0.157942
0.157983
0.15797
0.15797
0.15799
0.157938
0.157945
0.158005
0.157872
0.157877
0.157958
0.157699
0.157697
0.157821
0.157778
0.15778
0.15782
0.157812
0.157812
0.157832
0.157785
0.157789
0.157847
0.157713
0.157714
0.157796
0.157532
0.157532
0.157656
0.157615
0.157617
0.157658
0.157654
0.157655
0.157675
0.157632
0.157632
0.157691
0.157552
0.157551
0.157633
0.157364
0.157363
0.15749
0.15749
0.15749
0.157511
0.15747
0.157469
0.15753
0.157386
0.157385
0.157468
0.157193
0.157191
0.157321
0.157298
0.157302
0.157345
0.157216
0.157216
0.157301
0.157017
0.157012
0.1571
0.157014
0.157005
0.157138
0.157089
0.15703
0.157101
0.0925887
0.151763
0.152212
0.157029
0.157044
0.157175
0.157041
0.157046
0.157131
0.156845
0.156839
0.156926
0.156841
0.15683
0.156962
0.156822
0.118739
0.118306
0.135525
0.156834
0.156971
0.156849
0.156868
0.156998
0.156866
0.156872
0.156958
0.156667
0.156661
0.156748
0.156511
0.13605
0.118846
0.145465
0.156536
0.156787
0.156677
0.156693
0.15678
0.15801
0.158031
0.158031
0.158034
0.158041
0.158008
0.158158
0.158136
0.158138
0.157852
0.157871
0.157871
0.157879
0.157878
0.157849
0.157998
0.157967
0.157975
0.157694
0.157714
0.157714
0.157728
0.157726
0.157698
0.157839
0.157811
0.157823
0.157532
0.157553
0.157552
0.157572
0.157572
0.157544
0.157688
0.15766
0.15767
0.157407
0.157402
0.15738
0.157525
0.157505
0.157511
0.157124
0.157219
0.157251
0.066711
0.113749
0.113645
0.131956
0.132123
0.0593168
0.157359
0.157337
0.157342
0.158173
0.158247
0.15825
0.15815
0.15815
0.158143
0.15834
0.158268
0.158266
0.158148
0.158149
0.158205
0.158203
0.15818
0.158343
0.158271
0.158274
0.158024
0.158066
0.158066
0.158076
0.158064
0.158023
0.158148
0.158106
0.158097
0.158084
0.158081
0.158061
0.158152
0.158139
0.158142
0.158026
0.158087
0.158078
0.158072
0.158072
0.158031
0.158154
0.158113
0.158113
0.157861
0.157901
0.157901
0.157912
0.157901
0.157861
0.157982
0.157942
0.157932
0.15793
0.15795
0.15795
0.157892
0.157919
0.157907
0.157986
0.157975
0.157965
0.157925
0.157891
0.15794
0.157867
0.157926
0.157918
0.157911
0.157913
0.157873
0.157991
0.157952
0.15795
0.157699
0.157739
0.157737
0.157754
0.157741
0.157701
0.157821
0.157781
0.157774
0.157773
0.157793
0.157793
0.157608
0.157732
0.157722
0.157794
0.157783
0.15767
0.157711
0.15777
0.157766
0.157753
0.157756
0.157717
0.157834
0.157795
0.157792
0.157535
0.157576
0.157573
0.157593
0.157579
0.157537
0.15766
0.15762
0.157614
0.157614
0.157634
0.157634
0.157511
0.157636
0.157606
0.157639
0.15763
0.157529
0.156484
0.154767
0.154956
0.157551
0.157612
0.157612
0.157593
0.157598
0.157558
0.157678
0.157638
0.157634
0.156813
0.155126
0.155335
0.156341
0.156372
0.157031
0.157387
0.157428
0.157449
0.15743
0.157434
0.157393
0.157517
0.157476
0.157471
0.156715
0.156054
0.156053
0.156027
0.156037
0.156771
0.156961
0.157006
0.157044
0.0978588
0.156483
0.156379
0.145533
0.145488
0.0801998
0.155822
0.155873
0.116734
0.157062
0.156735
0.156804
0.156991
0.156763
0.157115
0.158002
0.158008
0.157997
0.158078
0.158046
0.158036
0.158052
0.158051
0.158072
0.158055
0.158037
0.158065
0.158144
0.158142
0.158154
0.158073
0.158084
0.158087
0.157973
0.157952
0.157942
0.158066
0.15806
0.158062
0.158073
0.158052
0.158053
0.158055
0.158058
0.158069
0.157994
0.158005
0.157999
0.157724
0.157818
0.157806
0.157895
0.157882
0.157832
0.157891
0.157891
0.157911
0.157703
0.157428
0.157505
0.156558
0.156594
0.157312
0.157556
0.157594
0.157777
0.157917
0.157888
0.157898
0.157782
0.157842
0.157853
0.157948
0.157973
0.157984
0.157862
0.15787
0.157818
0.157956
0.157957
0.157927
0.157547
0.157657
0.157648
0.157712
0.157703
0.157582
0.157734
0.157734
0.157754
0.157124
0.156272
0.156245
0.156544
0.156515
0.15721
0.15725
0.15649
0.156524
0.156229
0.156222
0.157108
0.157764
0.157736
0.157747
0.157544
0.157544
0.157276
0.157804
0.157802
0.157773
0.157085
0.154536
0.154173
0.156015
0.155944
0.157148
0.157237
0.156603
0.156574
0.154061
0.153659
0.157034
0.157003
0.156252
0.156302
0.155166
0.155337
0.15668
0.157612
0.157582
0.157592
0.157345
0.157563
0.157571
0.157512
0.157521
0.157405
0.157261
0.157539
0.157542
0.157579
0.157586
0.157311
0.157651
0.15765
0.157621
0.157201
0.156527
0.156492
0.156679
0.15666
0.157191
0.157174
0.156142
0.156079
0.156453
0.15641
0.157197
0.156796
0.155999
0.156014
0.155396
0.155555
0.156818
0.157387
0.157494
0.157503
0.157456
0.157487
0.157365
0.157491
0.157484
0.157464
0.157106
0.152555
0.152193
0.151198
0.152203
0.15708
0.157179
0.156711
0.156696
0.156612
0.154849
0.15483
0.158093
0.158114
0.158115
0.158113
0.158122
0.158089
0.158155
0.158133
0.158125
0.158143
0.158135
0.158138
0.157426
0.157412
0.157369
0.157496
0.157454
0.157447
0.157448
0.157469
0.157469
0.157406
0.15746
0.157439
0.157501
0.157481
0.157414
0.152339
0.150357
0.150651
0.148483
0.148916
0.151291
0.157215
0.157259
0.157276
0.158143
0.15814
0.158148
0.158089
0.158101
0.158107
0.158122
0.158132
0.158166
0.158087
0.15812
0.15811
0.158116
0.158115
0.158094
0.157463
0.157555
0.157522
0.157596
0.157566
0.157469
0.157573
0.157573
0.157594
0.140866
0.131882
0.131112
0.135945
0.135144
0.143611
0.150453
0.147721
0.148068
0.157443
0.157423
0.157428
0.157294
0.157415
0.157445
0.15737
0.157403
0.157283
0.145104
0.137509
0.136749
0.140777
0.140272
0.146828
0.157193
0.157327
0.157349
0.157283
0.157305
0.157179
0.15732
0.157316
0.157294
0.158254
0.158214
0.158211
0.158219
0.158217
0.158256
0.158162
0.158203
0.158206
0.158179
0.158178
0.158165
0.158255
0.158215
0.158218
0.158211
0.158213
0.158253
0.158108
0.158088
0.158095
0.158126
0.158136
0.158149
0.1581
0.158107
0.158103
0.15813
0.158127
0.158115
0.154755
0.155038
0.156807
0.157053
0.15651
0.156531
0.153644
0.152235
0.152404
0.150925
0.151165
0.152862
0.153352
0.155168
0.155103
0.155275
0.155225
0.153485
0.156761
0.156044
0.156049
0.157986
0.158026
0.158043
0.158004
0.15786
0.157965
0.157936
0.158024
0.158001
0.158102
0.158094
0.158086
0.158098
0.158096
0.158107
0.15801
0.158001
0.158011
0.158031
0.158025
0.158017
0.156894
0.156947
0.157518
0.157435
0.156801
0.156846
0.157788
0.157815
0.157899
0.157858
0.157736
0.157762
0.157728
0.157738
0.157569
0.157892
0.157884
0.157873
0.157905
0.157894
0.157902
0.157853
0.157842
0.157832
0.157863
0.157853
0.157862
0.157544
0.157712
0.15772
0.157933
0.157941
0.15792
0.157972
0.157968
0.157958
0.157988
0.157978
0.157982
0.157932
0.157926
0.157916
0.157947
0.157937
0.157942
0.157868
0.157912
0.157922
0.156397
0.156385
0.15716
0.157175
0.156422
0.156409
0.15632
0.156344
0.157168
0.157137
0.156277
0.156297
0.157538
0.157542
0.157192
0.157739
0.157727
0.157718
0.157745
0.157736
0.157748
0.157702
0.157691
0.157681
0.157709
0.1577
0.157711
0.157163
0.157533
0.157535
0.157814
0.157802
0.157793
0.157822
0.157812
0.157824
0.157776
0.157764
0.157755
0.157783
0.157774
0.157786
0.155694
0.154662
0.157101
0.128945
0.139941
0.140697
0.134506
0.135132
0.12182
0.157138
0.155862
0.155778
0.157014
0.153481
0.152953
0.155933
0.156001
0.156933
0.156841
0.155734
0.15584
0.157534
0.157532
0.15727
0.157664
0.157654
0.157645
0.157672
0.157663
0.157674
0.157626
0.157617
0.157608
0.157636
0.157627
0.157636
0.157313
0.157534
0.157534
0.135012
0.124353
0.123703
0.130171
0.129047
0.138553
0.156262
0.156204
0.15718
0.135991
0.145385
0.145954
0.141303
0.141931
0.130811
0.14044
0.152986
0.153238
0.152431
0.152713
0.13968
0.157194
0.156363
0.156315
0.127472
0.114698
0.11419
0.122899
0.121748
0.132687
0.155958
0.155979
0.156802
0.151301
0.153031
0.152857
0.15405
0.153926
0.152486
0.152657
0.152444
0.150398
0.156815
0.1559
0.15593
0.146908
0.131184
0.12959
0.133052
0.131791
0.147211
0.147679
0.141789
0.141288
0.153644
0.149431
0.150056
0.152562
0.152713
0.153933
0.15723
0.157239
0.157194
0.157326
0.157283
0.157275
0.157262
0.157289
0.157267
0.157332
0.157311
0.157283
0.149099
0.148963
0.114772
0.155923
0.154566
0.154559
0.154604
0.154599
0.155986
0.157338
0.157376
0.157354
0.157418
0.157397
0.157347
0.157405
0.157405
0.157426
0.0969702
0.0924408
0.0672609
0.145529
0.133011
0.130054
0.133184
0.133052
0.145464
0.153505
0.14708
0.146093
0.149898
0.150911
0.153691
0.0591209
0.10703
0.118704
0.158198
0.158182
0.15818
0.158186
0.158185
0.1582
0.158151
0.158177
0.158172
0.158162
0.15816
0.158152
0.158199
0.158183
0.158185
0.15818
0.15818
0.158197
0.157942
0.15793
0.157908
0.157943
0.157939
0.157949
0.157918
0.157929
0.157933
0.157925
0.157865
0.157848
0.157751
0.157741
0.157618
0.157784
0.157774
0.157783
0.157754
0.157764
0.157774
0.157823
0.157813
0.157824
0.157793
0.157803
0.157813
0.157655
0.157772
0.157761
0.154605
0.154653
0.156434
0.156052
0.156054
0.156727
0.154505
0.155354
0.155318
0.155413
0.155386
0.154582
0.156568
0.152948
0.151232
0.152853
0.152916
0.156541
0.0971539
0.138817
0.138374
0.158118
0.15813
0.158132
0.158125
0.158127
0.158115
0.158152
0.15814
0.158132
0.157968
0.15796
0.157981
0.158037
0.158047
0.158044
0.158054
0.158051
0.15804
0.158073
0.158062
0.158065
0.158012
0.158009
0.157999
0.15803
0.158019
0.158023
0.15801
0.158015
0.158026
0.157843
0.157831
0.157744
0.157863
0.157855
0.157865
0.157834
0.157844
0.157853
0.157903
0.157897
0.157908
0.157876
0.157886
0.157893
0.157809
0.157869
0.157856
0.157193
0.157316
0.157666
0.154338
0.156438
0.156079
0.157021
0.156807
0.155489
0.151877
0.155042
0.154983
0.155174
0.155106
0.152018
0.157335
0.156633
0.156674
0.156439
0.157201
0.157133
0.157296
0.157252
0.156517
0.157795
0.157626
0.157654
0.157797
0.157825
0.157745
0.157884
0.157878
0.157865
0.157809
0.15777
0.157763
0.157783
0.157777
0.157815
0.157744
0.157735
0.157744
0.157715
0.157725
0.157735
0.157575
0.157694
0.157684
0.156332
0.156303
0.157132
0.150187
0.154507
0.154615
0.154279
0.154384
0.149677
0.156426
0.156457
0.157231
0.151326
0.154807
0.154745
0.154927
0.154869
0.151507
0.14898
0.154194
0.154216
0.154232
0.1542
0.149071
0.157113
0.156225
0.156232
0.157708
0.157662
0.157658
0.157671
0.157666
0.157712
0.157628
0.157626
0.157666
0.157262
0.157542
0.157539
0.157786
0.157744
0.157738
0.157757
0.15775
0.157792
0.157726
0.15768
0.157675
0.15769
0.157685
0.15773
0.156142
0.156197
0.15699
0.153251
0.154948
0.154825
0.155189
0.155075
0.153494
0.156724
0.155441
0.155501
0.157547
0.157555
0.157423
0.157588
0.15758
0.15757
0.157599
0.157589
0.157597
0.157548
0.157542
0.157532
0.157561
0.157551
0.157558
0.15741
0.15753
0.157538
0.15659
0.15656
0.1572
0.145008
0.153869
0.15405
0.153466
0.153674
0.144542
0.149819
0.154487
0.154613
0.154209
0.154354
0.149492
0.157195
0.156639
0.156616
0.120515
0.110285
0.109992
0.111155
0.110637
0.120982
0.156734
0.156723
0.157174
0.150985
0.154928
0.155015
0.154729
0.154833
0.150727
0.109706
0.109407
0.119224
0.15813
0.158127
0.158119
0.149819
0.150074
0.152148
0.151545
0.149291
0.149575
0.158125
0.158133
0.158136
0.158145
0.158137
0.158133
0.158114
0.158109
0.158117
0.133157
0.132541
0.141483
0.111993
0.122388
0.12292
0.114141
0.12504
0.126132
0.12348
0.124159
0.113188
0.14311
0.134421
0.133761
0.138755
0.138174
0.145513
0.119613
0.129244
0.129942
0.127297
0.128371
0.118628
0.158089
0.158085
0.158078
0.158099
0.158091
0.158096
0.158062
0.158053
0.158045
0.158071
0.158062
0.158069
0.157837
0.157827
0.157893
0.153629
0.151747
0.152047
0.151262
0.15147
0.153467
0.154187
0.152657
0.152825
0.152305
0.152497
0.154075
0.15184
0.152049
0.153522
0.147082
0.150071
0.149774
0.150553
0.150325
0.147457
0.149452
0.149136
0.145441
0.153052
0.151392
0.15162
0.157965
0.157849
0.15788
0.157767
0.157817
0.157944
0.158041
0.158007
0.15803
0.157919
0.157966
0.158025
0.157519
0.156904
0.156965
0.157782
0.157384
0.157654
0.157048
0.157183
0.157688
0.158068
0.158048
0.157985
0.158078
0.15807
0.158081
0.158045
0.158058
0.158071
0.158004
0.157989
0.157978
0.158039
0.158032
0.158038
0.158004
0.158022
0.158031
0.158003
0.158012
0.15799
0.152865
0.155585
0.155503
0.155836
0.155688
0.153006
0.15755
0.157009
0.157089
0.156716
0.156758
0.157409
0.152428
0.155305
0.155242
0.155432
0.155367
0.152526
0.157682
0.157709
0.157843
0.156704
0.157379
0.157338
0.15746
0.15742
0.156763
0.157858
0.157829
0.15782
0.157851
0.157839
0.157865
0.157585
0.157751
0.15777
0.157698
0.157705
0.157536
0.157833
0.157798
0.157791
0.157812
0.157805
0.157839
0.150951
0.154758
0.154778
0.154689
0.154732
0.150926
0.157155
0.156371
0.156355
0.150675
0.154576
0.154513
0.154688
0.154633
0.150847
0.157182
0.15637
0.156397
0.156245
0.15626
0.157127
0.149837
0.154343
0.154286
0.154452
0.154396
0.150026
0.157691
0.157645
0.157642
0.157653
0.157649
0.157696
0.157206
0.157547
0.157551
0.157536
0.157533
0.157175
0.157676
0.157632
0.15763
0.157638
0.157635
0.15768
0.157765
0.157721
0.157715
0.157732
0.157726
0.15777
0.157745
0.1577
0.157695
0.15771
0.157705
0.157749
0.150841
0.143314
0.142512
0.144465
0.143955
0.151197
0.14945
0.140102
0.139611
0.141618
0.140774
0.149774
0.137979
0.138935
0.127874
0.153044
0.147498
0.146979
0.15204
0.14537
0.144911
0.146425
0.145871
0.152295
0.122887
0.135936
0.136929
0.131318
0.131121
0.144983
0.148298
0.138264
0.137365
0.139217
0.138814
0.148631
0.146015
0.132779
0.131795
0.135969
0.134285
0.146626
0.156948
0.156049
0.156093
0.155556
0.155635
0.156807
0.125735
0.124992
0.135637
0.137775
0.127827
0.126677
0.11652
0.115377
0.128228
0.131561
0.120102
0.118203
0.154618
0.153372
0.153517
0.15301
0.153199
0.154517
0.154992
0.153917
0.154052
0.153649
0.153782
0.154905
0.150083
0.152239
0.152057
0.123139
0.113174
0.111991
0.114352
0.114359
0.123963
0.146924
0.143264
0.143228
0.142512
0.142902
0.146595
0.158194
0.158237
0.158255
0.158241
0.15824
0.158196
0.15714
0.157236
0.15726
0.157182
0.157211
0.157098
0.158172
0.158162
0.158161
0.158165
0.158165
0.158174
0.158144
0.158155
0.158157
0.158152
0.158148
0.158142
0.158171
0.158161
0.158162
0.15816
0.15816
0.15817
0.158222
0.158224
0.158248
0.158178
0.158201
0.158209
0.157951
0.157964
0.157953
0.157523
0.157621
0.157612
0.153932
0.155343
0.155275
0.155472
0.155404
0.154026
0.157035
0.156399
0.156427
0.158029
0.158018
0.158014
0.157772
0.157904
0.157885
0.157939
0.157922
0.1578
0.158046
0.158053
0.15806
0.158039
0.158046
0.158038
0.158056
0.158053
0.158046
0.157902
0.157927
0.157942
0.15755
0.157795
0.157735
0.157863
0.157835
0.15765
0.157826
0.157877
0.157885
0.157675
0.157666
0.157553
0.157705
0.157696
0.157706
0.157677
0.157686
0.157695
0.151299
0.15501
0.15509
0.154899
0.154945
0.151115
0.157202
0.15649
0.156469
0.152306
0.155348
0.15542
0.155176
0.155257
0.15211
0.157533
0.157535
0.157251
0.157475
0.157484
0.157381
0.157522
0.157512
0.157518
0.151862
0.155235
0.155293
0.155096
0.155169
0.151671
0.157156
0.156751
0.156743
0.154765
0.155453
0.155435
0.155472
0.155465
0.154809
0.121901
0.131735
0.132418
0.130544
0.131123
0.121293
0.146528
0.139779
0.139279
0.158205
0.158191
0.158192
0.158187
0.158189
0.158203
0.158162
0.158175
0.158173
0.158116
0.158113
0.158106
0.158128
0.15812
0.158123
0.158111
0.158115
0.158122
0.156456
0.156484
0.15705
0.154423
0.155618
0.155544
0.155743
0.155685
0.154555
0.158089
0.158096
0.158097
0.158075
0.158087
0.158079
0.156944
0.157547
0.157501
0.157665
0.157601
0.157038
0.157911
0.157843
0.157873
0.15793
0.157949
0.157956
0.157893
0.157902
0.157853
0.156452
0.156436
0.157181
0.15095
0.154839
0.154866
0.154797
0.154817
0.150944
0.152725
0.155594
0.155655
0.155483
0.155541
0.152635
0.157254
0.157532
0.157531
0.15753
0.157532
0.157315
0.143954
0.144722
0.13486
0.131502
0.142502
0.143248
0.153441
0.153239
0.151534
0.154178
0.154291
0.155205
0.152276
0.153784
0.153622
0.142707
0.142269
0.147938
0.12581
0.134668
0.135327
0.133169
0.133935
0.124793
0.128533
0.137409
0.137978
0.136123
0.136802
0.127969
0.148455
0.150996
0.150774
0.151417
0.151214
0.148814
0.154011
0.152854
0.152984
0.119121
0.10798
0.110348
0.107771
0.107718
0.119162
0.0670269
0.0913479
0.0908968
0.100124
0.102657
0.0591345
0.14705
0.135214
0.128915
0.141869
0.139466
0.146966
0.158177
0.158169
0.15817
0.158165
0.158167
0.158175
0.158148
0.158158
0.158155
0.158723
0.158723
0.15881
0.158722
0.158722
0.15881
0.158722
0.158722
0.15881
0.158723
0.158723
0.15881
0.15855
0.158549
0.158637
0.158549
0.158549
0.158636
0.158375
0.158375
0.158462
0.158457
0.158457
0.158502
0.158456
0.158455
0.158501
0.158377
0.158377
0.158464
0.158203
0.158203
0.158289
0.158282
0.158281
0.158326
0.158316
0.158315
0.15834
0.158206
0.158206
0.158292
0.158032
0.158032
0.158117
0.158142
0.158145
0.158167
0.158038
0.158037
0.158122
0.157862
0.157864
0.157948
0.157976
0.157979
0.157999
0.157873
0.15787
0.157954
0.157693
0.157696
0.15778
0.157823
0.157824
0.157843
0.157708
0.157704
0.157787
0.157524
0.157528
0.157612
0.157671
0.157671
0.15769
0.157544
0.157538
0.157621
0.157355
0.157359
0.157444
0.157448
0.157451
0.157493
0.157512
0.157512
0.157532
0.157377
0.157371
0.157455
0.157184
0.157189
0.157274
0.157278
0.157281
0.157324
0.157318
0.157318
0.15734
0.157209
0.157202
0.157286
0.15701
0.157014
0.157102
0.157101
0.157103
0.157147
0.0888066
0.131833
0.131763
0.157118
0.157127
0.157171
0.157038
0.157031
0.157117
0.156836
0.156841
0.156927
0.156911
0.156855
0.15691
0.135124
0.155102
0.15515
0.156939
0.15695
0.156995
0.156865
0.156857
0.156943
0.156672
0.156666
0.156753
0.156692
0.156699
0.156785
0.156494
0.156485
0.156573
0.156185
0.136006
0.13603
0.145445
0.156348
0.156442
0.1565
0.156517
0.156605
0.157362
0.157383
0.157383
0.157231
0.157226
0.157202
0.15818
0.158203
0.158204
0.15834
0.158316
0.158316
0.158034
0.158037
0.158016
0.158019
0.158039
0.158036
0.157873
0.157874
0.157854
0.157995
0.157975
0.157973
0.157863
0.157882
0.15788
0.157714
0.157715
0.157695
0.157834
0.157815
0.157813
0.15771
0.157729
0.157728
0.157674
0.157654
0.157654
0.157499
0.157585
0.157576
0.157552
0.157572
0.157572
0.113387
0.11305
0.0795844
0.157178
0.157155
0.157161
0.158072
0.158061
0.158058
0.157988
0.157993
0.157991
0.157966
0.157976
0.157982
0.157338
0.157518
0.157519
0.157521
0.157522
0.157316
0.157435
0.157445
0.157347
0.157126
0.156766
0.156765
0.156762
0.156757
0.157149
0.15605
0.156045
0.156676
0.15809
0.158094
0.158083
0.158163
0.158151
0.158148
0.157366
0.157409
0.157406
0.15739
0.157432
0.157423
0.157492
0.157482
0.157429
0.157261
0.157265
0.157221
0.15735
0.157308
0.157304
0.158146
0.158149
0.158161
0.15808
0.158091
0.158087
0.15745
0.157511
0.157502
0.157567
0.157558
0.157482
0.157317
0.157415
0.157425
0.157349
0.15736
0.157259
0.15722
0.157326
0.157337
0.158253
0.158239
0.15824
0.158167
0.15818
0.158181
0.158239
0.158239
0.158253
0.158142
0.158144
0.158152
0.153043
0.154266
0.154165
0.154704
0.154647
0.153729
0.141931
0.148859
0.149187
0.146428
0.146862
0.138309
0.157193
0.157237
0.157235
0.157274
0.157296
0.157296
0.158156
0.158164
0.158165
0.15404
0.154804
0.154758
0.158112
0.158115
0.158109
0.158155
0.158148
0.158147
0.145932
0.150959
0.151162
0.149489
0.149761
0.143608
0.158327
0.158284
0.158285
0.157271
0.157249
0.157253
0.15825
0.158227
0.158228
0.158173
0.158186
0.158184
0.157984
0.157981
0.157991
0.15796
0.15797
0.157974
0.157666
0.157657
0.157667
0.157638
0.157648
0.157656
0.158025
0.158022
0.158033
0.158002
0.158012
0.158015
0.157507
0.157502
0.157492
0.156659
0.156038
0.156027
0.158159
0.158166
0.158166
0.158414
0.158414
0.158369
0.158366
0.158411
0.158412
0.15841
0.15841
0.158364
0.158501
0.158456
0.158456
0.158363
0.158409
0.15841
0.158412
0.158411
0.158366
0.158501
0.158456
0.158457
0.158369
0.158414
0.158414
0.158194
0.158237
0.158238
0.158254
0.158235
0.158191
0.158323
0.158279
0.158277
0.158295
0.158295
0.158271
0.158266
0.158291
0.158291
0.158292
0.158292
0.158268
0.158339
0.158316
0.158316
0.158102
0.158123
0.15812
0.15794
0.157959
0.157957
0.157786
0.157805
0.157804
0.157632
0.157651
0.157651
0.15747
0.157491
0.157491
0.157049
0.15706
0.157016
0.157148
0.157104
0.157093
0.157053
0.157099
0.157077
0.157145
0.157122
0.157077
0.132647
0.132237
0.0906694
0.151694
0.145581
0.145792
0.145688
0.145593
0.151748
0.15704
0.157084
0.157074
0.157087
0.157091
0.157047
0.157178
0.157134
0.157132
0.156972
0.156929
0.156918
0.156739
0.156798
0.156867
0.118616
0.153506
0.153248
0.154075
0.153783
0.118474
0.154991
0.155048
0.135343
0.156879
0.156664
0.156616
0.156758
0.156711
0.156925
0.158011
0.158021
0.158019
0.157868
0.157873
0.157882
0.157853
0.157863
0.157859
0.157987
0.157991
0.158001
0.157971
0.157981
0.157977
0.157717
0.157721
0.15773
0.157702
0.157711
0.157707
0.15783
0.157834
0.157844
0.157815
0.157825
0.15782
0.157679
0.157683
0.157692
0.157664
0.157673
0.157669
0.157155
0.157192
0.157167
0.157244
0.15722
0.157195
0.157229
0.157228
0.157251
0.0904946
0.0902165
0.0667618
0.0623734
0.100074
0.099366
0.158211
0.1582
0.158177
0.158247
0.158224
0.158223
0.158227
0.158226
0.15825
0.158317
0.158317
0.158341
0.158268
0.158293
0.158293
0.158291
0.158292
0.158267
0.158319
0.158319
0.158343
0.158272
0.158296
0.158296
0.158297
0.158297
0.158273
0.158079
0.158057
0.158055
0.158119
0.158121
0.1581
0.158075
0.158078
0.158085
0.158066
0.158072
0.158068
0.158057
0.15806
0.158081
0.157914
0.157894
0.157892
0.157952
0.157955
0.157934
0.157899
0.157901
0.15792
0.157755
0.157735
0.157734
0.157794
0.157795
0.157775
0.157747
0.157748
0.157767
0.157593
0.157572
0.157573
0.157634
0.157634
0.157613
0.157603
0.157594
0.157505
0.157626
0.157618
0.157628
0.157599
0.157608
0.157616
0.157592
0.157592
0.157612
0.155202
0.156038
0.156002
0.156097
0.156069
0.15527
0.137919
0.137484
0.0981835
0.156452
0.152637
0.152757
0.14555
0.133187
0.133229
0.132847
0.133061
0.145539
0.0798427
0.112688
0.112384
0.154562
0.154564
0.155856
0.117508
0.149304
0.149214
0.156905
0.157122
0.157153
0.15704
0.157082
0.156818
0.158044
0.158054
0.158057
0.158047
0.15805
0.15804
0.158048
0.158055
0.158048
0.158067
0.158061
0.158057
0.157907
0.157911
0.157921
0.157892
0.157902
0.157897
0.157962
0.157969
0.157957
0.157947
0.157951
0.157961
0.157931
0.157941
0.157937
0.157754
0.157759
0.157768
0.15774
0.157749
0.157745
0.157792
0.157796
0.157806
0.157777
0.157787
0.157783
0.15441
0.156293
0.156339
0.156201
0.156248
0.154289
0.153944
0.156105
0.156155
0.155991
0.156052
0.153813
0.157602
0.157605
0.157615
0.157513
0.157515
0.157343
0.15731
0.157524
0.157526
0.157641
0.157644
0.157654
0.157625
0.157634
0.157631
0.155455
0.156145
0.156122
0.156181
0.156165
0.155508
0.157466
0.157461
0.157451
0.157482
0.157472
0.157477
0.157356
0.157455
0.157465
0.156757
0.156765
0.157117
0.152465
0.155429
0.155449
0.155345
0.155391
0.152336
0.151185
0.15461
0.154604
0.155346
0.154823
0.151445
0.156008
0.155967
0.156558
0.154832
0.155442
0.155467
0.155424
0.155428
0.15483
0.158116
0.158105
0.158102
0.158136
0.158139
0.158127
0.157452
0.157443
0.157398
0.157421
0.157472
0.157463
0.158125
0.158137
0.158134
0.158098
0.158095
0.158084
0.158118
0.158106
0.158109
0.158098
0.158102
0.158114
0.15753
0.157521
0.157456
0.157475
0.157549
0.157539
0.157394
0.157404
0.157305
0.157271
0.157372
0.157383
0.158241
0.158241
0.158254
0.158214
0.158228
0.158228
0.158226
0.158226
0.158212
0.15823
0.15823
0.158217
0.158175
0.158177
0.158164
0.158204
0.158191
0.158189
0.158193
0.158193
0.158206
0.158242
0.158242
0.158255
0.158216
0.158229
0.158229
0.158231
0.158231
0.158218
0.158211
0.158226
0.158226
0.158227
0.158227
0.158213
0.158253
0.15824
0.15824
0.158101
0.158103
0.158109
0.158091
0.158097
0.158094
0.15813
0.158137
0.158134
0.154848
0.155859
0.155802
0.15596
0.155911
0.154943
0.154441
0.15436
0.153207
0.15361
0.154583
0.154516
0.158001
0.158025
0.158015
0.158041
0.158033
0.158014
0.157896
0.157974
0.157957
0.158004
0.15799
0.157933
0.156383
0.156424
0.15478
0.153291
0.155852
0.155925
0.155712
0.155784
0.15311
0.148085
0.148488
0.14121
0.138964
0.147262
0.147682
0.13062
0.139414
0.139896
0.138474
0.13898
0.130106
0.133053
0.141151
0.141212
0.140322
0.140785
0.132452
0.149689
0.151868
0.151657
0.152142
0.152039
0.14992
0.154258
0.155348
0.155413
0.138492
0.137215
0.128693
0.149886
0.151978
0.151989
0.158182
0.15819
0.15819
0.158189
0.158188
0.15818
0.15816
0.158162
0.158153
0.158178
0.15817
0.158169
0.158183
0.158191
0.158191
0.15818
0.158188
0.158188
0.158189
0.158188
0.15818
0.154614
0.154621
0.151255
0.158128
0.158122
0.158118
0.158139
0.158142
0.158135
0.150502
0.150737
0.145479
0.144078
0.150017
0.150264
0.158897
0.158897
0.158984
0.158897
0.158897
0.158984
0.158897
0.158897
0.158984
0.158897
0.158897
0.158984
0.158724
0.158724
0.15881
0.158723
0.158723
0.15881
0.158549
0.15855
0.158637
0.15855
0.15855
0.158637
0.158459
0.158458
0.158503
0.158288
0.158288
0.158332
0.158117
0.158118
0.15816
0.157953
0.157953
0.157994
0.157792
0.157791
0.157832
0.157633
0.15763
0.15767
0.157469
0.157464
0.157506
0.157342
0.15734
0.157361
0.157302
0.157295
0.157337
0.157134
0.157133
0.157155
0.156927
0.156929
0.156972
0.156663
0.156669
0.156755
0.156692
0.156683
0.156769
0.156499
0.156493
0.15658
0.156518
0.156525
0.156612
0.156321
0.156308
0.156396
0.155896
0.135976
0.135971
0.145415
0.156156
0.156253
0.156323
0.156341
0.156429
0.157178
0.157202
0.157204
0.158165
0.158143
0.158141
0.157552
0.157551
0.157531
0.157384
0.157405
0.157407
0.098487
0.137084
0.136751
0.149424
0.149372
0.118193
0.156304
0.156318
0.156931
0.156511
0.155938
0.155924
0.157383
0.157382
0.157361
0.157509
0.157489
0.15749
0.157255
0.157266
0.15715
0.15732
0.15735
0.15734
0.157412
0.157402
0.157365
0.158189
0.158211
0.158209
0.158546
0.158591
0.158591
0.15859
0.15859
0.158546
0.158546
0.15859
0.15859
0.15859
0.15859
0.158546
0.15837
0.158415
0.158415
0.158503
0.158459
0.158459
0.158387
0.158387
0.158364
0.158363
0.158387
0.158387
0.158416
0.158416
0.158371
0.158241
0.158242
0.158199
0.158208
0.158209
0.158187
0.158273
0.158296
0.158296
0.158342
0.158319
0.158319
0.158203
0.158245
0.158245
0.15807
0.15807
0.158028
0.158155
0.158113
0.158112
0.158035
0.158076
0.158075
0.157903
0.157903
0.157861
0.157986
0.157944
0.157944
0.157965
0.157963
0.157943
0.158003
0.157983
0.157985
0.157872
0.157912
0.157912
0.157739
0.157737
0.157696
0.15782
0.157779
0.15778
0.157809
0.157807
0.157788
0.157846
0.157827
0.157828
0.157711
0.157751
0.157753
0.157573
0.157571
0.157529
0.157654
0.157613
0.157615
0.157652
0.157652
0.157633
0.157692
0.157672
0.157672
0.157548
0.157588
0.157592
0.157486
0.157444
0.157448
0.15738
0.157422
0.157428
0.157296
0.157317
0.15732
0.157016
0.157059
0.157057
0.157088
0.157111
0.157112
0.156874
0.156885
0.156841
0.15686
0.156905
0.156894
0.15803
0.158031
0.158042
0.157563
0.157566
0.157575
0.158185
0.158186
0.158174
0.158046
0.158044
0.158023
0.158085
0.158065
0.158067
0.157886
0.157885
0.157865
0.157924
0.157904
0.157906
0.157731
0.15773
0.157711
0.157769
0.15775
0.15775
0.157571
0.157573
0.157552
0.157613
0.157593
0.157592
0.157428
0.157427
0.157448
0.157054
0.157031
0.156982
0.15233
0.152499
0.156417
0.155838
0.154561
0.154557
0.156712
0.156988
0.157011
0.157138
0.15713
0.157103
0.158068
0.158065
0.158076
0.157586
0.157595
0.157592
0.156981
0.156435
0.156701
0.158111
0.15811
0.158121
0.158087
0.158098
0.1581
0.157425
0.157404
0.157405
0.157469
0.157467
0.157447
0.158143
0.158141
0.15813
0.158166
0.158153
0.158155
0.157545
0.157539
0.157549
0.157586
0.157579
0.157589
0.157559
0.157569
0.157576
0.157424
0.15742
0.15741
0.157441
0.15743
0.157435
0.157399
0.157388
0.157393
0.157303
0.157314
0.157207
0.157164
0.157279
0.15729
0.158218
0.158231
0.158231
0.158256
0.158243
0.158243
0.157371
0.157361
0.157329
0.157356
0.157392
0.157382
0.158232
0.158234
0.158256
0.158197
0.158198
0.15821
0.158364
0.158387
0.158387
0.158386
0.158386
0.158363
0.158254
0.158232
0.158231
0.158211
0.158199
0.158198
0.158897
0.158897
0.158984
0.158897
0.158897
0.158984
0.158724
0.158723
0.15881
0.15855
0.15855
0.158637
0.158376
0.158376
0.158462
0.158459
0.15846
0.158504
0.158378
0.158378
0.158464
0.158203
0.158204
0.15829
0.15832
0.15832
0.158343
0.158207
0.158206
0.158292
0.158032
0.158033
0.158118
0.158038
0.158036
0.158121
0.157861
0.157862
0.157947
0.157869
0.157867
0.157952
0.157691
0.157693
0.157777
0.157702
0.157699
0.157783
0.15752
0.157523
0.157608
0.157535
0.15753
0.157615
0.157349
0.157353
0.157438
0.157367
0.157361
0.157445
0.157178
0.157182
0.157268
0.157197
0.157191
0.157276
0.15713
0.157123
0.157166
0.157026
0.15702
0.157105
0.156734
0.156615
0.156679
0.135848
0.15487
0.154933
0.156519
0.156508
0.156595
0.158344
0.15832
0.15832
0.157207
0.157229
0.157231
0.157339
0.157317
0.157318
0.158592
0.158592
0.158547
0.158547
0.158591
0.158591
0.158416
0.158416
0.158372
0.158504
0.15846
0.15846
0.158375
0.158418
0.158418
0.158328
0.158285
0.158284
0.158278
0.158301
0.1583
0.158129
0.158128
0.158107
0.158172
0.15815
0.158151
0.157406
0.157401
0.157359
0.157489
0.157491
0.15747
0.157532
0.157512
0.15751
0.157235
0.15723
0.157187
0.157316
0.157273
0.157278
0.157209
0.157252
0.157259
0.157002
0.156958
0.156954
0.153013
0.152797
0.118979
0.156569
0.156521
0.156742
0.157254
0.157252
0.157273
0.157296
0.157295
0.157274
0.1583
0.1583
0.158277
0.145514
0.106048
0.028906
0.14513
0.105221
0.0274738
0.14036
0.0967528
0.0198004
0.140045
0.0962591
0.0199001
0.0329634
0
0
0.157718
0.150882
0.088658
0.15098
0.119385
0.0269098
0.149988
0.116403
0.0231779
0.0335165
0
0
0.0507141
0.0265194
0
0.15761
0.149621
0.0846101
0.147173
0.108743
0.0293394
0.147418
0.109217
0.0294312
0.143239
0.101849
0.0251882
0.143075
0.101785
0.0257478
0.136742
0.0911099
0.0170621
0.137221
0.0919126
0.0179331
0.0357735
0.00719643
0
0.0366982
0.00989812
0
0.0434555
0.0246625
0
0.158077
0.156405
0.12489
0.153327
0.125484
0.0367776
0.154014
0.128087
0.039167
0.153115
0.124591
0.035823
0.146133
0.106866
0.0281854
0.144418
0.10408
0.0273392
0.141632
0.09918
0.0229045
0.138645
0.0941065
0.0179399
0.12569
0.0761027
0.00920833
0.157665
0.148906
0.0866832
0.0307281
0
0
0.0337797
0.00644214
0
0.0365238
0.0103235
0
0.0960031
0.0389368
0
0.0928401
0.0246025
0
0.0964056
0.0281099
0
0.10072
0.0326208
0
0.0979872
0.0296375
0
0.106779
0.0392766
0
0.101928
0.0339228
0
0.105906
0.0381952
0
0.0920559
0.0237728
0
0.0884029
0.0205631
0
0.08381
0.0171583
0
0.0873079
0.0196882
0
0.0735435
0.0106047
0
0.0772349
0.0127868
0
0.0824241
0.0161646
0
0.0789026
0.0138786
0
0.071984
0.0096633
0
0.0421024
0
0
0.035219
0
0
0.0321111
0.00332438
0
0.154202
0.128924
0.0400482
0.154907
0.132036
0.0442828
0.155085
0.132961
0.0458013
0.146432
0.107544
0.0288911
0.148231
0.111031
0.0313343
0.144142
0.103541
0.0267854
0.14187
0.0994953
0.0227526
0.135517
0.0893485
0.0157171
0.138256
0.093349
0.0175742
0.121615
0.0704445
0.0046296
0.123664
0.0732558
0.00814267
0.122084
0.0711413
0.00517689
0.125134
0.0753632
0.00805102
0.123959
0.0736257
0.00834998
0.11461
0.0605454
3.76412e-05
0.110081
0.054714
0
0.10938
0.0539259
0
0.0950491
0.0380585
0
0.0921676
0.0358158
0
0.149514
0.113942
0.0318747
0.149702
0.114241
0.0311991
0.145679
0.106156
0.0283918
0.149274
0.113371
0.0316064
0.14896
0.112484
0.0303938
0.144835
0.104605
0.0268941
0.140721
0.0975123
0.0203284
0.134053
0.0871999
0.0162445
0.134336
0.0874276
0.0159081
0.139787
0.0959674
0.0202951
0.133528
0.0864237
0.0151238
0.132995
0.0856443
0.0141291
0.0293629
0
0
0.0298045
0
0
0.0324494
0
0
0.0289178
0
0
0.0284793
0
0
0.157777
0.15158
0.0924537
0.107174
0.0510617
0
0.106421
0.0502664
0
0.151926
0.122299
0.030684
0.155654
0.136685
0.0557004
0.149205
0.113935
0.0198622
0.0340836
0
0
0.0515294
0.0270762
0
0.157491
0.148456
0.0806921
0.150973
0.11775
0.0336561
0.14697
0.108474
0.0297275
0.147701
0.109884
0.0300265
0.143469
0.102159
0.0250396
0.14255
0.100854
0.0241321
0.136348
0.0905093
0.0168568
0.137596
0.0924843
0.0181482
0.131061
0.0831855
0.0132163
0.107707
0.0517122
0
0.108191
0.0525128
0
0.158079
0.156331
0.120571
0.158052
0.155514
0.114195
0.0362352
0.00805611
0
0.0365641
0.00903059
0
0.153648
0.126651
0.0386215
0.153838
0.127408
0.0391149
0.152823
0.123608
0.0367383
0.150183
0.115432
0.0312564
0.149926
0.114736
0.0309423
0.145881
0.1064
0.0280364
0.14838
0.111237
0.0311352
0.148712
0.111845
0.0299726
0.144598
0.104228
0.0268908
0.14121
0.0983647
0.0216751
0.135034
0.0884189
0.0160507
0.134677
0.0878279
0.0157392
0.13913
0.0949415
0.0189046
0.132158
0.0843691
0.0136137
0.132562
0.0849211
0.0136703
0.126606
0.0771557
0.0106962
0.126327
0.0769167
0.0106497
0.0306484
0
0
0.0302369
0
0
0.0315968
0
0
0.0274519
0
0
0.0280012
0
0
0.026816
0
0
0.0350919
0.0088512
0
0.0359995
0.0100664
0
0.157864
0.152672
0.0977834
0.104523
0.0480481
0
0.105101
0.0488489
0
0.105729
0.0495329
0
0.153651
0.128561
0.041082
0.152491
0.12432
0.0343232
0.154335
0.131221
0.0456004
0.154911
0.133666
0.0506187
0.147994
0.110282
0.0150938
0.127461
0.0674491
0
0.0938498
0.0256096
0
0.0950372
0.0267699
0
0.0996865
0.0314791
0
0.0988677
0.030525
0
0.103312
0.035407
0
0.104901
0.0370881
0
0.0912508
0.0230395
0
0.089712
0.0216649
0
0.0854395
0.0183391
0
0.0864481
0.0190248
0
0.0745584
0.0111238
0
0.0757955
0.0118839
0
0.0812654
0.0153426
0
0.0803769
0.0148123
0
0.0704183
0.00875176
0
0.0346589
0
0
0.0305215
0.00103693
0
0.154755
0.131319
0.0436124
0.154395
0.129834
0.0417205
0.155312
0.134088
0.0480302
0.150472
0.11633
0.0322612
0.150771
0.117243
0.0335649
0.146813
0.108391
0.0303853
0.148047
0.110743
0.0314114
0.143766
0.102737
0.0255174
0.142177
0.100063
0.0230918
0.136011
0.090092
0.0167993
0.137895
0.0928124
0.0177016
0.131801
0.0840294
0.0138705
0.131535
0.0838802
0.0142054
0.130543
0.0822853
0.0132267
0.12123
0.0698509
0.00458887
0.123301
0.0727017
0.0075718
0.122642
0.0718752
0.00622952
0.124313
0.0741143
0.00728315
0.124682
0.0746703
0.00740718
0.110822
0.055592
0
0.10875
0.0531955
0
0.0940784
0.0372696
0
0.0931134
0.0365252
0
0.158112
0.157123
0.131068
0.158131
0.157556
0.138499
0.15813
0.157552
0.138857
0.0440767
0.0214102
0
0.0458968
0.0232338
0
0.141348
0.0942266
0.00145388
0.132796
0.0769131
0
0.142521
0.096853
0.00325011
0.131228
0.0742643
0
0.0527367
4.28926e-05
0
0.0458689
0
0
0.0390937
0
0
0.045016
0
0
0.038463
0
0
0.0840249
0.038679
0.00217048
0.156751
0.142219
0.0622657
0.156522
0.140825
0.059314
0.112757
0.0579614
0
0.116702
0.0633376
0.00195517
0.116317
0.0628008
0.00163978
0.112372
0.0574707
0
0.11156
0.0564927
0
0.157903
0.151869
0.0969683
0.157975
0.153488
0.102846
0.0428225
0.0191236
0
0.0998587
0.0427043
0
0.0257517
0
0
0.0268081
0
0
0.0290517
0.00373517
0
0.0363962
0.00947634
0
0.0494107
0.0254706
0
0.15244
0.122261
0.0354982
0.126907
0.0775047
0.0108496
0.127289
0.0780169
0.00985343
0.128765
0.0800876
0.0124234
0.0915584
0.0374293
0
0.156778
0.142544
0.0693728
0.0268262
0
0
0.157975
0.154521
0.108117
0.157912
0.153551
0.102267
0.102843
0.0461074
0
0.098859
0.0416882
0
0.102286
0.0454805
0
0.101811
0.044755
0
0.156059
0.138689
0.0605033
0.136176
0.0834515
0
0.137513
0.0860509
0
0.146829
0.107371
0.012528
0.145751
0.104622
0.00993576
0.0499927
0
0
0.0488354
0
0
0.0413254
0
0
0.0355757
0
0
0.0253123
0
0
0.0265711
0
0
0.025791
0
0
0.0292374
0.00355202
0
0.0345307
0.00566769
0
0.0504014
0.0260515
0
0.157151
0.145323
0.0706229
0.15724
0.146077
0.073316
0.151509
0.119329
0.0338256
0.152137
0.121263
0.0339226
0.15118
0.118401
0.0344357
0.130169
0.0816345
0.0126398
0.129119
0.0804667
0.0126733
0.114129
0.0598697
0
0.0910515
0.0367926
0
0.0354535
0.00553451
0
0.0416384
0.0183549
0
0.0472823
0.0242952
0
0.0914066
0.0365749
0
0.0912113
0.0356049
0
0.0915227
0.0372237
0
0.0914145
0.0373622
0
0.139911
0.0907913
0
0.0324151
0.00329653
0
0.033017
0.00359233
0
0.134027
0.0791372
0
0.143966
0.0999928
0.00527239
0.129869
0.0719235
0
0.121951
0.0592289
0
0.123241
0.0611738
0
0.11232
0.0460542
0
0.113216
0.0472026
0
0.120861
0.0574965
0
0.119993
0.056258
0
0.110696
0.0441331
0
0.109373
0.0425437
0
0.0534878
0.000361517
0
0.0547055
0.000799496
0
0.0619608
0.00411944
0
0.0609171
0.00363647
0
0.0631408
0.00468808
0
0.064462
0.0053788
0
0.0520309
0
0
0.0467859
0
0
0.0397978
0
0
0.044117
0
0
0.0376602
0
0
0.0318334
0.0023595
0
0.0317326
0.00297556
0
0.156856
0.142942
0.063858
0.156963
0.143761
0.0664556
0.156315
0.139461
0.0570211
0.12056
0.0688343
0.00534392
0.120876
0.0692677
0.00558221
0.113186
0.058534
0
0.120215
0.0683817
0.00502184
0.119497
0.0675
0.00376356
0.117097
0.0639254
0.00218694
0.115813
0.0621382
0.000828259
0.0902425
0.0391732
0
0.0358451
0.00617204
0
0.0344994
0.00454893
0
0.0349885
0.00499661
0
0.158106
0.15702
0.131499
0.158054
0.155944
0.119763
0.158009
0.155118
0.113091
0.100871
0.0437508
0
0.0258635
0
0
0.0259162
0
0
0.0277884
0.000722999
0
0.0285602
0.00279495
0
0.0384782
0.0135955
0
0.0483981
0.0249429
0
0.152673
0.123169
0.0368768
0.127662
0.0785924
0.0101263
0.12814
0.0793018
0.0109918
0.0921178
0.0365674
0
0.0917277
0.0362423
0
0.0916109
0.0374201
0
0.157106
0.144697
0.0750263
0.157477
0.147145
0.0810095
0.0270292
0
0
0.0271913
0
0
0.0339997
0.00417262
0
0.0335026
0.00385021
0
0.103414
0.0467508
0
0.103985
0.0474067
0
0.0970092
0.0399349
0
0.0979015
0.0407342
0
0.135005
0.0811086
0
0.138994
0.0888597
0
0.144822
0.102146
0.00748081
0.12874
0.069921
0
0.126319
0.0656892
0
0.124706
0.063348
0
0.115376
0.0501836
0
0.114194
0.0485908
0
0.11673
0.0519826
0
0.118265
0.0540056
0
0.107802
0.0405089
0
0.0574939
0.00210649
0
0.0560457
0.00140984
0
0.0589366
0.00281978
0
0.0600318
0.00328693
0
0.068108
0.00727943
0
0.0690967
0.00788215
0
0.0672386
0.00688573
0
0.0659369
0.00620387
0
0.0512446
0
0
0.0477702
0
0
0.0405442
0
0
0.042861
0
0
0.0365961
0
0
0.026387
0
0
0.0261381
0
0
0.0291383
0.00246354
0
0.0326338
0.002503
0
0.05075
0.026315
0
0.157338
0.14712
0.0769897
0.155955
0.137434
0.0530996
0.156201
0.138781
0.0557662
0.155802
0.136479
0.0508751
0.155584
0.135336
0.0503725
0.151681
0.119765
0.033305
0.151894
0.120413
0.0332673
0.129786
0.0811013
0.0124307
0.129425
0.0807126
0.012482
0.113647
0.0591832
0
0.118323
0.0660041
0.00195301
0.11887
0.0667227
0.00265217
0.117474
0.0645337
0.00251219
0.11787
0.0653337
0.00180773
0.115186
0.0614234
7.66093e-05
0.0906739
0.0374978
0
0.158125
0.157433
0.136952
)
;

boundaryField
{
    topAndBottom
    {
        type            calculated;
        value           nonuniform List<scalar> 
72
(
0.159242
0.159242
0.159068
0.159068
0.158895
0.158895
0.158721
0.158721
0.158547
0.158548
0.158374
0.158374
0.158201
0.158201
0.158028
0.158028
0.157854
0.157855
0.157681
0.157682
0.157508
0.157509
0.157335
0.157336
0.157162
0.157163
0.156989
0.156989
0.156816
0.156816
0.156643
0.156642
0.15647
0.156468
0.156297
0.156293
0.156124
0.156119
0.155951
0.155944
0.155778
0.155769
0.155605
0.155595
0.155431
0.15542
0.155258
0.155245
0.155085
0.155071
0.154912
0.154896
0.154739
0.154722
0.154566
0.154547
0.154393
0.154373
0.15422
0.154199
0.154047
0.154024
0.153874
0.15385
0.153701
0.153675
0.153528
0.153501
0.153355
0.153326
0.153183
0.153152
)
;
    }
    inlet
    {
        type            calculated;
        value           uniform 0;
    }
    outlet
    {
        type            calculated;
        value           nonuniform List<scalar> 
24
(
0.153183
0.153185
0.153188
0.153193
0.153199
0.153207
0.153218
0.153223
0.153231
0.153217
0.152801
0.143184
0.147795
0.153156
0.153226
0.153223
0.153211
0.153204
0.153188
0.153176
0.153167
0.15316
0.153156
0.153152
)
;
    }
    wing
    {
        type            calculated;
        value           uniform 0;
    }
    front
    {
        type            empty;
    }
    back
    {
        type            empty;
    }
}


// ************************************************************************* //
