/*--------------------------------*- C++ -*----------------------------------*\
| =========                 |                                                 |
| \\      /  F ield         | OpenFOAM: The Open Source CFD Toolbox           |
|  \\    /   O peration     | Version:  5.x                                   |
|   \\  /    A nd           | Web:      www.OpenFOAM.org                      |
|    \\/     M anipulation  |                                                 |
\*---------------------------------------------------------------------------*/
FoamFile
{
    version     2.0;
    format      ascii;
    class       volScalarField;
    location    "300";
    object      Y;
}
// * * * * * * * * * * * * * * * * * * * * * * * * * * * * * * * * * * * * * //

dimensions      [0 0 0 0 0 0 0];

internalField   nonuniform List<scalar> 
6584
(
0.00632781
0.00632781
0.00632781
0.00632781
0.00632781
0.00632781
0.00632781
0.00632782
0.00632782
0.00632782
0.00632782
0.00632782
0.00632782
0.00632782
0.00632782
0.00632782
0.00632782
0.00632781
0.00632781
0.00632781
0.00632781
0.00632781
0.00632781
0.00632781
0.00632561
0.00632561
0.00632561
0.00632562
0.00632562
0.00632562
0.00632562
0.00632563
0.00632563
0.00632563
0.00632563
0.00632563
0.00632564
0.00632563
0.00632563
0.00632563
0.00632563
0.00632563
0.00632562
0.00632562
0.00632562
0.00632561
0.00632561
0.00632561
0.00632341
0.00632342
0.00632342
0.00632342
0.00632342
0.00632342
0.00632343
0.00632344
0.00632345
0.00632454
0.00632454
0.00632454
0.00632454
0.00632454
0.00632454
0.00632345
0.00632344
0.00632344
0.00632343
0.00632342
0.00632342
0.00632342
0.00632342
0.00632341
0.00632122
0.00632122
0.00632122
0.00632123
0.00632123
0.00632123
0.00632124
0.00632125
0.00632126
0.00632235
0.00632235
0.00632234
0.00632234
0.00632235
0.00632235
0.00632235
0.00632125
0.00632124
0.00632124
0.00632123
0.00632123
0.00632123
0.00632122
0.00632122
0.00631902
0.00631903
0.00631903
0.00631903
0.00631904
0.00631904
0.00631904
0.00631904
0.00632015
0.00632016
0.00632014
0.00632013
0.00632013
0.00632014
0.00632015
0.00632016
0.00632015
0.00631906
0.00631905
0.00631904
0.00631904
0.00631903
0.00631903
0.00631903
0.00631683
0.00631683
0.00631684
0.00631684
0.00631684
0.00631685
0.00631686
0.00631795
0.00631794
0.00631793
0.00631848
0.00631845
0.00631844
0.00631847
0.00631795
0.00631797
0.00631797
0.00631689
0.00631687
0.00631686
0.00631685
0.00631684
0.00631684
0.00631683
0.00631464
0.00631464
0.00631464
0.00631465
0.00631466
0.00631466
0.00631468
0.00631576
0.00631575
0.00631574
0.00631622
0.00631645
0.00631641
0.0063162
0.0063163
0.0063158
0.0063158
0.00631472
0.00631469
0.00631468
0.00631466
0.00631465
0.00631465
0.00631464
0.00631245
0.00631245
0.00631245
0.00631246
0.00631247
0.00631248
0.00631251
0.00631358
0.00631358
0.00631358
0.00631402
0.00631411
0.0063142
0.00631413
0.00631365
0.00631365
0.00631257
0.00631252
0.0063125
0.00631248
0.00631247
0.00631246
0.00631245
0.00631026
0.00631026
0.00631027
0.00631028
0.00631029
0.00631031
0.00631034
0.00631142
0.00631142
0.00631145
0.00631189
0.00631198
0.0063121
0.00631204
0.00631155
0.00631152
0.00631042
0.00631036
0.00631032
0.0063103
0.00631028
0.00631027
0.00631026
0.00630807
0.00630807
0.00630808
0.00630809
0.00630811
0.00630813
0.00630817
0.00630926
0.00630928
0.00630934
0.00630981
0.00630999
0.00631018
0.00631002
0.00630947
0.0063094
0.00630827
0.00630819
0.00630815
0.00630812
0.0063081
0.00630808
0.00630807
0.00630587
0.00630588
0.00630589
0.00630591
0.00630593
0.00630596
0.00630601
0.0063071
0.00630714
0.00630723
0.00630775
0.006308
0.00630828
0.00630801
0.00630738
0.00630728
0.00630613
0.00630603
0.00630598
0.00630594
0.00630591
0.00630589
0.00630588
0.00630368
0.00630369
0.00630371
0.00630372
0.00630375
0.00630378
0.00630384
0.00630494
0.006305
0.00630511
0.00630565
0.00630595
0.00630631
0.00630596
0.00630529
0.00630516
0.00630398
0.00630387
0.0063038
0.00630376
0.00630372
0.00630371
0.00630369
0.00630149
0.0063015
0.00630152
0.00630154
0.00630157
0.00630161
0.00630167
0.00630277
0.00630285
0.00630296
0.00630352
0.00630381
0.00630421
0.00630386
0.00630317
0.00630302
0.00630182
0.0063017
0.00630163
0.00630157
0.00630153
0.00630151
0.00630149
0.0062993
0.00629932
0.00629933
0.00629936
0.00629939
0.00629943
0.0062995
0.00629954
0.00630067
0.00630077
0.0063013
0.00630152
0.00504468
0.00630171
0.0063017
0.00630102
0.00630087
0.00629965
0.00629953
0.00629945
0.00629939
0.00629935
0.00629932
0.0062993
0.00629711
0.00629713
0.00629714
0.00629717
0.0062972
0.00629725
0.00629731
0.00629733
0.00629845
0.00629856
0.00629909
0.00629901
0.00594411
0.00629951
0.00629892
0.00629884
0.00629755
0.00629746
0.00629733
0.00629726
0.0062972
0.00629716
0.00629713
0.0062971
0.00629492
0.00629494
0.00629495
0.00629498
0.00629502
0.00629506
0.00629511
0.00629514
0.00629626
0.00629637
0.00629637
0.0062968
0.00596994
0.00629676
0.00629674
0.00629666
0.00629537
0.00629527
0.00629514
0.00629506
0.006295
0.00629495
0.00629492
0.0062949
0.00629273
0.00629275
0.00629277
0.00629279
0.00629283
0.00629287
0.00629292
0.00629296
0.00629303
0.00629419
0.00629418
0.00629112
0.00613978
0.00629457
0.00629455
0.00629447
0.00629318
0.00629308
0.00629295
0.00629286
0.0062928
0.00629275
0.00629272
0.00629269
0.00629054
0.00629056
0.00629057
0.0062906
0.00629064
0.00629067
0.00629073
0.00629078
0.00629085
0.0062909
0.006292
0.00628748
0.00614159
0.00629238
0.00629127
0.00629112
0.00629099
0.00629088
0.00629075
0.00629066
0.00629059
0.00629054
0.00629051
0.00629048
0.00628835
0.00628836
0.00628838
0.00628842
0.00628845
0.00628848
0.00628854
0.0062886
0.00628867
0.00628872
0.00628819
0.00613089
0.00621815
0.00628911
0.00628908
0.00628893
0.00628879
0.00628869
0.00628855
0.00628846
0.00628839
0.00628833
0.0062883
0.00628827
0.00628615
0.00628617
0.00628619
0.00628623
0.00628626
0.0062863
0.00628636
0.00628642
0.00628649
0.00628654
0.0062855
0.00612921
0.00621636
0.00628692
0.00628689
0.00628674
0.0062866
0.00628649
0.00628635
0.00628625
0.00628618
0.00628613
0.00628609
0.00628605
0.00628396
0.00628398
0.006284
0.00628404
0.00628408
0.00628411
0.00628418
0.00628424
0.00628432
0.00628436
0.00628283
0.00612748
0.00621449
0.00628473
0.0062847
0.00628455
0.0062844
0.00628429
0.00628414
0.00628405
0.00628397
0.00628392
0.00628388
0.00628384
0.00628177
0.00628179
0.00628181
0.00628185
0.00628189
0.00628193
0.006282
0.00628206
0.00628214
0.00628218
0.00628016
0.00612572
0.00621257
0.00628255
0.00628252
0.00628236
0.00628221
0.00628209
0.00628194
0.00628184
0.00628177
0.00628171
0.00628167
0.00628163
0.00627958
0.0062796
0.00627962
0.00627966
0.0062797
0.00627974
0.00627982
0.00627988
0.00627997
0.00628
0.0062775
0.00612394
0.00621062
0.00628036
0.00628033
0.00628017
0.00628001
0.00627989
0.00627974
0.00627963
0.00627956
0.0062795
0.00627946
0.00627942
0.00627739
0.00627741
0.00627743
0.00627747
0.00627752
0.00627756
0.00627764
0.00627771
0.0062778
0.00627782
0.00627486
0.00612213
0.00620863
0.00627818
0.00627815
0.00627799
0.00627782
0.00627769
0.00627753
0.00627743
0.00627735
0.00627728
0.00627725
0.0062772
0.0062752
0.00627522
0.00627524
0.00627528
0.00627533
0.00627538
0.00627546
0.00627553
0.00627563
0.00627564
0.00627223
0.00612031
0.00620662
0.00627599
0.00627597
0.0062758
0.00627562
0.00627549
0.00627533
0.00627522
0.00627514
0.00627507
0.00627503
0.00627499
0.00627301
0.00627303
0.00627306
0.00627309
0.00627314
0.00627319
0.00627328
0.00627336
0.00627346
0.00627345
0.00626956
0.0061185
0.00620461
0.00627381
0.00627379
0.00627362
0.00627343
0.00627329
0.00627313
0.00627302
0.00627293
0.00627286
0.00627282
0.00627277
0.00627082
0.00627084
0.00627087
0.00627091
0.00627096
0.00627101
0.00627111
0.00627118
0.00627129
0.00627127
0.00626684
0.00611673
0.00620263
0.00627163
0.00627161
0.00627144
0.00627124
0.0062711
0.00627093
0.00627081
0.00627072
0.00627065
0.00627061
0.00627056
0.00626863
0.00626865
0.00626868
0.00626872
0.00626878
0.00626883
0.00626893
0.00626901
0.00626912
0.00626909
0.00626414
0.00611494
0.00620064
0.00626945
0.00626944
0.00626926
0.00626905
0.0062689
0.00626873
0.00626861
0.00626852
0.00626845
0.0062684
0.00626835
0.00626644
0.00626646
0.00626649
0.00626653
0.00626659
0.00626665
0.00626675
0.00626684
0.00626696
0.00626691
0.00626145
0.00611315
0.00619864
0.00626728
0.00626726
0.00626707
0.00626686
0.00626671
0.00626653
0.00626641
0.00626631
0.00626624
0.00626619
0.00626614
0.00626425
0.00626427
0.0062643
0.00626435
0.00626441
0.00626447
0.00626458
0.00626467
0.00626479
0.00626472
0.00625877
0.00611135
0.00619663
0.0062651
0.00626509
0.00626489
0.00626467
0.00626451
0.00626432
0.0062642
0.0062641
0.00626403
0.00626398
0.00626393
0.00626206
0.00626208
0.00626212
0.00626216
0.00626222
0.00626229
0.00626241
0.0062625
0.00626263
0.00626254
0.0062561
0.00610954
0.00619461
0.00626292
0.00626291
0.00626271
0.00626248
0.00626232
0.00626212
0.006262
0.00626189
0.00626182
0.00626177
0.00626172
0.00625987
0.00625989
0.00625993
0.00625998
0.00626004
0.00626011
0.00626023
0.00626033
0.00626046
0.00626035
0.00625343
0.00610773
0.00619259
0.00626075
0.00626074
0.00626053
0.00626029
0.00626012
0.00625992
0.00625979
0.00625969
0.00625961
0.00625956
0.00625951
0.00625768
0.00625771
0.00625774
0.00625779
0.00625786
0.00625793
0.00625806
0.00625816
0.0062583
0.00625816
0.00625076
0.00610592
0.00619056
0.00625857
0.00625856
0.00625835
0.00625811
0.00625793
0.00625772
0.00625759
0.00625748
0.0062574
0.00625735
0.0062573
0.00625549
0.00625552
0.00625556
0.0062556
0.00625568
0.00625576
0.00625589
0.00625599
0.00625613
0.00625597
0.00624809
0.00610411
0.00618854
0.00625639
0.00625639
0.00625617
0.00625592
0.00625573
0.00625552
0.00625538
0.00625527
0.00625519
0.00625513
0.00625509
0.0062533
0.00625333
0.00625337
0.00625342
0.0062535
0.00625358
0.00625372
0.00625382
0.00625397
0.00625378
0.00624542
0.0061023
0.00618652
0.00625421
0.00625421
0.00625399
0.00625373
0.00625353
0.00625332
0.00625318
0.00625306
0.00625298
0.00625292
0.00625287
0.00625112
0.00625114
0.00625119
0.00625124
0.00625132
0.0062514
0.00625155
0.00625166
0.0062518
0.00625159
0.00624273
0.0061005
0.00618451
0.00625204
0.00625204
0.00625181
0.00625154
0.00625134
0.00625112
0.00625097
0.00625085
0.00625077
0.00625071
0.00625066
0.00631224
0.00631233
0.00631415
0.00631023
0.00631042
0.00631208
0.00630825
0.00630853
0.00631018
0.00630621
0.00630657
0.00630829
0.00630408
0.00630449
0.00630632
0.0063018
0.00502323
0.00499985
0.00630231
0.00630423
0.0063144
0.00631641
0.00631443
0.00631646
0.00631241
0.00631227
0.00631417
0.00631306
0.00631408
0.00631235
0.00631252
0.00631409
0.00631033
0.00631025
0.00631201
0.00631123
0.00630961
0.00631165
0.00630597
0.00631124
0.00631042
0.00631051
0.00631201
0.00630826
0.00630825
0.00631
0.00630925
0.00630327
0.00630478
0.00624657
0.00627965
0.00630852
0.00630852
0.00631001
0.00630618
0.00630621
0.006308
0.00630724
0.00630358
0.00630328
0.006289
0.00626102
0.00630656
0.0063065
0.00630802
0.0063017
0.00630178
0.00630448
0.00630442
0.00630598
0.00630226
0.00630254
0.00629957
0.00533051
0.00502736
0.00567034
0.00630005
0.00630201
0.00631187
0.00631297
0.00631302
0.00631292
0.00631123
0.00631408
0.00631306
0.00631144
0.00631299
0.00631308
0.00631297
0.00631186
0.00630522
0.00630913
0.00631098
0.00630478
0.00629017
0.00631074
0.00630553
0.00628197
0.00630571
0.00631113
0.00630832
0.00630188
0.00631172
0.00630851
0.00631136
0.00630323
0.00630322
0.006309
0.00628628
0.00629241
0.00628952
0.00628601
0.00625998
0.00624488
0.00630924
0.00629837
0.00629972
0.00630172
0.00629856
0.00630948
0.00628984
0.00629479
0.00629287
0.00628894
0.00630148
0.00629062
0.00630732
0.00630331
0.00630498
0.0062998
0.0063031
0.00630756
0.00629827
0.00629945
0.00629531
0.00629801
0.00630252
0.0063019
0.00630496
0.00630466
0.00630555
0.0062998
0.00629674
0.00629955
0.00629982
0.00630135
0.00630218
0.00631329
0.00631311
0.00631413
0.00631322
0.00631397
0.00630406
0.00630407
0.00630595
0.00630516
0.00630352
0.00630374
0.0062184
0.00617663
0.00630229
0.00630228
0.00630389
0.00631401
0.0063133
0.00631413
0.0063131
0.00631334
0.00630375
0.00630362
0.00630699
0.00511948
0.00529685
0.00588645
0.00599147
0.00530619
0.00551321
0.00616865
0.00609477
0.00630529
0.00630458
0.00630396
0.00600387
0.00606733
0.00630385
0.00630303
0.00630341
0.00631531
0.00631519
0.00631424
0.00631423
0.0063152
0.00631531
0.0063131
0.00631348
0.00631321
0.00631402
0.00631331
0.00631362
0.00630797
0.00630915
0.00626684
0.00626831
0.00627936
0.00627609
0.0063009
0.00609506
0.00630314
0.00625128
0.00622317
0.0062278
0.00625337
0.00630248
0.0062926
0.00631245
0.00625245
0.00630594
0.00624063
0.00631223
0.00630748
0.00631325
0.00631349
0.0063129
0.00629821
0.00631233
0.00631242
0.00629655
0.00629563
0.00630922
0.00630884
0.00629197
0.00629321
0.00630275
0.00631067
0.00631105
0.00631018
0.00631055
0.00630264
0.00631044
0.00631168
0.00631206
0.00631118
0.00631156
0.00631001
0.0062892
0.00628955
0.00628626
0.00628597
0.00622178
0.00622525
0.00629651
0.0063088
0.00630914
0.00630835
0.00630869
0.00629642
0.00630064
0.00630971
0.00631006
0.00630925
0.0063096
0.00630047
0.00512769
0.00629227
0.00530191
0.0050488
0.00555923
0.00531798
0.00629296
0.006285
0.00505899
0.00628599
0.00629826
0.00629751
0.00630135
0.0063079
0.00630824
0.00630744
0.00630778
0.00630172
0.00573081
0.00586379
0.00629667
0.0057627
0.00557621
0.00592178
0.0057835
0.00629705
0.00553398
0.00571068
0.00630239
0.00617888
0.00622291
0.00610389
0.00617014
0.0063023
0.00607677
0.00606385
0.00608677
0.00520866
0.00607473
0.0060547
0.0053288
0.00625149
0.00625392
0.00631381
0.00630188
0.00630182
0.0063038
0.00630299
0.00630237
0.00630311
0.00558866
0.00629714
0.00630007
0.00631383
0.00630295
0.00630347
0.00630489
0.00518082
0.00521714
0.00487162
0.00605892
0.00605656
0.00525443
0.00531925
0.00623976
0.00625066
0.00440274
0.0063146
0.00631464
0.0063141
0.00631407
0.00631464
0.0063146
0.00631065
0.00631151
0.00631112
0.00630631
0.00630505
0.00631033
0.00630362
0.00630947
0.0063091
0.00630996
0.00630959
0.00630383
0.00625669
0.00627537
0.00628491
0.00626353
0.00595551
0.00589743
0.00630244
0.00625612
0.00627444
0.00629051
0.00628989
0.00530205
0.00631363
0.00631341
0.00631406
0.00631182
0.0063082
0.00630586
0.00631256
0.0063127
0.0063131
0.00631219
0.00631257
0.00631241
0.00630676
0.00631047
0.00631009
0.00631099
0.0063106
0.00630732
0.00630115
0.00614362
0.00624129
0.00607494
0.00609129
0.00629233
0.00625092
0.00626106
0.00630714
0.00628601
0.00629766
0.00630516
0.00631042
0.00631058
0.00630936
0.0063096
0.00630221
0.00630898
0.00630862
0.00630315
0.00628773
0.00603187
0.0059739
0.00628784
0.00605079
0.00607029
0.00596341
0.00597506
0.00628555
0.00624464
0.00623319
0.00629728
0.0063082
0.00630834
0.00630738
0.00630787
0.00629847
0.00630131
0.00630907
0.00630929
0.00630838
0.00630853
0.00629952
0.00630033
0.00622394
0.00624071
0.00620141
0.00619207
0.00629403
0.00630494
0.00630696
0.00630732
0.00630647
0.00630684
0.00630497
0.00629891
0.00603102
0.00593749
0.00612965
0.00610146
0.00629908
0.0055324
0.00557118
0.00629976
0.00616011
0.0061382
0.0054835
0.00552064
0.00602793
0.00597089
0.00631356
0.00631382
0.00631367
0.00589137
0.00620287
0.00591947
0.0059527
0.00593889
0.0061975
0.00631373
0.00631357
0.00631389
0.00631335
0.00631363
0.00515341
0.00520604
0.00519324
0.00518362
0.00593736
0.00531924
0.00528336
0.0053965
0.00532945
0.00595085
0.00535858
0.00539872
0.00614104
0.00612854
0.00603534
0.00549875
0.00543161
0.00532588
0.00536102
0.00631269
0.00631317
0.00631343
0.00631274
0.00631308
0.00631247
0.00630646
0.00631013
0.0062583
0.00627386
0.00628393
0.00626525
0.00611153
0.00624829
0.00623627
0.006261
0.0062521
0.00610842
0.00620891
0.00619776
0.00623255
0.00621529
0.00624133
0.00604475
0.00608193
0.0059782
0.0060265
0.00623718
0.00586629
0.00588049
0.00627881
0.00631081
0.0063089
0.00631259
0.00631136
0.00628565
0.00629705
0.00629298
0.00630745
0.0062988
0.00631206
0.00631316
0.00631277
0.00631144
0.00631008
0.00631106
0.00630868
0.00631195
0.00630946
0.00631192
0.0063126
0.00630994
0.00631163
0.00631269
0.00631216
0.00631127
0.00611277
0.0061292
0.00629978
0.00597107
0.00589907
0.00615893
0.00598584
0.00579477
0.00572763
0.00587693
0.0058239
0.00629313
0.00609707
0.00610869
0.00623967
0.00622127
0.00629084
0.00625534
0.0062
0.00617998
0.00621806
0.00620513
0.00630759
0.00626337
0.00626975
0.00628737
0.00629696
0.00631003
0.00631032
0.00630388
0.00630234
0.00630968
0.00630994
0.00604878
0.00604202
0.00628816
0.00563418
0.00563649
0.00535543
0.00559975
0.0056147
0.0057045
0.00563071
0.00561501
0.00602181
0.00604429
0.00628737
0.00561922
0.00554874
0.00571166
0.0056407
0.0054146
0.00534309
0.00552124
0.005448
0.00628565
0.00598629
0.00601283
0.00623402
0.00623024
0.00630804
0.00630816
0.00629702
0.00629763
0.0063079
0.006308
0.00630881
0.006309
0.00630116
0.00629971
0.00630858
0.00630875
0.00513029
0.00517815
0.00608669
0.00612265
0.00603631
0.0060735
0.00510639
0.0054649
0.00616767
0.00611133
0.00613221
0.00615942
0.00541498
0.0058498
0.00587938
0.00575542
0.00583903
0.00509905
0.00598265
0.00602523
0.00589378
0.00596087
0.00509258
0.0062095
0.00621985
0.00629989
0.0061662
0.00618661
0.00619253
0.00616527
0.00618628
0.00629486
0.00618584
0.00620068
0.00578389
0.00511386
0.00512249
0.00525762
0.00513012
0.00580318
0.00519325
0.00559673
0.00512881
0.00562627
0.00613841
0.00627121
0.00626377
0.00628023
0.00627373
0.00614408
0.00604805
0.00605867
0.0055884
0.00562917
0.0053879
0.005468
0.00606811
0.00604129
0.00631448
0.00631462
0.00631627
0.00630314
0.00630285
0.00630199
0.00631427
0.00631431
0.00631397
0.0063139
0.00631429
0.00631427
0.00631529
0.00631524
0.00631429
0.00631203
0.00631164
0.00631094
0.00630609
0.00629821
0.00629713
0.00624922
0.00627818
0.00630801
0.00630765
0.00630339
0.00622487
0.00621921
0.00626174
0.00624442
0.00625298
0.00630249
0.0063124
0.00631256
0.00631216
0.00630366
0.00630632
0.00631162
0.00631277
0.00631234
0.00631277
0.00631044
0.00629026
0.00630247
0.00628331
0.00629599
0.00629454
0.00630495
0.00630623
0.00630631
0.006302
0.00631078
0.00631095
0.0063089
0.00630315
0.0063085
0.00630814
0.00607963
0.00605504
0.00629105
0.00625802
0.00623224
0.00623028
0.00624319
0.00629817
0.00630505
0.00630509
0.00630158
0.00630605
0.00630614
0.00630513
0.00630518
0.00629883
0.00628313
0.0061176
0.00609186
0.00630003
0.00630723
0.0063073
0.00630488
0.00630596
0.00630634
0.00518562
0.00518888
0.00618354
0.00616665
0.00629979
0.00518069
0.00518283
0.00627613
0.00627996
0.0063019
0.00631332
0.00631325
0.00511549
0.00512829
0.00514404
0.00528318
0.00531619
0.00509302
0.00511073
0.00525664
0.00522859
0.00548457
0.00603813
0.00602712
0.00610609
0.0055541
0.00551064
0.00604397
0.00631471
0.00631467
0.00631412
0.00631282
0.006313
0.00631317
0.00631329
0.00631204
0.00631226
0.00631351
0.00631377
0.00631362
0.00630364
0.00630308
0.00630715
0.00630968
0.00630775
0.00630671
0.00626275
0.00626979
0.00623798
0.00624206
0.0062815
0.006272
0.00622038
0.00622964
0.00612473
0.00612665
0.00617203
0.00616574
0.00609506
0.00613105
0.00613589
0.00630268
0.00625643
0.00626589
0.00628756
0.00626534
0.00629587
0.00629226
0.00631019
0.00630873
0.00630263
0.00619797
0.00618273
0.00628299
0.00625651
0.00621887
0.0063134
0.00631325
0.00631258
0.00631249
0.00631103
0.00631181
0.0063026
0.00631087
0.00631159
0.00627185
0.00628314
0.00631019
0.00616288
0.0061446
0.00629071
0.00629443
0.00631149
0.00631165
0.00631106
0.00630905
0.00631112
0.00631131
0.00629066
0.00605207
0.00604849
0.00622152
0.006227
0.0063056
0.00630567
0.0063008
0.00630017
0.00630547
0.00630553
0.00513577
0.00528196
0.00560435
0.00562809
0.00535126
0.00537456
0.0050424
0.00613736
0.00612275
0.00628406
0.00503675
0.00500898
0.00518946
0.00519367
0.00507315
0.00531852
0.00533467
0.00499428
0.00501228
0.00630709
0.00630716
0.00630021
0.00630237
0.00630695
0.00630702
0.00567199
0.00614555
0.00615618
0.00612295
0.00613427
0.00564014
0.00619907
0.00627597
0.006282
0.00628052
0.00627837
0.00620588
0.00611813
0.00618882
0.0061802
0.00605722
0.00604219
0.00607833
0.00526195
0.00528203
0.00529172
0.00517739
0.00609473
0.00564165
0.0055762
0.00570033
0.00565803
0.00604488
0.00586422
0.00586979
0.00609201
0.00612378
0.00626045
0.00631375
0.00631383
0.00631363
0.00518162
0.00519128
0.0055817
0.0055774
0.00483395
0.00529077
0.00521998
0.00522142
0.00519477
0.00520932
0.00530945
0.00442237
0.00605352
0.00606714
0.00631436
0.00631432
0.00631395
0.00630029
0.00629927
0.0063062
0.00630309
0.00630646
0.00630882
0.00630537
0.00630601
0.00625335
0.00627676
0.00619822
0.00620439
0.00620449
0.00619785
0.00626249
0.00621499
0.00621235
0.00594241
0.00585237
0.00585087
0.00586532
0.00586278
0.00592591
0.00630761
0.00631008
0.00631024
0.00630962
0.00630993
0.00630696
0.00628464
0.00630292
0.0062932
0.0062899
0.00630211
0.0063064
0.0063065
0.00623194
0.00623318
0.00625382
0.00623739
0.00630496
0.006305
0.00629769
0.0063059
0.00630597
0.00630145
0.00629921
0.00630524
0.00630529
0.00620223
0.00622311
0.00621425
0.00623043
0.0062277
0.00620041
0.00519325
0.00520155
0.00518174
0.00517987
0.0054965
0.0053085
0.00529714
0.00587493
0.00587421
0.00601043
0.00589947
0.00592296
0.00585726
0.00587519
0.0059902
0.00631349
0.00631341
0.00631346
0.00631346
0.00631374
0.00631378
0.00631388
0.00631358
0.00631366
0.00631364
0.00591275
0.0060641
0.00605456
0.00609085
0.00607695
0.00592465
0.00597526
0.00601954
0.00600039
0.00604693
0.0060371
0.00596028
0.00631366
0.00631372
0.00631362
0.0063128
0.00631224
0.00631345
0.0063133
0.00512031
0.00525707
0.00515455
0.00515208
0.00519053
0.00518711
0.00547933
0.00549885
0.00529876
0.00508329
0.00507927
0.00533165
0.00512181
0.00511127
0.00511916
0.00544452
0.00517456
0.00511737
0.00604979
0.00606768
0.006152
0.00600439
0.00600897
0.00599195
0.00599524
0.00611645
0.00602298
0.006031
0.00533276
0.00516369
0.00517901
0.00515378
0.00515254
0.00534315
0.00631295
0.00631305
0.00631285
0.00631198
0.00631242
0.00631281
0.00629913
0.0063067
0.00630231
0.00630131
0.00630354
0.00630438
0.00630163
0.00630265
0.00625996
0.00627134
0.00621139
0.00621356
0.00620671
0.00620915
0.00628288
0.0062442
0.00624567
0.00621184
0.00621482
0.00626809
0.0062136
0.00614186
0.00612905
0.00610132
0.00616048
0.0061537
0.00620426
0.0061417
0.00614007
0.00616109
0.00615
0.006201
0.00622811
0.00617176
0.00617839
0.00614727
0.00616007
0.00622218
0.00613728
0.00599415
0.00611297
0.00610317
0.00585547
0.0058634
0.00627576
0.00629892
0.00629741
0.00627209
0.0062915
0.00630485
0.00630131
0.00622271
0.00620968
0.00626867
0.00627153
0.00629444
0.00624998
0.0062366
0.00630694
0.00630886
0.00631199
0.00631018
0.00630443
0.00629665
0.00630403
0.00631065
0.00631151
0.00631176
0.0063105
0.00631093
0.00630903
0.00630675
0.00630887
0.00631212
0.00631145
0.00631102
0.00631229
0.00631166
0.00631234
0.00631035
0.00631061
0.00630963
0.00631078
0.00595255
0.00592424
0.00611007
0.00589053
0.00591564
0.00583845
0.0059991
0.00576916
0.00574682
0.00585773
0.00584151
0.00623024
0.00614261
0.0061632
0.00610179
0.00612144
0.00622494
0.00628679
0.00625433
0.00626392
0.00617517
0.00623155
0.00627696
0.00612762
0.0060948
0.00619479
0.00597592
0.00599533
0.00594324
0.00595931
0.00618896
0.00621481
0.0060693
0.00608443
0.00601735
0.00604207
0.00621017
0.00628945
0.00629598
0.0056447
0.00537589
0.00541353
0.00529919
0.00533569
0.00564207
0.00541962
0.00543257
0.00543082
0.00551565
0.00562841
0.00510446
0.00513843
0.0051733
0.00511037
0.00565823
0.00562514
0.00523578
0.00526597
0.00517706
0.00520862
0.00561975
0.00560139
0.00558041
0.00569486
0.00566587
0.00538498
0.00535844
0.0054977
0.00547798
0.00622625
0.00622855
0.00630096
0.00630574
0.00630582
0.00630535
0.0063054
0.00629989
0.00513947
0.00552197
0.00557062
0.00524652
0.00505528
0.00541174
0.00546443
0.00509937
0.00506674
0.00585894
0.00542683
0.00542376
0.00579702
0.00536035
0.00527123
0.00541798
0.00540087
0.00582335
0.00517391
0.00513504
0.00525239
0.00529559
0.00508835
0.00507232
0.00516587
0.00621414
0.00625584
0.00625247
0.00626074
0.00625837
0.006217
0.00617305
0.00618256
0.00618268
0.00616522
0.00616491
0.00617195
0.00618502
0.00623693
0.00623311
0.00624775
0.00624215
0.00619114
0.00511237
0.00528901
0.00530708
0.00526249
0.00527548
0.00511645
0.00521208
0.00541484
0.00545216
0.00533446
0.00537253
0.00516669
0.00518578
0.00507263
0.00507947
0.00509583
0.00508227
0.00513245
0.00521802
0.0052458
0.00511361
0.00516674
0.00512556
0.0062018
0.00619623
0.00613109
0.00604646
0.00607094
0.00522029
0.00525108
0.00541895
0.0052189
0.00517719
0.0052829
0.00525999
0.0054471
0.0051855
0.00518468
0.00586686
0.00586661
0.00631904
0.00631903
0.00632014
0.00631901
0.00631901
0.00632013
0.00631901
0.00631901
0.00632013
0.00631902
0.00631904
0.00632014
0.00631683
0.00631681
0.00631792
0.00631679
0.00631676
0.00631847
0.00631674
0.00631671
0.00631844
0.00631671
0.00631675
0.00631845
0.00631678
0.00631682
0.00631848
0.00631685
0.00631687
0.00631795
0.00631465
0.0063146
0.00631625
0.00631456
0.00631445
0.00631619
0.00631556
0.00631554
0.00631644
0.00631547
0.00631551
0.00631641
0.00631563
0.00631567
0.00631622
0.00631467
0.00631472
0.00631579
0.00631251
0.00631245
0.00631406
0.00631348
0.00631346
0.006314
0.00631383
0.00631381
0.00631409
0.00631338
0.0063135
0.0063143
0.00631256
0.00631262
0.00631367
0.0063104
0.00631035
0.00631192
0.00631136
0.00631136
0.00631188
0.00631173
0.00631173
0.00631198
0.00631137
0.00631146
0.00631221
0.00631052
0.00631056
0.00631159
0.00630829
0.00630828
0.00630983
0.0063093
0.00630932
0.00630983
0.00630974
0.00630974
0.00630998
0.00630947
0.00630951
0.00631023
0.00630851
0.0063085
0.00630953
0.00630617
0.00630618
0.00630775
0.00630723
0.00630726
0.00630778
0.00630775
0.00630776
0.00630801
0.00630755
0.00630753
0.00630828
0.00630648
0.00630643
0.00630747
0.00630404
0.00630405
0.00630565
0.00630569
0.0063057
0.00630596
0.00630554
0.00630547
0.00630625
0.00630439
0.00630433
0.00630539
0.00630188
0.00630188
0.00630352
0.0063034
0.00630339
0.00630392
0.00630224
0.0063022
0.00630327
0.00629965
0.00629962
0.00630072
0.00629964
0.00629959
0.00630125
0.00630068
0.00629975
0.00630058
0.00518122
0.00621697
0.00622377
0.00630007
0.0063001
0.00630174
0.00630003
0.00630004
0.00630112
0.00629747
0.00629743
0.00629853
0.00629746
0.00629739
0.00629904
0.00629735
0.00566161
0.00565144
0.00596392
0.00629783
0.0062995
0.00629784
0.0062979
0.00629952
0.00629783
0.00629784
0.00629894
0.00629527
0.00629523
0.00629633
0.00629332
0.00596608
0.00566449
0.00613881
0.0062954
0.00629726
0.00629567
0.0062957
0.0062968
0.00631224
0.00631249
0.0063125
0.00631257
0.00631266
0.00631226
0.00631413
0.00631386
0.00631387
0.00631023
0.00631048
0.00631048
0.00631065
0.00631064
0.00631029
0.00631213
0.00631175
0.00631184
0.00630826
0.00630851
0.0063085
0.00630877
0.00630878
0.00630844
0.00631017
0.00630982
0.00630995
0.00630622
0.00630648
0.00630647
0.00630682
0.00630688
0.00630652
0.00630832
0.00630797
0.00630805
0.00630476
0.00630473
0.00630447
0.00630627
0.00630602
0.00630606
0.00630086
0.00630212
0.0063027
0.00483394
0.00549727
0.00550379
0.00581816
0.0058197
0.00443381
0.0063042
0.00630394
0.00630396
0.00631429
0.00631523
0.00631527
0.006314
0.006314
0.00631391
0.00631641
0.0063155
0.00631547
0.00631399
0.006314
0.00631471
0.00631469
0.0063144
0.00631645
0.00631555
0.00631558
0.0063124
0.00631293
0.00631294
0.00631306
0.00631291
0.00631239
0.00631398
0.00631344
0.00631334
0.0063132
0.00631316
0.00631288
0.00631405
0.00631389
0.00631392
0.00631246
0.00631324
0.00631312
0.00631304
0.00631304
0.00631253
0.00631408
0.00631355
0.00631356
0.00631034
0.00631085
0.00631084
0.006311
0.00631085
0.00631035
0.00631188
0.00631136
0.00631125
0.00631122
0.00631148
0.00631148
0.00631
0.00631088
0.00631069
0.00631189
0.00631174
0.00631143
0.00631044
0.00630957
0.00631092
0.00631048
0.00631121
0.00631113
0.00631101
0.00631104
0.00631055
0.00631203
0.00631153
0.00631151
0.00630829
0.00630881
0.00630878
0.006309
0.00630883
0.00630832
0.00630984
0.00630934
0.00630925
0.00630925
0.00630949
0.00630949
0.00630335
0.00630783
0.00630772
0.0063087
0.00630851
0.0063044
0.00630853
0.00630926
0.00630924
0.00630902
0.00630907
0.00630858
0.00631005
0.00630956
0.00630951
0.00630622
0.00630674
0.00630671
0.00630699
0.00630678
0.00630626
0.00630781
0.0063073
0.00630724
0.00630725
0.00630751
0.0063075
0.00630344
0.00630752
0.00630715
0.00630687
0.00630679
0.00630331
0.00628739
0.00625237
0.00625695
0.00630651
0.00630727
0.00630731
0.00630701
0.00630707
0.00630657
0.00630808
0.00630758
0.00630751
0.00630147
0.00627741
0.00628265
0.00629276
0.00629368
0.00630205
0.00630445
0.00630498
0.00630528
0.00630494
0.00630501
0.00630448
0.00630605
0.00630553
0.00630547
0.00630233
0.00629935
0.00629949
0.00629769
0.00629808
0.00630253
0.00629903
0.00629947
0.00630012
0.00530836
0.00628961
0.00628861
0.00605898
0.00606332
0.0050458
0.00629637
0.00629694
0.00561042
0.0063006
0.00630038
0.00629975
0.00630171
0.00630066
0.00630117
0.00631206
0.00631219
0.00631204
0.0063131
0.00631269
0.00631255
0.00631276
0.00631275
0.00631301
0.00631278
0.00631234
0.00631289
0.00631393
0.0063139
0.00631406
0.00631301
0.00631317
0.0063132
0.00631158
0.00631102
0.00631082
0.00631297
0.00631289
0.00631292
0.00631306
0.0063128
0.00631282
0.00631284
0.00631288
0.00631301
0.00631207
0.0063122
0.00631209
0.0063057
0.00630911
0.0063089
0.00631048
0.00631025
0.00630853
0.00631073
0.00631073
0.00631098
0.00630381
0.00629363
0.00629642
0.00626232
0.00626355
0.00629084
0.00629822
0.00629949
0.00630613
0.00631113
0.00631076
0.00631089
0.00630796
0.00630947
0.00630968
0.00631121
0.00631179
0.00631193
0.00630984
0.00630996
0.00630864
0.0063116
0.00631162
0.00631125
0.00630319
0.00630704
0.00630696
0.00630761
0.00630751
0.00630319
0.00630875
0.00630876
0.006309
0.00628678
0.00625462
0.0062533
0.00626841
0.00626713
0.00629193
0.00628893
0.00626005
0.00626117
0.00625238
0.00625181
0.0062857
0.00630924
0.0063089
0.00630901
0.00630546
0.0063054
0.00629953
0.00630971
0.0063097
0.00630936
0.0062907
0.00620943
0.00619469
0.00626027
0.00625762
0.00629423
0.00629333
0.00627096
0.00626971
0.00618983
0.00617271
0.006288
0.00630114
0.00629052
0.00629172
0.00626186
0.00626594
0.00629204
0.00630737
0.00630701
0.00630707
0.00630381
0.00630664
0.00630672
0.0063061
0.0063062
0.00630498
0.00629986
0.00630551
0.00630549
0.0063068
0.00630688
0.00630252
0.00630781
0.00630785
0.00630749
0.00629851
0.0062795
0.0062781
0.00628587
0.00628502
0.00629934
0.0062958
0.00626509
0.00626274
0.0062766
0.00627499
0.00629772
0.0063025
0.00629672
0.00629724
0.00628418
0.00628815
0.00630206
0.00630494
0.0063059
0.006306
0.00630545
0.00630583
0.00630483
0.00630581
0.00630577
0.00630551
0.00629965
0.00619985
0.00618833
0.0061765
0.00619392
0.00629935
0.00629964
0.00628736
0.00628665
0.00630178
0.00628047
0.00628091
0.00631327
0.00631354
0.00631356
0.00631353
0.00631365
0.00631323
0.00631407
0.00631378
0.00631368
0.00631393
0.00631383
0.00631387
0.00630488
0.00630467
0.00630413
0.00630573
0.0063052
0.00630515
0.00630517
0.00630543
0.00630543
0.00630365
0.00630531
0.00630506
0.00630583
0.00630557
0.00630368
0.00621329
0.00615775
0.00616614
0.00610264
0.00611559
0.00618445
0.00630231
0.00630285
0.00630312
0.00631391
0.00631388
0.00631398
0.00631305
0.00631329
0.00631343
0.00631367
0.0063138
0.00631423
0.00631324
0.00631366
0.00631352
0.0063136
0.00631359
0.00631332
0.00630373
0.00630652
0.00630608
0.00630702
0.00630665
0.00630372
0.00630673
0.00630674
0.006307
0.0059057
0.00570782
0.00568828
0.00580911
0.00578987
0.00597785
0.00616073
0.00607924
0.00609003
0.00630526
0.006305
0.00630502
0.00630434
0.00630492
0.00630531
0.00630439
0.00630479
0.00630425
0.00601564
0.00584634
0.00582826
0.00592508
0.00591285
0.00605976
0.00630351
0.00630386
0.00630413
0.00630332
0.00630359
0.00630339
0.00630369
0.00630367
0.0063034
0.00631532
0.00631482
0.00631479
0.00631487
0.00631485
0.00631534
0.00631415
0.00631468
0.00631471
0.00631439
0.00631437
0.00631421
0.00631534
0.00631484
0.00631488
0.00631479
0.00631482
0.00631532
0.0063135
0.00631324
0.00631334
0.00631372
0.00631385
0.00631401
0.00631339
0.00631348
0.00631341
0.00631377
0.00631374
0.00631359
0.0062683
0.00627529
0.0063012
0.00630301
0.0062974
0.00629798
0.00624837
0.00621034
0.00621504
0.0061739
0.00618067
0.0062275
0.00624053
0.00628415
0.00628244
0.00628702
0.00628567
0.006244
0.00630251
0.00629842
0.00629872
0.0063111
0.00631208
0.00631262
0.00631195
0.0063073
0.00631053
0.0063088
0.00631159
0.00631095
0.00631337
0.00631326
0.00631306
0.00631334
0.00631331
0.00631345
0.00631213
0.00631198
0.00631222
0.00631252
0.00631237
0.00631226
0.00627389
0.00627577
0.0062975
0.00629478
0.00627066
0.00627221
0.00630574
0.0063066
0.00630957
0.00630845
0.00630407
0.0063049
0.00630704
0.00630721
0.00630291
0.0063108
0.00631064
0.0063105
0.00631092
0.00631078
0.00631093
0.0063103
0.0063101
0.00630997
0.00631036
0.00631023
0.00631043
0.00630256
0.00630681
0.00630691
0.00631108
0.00631123
0.00631072
0.00631181
0.00631175
0.00631161
0.00631201
0.00631188
0.00631193
0.0063113
0.0063112
0.00631107
0.00631148
0.00631134
0.00631143
0.00630957
0.00631069
0.00631089
0.00626094
0.00626023
0.00628887
0.00628991
0.00626242
0.00626167
0.00625437
0.0062552
0.00628658
0.00628582
0.00625294
0.00625361
0.00630485
0.00630487
0.00629666
0.00630892
0.00630869
0.00630858
0.00630891
0.0063088
0.00630903
0.00630847
0.00630827
0.00630816
0.00630848
0.00630837
0.00630858
0.0062965
0.00630488
0.00630485
0.00630983
0.00630959
0.00630948
0.00630984
0.00630972
0.00630995
0.00630937
0.00630913
0.00630902
0.00630936
0.00630925
0.00630948
0.00624824
0.00621428
0.00629153
0.00553801
0.00581665
0.00583974
0.00564822
0.00566962
0.00533823
0.00629361
0.00625462
0.00625147
0.006287
0.00616538
0.00614314
0.0062819
0.00628368
0.00629889
0.00629664
0.00627724
0.00627971
0.00630578
0.0063057
0.00630091
0.00630801
0.00630784
0.00630773
0.00630805
0.00630795
0.00630813
0.00630755
0.00630741
0.0063073
0.00630762
0.00630752
0.00630767
0.006302
0.00630587
0.00630583
0.00574872
0.00551846
0.00550115
0.00566488
0.00563736
0.00584437
0.00626946
0.00626734
0.00629625
0.00573719
0.00597828
0.00599486
0.00585836
0.00587746
0.00559349
0.0058624
0.00618292
0.00619077
0.00616564
0.00617445
0.00584113
0.0062974
0.00627325
0.00627142
0.00555224
0.00528578
0.00527255
0.00548058
0.00545249
0.0056865
0.00629546
0.00629613
0.00630245
0.00618583
0.00623224
0.00622771
0.00625811
0.00625493
0.0062178
0.00622251
0.00621692
0.00616023
0.00630219
0.00629385
0.0062947
0.00607249
0.00575359
0.00571345
0.00580186
0.00576831
0.00608065
0.0060818
0.00594969
0.00593747
0.00624913
0.00613237
0.0061514
0.00621945
0.00622367
0.00625632
0.00630241
0.00630249
0.00630192
0.00630359
0.00630304
0.00630298
0.00630262
0.00630319
0.00630292
0.00630373
0.00630346
0.00630287
0.00616562
0.00616152
0.00556341
0.00629744
0.00627684
0.00627702
0.00627639
0.00627724
0.00629803
0.0063032
0.00630427
0.006304
0.0063048
0.00630453
0.00630328
0.00630462
0.00630463
0.0063049
0.00521916
0.00517076
0.00483664
0.00605508
0.00581552
0.00575234
0.00582513
0.0058193
0.00605466
0.00624796
0.00610932
0.00609304
0.00614787
0.00617782
0.00625094
0.00440705
0.00534498
0.00553974
0.00631461
0.00631441
0.00631439
0.00631446
0.00631445
0.00631464
0.00631402
0.00631435
0.00631428
0.00631417
0.00631415
0.00631404
0.00631463
0.00631443
0.00631446
0.00631439
0.0063144
0.0063146
0.00631125
0.00631107
0.00631034
0.00631138
0.0063113
0.00631144
0.00631101
0.00631116
0.00631125
0.00631059
0.00630894
0.00630857
0.00630807
0.00630795
0.00630346
0.00630934
0.00630905
0.00630917
0.00630881
0.00630893
0.00630922
0.00630984
0.00630956
0.00630969
0.00630929
0.00630942
0.00630971
0.00630408
0.00630835
0.0063082
0.00624713
0.00624913
0.00628602
0.00629896
0.00629917
0.00630239
0.00627047
0.00628926
0.00628821
0.00629101
0.00629019
0.00627255
0.00629035
0.00621625
0.00617814
0.00621662
0.00621659
0.00629014
0.00529577
0.00595212
0.00594965
0.0063136
0.00631375
0.00631378
0.00631369
0.00631372
0.00631356
0.00631403
0.00631387
0.00631378
0.00631131
0.00631116
0.0063117
0.00631261
0.00631274
0.0063127
0.00631284
0.00631279
0.00631266
0.00631306
0.00631293
0.00631297
0.00631231
0.00631227
0.00631214
0.00631253
0.0063124
0.00631244
0.00631225
0.00631234
0.00631248
0.00630956
0.00630933
0.00630622
0.00631035
0.00631012
0.00631027
0.00630983
0.00630998
0.00631022
0.00631086
0.00631072
0.00631087
0.00631042
0.00631057
0.00631073
0.00630791
0.00631002
0.00630979
0.00628485
0.00628946
0.00630256
0.00617319
0.00625568
0.00624182
0.00627828
0.00627
0.00621817
0.00607994
0.00620385
0.00620173
0.00620856
0.00620614
0.00608544
0.00629157
0.00626487
0.00626627
0.0062556
0.00628497
0.00628249
0.0062883
0.00628676
0.0062586
0.00630665
0.00630053
0.00630146
0.00630849
0.00630911
0.00630709
0.00631051
0.00631037
0.00631011
0.00630944
0.00630853
0.00630844
0.00630873
0.00630863
0.00630952
0.00630886
0.00630858
0.00630869
0.00630834
0.00630846
0.00630874
0.00630317
0.00630741
0.00630731
0.00625746
0.00625608
0.00628724
0.00601416
0.00618557
0.00619031
0.00617547
0.00618019
0.00599251
0.0062579
0.00625894
0.00628836
0.00605788
0.0061953
0.006193
0.00619972
0.00619763
0.00606507
0.00596009
0.00617086
0.00617235
0.00617209
0.00617051
0.00596529
0.00628567
0.00625159
0.00625154
0.00630824
0.00630726
0.00630723
0.00630735
0.00630731
0.00630829
0.00630705
0.00630705
0.00630784
0.00629914
0.0063053
0.00630519
0.00630914
0.00630818
0.0063081
0.00630835
0.00630826
0.00630921
0.00630843
0.00630744
0.00630739
0.00630754
0.00630749
0.00630848
0.00628784
0.00628921
0.00630075
0.00622955
0.0062664
0.0062634
0.00627219
0.00626944
0.00623557
0.00629315
0.00626876
0.00627081
0.00630647
0.00630656
0.00630492
0.00630708
0.00630697
0.00630685
0.00630719
0.00630708
0.0063072
0.00630659
0.00630651
0.00630639
0.00630674
0.00630662
0.00630672
0.00630498
0.00630629
0.00630638
0.00628199
0.00628079
0.00629872
0.00599239
0.00621077
0.00621651
0.00619796
0.0062046
0.00597902
0.00612066
0.00623066
0.00623466
0.00622164
0.00622634
0.00611136
0.00629922
0.00628409
0.00628308
0.00554427
0.00535158
0.00534093
0.00537774
0.00536316
0.00555681
0.00628861
0.00628801
0.0062997
0.00615327
0.00624483
0.0062477
0.00623836
0.00624172
0.00614601
0.00533032
0.00531949
0.00550871
0.00631377
0.00631372
0.00631362
0.00614216
0.00614958
0.00620808
0.0061915
0.00612668
0.00613502
0.00631368
0.00631378
0.00631382
0.00631394
0.00631384
0.00631379
0.00631353
0.00631345
0.00631356
0.00574045
0.00572468
0.00592213
0.00530973
0.00551433
0.00552831
0.00536528
0.00557981
0.00560469
0.00554259
0.00555918
0.00534343
0.00596491
0.00577224
0.00575582
0.00587618
0.00586224
0.00602606
0.00548388
0.00567492
0.00569091
0.00563096
0.00565514
0.00546231
0.00631325
0.00631317
0.00631308
0.00631337
0.00631327
0.00631334
0.00631285
0.00631264
0.00631251
0.00631298
0.0063128
0.00631297
0.00630834
0.00630814
0.00630994
0.00624414
0.00619691
0.00620491
0.00618344
0.00618935
0.00624004
0.00625822
0.00622132
0.00622577
0.00621178
0.00621696
0.00625533
0.00619945
0.0062052
0.00624507
0.00606036
0.00614944
0.00614078
0.00616345
0.00615683
0.00607204
0.00613135
0.00612199
0.00600896
0.0062325
0.00618702
0.00619333
0.00631028
0.00630648
0.00630741
0.00630392
0.00630552
0.0063097
0.00631232
0.00631131
0.00631191
0.00630861
0.00631007
0.00631191
0.0062957
0.00627363
0.00627581
0.0063045
0.00629061
0.00630012
0.00627872
0.0062835
0.0063013
0.00631277
0.00631224
0.0063103
0.00631306
0.00631287
0.00631306
0.00631229
0.0063126
0.00631293
0.00631209
0.00631174
0.0063115
0.0063126
0.00631249
0.0063126
0.0063118
0.00631227
0.00631244
0.00631192
0.00631208
0.00631149
0.00611722
0.0062232
0.00622025
0.00623254
0.00622699
0.00612233
0.00629858
0.00627804
0.00628096
0.00626772
0.00626918
0.00629394
0.00610126
0.00621326
0.00621101
0.00621772
0.00621543
0.00610489
0.00630235
0.00630321
0.00630803
0.0062656
0.00629117
0.00628975
0.00629397
0.00629258
0.00626775
0.00631012
0.00630944
0.00630929
0.00630984
0.00630962
0.00631022
0.00630323
0.00630747
0.00630788
0.0063066
0.00630671
0.00630247
0.00630977
0.00630894
0.00630883
0.00630916
0.00630905
0.00630985
0.00604863
0.00619728
0.00619851
0.00619368
0.00619581
0.00604665
0.00628852
0.00625948
0.0062586
0.00603106
0.00618654
0.00618405
0.00619084
0.00618877
0.0060382
0.00628696
0.00625606
0.00625694
0.00625186
0.00625235
0.00628565
0.00599657
0.00617706
0.00617456
0.0061816
0.00617932
0.00600459
0.00630807
0.00630712
0.00630709
0.00630719
0.00630715
0.00630812
0.00629683
0.0063049
0.00630493
0.00630506
0.00630495
0.0062969
0.00630793
0.00630704
0.00630705
0.00630707
0.00630705
0.00630796
0.00630887
0.00630789
0.00630782
0.00630803
0.00630796
0.00630894
0.00630864
0.00630765
0.00630759
0.00630776
0.0063077
0.00630869
0.00609893
0.00588083
0.00585405
0.00592037
0.00590258
0.0061116
0.00604778
0.00577094
0.00575143
0.00582414
0.00579524
0.00606021
0.00575775
0.00578648
0.00550763
0.00617521
0.0060201
0.00600371
0.00614164
0.00595188
0.00593613
0.00598622
0.00596847
0.00615041
0.0053698
0.00569543
0.00572602
0.00544361
0.00543182
0.0058683
0.00599994
0.00569467
0.00566173
0.00573443
0.00571688
0.00601356
0.00591302
0.0055016
0.0054647
0.00561309
0.0055549
0.00593643
0.00629941
0.00628515
0.0062865
0.00627268
0.00627482
0.00629578
0.00555515
0.00553561
0.005766
0.00582377
0.00560752
0.00557911
0.00533026
0.00530294
0.00557213
0.00565755
0.00541376
0.00536961
0.00626897
0.00623988
0.00624363
0.0062306
0.00623546
0.00626647
0.00627823
0.0062538
0.00625718
0.00624702
0.0062504
0.0062761
0.00615103
0.00621148
0.00620656
0.00560833
0.00542479
0.00539815
0.00545584
0.00545141
0.00562737
0.00606287
0.00596185
0.00596345
0.00593758
0.00595009
0.00605261
0.00631457
0.00631512
0.00631534
0.00631517
0.00631515
0.0063146
0.00630258
0.00630277
0.00630305
0.0063022
0.00630249
0.00630229
0.00631428
0.00631416
0.00631415
0.0063142
0.00631419
0.00631431
0.00631392
0.00631407
0.00631409
0.00631404
0.00631399
0.00631391
0.00631428
0.00631416
0.00631417
0.00631415
0.00631414
0.00631427
0.00631493
0.00631495
0.00631525
0.00631437
0.00631466
0.00631477
0.00631119
0.00631158
0.00631142
0.00630335
0.00630671
0.00630662
0.00624726
0.00627635
0.00627444
0.00627988
0.00627811
0.00624995
0.00630228
0.00629451
0.0062953
0.00631247
0.00631233
0.00631224
0.0063046
0.00630907
0.00630853
0.00631004
0.00630956
0.00630545
0.00631264
0.00631278
0.00631287
0.00631256
0.00631267
0.00631249
0.00631285
0.0063128
0.0063127
0.00630935
0.00631012
0.00631062
0.00629704
0.00630572
0.00630366
0.00630788
0.00630702
0.00630061
0.00630877
0.00631009
0.00631021
0.00630722
0.00630713
0.00630316
0.00630838
0.00630812
0.00630823
0.00630789
0.006308
0.00630825
0.00606842
0.0062108
0.00621429
0.0062056
0.00620788
0.00606016
0.00629149
0.00626597
0.00626494
0.00611128
0.00622524
0.00622835
0.00621798
0.00622147
0.00610278
0.00630555
0.00630552
0.00629992
0.00630569
0.0063058
0.00630491
0.00630627
0.00630615
0.00630622
0.00617833
0.00625509
0.00625717
0.00625037
0.00625282
0.00617273
0.00629981
0.00628966
0.00628916
0.00627764
0.00629234
0.00629172
0.00629325
0.00629285
0.00627893
0.00553623
0.00573251
0.00574826
0.00570486
0.00571832
0.00552237
0.00605202
0.0059009
0.00588882
0.00631471
0.00631454
0.00631455
0.00631449
0.00631451
0.00631468
0.00631418
0.00631434
0.00631432
0.0063136
0.00631356
0.00631346
0.00631375
0.00631365
0.00631368
0.00631352
0.00631358
0.00631367
0.00629605
0.00629676
0.00630286
0.00625995
0.00628343
0.00628167
0.00628648
0.00628505
0.00626318
0.00631319
0.0063133
0.00631333
0.00631284
0.00631314
0.00631299
0.00627436
0.006297
0.0062954
0.00630118
0.00629889
0.00627785
0.0063099
0.0063075
0.00630844
0.00631091
0.00631136
0.00631147
0.00631035
0.0063105
0.00630926
0.00626404
0.0062632
0.00629027
0.0060502
0.00620231
0.00620381
0.00619971
0.00620096
0.00604883
0.00613218
0.00623614
0.00623883
0.00623111
0.00623372
0.00612748
0.00630052
0.00630564
0.00630558
0.00630591
0.00630589
0.00630221
0.00593713
0.00595913
0.00570619
0.00561353
0.00589471
0.00591656
0.00624262
0.00623751
0.00619226
0.00626034
0.00626321
0.00628357
0.00621223
0.00625133
0.00624721
0.00597267
0.00596157
0.00608861
0.00562255
0.00580023
0.00581573
0.00576552
0.00578318
0.00560003
0.00568673
0.00586584
0.00587981
0.00583465
0.00585098
0.00567278
0.0061029
0.0061763
0.00616987
0.00618845
0.0061826
0.0061138
0.00625851
0.00622763
0.00623132
0.00556183
0.00538304
0.00540823
0.00539431
0.00538699
0.00556746
0.00483338
0.00516535
0.00516915
0.00523712
0.00527611
0.00441398
0.00607336
0.00585529
0.00575284
0.00594671
0.0059174
0.00606863
0.00631436
0.00631426
0.00631427
0.00631421
0.00631423
0.00631433
0.006314
0.00631412
0.00631408
0.00632125
0.00632124
0.00632235
0.00632124
0.00632124
0.00632234
0.00632124
0.00632124
0.00632234
0.00632124
0.00632125
0.00632235
0.00631905
0.00631905
0.00632015
0.00631905
0.00631905
0.00632015
0.00631684
0.00631684
0.00631795
0.00631788
0.00631788
0.00631845
0.00631787
0.00631787
0.00631844
0.00631688
0.00631688
0.00631797
0.00631466
0.00631466
0.00631575
0.00631566
0.00631566
0.00631622
0.00631611
0.0063161
0.00631641
0.00631472
0.00631472
0.0063158
0.0063125
0.00631251
0.00631358
0.00631393
0.00631396
0.00631423
0.0063126
0.00631258
0.00631365
0.00631035
0.00631037
0.00631144
0.00631186
0.00631189
0.00631214
0.00631051
0.00631047
0.00631153
0.00630821
0.00630825
0.00630931
0.00630995
0.00630995
0.00631019
0.00630843
0.00630837
0.00630942
0.00630607
0.00630612
0.00630719
0.00630804
0.00630804
0.00630828
0.00630634
0.00630626
0.00630732
0.00630392
0.00630398
0.00630505
0.00630513
0.00630516
0.00630569
0.00630605
0.00630604
0.0063063
0.00630423
0.00630415
0.00630521
0.00630176
0.00630182
0.00630291
0.00630298
0.00630301
0.00630355
0.00630354
0.00630354
0.00630382
0.0063021
0.00630201
0.00630308
0.00629956
0.00629962
0.00630073
0.00630074
0.00630077
0.00630132
0.00508977
0.00582069
0.00581666
0.00630116
0.00630121
0.00630176
0.00629994
0.00629985
0.00630093
0.00629735
0.00629742
0.00629851
0.00629846
0.00629775
0.00629844
0.00595162
0.00628659
0.00628707
0.00629895
0.00629901
0.00629956
0.00629775
0.00629764
0.00629873
0.00629528
0.00629525
0.00629634
0.00629564
0.00629566
0.00629675
0.00629309
0.00629302
0.00629412
0.00628904
0.00596682
0.00596646
0.00614065
0.00629313
0.00629426
0.00629348
0.00629351
0.00629461
0.00630409
0.00630436
0.00630435
0.00630259
0.00630257
0.00630228
0.00631438
0.00631467
0.00631468
0.00631641
0.00631611
0.00631611
0.00631253
0.00631257
0.0063123
0.00631239
0.00631264
0.0063126
0.0063105
0.00631052
0.00631027
0.00631204
0.00631179
0.00631176
0.00631043
0.00631067
0.00631066
0.00630851
0.00630851
0.00630826
0.00631002
0.00630977
0.00630975
0.00630852
0.00630876
0.00630876
0.006308
0.00630775
0.00630775
0.00630354
0.00630638
0.00630629
0.00630655
0.0063068
0.00630681
0.00550779
0.00550992
0.00503112
0.00630199
0.00630171
0.00630173
0.00631301
0.00631287
0.00631283
0.00631195
0.00631202
0.00631198
0.00631156
0.00631178
0.00631187
0.00630351
0.00630599
0.00630597
0.00630596
0.00630595
0.00630288
0.00630525
0.00630536
0.00630472
0.00629977
0.00629121
0.00629089
0.00629053
0.00629012
0.00629982
0.0062996
0.00629968
0.0063021
0.00631325
0.00631329
0.00631315
0.00631416
0.00631401
0.00631398
0.00630409
0.00630463
0.00630459
0.00630357
0.00630481
0.0063047
0.00630545
0.00630536
0.00630373
0.00630282
0.00630287
0.00630233
0.00630395
0.00630341
0.00630336
0.00631398
0.00631402
0.00631417
0.00631315
0.00631329
0.00631324
0.00630375
0.00630565
0.00630556
0.00630621
0.00630612
0.00630366
0.00630451
0.00630502
0.00630514
0.00630427
0.0063044
0.00630406
0.00630374
0.00630401
0.00630414
0.00631531
0.00631514
0.00631514
0.00631422
0.00631438
0.00631439
0.00631514
0.00631514
0.00631531
0.00631392
0.00631395
0.00631405
0.00623245
0.00626365
0.00626103
0.00627509
0.00627358
0.0062504
0.00590396
0.00608048
0.00609024
0.00600885
0.00602177
0.00580233
0.0063019
0.00630246
0.00630244
0.00630299
0.00630327
0.00630326
0.00631409
0.00631419
0.00631419
0.00625866
0.00627777
0.00627651
0.00631351
0.00631356
0.00631347
0.00631407
0.00631398
0.00631396
0.00601869
0.0061435
0.00614958
0.00609928
0.00610748
0.00595194
0.00631626
0.0063157
0.00631571
0.00630312
0.00630285
0.00630287
0.00631528
0.00631499
0.006315
0.00631432
0.00631447
0.00631445
0.0063119
0.00631185
0.00631199
0.00631158
0.00631171
0.00631177
0.00630789
0.00630766
0.00630777
0.00630743
0.00630755
0.00630777
0.00631243
0.00631239
0.00631252
0.00631212
0.00631225
0.00631229
0.00630608
0.00630603
0.00630591
0.006302
0.00629973
0.00629975
0.00631414
0.00631423
0.00631422
0.00631734
0.00631734
0.00631677
0.00631673
0.00631731
0.00631731
0.0063173
0.0063173
0.00631671
0.00631844
0.00631787
0.00631787
0.0063167
0.00631729
0.0063173
0.00631732
0.00631731
0.00631674
0.00631844
0.00631788
0.00631788
0.00631678
0.00631734
0.00631735
0.00631455
0.0063151
0.00631511
0.00631532
0.00631507
0.00631452
0.00631619
0.00631563
0.00631561
0.00631584
0.00631583
0.00631553
0.00631548
0.00631579
0.0063158
0.00631581
0.0063158
0.0063155
0.0063164
0.00631611
0.00631611
0.00631342
0.00631369
0.00631365
0.0063114
0.00631164
0.00631161
0.00630948
0.00630972
0.00630971
0.00630755
0.00630779
0.0063078
0.00630553
0.00630579
0.0063058
0.00630014
0.00630023
0.00629968
0.00630134
0.00630078
0.00630069
0.00630003
0.00630084
0.00630056
0.00630139
0.00630111
0.00630031
0.00584253
0.00583174
0.00513346
0.0062149
0.00608763
0.0060939
0.0060874
0.0060869
0.00621525
0.00630012
0.00630067
0.00630062
0.00630064
0.00630069
0.00630015
0.00630179
0.00630124
0.0063012
0.00629913
0.00629858
0.00629849
0.00629623
0.00629701
0.00629791
0.00565852
0.00624134
0.00623882
0.00624794
0.00624456
0.00565515
0.00628551
0.00628606
0.005958
0.00629838
0.00629807
0.0062975
0.00629919
0.00629863
0.00629894
0.00631229
0.00631242
0.00631239
0.00631052
0.00631058
0.0063107
0.00631034
0.00631046
0.0063104
0.006312
0.00631204
0.00631217
0.00631179
0.00631192
0.00631188
0.00630867
0.00630871
0.00630883
0.00630847
0.00630859
0.00630855
0.00631005
0.00631011
0.00631023
0.00630988
0.00630999
0.00630993
0.0063082
0.00630824
0.00630835
0.006308
0.00630811
0.00630809
0.00630126
0.00630198
0.00630167
0.00630264
0.00630234
0.00630184
0.00630242
0.00630242
0.00630271
0.00517191
0.00517417
0.0048409
0.00452574
0.00525226
0.00523081
0.00631477
0.00631464
0.00631435
0.00631524
0.00631494
0.00631493
0.00631497
0.00631496
0.00631526
0.00631612
0.00631611
0.00631642
0.0063155
0.00631581
0.00631581
0.00631579
0.0063158
0.00631548
0.00631615
0.00631616
0.00631645
0.00631556
0.00631586
0.00631585
0.00631587
0.00631587
0.00631558
0.0063131
0.00631283
0.0063128
0.00631361
0.00631364
0.00631337
0.00631307
0.00631313
0.00631321
0.00631296
0.00631304
0.00631297
0.00631286
0.0063129
0.00631316
0.00631102
0.00631077
0.00631075
0.0063115
0.00631153
0.00631128
0.00631089
0.00631091
0.00631115
0.00630901
0.00630876
0.00630876
0.0063095
0.00630951
0.00630926
0.006309
0.006309
0.00630924
0.00630697
0.00630671
0.00630673
0.0063075
0.00630749
0.00630723
0.00630654
0.00630646
0.00630349
0.0063074
0.0063072
0.00630732
0.00630697
0.00630709
0.00630727
0.00630706
0.00630705
0.0063073
0.00627931
0.00629386
0.00629293
0.00629542
0.00629468
0.00628103
0.00594596
0.0059426
0.00531457
0.0062893
0.00621551
0.00621635
0.00606078
0.00583285
0.00582965
0.00583611
0.00583505
0.0060622
0.00503568
0.00551061
0.00550999
0.00627743
0.00627778
0.00629676
0.00563005
0.0061722
0.0061692
0.00630135
0.00630163
0.00630191
0.00630104
0.00630134
0.00630095
0.00631266
0.00631279
0.00631282
0.00631269
0.00631274
0.0063126
0.00631256
0.00631275
0.00631264
0.00631293
0.00631285
0.00631275
0.00631101
0.00631106
0.00631118
0.00631082
0.00631094
0.00631088
0.00631157
0.00631168
0.00631138
0.0063115
0.00631155
0.00631167
0.0063113
0.00631142
0.00631138
0.00630913
0.00630918
0.00630929
0.00630895
0.00630906
0.00630901
0.00630959
0.00630964
0.00630976
0.00630941
0.00630953
0.00630947
0.00620444
0.00626546
0.00626729
0.00626166
0.00626361
0.00619954
0.00618472
0.00625762
0.00625971
0.00625287
0.00625536
0.00617911
0.00630725
0.00630727
0.00630738
0.00630598
0.00630599
0.00630367
0.00630269
0.00630594
0.00630592
0.00630773
0.00630776
0.00630787
0.00630751
0.00630763
0.00630761
0.00628562
0.00629669
0.00629608
0.00629771
0.00629723
0.00628694
0.00630557
0.00630553
0.00630541
0.00630578
0.00630566
0.0063057
0.00630478
0.00630548
0.00630559
0.00629164
0.00629147
0.00629973
0.00619674
0.00626228
0.00626343
0.00625906
0.00626077
0.00619274
0.00617532
0.00624853
0.006249
0.00626227
0.00625218
0.00617956
0.00629971
0.00629957
0.00630164
0.00628031
0.00629329
0.00629347
0.00629341
0.00629325
0.00628051
0.00631357
0.00631343
0.00631339
0.00631383
0.00631386
0.00631372
0.00630503
0.00630493
0.00630361
0.00630371
0.00630525
0.00630515
0.00631372
0.00631387
0.00631382
0.00631338
0.00631334
0.0063132
0.00631363
0.00631348
0.00631352
0.00631338
0.00631343
0.00631357
0.00630585
0.00630575
0.00630375
0.00630369
0.00630603
0.00630594
0.00630478
0.0063049
0.00630443
0.00630416
0.00630453
0.00630466
0.00631516
0.00631516
0.00631532
0.00631482
0.00631499
0.00631499
0.00631497
0.00631497
0.0063148
0.00631502
0.00631502
0.00631485
0.00631432
0.00631435
0.00631418
0.00631469
0.00631452
0.0063145
0.00631455
0.00631455
0.00631471
0.00631518
0.00631518
0.00631534
0.00631485
0.00631502
0.00631501
0.00631504
0.00631504
0.00631487
0.00631479
0.00631497
0.00631497
0.00631499
0.00631499
0.00631481
0.00631532
0.00631515
0.00631516
0.00631341
0.00631344
0.00631351
0.00631328
0.00631336
0.00631333
0.00631377
0.00631386
0.00631382
0.00627065
0.00628943
0.006288
0.00629189
0.0062907
0.00627299
0.00626818
0.00626607
0.00623671
0.00624728
0.0062719
0.00627014
0.0063115
0.0063122
0.00631201
0.00631251
0.00631237
0.00631181
0.00630842
0.00631098
0.00631051
0.00631175
0.00631141
0.00630959
0.00626904
0.00627065
0.00621883
0.00615756
0.00624717
0.00625014
0.00624135
0.00624434
0.00614999
0.00605787
0.00606958
0.00588381
0.00582098
0.00603367
0.006046
0.00573963
0.00591574
0.00592756
0.00589225
0.00590478
0.00572659
0.00579849
0.00595848
0.0059614
0.00593813
0.00594932
0.005784
0.00614013
0.00620114
0.00619518
0.00620903
0.00620603
0.00614708
0.00626949
0.00629247
0.00629349
0.00591367
0.00589299
0.00573193
0.00614829
0.00620524
0.00620526
0.00631441
0.00631452
0.00631452
0.0063145
0.0063145
0.00631439
0.00631413
0.00631415
0.00631405
0.00631436
0.00631425
0.00631425
0.00631444
0.00631454
0.00631453
0.00631439
0.0063145
0.0063145
0.0063145
0.0063145
0.0063144
0.00624979
0.00625047
0.00617959
0.00631373
0.00631364
0.0063136
0.00631387
0.0063139
0.00631381
0.00612988
0.00613685
0.0060058
0.00596558
0.00611527
0.00612273
0.00632344
0.00632344
0.00632454
0.00632344
0.00632344
0.00632454
0.00632344
0.00632344
0.00632454
0.00632345
0.00632345
0.00632454
0.00632125
0.00632125
0.00632235
0.00632125
0.00632125
0.00632235
0.00631905
0.00631906
0.00632016
0.00631906
0.00631906
0.00632015
0.00631791
0.00631791
0.00631847
0.00631575
0.00631576
0.00631631
0.0063136
0.00631361
0.00631414
0.00631153
0.00631153
0.00631205
0.00630952
0.0063095
0.00631
0.0063075
0.00630745
0.00630796
0.00630544
0.00630536
0.00630588
0.00630394
0.0063039
0.00630416
0.00630332
0.00630322
0.00630375
0.00630124
0.00630124
0.00630152
0.00629854
0.00629857
0.00629912
0.00629517
0.00629524
0.00629633
0.00629557
0.00629544
0.00629654
0.0062931
0.00629306
0.00629416
0.00629345
0.00629347
0.00629456
0.00629091
0.00629079
0.0062919
0.00628629
0.00596927
0.00596706
0.00614361
0.00629083
0.00629199
0.00629129
0.00629132
0.00629241
0.0063018
0.0063021
0.00630211
0.00631419
0.00631391
0.00631389
0.00630647
0.00630645
0.00630619
0.00630445
0.00630471
0.00630475
0.00532063
0.00594036
0.00593958
0.00617669
0.00617471
0.00564855
0.00628432
0.00628426
0.00629683
0.00630148
0.00629943
0.00629937
0.00630434
0.00630431
0.00630404
0.00630592
0.00630566
0.00630568
0.00630321
0.00630334
0.00630315
0.00630304
0.00630386
0.00630374
0.00630458
0.00630447
0.00630341
0.00631451
0.00631479
0.00631477
0.00631901
0.00631957
0.00631957
0.00631957
0.00631957
0.00631901
0.00631901
0.00631957
0.00631957
0.00631957
0.00631957
0.00631901
0.00631679
0.00631735
0.00631735
0.00631847
0.0063179
0.0063179
0.006317
0.006317
0.00631671
0.00631671
0.00631701
0.00631701
0.00631737
0.00631737
0.00631681
0.00631515
0.00631516
0.00631461
0.00631474
0.00631475
0.00631447
0.00631556
0.00631585
0.00631585
0.00631644
0.00631614
0.00631614
0.00631468
0.00631522
0.00631521
0.00631298
0.00631299
0.00631246
0.00631407
0.00631353
0.00631352
0.00631257
0.00631309
0.00631308
0.00631087
0.00631087
0.00631035
0.00631192
0.0063114
0.0063114
0.00631171
0.00631168
0.00631144
0.00631218
0.00631193
0.00631196
0.00631051
0.00631102
0.00631103
0.0063088
0.00630878
0.00630825
0.00630982
0.0063093
0.00630931
0.00630975
0.00630974
0.0063095
0.00631022
0.00630998
0.00630999
0.00630848
0.00630899
0.00630901
0.00630671
0.00630667
0.00630614
0.00630773
0.0063072
0.00630723
0.00630778
0.0063078
0.00630755
0.00630829
0.00630804
0.00630803
0.00630641
0.00630693
0.00630699
0.0063056
0.00630507
0.00630512
0.0063043
0.00630482
0.00630491
0.00630335
0.00630362
0.00630367
0.00629967
0.00630022
0.00630019
0.00630068
0.00630096
0.00630095
0.00629794
0.00629802
0.00629747
0.00629789
0.00629844
0.0062984
0.00631253
0.00631255
0.00631267
0.00630676
0.00630677
0.00630689
0.00631445
0.00631446
0.00631431
0.00631272
0.0063127
0.00631244
0.00631322
0.00631295
0.00631298
0.00631072
0.0063107
0.00631046
0.00631119
0.00631095
0.00631097
0.00630877
0.00630877
0.00630853
0.00630926
0.00630902
0.00630902
0.00630676
0.0063068
0.00630655
0.0063073
0.00630705
0.00630702
0.00630501
0.00630499
0.00630525
0.00630027
0.0063
0.00629918
0.006212
0.0062142
0.00628896
0.00629656
0.00627804
0.00627829
0.00630011
0.00630049
0.00630077
0.00630145
0.00630143
0.00630114
0.00631296
0.00631293
0.00631307
0.00630702
0.00630714
0.00630713
0.00629759
0.00628614
0.00629108
0.00631351
0.00631349
0.00631364
0.00631321
0.00631335
0.00631337
0.00630485
0.00630459
0.00630461
0.00630542
0.00630539
0.00630512
0.00631394
0.00631392
0.00631377
0.00631422
0.00631407
0.00631409
0.00630639
0.00630626
0.00630638
0.0063069
0.00630674
0.00630686
0.0063065
0.00630662
0.00630677
0.00630505
0.00630502
0.00630489
0.00630528
0.00630515
0.00630519
0.00630476
0.00630463
0.00630466
0.00630375
0.00630387
0.00630363
0.00630327
0.00630348
0.00630361
0.00631487
0.00631503
0.00631503
0.00631534
0.00631518
0.00631518
0.00630411
0.00630399
0.00630312
0.00630334
0.00630435
0.00630423
0.00631506
0.00631507
0.00631536
0.00631461
0.00631463
0.00631478
0.00631671
0.00631701
0.00631701
0.006317
0.006317
0.0063167
0.00631532
0.00631503
0.00631502
0.00631478
0.00631462
0.00631461
0.00632345
0.00632345
0.00632454
0.00632345
0.00632345
0.00632454
0.00632125
0.00632125
0.00632235
0.00631906
0.00631906
0.00632015
0.00631685
0.00631685
0.00631795
0.00631791
0.00631792
0.00631848
0.00631688
0.00631688
0.00631797
0.00631467
0.00631467
0.00631576
0.00631615
0.00631615
0.00631645
0.00631472
0.00631471
0.0063158
0.0063125
0.00631251
0.00631359
0.00631258
0.00631256
0.00631364
0.00631034
0.00631035
0.00631143
0.00631046
0.00631043
0.00631149
0.00630818
0.0063082
0.00630928
0.00630834
0.00630829
0.00630936
0.00630602
0.00630606
0.00630713
0.00630622
0.00630616
0.00630722
0.00630386
0.0063039
0.00630498
0.00630409
0.00630401
0.00630508
0.00630169
0.00630174
0.00630282
0.00630195
0.00630185
0.00630293
0.00630116
0.00630105
0.00630159
0.00629978
0.00629969
0.00630077
0.00629625
0.00629451
0.00629543
0.00597845
0.0062843
0.00628493
0.00629338
0.00629324
0.00629434
0.00631646
0.00631617
0.00631616
0.00630224
0.00630252
0.00630257
0.00630376
0.0063035
0.00630353
0.00631958
0.00631958
0.00631903
0.00631902
0.00631958
0.00631958
0.00631737
0.00631736
0.00631681
0.00631849
0.00631792
0.00631792
0.00631685
0.0063174
0.0063174
0.00631625
0.0063157
0.0063157
0.00631564
0.00631592
0.00631592
0.00631377
0.00631375
0.00631348
0.0063143
0.00631402
0.00631403
0.00630459
0.00630453
0.00630399
0.00630573
0.00630577
0.00630551
0.00630629
0.00630603
0.00630599
0.00630243
0.00630236
0.00630181
0.00630345
0.00630291
0.00630298
0.00630214
0.00630267
0.00630278
0.00629959
0.00629903
0.00629897
0.00623759
0.00623669
0.00567242
0.00629694
0.00629638
0.00629671
0.00630285
0.0063028
0.00630307
0.00630325
0.00630322
0.00630295
0.0063159
0.0063159
0.00631561
0.00599214
0.00499462
0.00321458
0.00598239
0.00497704
0.00318191
0.00586923
0.00479631
0.00301912
0.00586244
0.00478532
0.00302362
0.00341184
0.00248147
0.00181463
0.00630285
0.00610404
0.0044781
0.00609144
0.00521867
0.00311003
0.00606017
0.00514013
0.0030333
0.00340149
0.00245764
0.00180847
0.00463863
0.00380448
0.00253137
0.00629953
0.00606661
0.00438555
0.00602913
0.00504469
0.00320646
0.00603457
0.00505417
0.003205
0.00593984
0.00490638
0.00314109
0.00593653
0.00490642
0.00315643
0.0057879
0.00467588
0.00296806
0.005799
0.00469203
0.00298931
0.00421801
0.00316077
0.00202021
0.00425547
0.00333968
0.00211303
0.00440843
0.00371962
0.00252723
0.00631231
0.00626271
0.0053755
0.00617905
0.00542296
0.00331076
0.00619798
0.005488
0.00335726
0.00617366
0.00540091
0.00329082
0.0060051
0.00500792
0.00318901
0.00596711
0.0049544
0.00318561
0.00590097
0.00484851
0.00309273
0.00582789
0.00473925
0.00297945
0.0055542
0.00437105
0.00282025
0.00630087
0.00604216
0.00441975
0.00341625
0.00245769
0.00180873
0.00411279
0.00314852
0.0020334
0.00424631
0.00336047
0.00213781
0.00483374
0.00356812
0.00229048
0.0044057
0.00299881
0.00194079
0.00448945
0.00306311
0.00196028
0.00459323
0.00314568
0.00198075
0.00452637
0.00309332
0.00196592
0.00474495
0.00327365
0.00201741
0.00462274
0.00317016
0.00198861
0.00472131
0.00325347
0.00201067
0.00438676
0.00298521
0.00193689
0.0043036
0.00292527
0.0019231
0.00420069
0.00285766
0.00190591
0.00427849
0.00290797
0.00191758
0.00397526
0.00272877
0.00186969
0.00405716
0.00277054
0.0018822
0.00416971
0.00283707
0.00189949
0.00409311
0.00279374
0.00188823
0.00393964
0.00270726
0.00186563
0.00338364
0.00240706
0.00179034
0.00337125
0.00242122
0.00179661
0.00403311
0.00294915
0.00197502
0.00620283
0.0055089
0.00337582
0.00622241
0.00558766
0.003475
0.00622711
0.00561128
0.00350997
0.00601191
0.0050231
0.00320364
0.0060541
0.00509252
0.00324295
0.00596095
0.00494254
0.00317349
0.00590618
0.00485526
0.00308855
0.00576189
0.00463939
0.00293735
0.00581976
0.0047224
0.00297212
0.00546267
0.00425089
0.00270446
0.0055103
0.00431005
0.0028028
0.00547332
0.00426535
0.00271852
0.00554098
0.00435605
0.00278868
0.00551666
0.00431739
0.00280757
0.00529948
0.00403388
0.00255615
0.00518265
0.00389985
0.0024386
0.00516445
0.00388381
0.00241602
0.00481289
0.0035534
0.00228089
0.00475054
0.00351535
0.00234702
0.00608426
0.00515411
0.00323922
0.00608842
0.00515907
0.00321895
0.00599542
0.00499497
0.00320027
0.00607872
0.00514187
0.00323579
0.00607071
0.00512209
0.00320974
0.00597579
0.00496336
0.00317007
0.00587726
0.00481351
0.00303103
0.00573305
0.00459475
0.0029658
0.00573831
0.00459802
0.00295402
0.00585705
0.00477941
0.00303569
0.00572115
0.00457955
0.00293802
0.00570896
0.00456406
0.00291375
0.00347526
0.00250363
0.00182132
0.00346604
0.00249672
0.00181949
0.00342155
0.0025071
0.00181884
0.00348318
0.00250386
0.00182168
0.00348922
0.00250555
0.00182217
0.00630444
0.00612341
0.00456736
0.00511109
0.00382539
0.00245025
0.00509283
0.003811
0.00241476
0.00612123
0.00529598
0.00318759
0.0062388
0.00569015
0.00372151
0.00603529
0.00507596
0.0029657
0.00339083
0.00244698
0.00180468
0.00464549
0.00383392
0.00249584
0.00629629
0.00603426
0.00429193
0.00611949
0.00523854
0.00326073
0.00602485
0.00504067
0.00321944
0.00604113
0.00506897
0.00321645
0.00594477
0.00491229
0.00313489
0.00592244
0.00488549
0.0031208
0.00578031
0.00466201
0.00296415
0.00580649
0.00470456
0.00299301
0.00567011
0.00451665
0.00290346
0.00512377
0.00383805
0.00248034
0.00513683
0.00385647
0.00244286
0.0063123
0.00625983
0.00525997
0.00631163
0.00623728
0.00509531
0.00423693
0.00322075
0.00203791
0.00424979
0.00328633
0.00206988
0.00618869
0.00545283
0.0033487
0.00619354
0.00547145
0.00335813
0.00616616
0.00537627
0.00331233
0.00609968
0.0051848
0.0032113
0.00609358
0.00516915
0.00320801
0.00599958
0.00499853
0.00318857
0.00605721
0.00509495
0.0032341
0.00606497
0.00510823
0.00320398
0.0059707
0.00495602
0.0031727
0.00589013
0.00483145
0.00306255
0.00575143
0.00461791
0.00295007
0.00574492
0.00460546
0.00294562
0.00583989
0.00475631
0.00300406
0.00569261
0.0045369
0.00290688
0.00570023
0.00454869
0.00290477
0.00557563
0.00439152
0.00286014
0.00556955
0.00438749
0.00285985
0.00344403
0.00246776
0.00181111
0.00345527
0.00248467
0.00181634
0.00342022
0.00246799
0.00181063
0.00348842
0.00249871
0.00182073
0.00349132
0.00250366
0.00182179
0.00347786
0.00248872
0.00181949
0.00417574
0.0032786
0.00210047
0.00422005
0.00334309
0.00213796
0.0063068
0.00615426
0.00469722
0.00504805
0.00376707
0.0024576
0.00506313
0.00378493
0.00242752
0.0050766
0.00379702
0.00241092
0.00617554
0.00546499
0.003409
0.00613896
0.00535008
0.00326327
0.00619721
0.00553757
0.00350454
0.00621545
0.00560578
0.00361224
0.00599638
0.00498045
0.00286473
0.00534466
0.0039088
0.00223216
0.00442925
0.00301618
0.00194616
0.00445705
0.0030372
0.00195285
0.00456802
0.00312494
0.00197428
0.00454741
0.00310824
0.00196939
0.00465689
0.00319945
0.00199734
0.00469583
0.0032333
0.00200476
0.0043683
0.00297401
0.00193441
0.00433364
0.00294748
0.0019296
0.00423659
0.00288315
0.00191112
0.00425879
0.00289587
0.00191383
0.00399864
0.00273819
0.00187207
0.00402594
0.00275258
0.00187639
0.00414384
0.00282124
0.0018944
0.00412446
0.00281277
0.00189175
0.00390425
0.00268626
0.00185988
0.00338079
0.00243611
0.00180144
0.00395251
0.00270311
0.00190037
0.00621848
0.00556978
0.00345999
0.00620794
0.00553169
0.00341271
0.0062338
0.00564132
0.00355874
0.00610677
0.00520613
0.00323228
0.00611468
0.00522731
0.00326104
0.00602173
0.00504115
0.0032375
0.0060501
0.00508765
0.00324739
0.00595142
0.00492529
0.00314427
0.00591309
0.00486836
0.00309574
0.00577343
0.004653
0.00296365
0.00581233
0.00471078
0.0029785
0.00568552
0.00453076
0.00291677
0.00568048
0.00452931
0.00292764
0.00565813
0.00449621
0.00290738
0.00545534
0.00423809
0.0027058
0.00550298
0.00429725
0.00278725
0.00548679
0.00428035
0.00274814
0.0055239
0.0043299
0.00277183
0.00553099
0.00434158
0.00277249
0.00520249
0.00392011
0.00246634
0.00514909
0.00386907
0.00242059
0.00479196
0.00353974
0.00232022
0.00477066
0.00352665
0.00232742
0.00631317
0.00628359
0.00554013
0.00631361
0.00629689
0.00575142
0.0063136
0.00629654
0.00575696
0.00437389
0.00350769
0.00238836
0.00444374
0.00362439
0.00242022
0.00578973
0.00457708
0.00257352
0.00551748
0.00414599
0.00233735
0.00582578
0.00464132
0.0026132
0.00546908
0.00408063
0.00231254
0.00355939
0.00250339
0.00181319
0.00344791
0.00244642
0.00179993
0.00337047
0.00241406
0.00179348
0.00343083
0.00243736
0.00179775
0.00337157
0.00241874
0.00179455
0.00473021
0.00368106
0.00268195
0.00627553
0.00586142
0.00387171
0.00626842
0.00582178
0.00380872
0.00525471
0.00397752
0.00253123
0.00535221
0.00409539
0.00263635
0.00534388
0.00408183
0.00262454
0.00524644
0.00396553
0.00252974
0.00522223
0.00394114
0.00249927
0.00630767
0.00613007
0.00466631
0.00630949
0.00617784
0.00480836
0.00400363
0.00328267
0.00255291
0.00492769
0.00364724
0.0023027
0.00356352
0.00252201
0.00183151
0.00361725
0.00253312
0.00183789
0.00381016
0.0029182
0.00195157
0.00409684
0.00286992
0.00196586
0.00457145
0.00376415
0.00237593
0.00615664
0.00534421
0.00328705
0.00558191
0.00439776
0.00286309
0.00558947
0.0044104
0.00283084
0.00562235
0.00445277
0.00289704
0.00476568
0.00360484
0.00230146
0.00627376
0.00585655
0.00402557
0.00352283
0.00252831
0.00183021
0.00630977
0.00620833
0.0049494
0.00630806
0.00618042
0.00480382
0.00500742
0.00372928
0.0024169
0.00490161
0.00362236
0.00227362
0.00499407
0.00371746
0.00240906
0.00497851
0.00369815
0.00240023
0.00625134
0.00574637
0.00382599
0.00562702
0.00430974
0.00242095
0.00566896
0.00437416
0.00245321
0.00596068
0.0049067
0.00281428
0.00592686
0.00483683
0.00275942
0.00351978
0.00248267
0.00180891
0.00349961
0.00247018
0.00180565
0.00337864
0.00240854
0.00179141
0.00334551
0.00240324
0.00179253
0.0035187
0.00251621
0.00182911
0.00352785
0.00252987
0.00183098
0.00353148
0.00252834
0.00183089
0.00384632
0.0029226
0.0019694
0.00403444
0.00278447
0.00192124
0.00460009
0.00379067
0.00239907
0.00628652
0.00594559
0.00406333
0.00628897
0.00596589
0.00412558
0.00613276
0.00527605
0.00326065
0.00614799
0.00532061
0.00325149
0.00612451
0.00525331
0.00327557
0.00565088
0.00448268
0.00289397
0.0056299
0.0044604
0.00290268
0.00528763
0.00402
0.00253737
0.0047599
0.00359168
0.00227162
0.00418325
0.00304094
0.00198597
0.00428408
0.00331884
0.00221885
0.00449698
0.00369341
0.00239895
0.00474269
0.00354029
0.00232065
0.00473728
0.0035025
0.00226379
0.00474832
0.00357129
0.00233889
0.00475041
0.00358756
0.00232771
0.0057433
0.00449044
0.00251163
0.00402902
0.00285702
0.00193435
0.0040587
0.0028825
0.0019413
0.00555684
0.00420134
0.00236262
0.00586983
0.00471914
0.00265761
0.00542619
0.00402251
0.00228817
0.00517553
0.00371154
0.00216387
0.00521538
0.00375771
0.00218275
0.00489416
0.00341749
0.00205793
0.00491956
0.00344048
0.0020662
0.00514106
0.00367062
0.00214689
0.005113
0.00364093
0.00213311
0.00485186
0.00337658
0.00204926
0.00481789
0.00334485
0.00204011
0.00356804
0.00250765
0.00181474
0.0035981
0.00252086
0.00181755
0.00374884
0.00259986
0.00183678
0.00372861
0.00259037
0.00183448
0.0037715
0.00261098
0.00183974
0.00379699
0.00262526
0.00184391
0.00355021
0.00250059
0.00181305
0.00346419
0.00245401
0.00180178
0.00337204
0.00241238
0.00179275
0.00341138
0.00242611
0.00179504
0.00336864
0.00241464
0.00179353
0.00397576
0.00280394
0.00191852
0.00399807
0.00283303
0.00192744
0.00627839
0.00588049
0.00390735
0.0062813
0.00590212
0.00396584
0.00626278
0.00578528
0.00375388
0.00544169
0.00421337
0.00273374
0.00544819
0.00422251
0.00274048
0.00526475
0.00399104
0.0025313
0.00543421
0.00420315
0.00272435
0.00541636
0.00418485
0.00268422
0.00536069
0.00410896
0.00264379
0.0053314
0.00406829
0.00259317
0.00475149
0.00369244
0.00255275
0.00420248
0.00308554
0.00199837
0.00413591
0.00296624
0.00196475
0.00416039
0.00300133
0.00197468
0.00631305
0.00628066
0.00555031
0.00631179
0.00625007
0.00524316
0.0063106
0.00622586
0.00507222
0.00495423
0.00367315
0.00234388
0.00355901
0.00254409
0.00183542
0.00354945
0.00253477
0.0018333
0.00368535
0.00256305
0.00185822
0.00375452
0.0027856
0.00191481
0.00417584
0.0030369
0.00205513
0.00453807
0.00373494
0.00237805
0.00616256
0.0053666
0.00331821
0.00559648
0.00442272
0.0028361
0.00560735
0.00443704
0.00285898
0.00475016
0.00353298
0.00245564
0.0047453
0.00352067
0.00235453
0.00476135
0.00359683
0.00230501
0.0062839
0.005919
0.00415281
0.00629532
0.00599074
0.00428884
0.00351427
0.00252002
0.00182798
0.00350452
0.00250435
0.00182321
0.00411065
0.00293509
0.00195596
0.00408481
0.00290714
0.00194814
0.00502166
0.00374208
0.0024291
0.00503546
0.00375496
0.0024379
0.00485807
0.00359017
0.00228065
0.00487792
0.00360426
0.00225529
0.00558942
0.00425135
0.00239036
0.00571432
0.0044431
0.00248416
0.00589717
0.00477392
0.002706
0.00539036
0.0039739
0.00226717
0.005309
0.00386617
0.0022197
0.00526032
0.00380997
0.00220238
0.00498143
0.00350399
0.00208991
0.00494783
0.00346976
0.00207698
0.00502004
0.00354368
0.00210446
0.00506406
0.00358961
0.00211967
0.00477234
0.00329851
0.00202214
0.00366179
0.00255517
0.00182661
0.00363007
0.00253712
0.00182157
0.00369087
0.00257303
0.00183104
0.00371179
0.00258372
0.00183311
0.00386289
0.00266035
0.00185142
0.00388006
0.00266952
0.00185313
0.00384867
0.00265651
0.00185078
0.00382519
0.00264328
0.00184846
0.00354064
0.00249797
0.00181253
0.00348115
0.00246148
0.00180357
0.00337466
0.00241052
0.00179208
0.00338153
0.00240565
0.00179079
0.00335677
0.00240099
0.00179108
0.00353365
0.00253503
0.00183232
0.00353515
0.00253364
0.00183215
0.00386301
0.00281972
0.00191678
0.00398183
0.0027728
0.00191035
0.00461687
0.00380258
0.0024069
0.00629169
0.00599553
0.00420942
0.00625214
0.00573025
0.0036705
0.00625973
0.00576794
0.00372694
0.00624803
0.00570543
0.00361994
0.00624212
0.00567533
0.00360677
0.00613679
0.00528515
0.00324389
0.00614195
0.00530003
0.00323898
0.00564357
0.00447139
0.00289131
0.00563609
0.00446413
0.00289545
0.00527584
0.00400539
0.00253174
0.00538777
0.00415471
0.00262759
0.00540078
0.00416932
0.00264813
0.00536861
0.00412183
0.00265419
0.00537799
0.00414163
0.00262528
0.00531613
0.00405491
0.00255985
0.00475634
0.00362551
0.00236976
0.00631348
0.00629281
0.00569853
)
;

boundaryField
{
    topAndBottom
    {
        type            slip;
    }
    inlet
    {
        type            fixedValue;
        value           uniform 0.00633;
    }
    outlet
    {
        type            zeroGradient;
    }
    wing
    {
        type            groovyBC;
        refValue        uniform 0.00154192;
        refGradient     uniform 0;
        valueFraction   uniform 1;
        value           uniform 0.00154192;
        valueExpression "YSat*rh";
        gradientExpression "0";
        fractionExpression "1";
        evaluateDuringConstruction 0;
        cyclicSlave     0;
        variables       "rh=0.7;";
        timelines       (
);
        lookuptables    (
);
        lookuptables2D  (
);
    }
    front
    {
        type            empty;
    }
    back
    {
        type            empty;
    }
}


// ************************************************************************* //
