/*--------------------------------*- C++ -*----------------------------------*\
| =========                 |                                                 |
| \\      /  F ield         | OpenFOAM: The Open Source CFD Toolbox           |
|  \\    /   O peration     | Version:  5.x                                   |
|   \\  /    A nd           | Web:      www.OpenFOAM.org                      |
|    \\/     M anipulation  |                                                 |
\*---------------------------------------------------------------------------*/
FoamFile
{
    version     2.0;
    format      ascii;
    class       volScalarField;
    location    "400";
    object      pSat;
}
// * * * * * * * * * * * * * * * * * * * * * * * * * * * * * * * * * * * * * //

dimensions      [0 2 -2 0 0 0 0];

internalField   nonuniform List<scalar> 
6584
(
697.948
697.948
697.948
697.948
697.948
697.948
697.948
697.948
697.948
697.948
697.948
697.948
697.948
697.948
697.948
697.948
697.948
697.948
697.948
697.948
697.948
697.948
697.948
697.948
697.948
697.948
697.948
697.948
697.948
697.948
697.948
697.948
697.948
697.948
697.948
697.948
697.948
697.948
697.948
697.948
697.948
697.948
697.948
697.948
697.948
697.948
697.948
697.948
697.948
697.948
697.948
697.948
697.948
697.948
697.948
697.948
697.948
697.948
697.948
697.948
697.948
697.948
697.948
697.948
697.948
697.948
697.948
697.948
697.948
697.948
697.948
697.948
697.948
697.948
697.948
697.948
697.948
697.948
697.948
697.948
697.948
697.948
697.948
697.948
697.948
697.948
697.948
697.948
697.948
697.948
697.948
697.948
697.948
697.948
697.948
697.948
697.948
697.948
697.948
697.948
697.948
697.948
697.948
697.948
697.948
697.948
697.948
697.948
697.948
697.948
697.948
697.948
697.948
697.948
697.948
697.948
697.948
697.948
697.948
697.948
697.948
697.948
697.948
697.948
697.948
697.948
697.948
697.948
697.948
697.948
697.948
697.948
697.948
697.948
697.948
697.948
697.948
697.948
697.948
697.948
697.948
697.948
697.948
697.948
697.948
697.948
697.948
697.948
697.948
697.948
697.948
697.948
697.948
697.948
697.948
697.948
697.948
697.948
697.948
697.948
697.948
697.948
697.948
697.948
697.948
697.948
697.948
697.948
697.948
697.948
697.948
697.948
697.948
697.948
697.948
697.948
697.948
697.948
697.948
697.948
697.948
697.948
697.948
697.948
697.948
697.948
697.948
697.948
697.948
697.948
697.948
697.948
697.948
697.948
697.948
697.948
697.948
697.948
697.948
697.948
697.948
697.948
697.948
697.948
697.948
697.948
697.948
697.948
697.948
697.948
697.948
697.948
697.948
697.948
697.948
697.948
697.948
697.948
697.948
697.948
697.948
697.948
697.948
697.948
697.948
697.948
697.948
697.948
697.948
697.948
697.948
697.948
697.948
697.948
697.948
697.948
697.948
697.948
697.948
697.948
697.948
697.948
697.948
697.948
697.948
697.948
697.948
697.948
697.948
697.948
697.948
697.948
697.948
697.948
697.948
697.948
697.948
697.948
697.948
697.948
697.948
697.948
697.948
697.948
697.948
697.948
697.948
697.948
697.948
697.948
697.948
697.948
697.948
697.948
697.948
697.948
697.948
697.948
697.948
697.948
697.948
697.948
697.948
697.948
697.948
697.948
697.948
697.948
697.948
697.948
697.948
697.948
697.948
697.948
697.948
697.948
697.948
697.948
697.948
697.948
697.948
697.948
697.948
697.948
697.948
697.948
697.948
697.948
697.948
697.948
697.948
697.948
697.948
697.948
697.948
697.948
697.948
697.948
679.642
697.948
697.948
697.948
697.948
697.948
697.948
697.948
697.948
697.948
697.948
697.948
697.948
697.948
697.948
697.948
697.948
697.948
697.948
697.948
697.948
697.948
697.948
697.948
693.449
697.948
697.948
697.948
697.948
697.948
697.948
697.948
697.948
697.948
697.948
697.948
697.948
697.948
697.948
697.948
697.948
697.948
697.948
697.948
697.948
697.948
697.948
697.948
693.794
697.948
697.948
697.948
697.948
697.948
697.948
697.948
697.948
697.948
697.948
697.948
697.948
697.948
697.948
697.948
697.948
697.948
697.948
697.948
697.948
697.948
697.948
697.917
696.021
697.948
697.948
697.948
697.948
697.948
697.948
697.948
697.948
697.948
697.948
697.948
697.948
697.948
697.948
697.948
697.948
697.948
697.948
697.948
697.948
697.948
697.948
697.896
696.068
697.948
697.948
697.948
697.948
697.948
697.948
697.948
697.948
697.948
697.948
697.948
697.948
697.948
697.948
697.948
697.948
697.948
697.948
697.948
697.948
697.948
697.943
697.005
697.052
697.948
697.948
697.948
697.948
697.948
697.948
697.948
697.948
697.948
697.948
697.948
697.948
697.948
697.948
697.948
697.948
697.948
697.948
697.948
697.948
697.948
697.938
697.005
697.058
697.948
697.948
697.948
697.948
697.948
697.948
697.948
697.948
697.948
697.948
697.948
697.948
697.948
697.948
697.948
697.948
697.948
697.948
697.948
697.948
697.948
697.934
697.006
697.063
697.948
697.948
697.948
697.948
697.948
697.948
697.948
697.948
697.948
697.948
697.948
697.948
697.948
697.948
697.948
697.948
697.948
697.948
697.948
697.948
697.948
697.93
697.006
697.067
697.948
697.948
697.948
697.948
697.948
697.948
697.948
697.948
697.948
697.948
697.948
697.948
697.948
697.948
697.948
697.948
697.948
697.948
697.948
697.948
697.948
697.926
697.006
697.071
697.948
697.948
697.948
697.948
697.948
697.948
697.948
697.948
697.948
697.948
697.948
697.948
697.948
697.948
697.948
697.948
697.948
697.948
697.948
697.948
697.948
697.923
697.007
697.074
697.948
697.948
697.948
697.948
697.948
697.948
697.948
697.948
697.948
697.948
697.948
697.948
697.948
697.948
697.948
697.948
697.948
697.948
697.948
697.948
697.948
697.92
697.007
697.077
697.948
697.948
697.948
697.948
697.948
697.948
697.948
697.948
697.948
697.948
697.948
697.948
697.948
697.948
697.948
697.948
697.948
697.948
697.948
697.948
697.948
697.916
697.007
697.079
697.948
697.948
697.948
697.948
697.948
697.948
697.948
697.948
697.948
697.948
697.948
697.948
697.948
697.948
697.948
697.948
697.948
697.948
697.948
697.948
697.948
697.913
697.008
697.082
697.948
697.948
697.948
697.948
697.948
697.948
697.948
697.948
697.948
697.948
697.948
697.948
697.948
697.948
697.948
697.948
697.948
697.948
697.948
697.948
697.948
697.909
697.008
697.085
697.948
697.948
697.948
697.948
697.948
697.948
697.948
697.948
697.948
697.948
697.948
697.948
697.948
697.948
697.948
697.948
697.948
697.948
697.948
697.948
697.947
697.906
697.008
697.088
697.948
697.948
697.948
697.948
697.948
697.948
697.948
697.948
697.948
697.948
697.948
697.948
697.948
697.948
697.948
697.948
697.948
697.948
697.948
697.948
697.947
697.903
697.009
697.09
697.948
697.948
697.948
697.948
697.948
697.948
697.948
697.948
697.948
697.948
697.948
697.948
697.948
697.948
697.948
697.948
697.948
697.948
697.948
697.948
697.947
697.9
697.009
697.093
697.948
697.948
697.948
697.948
697.948
697.948
697.948
697.948
697.948
697.948
697.948
697.948
697.948
697.948
697.948
697.948
697.948
697.948
697.948
697.948
697.947
697.897
697.009
697.095
697.948
697.948
697.948
697.948
697.948
697.948
697.948
697.948
697.948
697.948
697.948
697.948
697.948
697.948
697.948
697.948
697.948
697.948
697.948
697.948
697.947
697.894
697.01
697.097
697.948
697.948
697.948
697.948
697.948
697.948
697.948
697.948
697.948
697.948
697.948
697.948
697.948
697.948
697.948
697.948
697.948
697.948
697.948
697.948
697.947
697.891
697.01
697.099
697.948
697.948
697.948
697.948
697.948
697.948
697.948
697.948
697.948
697.948
697.948
697.948
697.948
697.948
697.948
697.948
697.948
697.948
697.948
697.948
697.946
697.888
697.01
697.101
697.948
697.948
697.948
697.948
697.948
697.948
697.948
697.948
697.948
697.948
697.948
697.948
697.948
697.948
697.948
697.948
697.948
697.948
697.948
697.948
697.946
697.886
697.011
697.103
697.948
697.948
697.948
697.948
697.948
697.948
697.948
697.948
697.948
697.948
697.948
697.948
697.948
697.948
697.948
697.948
697.948
697.948
697.948
697.948
697.948
697.948
697.948
697.948
697.948
697.948
697.948
688.786
679.162
697.948
697.948
697.948
697.948
697.948
697.948
697.948
697.948
697.948
697.948
697.948
697.948
697.948
697.948
697.948
697.948
697.948
697.948
697.948
697.948
697.948
697.948
697.948
697.948
697.948
697.948
697.948
697.948
697.948
697.948
697.948
697.945
697.948
697.948
697.948
697.948
697.948
697.948
697.948
697.948
697.948
697.948
697.947
697.944
697.948
697.948
697.948
697.948
697.948
697.948
697.948
697.948
697.948
697.948
697.948
691.513
688.507
689.266
697.948
697.948
697.948
697.948
697.948
697.948
697.948
697.948
697.948
697.948
697.948
697.948
697.948
697.948
697.948
697.948
697.948
697.948
697.948
697.948
697.948
697.948
697.948
697.948
697.948
697.948
697.948
697.948
697.948
697.948
697.948
697.948
697.948
697.948
697.948
697.948
697.944
697.945
697.948
697.948
697.948
697.948
697.948
697.948
697.948
697.948
697.948
697.948
697.948
697.947
697.948
697.948
697.948
697.948
697.948
697.948
697.948
697.948
697.948
697.948
697.948
697.948
697.948
697.948
697.948
697.948
697.948
697.948
697.948
697.948
697.948
697.948
697.948
697.948
697.948
697.948
697.948
697.948
697.948
697.948
697.948
697.948
697.902
697.871
697.948
697.948
697.948
697.948
697.948
697.948
697.948
697.948
697.948
697.948
697.948
697.894
697.907
697.94
697.942
697.908
697.923
697.864
697.799
697.948
697.948
697.948
697.943
697.944
697.948
697.948
697.948
697.948
697.948
697.948
697.948
697.948
697.948
697.948
697.948
697.948
697.948
697.948
697.948
697.948
697.948
697.947
697.947
697.946
697.946
697.948
697.814
697.948
697.923
697.905
697.912
697.927
697.948
697.948
697.948
697.948
697.948
697.948
697.948
697.948
697.948
697.948
697.948
697.948
697.948
697.948
697.948
697.948
697.948
697.948
697.948
697.948
697.948
697.948
697.948
697.948
697.948
697.948
697.948
697.948
697.948
697.948
697.948
697.948
697.948
697.948
697.948
697.948
697.941
697.942
697.948
697.948
697.948
697.948
697.948
697.948
697.948
697.948
697.948
697.948
697.948
697.948
697.897
697.948
697.922
697.913
697.933
697.923
697.948
697.948
697.914
697.948
697.948
697.948
697.948
697.948
697.948
697.948
697.948
697.948
697.934
697.939
697.948
697.94
697.934
697.943
697.94
697.948
697.925
697.933
697.948
697.879
697.909
697.822
697.873
697.948
697.782
697.942
697.943
696.52
697.945
697.942
690.73
697.921
697.925
697.948
697.948
697.948
697.948
697.948
697.948
697.948
688.175
697.943
697.948
697.948
697.948
697.948
697.948
697.748
697.757
689.999
697.935
697.929
697.772
697.797
697.79
697.92
672.392
697.948
697.948
697.948
697.948
697.948
697.948
697.948
697.948
697.948
697.948
697.948
697.948
697.948
697.948
697.948
697.948
697.948
697.948
697.947
697.948
697.947
697.944
697.519
697.418
697.948
697.928
697.938
697.948
697.948
691.77
697.948
697.948
697.948
697.948
697.948
697.948
697.948
697.948
697.948
697.948
697.948
697.948
697.948
697.948
697.948
697.948
697.948
697.948
697.948
697.948
697.948
697.948
697.948
697.948
697.948
697.948
697.948
697.948
697.948
697.948
697.948
697.948
697.948
697.948
697.948
697.948
697.948
697.948
697.948
697.948
697.948
697.948
697.948
697.948
697.948
697.948
697.948
697.942
697.943
697.948
697.948
697.948
697.948
697.948
697.948
697.948
697.948
697.948
697.948
697.948
697.948
697.948
697.924
697.93
697.92
697.915
697.948
697.948
697.948
697.948
697.948
697.948
697.948
697.948
697.945
697.944
697.947
697.947
697.948
697.849
697.854
697.948
697.947
697.947
697.842
697.847
697.634
697.544
697.948
697.948
697.948
697.479
697.891
697.554
697.587
697.585
697.887
697.948
697.948
697.948
697.948
697.948
697.892
697.898
697.766
697.753
697.941
697.821
697.813
697.841
697.824
697.941
697.913
697.916
697.841
697.83
697.944
697.865
697.85
697.799
697.81
697.948
697.948
697.948
697.948
697.948
697.948
697.948
697.948
697.947
697.948
697.947
697.944
697.832
697.931
697.925
697.936
697.932
697.828
697.912
697.907
697.924
697.916
697.917
697.705
697.749
697.621
697.683
697.915
697.361
697.447
697.948
697.948
697.948
697.948
697.948
697.948
697.948
697.948
697.948
697.948
697.948
697.948
697.948
697.948
697.948
697.948
697.948
697.948
697.948
697.948
697.948
697.948
697.948
697.948
697.948
697.948
697.948
697.948
697.948
697.948
697.948
697.948
697.948
697.948
697.948
697.948
697.948
697.948
697.948
697.948
697.948
697.948
697.948
697.948
697.948
697.948
697.948
697.948
697.948
697.948
697.948
697.948
697.948
697.948
697.948
697.948
697.948
697.948
697.948
697.948
697.948
697.948
697.946
697.946
697.945
697.946
697.946
697.947
697.946
697.946
697.948
697.948
697.948
697.947
697.947
697.948
697.947
697.946
697.945
697.947
697.946
697.948
697.948
697.948
697.941
697.942
697.948
697.948
697.948
697.948
697.948
697.948
697.948
697.948
697.948
697.948
697.948
697.948
697.905
697.915
697.948
697.948
697.948
697.948
697.91
697.93
697.948
697.948
697.948
697.948
697.927
697.947
697.948
697.947
697.947
697.92
697.948
697.948
697.948
697.948
697.921
697.918
697.922
697.948
697.893
697.908
697.904
697.891
697.908
697.948
697.911
697.914
697.936
697.766
697.784
697.806
697.765
697.937
697.764
697.928
697.787
697.93
697.849
697.94
697.937
697.942
697.94
697.853
697.76
697.773
697.857
697.86
697.818
697.839
697.687
697.654
697.948
697.948
697.948
697.948
697.948
697.948
697.948
697.948
697.948
697.948
697.948
697.948
697.948
697.948
697.948
697.948
697.948
697.948
697.948
697.948
697.948
697.946
697.948
697.948
697.948
697.948
697.938
697.936
697.944
697.932
697.935
697.948
697.948
697.948
697.948
697.948
697.948
697.948
697.948
697.948
697.948
697.948
697.948
697.948
697.948
697.948
697.948
697.948
697.948
697.948
697.948
697.948
697.948
697.948
697.948
697.948
697.948
697.948
697.948
697.948
697.944
697.939
697.94
697.945
697.948
697.948
697.948
697.948
697.948
697.948
697.948
697.948
697.948
697.948
697.948
697.948
697.948
697.948
697.948
697.948
697.948
697.948
697.561
697.562
697.947
697.947
697.948
697.558
697.56
697.939
697.94
697.948
697.948
697.948
697.893
697.87
697.876
697.906
697.909
697.857
697.864
697.88
697.876
697.922
697.742
697.725
697.809
697.875
697.868
697.944
697.948
697.948
697.948
697.948
697.948
697.948
697.948
697.948
697.948
697.948
697.948
697.948
697.948
697.948
697.948
697.948
697.948
697.948
697.947
697.947
697.937
697.938
697.946
697.945
697.934
697.936
697.848
697.851
697.879
697.874
697.815
697.854
697.858
697.948
697.936
697.939
697.948
697.948
697.948
697.948
697.948
697.948
697.948
697.948
697.948
697.948
697.948
697.948
697.948
697.948
697.948
697.948
697.948
697.948
697.948
697.948
697.948
697.948
697.948
697.948
697.948
697.948
697.948
697.948
697.948
697.948
697.948
697.948
697.948
697.948
697.948
697.948
697.948
697.941
697.942
697.948
697.948
697.948
697.948
697.948
697.948
697.901
697.921
697.94
697.94
697.934
697.934
697.911
697.948
697.948
697.948
697.927
697.925
697.936
697.936
697.916
697.933
697.933
697.925
697.926
697.948
697.948
697.948
697.948
697.948
697.948
697.937
697.948
697.948
697.948
697.948
697.936
697.893
697.94
697.943
697.942
697.941
697.898
697.833
697.89
697.884
697.764
697.748
697.796
697.403
697.61
697.609
697.603
697.945
697.889
697.879
697.896
697.891
697.942
697.1
697.103
697.76
697.795
697.929
697.948
697.948
697.948
697.744
697.746
697.692
697.518
686.416
697.786
697.743
697.75
697.717
697.731
697.793
672.37
697.183
697.66
697.948
697.948
697.948
697.948
697.948
697.948
697.948
697.948
697.948
697.948
697.948
697.946
697.948
697.922
697.926
697.922
697.921
697.944
697.934
697.933
697.497
697.264
697.267
697.341
697.317
697.469
697.948
697.948
697.948
697.948
697.948
697.948
697.948
697.948
697.948
697.948
697.948
697.948
697.948
697.94
697.94
697.943
697.944
697.948
697.948
697.948
697.948
697.948
697.948
697.948
697.948
697.948
697.92
697.928
697.925
697.93
697.929
697.921
697.561
697.565
697.578
697.557
697.844
697.736
697.733
697.294
697.3
697.607
697.368
697.412
697.284
697.32
697.575
697.948
697.948
697.948
697.948
697.948
697.948
697.948
697.948
697.948
697.948
697.539
697.746
697.735
697.775
697.76
697.549
697.648
697.693
697.67
697.725
697.714
697.619
697.948
697.948
697.948
697.948
697.948
697.948
697.948
697.89
697.903
697.881
697.884
697.763
697.759
697.887
697.889
697.817
697.852
697.852
697.91
697.846
697.838
697.849
697.919
697.867
697.857
697.741
697.759
697.85
697.681
697.689
697.661
697.667
697.819
697.716
697.721
697.801
697.688
697.703
697.666
697.675
697.804
697.948
697.948
697.948
697.948
697.948
697.948
697.948
697.948
697.948
697.948
697.948
697.948
697.948
697.948
697.947
697.947
697.928
697.929
697.926
697.927
697.946
697.939
697.939
697.933
697.934
697.945
697.93
697.857
697.848
697.821
697.871
697.866
697.91
697.869
697.866
697.887
697.876
697.908
697.922
697.884
697.888
697.868
697.877
697.919
697.86
697.642
697.799
697.788
697.363
697.399
697.948
697.948
697.948
697.948
697.948
697.948
697.948
697.948
697.948
697.948
697.948
697.948
697.948
697.948
697.948
697.948
697.948
697.948
697.948
697.948
697.948
697.948
697.948
697.948
697.948
697.948
697.948
697.948
697.948
697.948
697.948
697.948
697.948
697.948
697.948
697.948
697.948
697.948
697.948
697.948
697.948
697.948
697.948
697.948
697.948
697.948
697.948
697.948
697.948
697.948
697.948
697.948
697.948
697.948
697.948
697.948
697.948
697.948
697.948
697.948
697.948
697.948
697.948
697.948
697.948
697.948
697.948
697.948
697.948
697.948
697.948
697.948
697.948
697.948
697.948
697.948
697.948
697.948
697.946
697.943
697.944
697.941
697.942
697.946
697.945
697.944
697.944
697.945
697.946
697.936
697.937
697.936
697.935
697.947
697.946
697.94
697.94
697.939
697.94
697.946
697.947
697.947
697.948
697.947
697.945
697.945
697.947
697.947
697.941
697.942
697.948
697.948
697.948
697.948
697.948
697.948
697.904
697.938
697.939
697.919
697.909
697.935
697.937
697.93
697.928
697.947
697.941
697.941
697.947
697.939
697.938
697.941
697.94
697.947
697.936
697.933
697.931
697.932
697.918
697.926
697.929
697.92
697.938
697.937
697.939
697.939
697.921
697.899
697.906
697.899
697.889
697.889
697.893
697.909
697.932
697.931
697.936
697.934
697.91
697.772
697.857
697.86
697.853
697.855
697.779
697.791
697.877
697.883
697.864
697.87
697.774
697.754
697.816
697.814
697.829
697.822
697.8
697.845
697.85
697.82
697.833
697.806
697.899
697.895
697.843
697.756
697.787
697.58
697.587
697.827
697.694
697.669
697.727
697.717
697.834
697.603
697.599
697.173
697.221
697.948
697.948
697.948
697.948
697.948
697.948
697.948
697.948
697.948
697.948
697.948
697.948
697.948
697.948
697.948
697.948
697.948
697.948
697.948
697.948
697.948
697.948
697.948
697.948
697.948
697.948
697.948
697.948
697.948
697.948
697.948
697.948
697.948
697.948
697.948
697.948
697.948
697.948
697.948
697.948
697.948
697.948
697.948
697.948
697.948
697.948
697.948
697.948
697.948
697.948
697.948
697.948
697.948
697.948
697.948
697.948
697.948
697.948
697.948
697.948
697.948
697.948
697.948
697.948
697.948
697.948
697.948
697.948
697.948
697.948
697.948
697.948
697.948
697.948
697.948
697.948
697.948
697.948
697.948
697.948
697.948
697.948
697.948
697.948
697.948
697.948
697.948
697.948
697.948
697.948
697.948
697.948
697.948
697.948
697.948
697.948
697.948
697.948
697.948
697.948
697.948
697.948
697.948
697.948
697.948
697.948
697.948
697.948
697.948
697.948
697.948
697.948
697.948
697.948
697.948
697.948
697.948
697.948
697.948
697.948
697.948
697.948
697.948
697.948
697.948
697.948
697.948
697.948
697.948
697.948
697.948
697.948
697.948
697.948
697.948
697.948
697.948
697.948
681.285
697.575
697.644
697.948
697.948
697.948
697.948
697.948
697.948
697.948
697.948
697.948
697.948
697.948
697.948
697.948
694.363
694.402
693.715
697.948
697.948
697.948
697.948
697.948
697.948
697.948
697.948
697.948
697.948
697.948
697.93
696.084
694.355
695.995
697.948
697.948
697.948
697.948
697.948
697.948
697.948
697.948
697.948
697.948
697.948
697.948
697.948
697.948
697.948
697.948
697.948
697.948
697.948
697.948
697.948
697.948
697.948
697.948
697.948
697.948
697.948
697.948
697.948
697.948
697.948
697.948
697.948
697.948
697.948
697.948
697.948
697.948
697.948
697.948
697.948
697.948
697.948
697.948
697.948
697.948
697.948
697.948
697.948
697.948
685.846
696.91
696.728
693.131
693.136
672.364
697.948
697.948
697.948
697.948
697.948
697.948
697.948
697.948
697.948
697.948
697.948
697.948
697.948
697.948
697.948
697.948
697.948
697.948
697.948
697.948
697.948
697.948
697.948
697.948
697.948
697.948
697.948
697.948
697.948
697.948
697.948
697.948
697.948
697.948
697.948
697.948
697.948
697.948
697.948
697.948
697.948
697.948
697.948
697.948
697.948
697.948
697.948
697.948
697.948
697.948
697.948
697.948
697.948
697.948
697.948
697.948
697.948
697.948
697.948
697.948
697.948
697.948
697.948
697.948
697.948
697.948
697.948
697.948
697.948
697.948
697.948
697.948
697.948
697.948
697.948
697.948
697.948
697.948
697.948
697.948
697.948
697.948
697.948
697.948
697.948
697.948
697.948
697.948
697.948
697.948
697.948
697.948
697.948
697.948
697.948
697.948
697.948
697.948
697.948
697.948
697.948
697.948
697.948
697.948
697.948
697.948
697.948
697.948
697.948
697.948
697.948
697.948
697.948
697.948
697.948
697.948
697.948
697.948
697.948
697.947
697.94
697.941
697.948
697.948
697.948
697.948
697.948
697.948
697.948
697.948
697.948
697.948
697.942
697.944
697.947
697.947
697.948
697.948
697.948
697.948
697.948
697.948
697.948
697.948
697.948
697.948
697.948
697.948
697.948
697.948
697.948
697.948
697.948
697.948
697.948
691.688
697.948
697.947
697.927
697.921
687.854
697.943
697.943
688.472
697.948
697.948
697.948
697.948
697.948
697.948
697.948
697.948
697.948
697.948
697.948
697.948
697.948
697.948
697.948
697.948
697.948
697.948
697.948
697.948
697.948
697.948
697.948
697.948
697.948
697.948
697.948
697.948
697.948
697.948
697.948
697.948
697.948
697.948
697.948
697.948
697.948
697.948
697.948
697.948
697.948
697.948
697.948
697.948
697.948
697.948
697.948
697.948
697.948
697.948
697.948
697.948
697.948
697.948
697.948
697.948
697.948
697.948
697.948
697.948
697.948
697.948
697.948
697.948
697.948
697.948
697.948
697.948
697.948
697.948
697.948
697.948
697.948
697.948
697.948
697.948
697.948
697.948
697.948
697.948
697.948
697.948
697.948
697.948
697.948
697.948
697.948
697.948
697.948
697.948
697.948
697.948
697.948
697.948
697.948
697.948
697.948
697.948
697.948
697.948
697.948
697.948
697.948
697.948
697.948
697.948
697.948
697.948
697.948
697.948
697.948
697.948
697.948
697.948
697.948
697.947
697.947
697.942
697.943
697.947
697.948
697.948
697.948
697.948
697.948
697.948
697.948
697.948
697.948
697.948
697.948
697.948
697.948
697.948
697.948
697.948
697.948
697.948
697.948
697.948
697.948
697.948
697.948
697.948
697.948
697.948
697.948
697.948
697.948
697.948
697.948
697.947
697.947
697.944
697.945
697.948
697.948
697.948
697.948
697.948
697.948
697.948
697.948
697.948
697.948
697.948
697.948
697.948
697.943
697.947
697.948
697.948
697.948
697.948
697.948
697.941
697.941
697.948
697.948
697.948
697.948
697.948
697.948
697.948
697.948
697.948
697.948
697.948
697.948
697.948
697.948
697.948
697.948
697.948
697.948
697.948
697.948
697.948
697.948
697.948
697.948
697.948
697.948
697.948
697.899
697.849
697.856
697.796
697.809
697.877
697.948
697.948
697.948
697.948
697.948
697.948
697.948
697.948
697.948
697.948
697.948
697.948
697.948
697.948
697.948
697.948
697.948
697.948
697.948
697.948
697.948
697.948
697.948
697.948
697.948
697.948
697.948
697.94
697.924
697.923
697.93
697.929
697.942
697.858
697.772
697.783
697.948
697.948
697.948
697.948
697.948
697.948
697.948
697.948
697.948
697.943
697.932
697.931
697.936
697.936
697.944
697.948
697.948
697.948
697.948
697.948
697.948
697.948
697.948
697.948
697.948
697.948
697.948
697.948
697.948
697.948
697.948
697.948
697.948
697.948
697.948
697.948
697.948
697.948
697.948
697.948
697.948
697.948
697.948
697.948
697.948
697.948
697.948
697.948
697.948
697.948
697.948
697.948
697.948
697.948
697.94
697.942
697.948
697.948
697.948
697.948
697.922
697.892
697.895
697.863
697.868
697.908
697.919
697.943
697.942
697.944
697.944
697.921
697.948
697.948
697.948
697.948
697.948
697.948
697.948
697.948
697.948
697.948
697.948
697.948
697.948
697.948
697.948
697.948
697.948
697.948
697.948
697.948
697.948
697.948
697.948
697.948
697.948
697.948
697.948
697.948
697.948
697.948
697.948
697.948
697.948
697.948
697.948
697.948
697.948
697.948
697.948
697.948
697.948
697.948
697.948
697.948
697.948
697.948
697.948
697.948
697.948
697.948
697.948
697.948
697.948
697.948
697.948
697.948
697.948
697.948
697.948
697.948
697.948
697.948
697.948
697.948
697.948
697.948
697.948
697.948
697.948
697.948
697.948
697.948
697.948
697.948
697.948
697.948
697.948
697.948
697.948
697.948
697.948
697.948
697.948
697.948
697.948
697.948
697.948
697.948
697.948
697.948
697.948
697.948
697.948
697.948
697.948
697.948
697.948
697.948
697.948
697.948
697.948
697.948
697.948
697.948
697.948
697.948
697.948
697.948
697.948
697.948
697.948
697.948
697.948
697.948
697.948
697.948
697.948
697.933
697.944
697.944
697.941
697.941
697.924
697.948
697.948
697.948
697.948
697.948
697.948
697.945
697.946
697.948
697.948
697.945
697.945
697.948
697.948
697.948
697.948
697.948
697.948
697.948
697.948
697.948
697.948
697.948
697.948
697.948
697.948
697.948
697.948
697.948
697.948
697.935
697.91
697.909
697.922
697.92
697.938
697.948
697.948
697.948
697.939
697.946
697.946
697.944
697.945
697.935
697.942
697.948
697.948
697.948
697.948
697.942
697.948
697.948
697.948
697.926
697.884
697.883
697.907
697.904
697.932
697.947
697.947
697.948
697.884
697.917
697.915
697.931
697.929
697.905
697.912
697.908
697.865
697.948
697.947
697.947
697.943
697.9
697.897
697.903
697.902
697.943
697.945
697.937
697.937
697.92
697.803
697.821
697.898
697.901
697.926
697.948
697.948
697.948
697.948
697.948
697.948
697.948
697.948
697.948
697.948
697.948
697.948
697.131
697.101
687.838
697.943
697.891
697.892
697.915
697.891
697.944
697.948
697.948
697.948
697.948
697.948
697.948
697.948
697.948
697.948
695.622
694.164
687.551
697.931
697.846
697.847
697.823
697.837
697.929
697.875
696.843
696.595
697.811
697.828
697.92
672.385
685.786
689.596
697.948
697.948
697.948
697.948
697.948
697.948
697.948
697.948
697.948
697.948
697.948
697.948
697.948
697.948
697.948
697.948
697.948
697.948
697.948
697.948
697.948
697.948
697.948
697.948
697.948
697.948
697.948
697.948
697.948
697.948
697.948
697.948
697.948
697.948
697.948
697.948
697.948
697.948
697.948
697.948
697.948
697.948
697.948
697.948
697.948
697.948
697.948
697.948
697.939
697.939
697.947
697.948
697.948
697.948
697.936
697.945
697.945
697.945
697.945
697.937
697.948
697.945
697.943
697.937
697.942
697.948
691.867
697.707
697.595
697.948
697.948
697.948
697.948
697.948
697.948
697.948
697.948
697.948
697.948
697.948
697.948
697.948
697.948
697.948
697.948
697.948
697.948
697.948
697.948
697.948
697.948
697.948
697.948
697.948
697.948
697.948
697.948
697.948
697.948
697.948
697.948
697.948
697.948
697.948
697.948
697.948
697.948
697.948
697.948
697.948
697.948
697.948
697.948
697.948
697.948
697.948
697.948
697.948
697.948
697.948
697.948
697.948
697.948
697.948
697.948
697.948
697.948
697.948
697.948
697.948
697.948
697.948
697.948
697.948
697.948
697.948
697.948
697.948
697.948
697.948
697.948
697.948
697.948
697.948
697.948
697.948
697.948
697.948
697.948
697.948
697.948
697.948
697.948
697.948
697.948
697.948
697.948
697.948
697.948
697.948
697.948
697.948
697.948
697.948
697.948
697.948
697.948
697.948
697.948
697.948
697.948
697.948
697.948
697.948
697.948
697.948
697.948
697.948
697.948
697.948
697.948
697.948
697.948
697.948
697.948
697.948
697.948
697.948
697.948
697.948
697.948
697.948
697.948
697.948
697.948
697.948
697.948
697.948
697.948
697.948
697.948
697.948
697.948
697.948
697.948
697.948
697.948
697.948
697.948
697.948
697.948
697.948
697.948
697.948
697.948
697.948
697.946
697.947
697.948
697.926
697.941
697.94
697.942
697.941
697.929
697.947
697.943
697.944
697.948
697.948
697.948
697.948
697.948
697.948
697.948
697.948
697.948
697.948
697.948
697.948
697.948
697.948
697.948
697.948
697.948
697.948
697.948
697.948
697.948
697.945
697.948
697.948
697.948
697.948
697.945
697.947
697.948
697.948
697.948
697.948
697.947
697.948
697.948
697.948
697.85
697.744
697.742
697.751
697.747
697.852
697.948
697.948
697.948
697.947
697.948
697.948
697.948
697.948
697.947
697.74
697.738
697.846
697.948
697.948
697.948
697.834
697.841
697.895
697.882
697.819
697.827
697.948
697.948
697.948
697.948
697.948
697.948
697.948
697.948
697.948
697.926
697.925
697.941
697.82
697.891
697.893
697.833
697.899
697.902
697.894
697.896
697.827
697.942
697.928
697.927
697.934
697.933
697.943
697.862
697.91
697.911
697.905
697.908
697.857
697.948
697.948
697.948
697.948
697.948
697.948
697.948
697.948
697.948
697.948
697.948
697.948
697.948
697.948
697.948
697.929
697.9
697.905
697.892
697.895
697.927
697.935
697.914
697.916
697.909
697.912
697.934
697.884
697.888
697.92
697.724
697.834
697.826
697.847
697.841
697.738
697.817
697.808
697.661
697.912
697.874
697.879
697.948
697.948
697.948
697.948
697.948
697.948
697.948
697.948
697.948
697.948
697.948
697.948
697.948
697.948
697.948
697.948
697.948
697.948
697.948
697.948
697.948
697.948
697.948
697.948
697.948
697.948
697.948
697.948
697.948
697.948
697.948
697.948
697.948
697.948
697.948
697.948
697.948
697.948
697.948
697.948
697.948
697.948
697.948
697.948
697.948
697.948
697.948
697.948
697.948
697.948
697.948
697.948
697.948
697.948
697.948
697.948
697.948
697.948
697.948
697.948
697.948
697.948
697.948
697.948
697.948
697.948
697.948
697.948
697.948
697.948
697.948
697.948
697.948
697.948
697.948
697.948
697.948
697.948
697.948
697.948
697.948
697.948
697.948
697.948
697.948
697.948
697.948
697.948
697.948
697.948
697.948
697.948
697.948
697.948
697.948
697.948
697.948
697.948
697.948
697.948
697.948
697.948
697.948
697.948
697.948
697.948
697.948
697.948
697.948
697.948
697.948
697.948
697.948
697.948
697.948
697.948
697.948
697.948
697.948
697.948
697.948
697.948
697.948
697.948
697.948
697.948
697.948
697.948
697.948
697.948
697.948
697.948
697.948
697.948
697.948
697.948
697.948
697.948
697.948
697.948
697.948
697.948
697.948
697.948
697.948
697.946
697.946
697.947
697.946
697.948
697.948
697.945
697.945
697.946
697.945
697.948
697.943
697.943
697.931
697.948
697.947
697.947
697.948
697.947
697.947
697.947
697.947
697.948
697.925
697.942
697.942
697.941
697.941
697.948
697.948
697.944
697.944
697.945
697.945
697.948
697.948
697.942
697.942
697.943
697.943
697.948
697.948
697.946
697.946
697.944
697.944
697.948
697.913
697.912
697.936
697.938
697.917
697.915
697.89
697.887
697.927
697.931
697.9
697.895
697.939
697.924
697.926
697.919
697.922
697.938
697.942
697.931
697.932
697.927
697.929
697.941
697.858
697.905
697.902
697.86
697.768
697.758
697.776
697.778
697.863
697.684
697.478
697.466
697.439
697.46
697.67
697.948
697.948
697.948
697.948
697.948
697.948
697.948
697.948
697.948
697.948
697.948
697.948
697.948
697.948
697.948
697.948
697.948
697.948
697.948
697.948
697.948
697.948
697.948
697.948
697.948
697.948
697.948
697.948
697.948
697.948
697.948
697.948
697.948
697.948
697.948
697.948
697.948
697.948
697.948
697.948
697.948
697.948
697.933
697.943
697.943
697.944
697.944
697.934
697.948
697.947
697.947
697.948
697.948
697.948
697.948
697.948
697.948
697.948
697.948
697.948
697.948
697.948
697.948
697.948
697.948
697.948
697.948
697.948
697.948
697.948
697.948
697.948
697.948
697.948
697.948
697.948
697.948
697.948
697.948
697.948
697.948
697.948
697.948
697.948
697.948
697.948
697.948
697.948
697.948
697.948
697.948
697.948
697.948
697.948
697.948
697.948
697.948
697.948
697.948
697.948
697.948
697.948
697.948
697.948
697.948
697.948
697.948
697.948
697.948
697.948
697.948
697.948
697.948
697.948
697.947
697.948
697.948
697.948
697.948
697.947
697.948
697.948
697.948
697.939
697.946
697.946
697.946
697.946
697.94
697.872
697.915
697.917
697.913
697.914
697.87
697.944
697.935
697.934
697.948
697.948
697.948
697.948
697.948
697.948
697.948
697.948
697.948
697.948
697.948
697.948
697.948
697.948
697.948
697.948
697.948
697.948
697.948
697.948
697.948
697.937
697.945
697.944
697.945
697.945
697.938
697.948
697.948
697.948
697.948
697.948
697.948
697.948
697.948
697.948
697.948
697.948
697.948
697.948
697.948
697.948
697.948
697.948
697.948
697.948
697.948
697.948
697.948
697.948
697.948
697.948
697.948
697.948
697.948
697.948
697.948
697.948
697.948
697.948
697.948
697.948
697.948
697.948
697.948
697.948
697.948
697.948
697.948
697.945
697.946
697.938
697.935
697.945
697.945
697.923
697.92
697.889
697.934
697.935
697.944
697.902
697.927
697.925
697.938
697.938
697.945
697.887
697.921
697.922
697.918
697.92
697.883
697.894
697.925
697.926
697.923
697.924
697.893
697.772
697.858
697.853
697.868
697.863
697.784
697.928
697.904
697.907
697.553
696.739
697.216
696.52
696.606
697.528
686.917
693.676
693.359
683.681
684.423
672.378
697.663
694.335
692.284
696.885
695.877
697.659
697.948
697.948
697.948
697.948
697.948
697.948
697.948
697.948
697.948
697.948
697.948
697.948
697.948
697.948
697.948
697.948
697.948
697.948
697.948
697.948
697.948
697.948
697.948
697.948
697.948
697.948
697.948
697.948
697.948
697.948
697.948
697.948
697.948
697.948
697.948
697.948
697.948
697.948
697.948
697.948
697.948
697.948
697.948
697.948
697.948
697.948
697.948
697.948
697.948
697.948
697.948
697.948
697.948
697.948
697.948
697.948
697.948
697.948
697.948
697.948
697.948
697.948
697.948
697.948
697.948
697.948
697.948
697.948
697.948
697.948
697.948
697.948
697.948
697.948
697.948
697.948
697.948
697.948
697.948
697.948
697.948
697.948
697.948
697.948
697.948
697.948
697.948
697.948
697.948
697.948
697.948
697.948
697.948
697.948
697.948
697.948
697.948
697.948
697.948
697.948
697.948
697.948
697.948
697.948
697.948
697.948
697.948
697.948
697.948
697.948
697.948
697.948
697.948
697.948
697.948
697.948
697.948
680.188
693.161
693.126
697.948
697.948
697.948
697.948
697.948
697.948
697.948
697.948
697.948
697.948
697.947
697.948
693.549
697.922
697.922
697.948
697.948
697.948
697.948
697.948
697.948
697.948
697.948
697.948
697.948
697.948
697.948
697.948
697.948
697.948
697.905
696.083
696.083
696.045
697.948
697.948
697.948
697.948
697.948
697.948
697.948
697.948
697.948
697.948
697.948
697.948
697.948
697.948
697.948
697.948
697.948
697.948
697.948
697.948
697.948
697.948
697.948
697.948
697.948
697.948
697.948
697.948
697.948
697.948
697.948
697.948
697.948
697.948
697.948
697.948
697.948
697.948
697.948
697.948
697.948
697.948
697.948
697.948
697.948
697.948
697.948
697.948
697.948
697.948
696.542
696.355
688.259
697.948
697.948
697.948
697.948
697.948
697.948
697.948
697.948
697.948
697.948
697.948
697.948
697.948
697.948
697.948
697.948
697.948
697.948
697.948
697.948
697.948
697.948
697.948
697.948
697.948
697.948
697.948
697.948
697.948
697.948
697.948
697.948
697.948
697.948
697.948
697.948
697.948
697.948
697.948
697.948
697.948
697.948
697.948
697.948
697.948
697.948
697.948
697.948
697.948
697.948
697.948
697.948
697.948
697.948
697.948
697.948
697.948
697.948
697.948
697.948
697.948
697.948
697.948
697.948
697.948
697.948
697.948
697.948
697.948
697.948
697.948
697.948
697.948
697.948
697.948
697.948
697.948
697.948
697.948
697.948
697.948
697.948
697.948
697.948
697.915
697.933
697.932
697.939
697.938
697.925
697.943
697.947
697.947
697.946
697.946
697.941
697.948
697.948
697.948
697.948
697.948
697.948
697.948
697.948
697.948
697.93
697.94
697.94
697.948
697.948
697.948
697.948
697.948
697.948
697.945
697.948
697.948
697.947
697.947
697.944
697.948
697.948
697.948
697.948
697.948
697.948
697.948
697.948
697.948
697.948
697.948
697.948
697.948
697.948
697.948
697.948
697.948
697.948
697.948
697.948
697.948
697.948
697.948
697.948
697.948
697.948
697.948
697.948
697.948
697.948
697.948
697.948
697.948
697.948
697.948
697.948
697.948
697.948
697.948
697.948
697.948
697.948
697.948
697.948
697.948
697.948
697.948
697.948
697.948
697.948
697.948
697.948
697.948
697.948
697.948
697.948
697.948
697.948
697.948
697.948
697.948
697.948
697.948
697.948
697.948
697.948
697.948
697.948
697.948
697.948
697.948
697.948
697.948
697.948
697.948
697.948
697.948
697.948
697.948
697.948
697.948
697.948
697.948
697.948
697.948
697.948
697.948
697.948
697.948
697.948
697.948
697.948
697.948
697.948
697.948
697.948
697.948
697.948
697.948
697.948
697.948
697.948
697.948
697.948
697.948
697.948
697.948
697.948
697.948
697.948
697.948
693.419
693.287
680.734
697.565
696.497
696.544
696.498
696.497
697.566
697.948
697.948
697.948
697.948
697.948
697.948
697.948
697.948
697.948
697.948
697.948
697.948
697.944
697.945
697.948
694.374
697.799
697.766
697.88
697.838
694.386
697.923
697.923
693.635
697.948
697.948
697.948
697.948
697.948
697.948
697.948
697.948
697.948
697.948
697.948
697.948
697.948
697.948
697.948
697.948
697.948
697.948
697.948
697.948
697.948
697.948
697.948
697.948
697.948
697.948
697.948
697.948
697.948
697.948
697.948
697.948
697.948
697.948
697.948
697.948
697.948
697.948
697.948
697.948
697.948
697.948
697.948
697.948
697.948
697.948
697.948
697.948
693.078
692.861
685.349
672.936
683.695
683.499
697.948
697.948
697.948
697.948
697.948
697.948
697.948
697.948
697.948
697.948
697.948
697.948
697.948
697.948
697.948
697.948
697.948
697.948
697.948
697.948
697.948
697.948
697.948
697.948
697.948
697.948
697.948
697.948
697.948
697.948
697.948
697.948
697.948
697.948
697.948
697.948
697.948
697.948
697.948
697.948
697.948
697.948
697.948
697.948
697.948
697.948
697.948
697.948
697.948
697.948
697.948
697.948
697.948
697.948
697.948
697.948
697.948
697.948
697.948
697.948
697.948
697.948
697.948
697.948
697.948
697.948
697.948
697.948
697.948
697.948
697.948
697.948
697.948
697.948
697.948
697.948
697.948
697.948
697.943
697.947
697.947
697.947
697.947
697.943
697.487
697.387
691.62
697.948
697.923
697.931
697.926
697.778
697.803
697.712
697.748
697.923
688.043
696.173
696.012
697.894
697.895
697.943
688.742
697.181
697.158
697.948
697.948
697.948
697.948
697.948
697.948
697.948
697.948
697.948
697.948
697.948
697.948
697.948
697.948
697.948
697.948
697.948
697.948
697.948
697.948
697.948
697.948
697.948
697.948
697.948
697.948
697.948
697.948
697.948
697.948
697.948
697.948
697.948
697.948
697.948
697.948
697.948
697.948
697.948
697.948
697.948
697.948
697.948
697.948
697.948
697.948
697.948
697.948
697.948
697.948
697.948
697.948
697.948
697.948
697.948
697.948
697.948
697.948
697.948
697.948
697.948
697.948
697.948
697.948
697.948
697.948
697.948
697.948
697.948
697.948
697.948
697.948
697.945
697.947
697.947
697.948
697.948
697.945
697.948
697.948
697.948
697.948
697.948
697.948
697.948
697.948
697.948
697.948
697.948
697.948
697.948
697.948
697.948
697.948
697.948
697.948
697.944
697.947
697.947
697.948
697.948
697.945
697.948
697.948
697.948
697.941
697.946
697.946
697.946
697.946
697.941
697.948
697.948
697.948
697.948
697.948
697.948
697.948
697.948
697.948
697.948
697.948
697.948
697.948
697.948
697.948
697.948
697.948
697.948
697.948
697.948
697.948
697.948
697.948
697.948
697.948
697.948
697.948
697.948
697.948
697.948
697.948
697.948
697.948
697.948
697.948
697.948
697.948
697.948
697.948
697.948
697.948
697.948
697.948
697.948
697.948
697.948
697.948
697.948
697.948
697.948
697.948
697.948
697.948
697.948
697.948
697.948
697.948
697.948
697.948
697.948
697.948
697.948
697.948
697.948
697.948
697.948
697.948
697.948
697.948
697.948
697.948
697.948
697.948
697.948
697.948
697.948
697.948
697.948
697.948
697.948
697.948
697.948
697.948
697.948
697.941
697.946
697.946
697.947
697.946
697.941
697.936
697.935
697.917
697.923
697.937
697.937
697.948
697.948
697.948
697.948
697.948
697.948
697.948
697.948
697.948
697.948
697.948
697.948
697.948
697.948
697.948
697.948
697.948
697.948
697.948
697.948
697.948
697.947
697.947
697.943
697.941
697.947
697.947
697.899
697.928
697.928
697.926
697.927
697.898
697.904
697.93
697.929
697.929
697.929
697.903
697.811
697.878
697.874
697.884
697.882
697.818
697.874
697.943
697.946
697.907
697.892
697.804
697.81
697.877
697.878
697.948
697.948
697.948
697.948
697.948
697.948
697.948
697.948
697.948
697.948
697.948
697.948
697.948
697.948
697.948
697.948
697.948
697.948
697.948
697.948
697.948
697.947
697.947
697.943
697.948
697.948
697.948
697.948
697.948
697.948
697.948
697.948
697.945
697.944
697.947
697.947
697.948
697.948
697.948
697.948
697.948
697.948
697.948
697.948
697.948
697.948
697.948
697.948
697.948
697.948
697.948
697.948
697.948
697.948
697.948
697.948
697.948
697.948
697.948
697.948
697.948
697.948
697.948
697.948
697.948
697.948
697.948
697.948
697.948
697.948
697.948
697.948
697.948
697.948
697.948
697.948
697.948
697.948
697.948
697.948
697.948
697.948
697.948
697.948
697.948
697.948
697.948
697.948
697.948
697.948
697.948
697.948
697.948
697.948
697.948
697.948
697.948
697.948
697.948
697.948
697.948
697.948
697.948
697.948
697.948
697.948
697.947
697.948
697.895
696.082
696.082
696.099
697.948
697.948
697.948
697.948
697.948
697.948
697.948
697.948
697.948
697.948
697.948
697.948
697.948
697.948
697.948
697.948
697.948
691.562
697.297
697.233
697.22
697.202
688.993
697.948
697.948
697.948
697.948
697.948
697.948
697.948
697.948
697.948
697.948
697.948
697.948
697.948
697.948
697.948
697.948
697.948
697.948
697.948
697.948
697.948
697.948
697.948
697.948
697.948
697.948
697.948
697.948
697.948
697.948
697.948
697.948
697.948
697.948
697.948
697.948
697.948
697.948
697.948
697.948
697.948
697.948
697.948
697.948
697.948
697.948
697.948
697.948
697.948
697.948
697.948
697.948
697.948
697.948
697.948
697.948
697.948
697.948
697.948
697.948
697.948
697.948
697.948
697.948
697.948
697.948
697.948
697.948
697.948
697.948
697.948
697.948
697.948
697.948
697.948
697.948
697.948
697.948
697.948
697.948
697.948
697.948
697.948
697.948
697.948
697.948
697.948
697.948
697.948
697.948
697.948
697.948
697.948
697.948
697.948
697.948
697.948
697.948
697.948
697.948
697.948
697.948
697.948
697.948
697.948
697.948
697.948
697.948
697.948
697.948
697.948
697.948
697.948
697.948
697.948
697.948
697.948
697.948
697.948
697.948
697.948
697.948
697.948
697.948
697.948
697.948
697.948
697.948
697.948
697.948
697.948
697.948
697.948
697.948
697.948
697.948
697.948
697.948
697.948
697.948
697.948
697.948
697.948
697.948
697.948
697.948
697.948
697.948
697.948
697.948
697.948
697.948
697.948
697.948
697.948
697.948
697.948
697.948
697.948
697.948
697.948
697.948
697.948
697.948
697.948
697.948
697.948
697.948
697.948
697.948
697.948
697.948
697.948
697.948
697.948
697.948
697.948
697.948
697.948
697.948
697.903
697.914
697.947
697.943
697.897
697.898
697.948
697.948
697.948
697.948
697.948
697.948
697.948
697.948
697.948
697.948
697.948
697.948
697.948
697.948
697.948
697.948
697.948
697.948
697.948
697.948
697.948
697.948
697.948
697.948
697.948
697.948
697.948
697.948
697.948
697.948
697.948
697.948
697.948
697.948
697.948
697.948
697.948
697.948
697.948
697.948
697.948
697.948
697.948
697.948
697.948
697.948
697.948
697.948
697.948
697.948
697.948
697.948
697.948
697.948
697.948
697.948
697.948
697.948
697.948
697.948
697.948
697.948
697.948
697.948
697.948
697.948
697.948
697.948
697.948
697.948
697.948
697.948
697.948
697.948
697.948
697.948
697.948
697.948
697.948
697.948
697.948
697.948
697.948
697.948
697.948
697.948
697.948
697.948
697.948
697.948
697.948
697.948
697.948
697.948
697.948
697.948
697.948
697.948
697.948
697.948
697.948
697.948
697.948
697.948
697.948
697.948
697.948
697.948
697.948
697.948
697.948
697.948
697.948
697.948
697.948
697.948
697.948
697.948
697.948
697.948
697.948
697.948
697.948
697.948
697.948
697.948
697.948
697.948
697.948
697.948
697.948
697.948
697.948
697.948
697.948
697.948
697.948
697.948
697.948
697.948
697.948
697.948
697.948
697.948
697.948
697.948
697.948
697.948
697.948
697.948
697.948
697.948
697.948
697.948
697.948
697.948
697.948
697.948
697.948
697.948
697.94
697.942
693.895
697.924
697.923
697.948
697.948
697.948
697.948
697.948
697.948
697.948
697.948
697.948
697.948
697.948
697.948
697.948
697.948
697.948
697.948
697.948
697.948
697.948
697.948
697.948
697.948
697.948
697.948
697.948
697.948
697.948
697.948
697.948
697.948
697.948
697.948
697.948
697.948
697.948
697.948
697.948
697.948
697.948
697.948
697.948
697.948
697.948
697.948
697.948
697.948
697.948
697.948
697.948
697.948
697.948
697.948
697.948
697.948
697.948
697.948
697.948
697.948
697.948
697.948
697.74
697.737
694.348
697.948
697.948
697.948
697.948
697.948
697.948
697.948
697.948
697.948
697.948
697.948
697.948
697.917
696.925
675.932
697.91
696.801
675.615
697.851
696.046
671.389
697.851
696.038
671.088
697.127
691.588
654.519
697.948
697.934
693.277
697.948
697.846
690.283
697.948
697.828
689.908
697.148
691.683
654.888
693.211
681.793
631.259
697.948
697.909
692.948
697.926
697.092
677.709
697.926
697.097
678.027
697.899
696.606
673.612
697.899
696.61
673.484
697.786
695.444
668.743
697.8
695.573
669.059
695.608
686.004
639.296
695.678
686.213
640.406
684.497
671.084
631.038
697.948
697.946
695.937
697.943
697.589
685.315
697.945
697.652
686.187
697.943
697.581
684.999
697.917
696.931
676.661
697.908
696.762
674.818
697.878
696.339
672.333
697.816
695.71
670.269
697.363
692.858
660.177
697.948
697.942
694.421
697.03
691.161
653.485
695.759
686.474
642.002
695.704
686.294
640.804
694.214
683.064
640.667
697.903
696.709
673.994
697.907
696.786
675.015
697.914
696.914
676.206
697.914
696.904
675.364
697.922
697.08
677.816
697.914
696.931
676.561
697.922
697.078
677.562
697.903
696.708
673.75
697.892
696.533
672.816
697.881
696.374
671.604
697.892
696.526
672.48
697.846
695.965
669.09
697.855
696.061
670.023
697.876
696.313
671.259
697.867
696.203
670.366
697.833
695.834
668.769
697.446
693.18
659.259
697.225
692.05
655.959
695.761
686.487
642.381
697.945
697.655
686.493
697.945
697.688
687.539
697.945
697.69
687.857
697.919
696.974
676.982
697.932
697.236
678.897
697.907
696.749
674.501
697.878
696.34
672.54
697.755
695.203
667.886
697.807
695.635
669.951
697.094
691.656
657.119
697.239
692.287
658.449
697.128
691.805
657.444
697.326
692.684
659.846
697.247
692.316
658.761
696.486
689.381
651.675
696.047
687.952
648.744
695.978
687.738
648.377
694.054
682.678
640.282
693.465
681.297
639.091
697.936
697.345
680.424
697.936
697.345
680.644
697.917
696.923
676.1
697.936
697.34
680.12
697.933
697.264
679.796
697.908
696.766
675.297
697.857
696.109
671.705
697.722
694.961
666.593
697.723
694.965
666.831
697.851
696.039
670.899
697.7
694.799
666.275
697.677
694.645
665.954
696.864
690.459
651.863
696.902
690.614
652.239
697.112
691.531
654.152
696.826
690.305
651.486
696.788
690.15
651.107
697.948
697.935
693.565
695.719
686.982
646.807
695.629
686.711
646.436
697.948
697.872
690.644
697.948
697.919
692.537
697.948
697.826
689.589
697.173
691.798
655.256
694.403
683.514
631.59
697.948
697.908
692.509
697.94
697.461
682.169
697.925
697.09
677.458
697.927
697.132
678.351
697.899
696.609
673.87
697.885
696.435
673.17
697.78
695.407
668.427
697.804
695.603
669.374
697.617
694.253
664.498
695.776
687.139
647.157
695.86
687.38
647.697
697.948
697.946
696.128
697.948
697.946
695.824
695.627
686.056
639.633
695.652
686.13
640.011
697.945
697.649
685.652
697.945
697.651
685.929
697.943
697.578
684.591
697.936
697.358
681.265
697.936
697.348
680.934
697.917
696.925
676.343
697.932
697.237
679.095
697.932
697.242
679.494
697.908
696.761
675.008
697.869
696.241
672.019
697.735
695.053
667.445
697.726
694.986
667.149
697.828
695.823
670.586
697.65
694.465
665.308
697.661
694.537
665.632
697.41
693.11
660.767
697.408
693.1
660.506
696.973
690.917
652.957
696.939
690.769
652.611
697.066
691.318
653.802
696.71
689.842
650.367
696.748
689.993
650.73
696.674
689.703
650.041
695.746
686.433
641.602
695.727
686.37
641.202
697.948
697.937
694.036
695.36
685.947
645.184
695.479
686.278
645.739
695.549
686.481
646.073
697.948
697.876
691.461
697.948
697.873
690.926
697.948
697.879
691.819
697.948
697.881
692.169
697.948
697.823
689.129
697.94
697.51
683.169
697.903
696.714
674.313
697.904
696.736
674.664
697.914
696.909
675.884
697.914
696.907
675.629
697.916
696.974
676.915
697.922
697.074
677.268
697.903
696.706
673.508
697.895
696.58
673.163
697.892
696.519
671.947
697.892
696.525
672.24
697.846
695.968
669.333
697.848
695.986
669.678
697.876
696.305
670.925
697.876
696.304
670.705
697.819
695.697
668.481
697.199
691.922
655.62
695.763
686.493
642.694
697.945
697.688
687.293
697.945
697.671
686.793
697.945
697.712
688.191
697.938
697.403
681.596
697.94
697.458
681.921
697.926
697.092
677.301
697.932
697.234
678.672
697.9
696.64
674.186
697.879
696.355
672.855
697.779
695.398
668.154
697.804
695.607
669.633
697.647
694.447
664.987
697.646
694.443
664.77
697.58
694.036
664.044
697.065
691.536
656.824
697.222
692.228
658.116
697.169
691.982
657.78
697.274
692.434
659.238
697.297
692.544
659.527
696.118
688.178
649.107
695.915
687.545
648.022
693.875
682.27
639.871
693.678
681.815
639.467
697.948
697.947
696.607
697.948
697.948
696.939
697.948
697.948
696.894
694.651
683.416
633.529
694.658
683.445
633.272
697.944
697.68
687.086
697.942
697.586
684.61
697.945
697.692
687.434
697.94
697.532
684.243
697.645
694.351
663.2
697.534
693.667
660.755
697.37
692.763
657.848
697.529
693.64
660.401
697.362
692.729
657.486
688.611
675.922
635.246
697.948
697.864
690.53
697.947
697.817
690.201
696.322
688.827
650.282
696.685
690.08
653.18
696.663
690.015
652.829
696.301
688.777
649.968
696.191
688.422
649.447
697.948
697.943
694.961
697.948
697.944
695.283
666.712
653.428
633.233
694.752
684.353
642.399
696.079
687.556
645.574
696.07
687.537
645.176
695.966
687.192
643.982
694.68
683.446
633.91
694.664
683.473
632.354
697.942
697.55
684.079
697.418
693.144
661.074
697.441
693.267
661.541
697.531
693.762
662.46
692.885
680.164
635.428
697.948
697.923
693.392
696.521
689.128
648.76
697.948
697.943
694.83
697.948
697.941
694.36
695.146
685.364
644.068
694.632
684.047
642.002
695.088
685.217
643.726
695.002
685.031
643.158
697.948
697.92
692.845
697.942
697.596
685.621
697.942
697.614
685.992
697.946
697.769
688.806
697.946
697.756
688.445
697.605
694.101
662.175
697.581
693.956
661.821
697.424
693.056
658.927
697.27
692.265
656.475
696.299
688.334
646.889
696.47
688.935
648.372
696.343
688.486
647.224
695.921
687.042
643.602
694.758
683.666
634.319
694.669
683.521
632.329
697.948
697.869
691.576
697.948
697.87
691.848
697.94
697.481
682.879
697.94
697.497
683.745
697.94
697.476
682.452
697.562
693.928
663.743
697.536
693.774
662.783
696.44
689.222
651.342
692.702
679.8
634.995
695.505
685.697
638.373
694.636
683.357
633.68
694.661
683.455
632.945
693.063
680.4
637.264
693.066
680.412
637.616
693.046
680.386
636.854
693.012
680.333
636.471
697.944
697.677
686.624
695.159
684.761
636.012
695.243
684.987
636.39
697.942
697.59
684.967
697.946
697.752
687.803
697.94
697.516
683.877
697.936
697.4
681.793
697.936
697.405
682.157
697.929
697.23
679.264
697.929
697.231
679.526
697.936
697.397
681.482
697.936
697.396
681.24
697.924
697.132
678.912
697.922
697.095
678.582
697.657
694.438
663.691
697.671
694.528
663.989
697.747
695.08
666.014
697.742
695.044
665.665
697.756
695.158
666.362
697.77
695.267
666.71
697.642
694.336
662.875
697.546
693.737
661.111
697.385
692.84
658.209
697.52
693.608
660.065
697.34
692.621
657.129
694.844
683.833
635.102
695.061
684.482
635.672
697.948
697.865
690.766
697.948
697.866
691.052
697.947
697.815
689.739
697.013
691.326
656.016
697.028
691.387
656.335
696.355
688.931
650.628
697
691.301
655.676
696.935
691.027
655.334
696.714
690.185
653.529
696.624
689.881
652.493
692.561
679.767
635.85
695.556
685.855
638.739
695.404
685.405
637.582
695.455
685.55
637.979
697.948
697.947
696.386
697.948
697.945
695.631
697.948
697.944
695.148
694.877
684.679
642.792
696.152
687.826
645.967
696.214
688.044
646.333
696.043
687.446
644.777
696.008
687.331
644.378
694.606
683.224
633.499
694.662
683.458
632.601
697.943
697.578
684.396
697.463
693.38
661.824
697.491
693.529
662.137
693.357
681.096
638.459
693.238
680.835
638.052
692.926
680.181
635.838
697.948
697.924
693.732
697.948
697.94
694.098
696.568
689.306
649.142
696.61
689.462
649.498
695.351
685.259
637.184
695.297
685.117
636.786
695.215
685.55
644.442
695.289
685.752
644.824
694.416
683.527
641.26
694.519
683.77
641.616
697.942
697.592
685.268
697.944
697.675
686.344
697.946
697.753
688.108
697.94
697.512
683.556
697.94
697.506
682.864
697.937
697.435
682.519
697.929
697.239
680.158
697.929
697.234
679.815
697.93
697.259
680.52
697.932
697.3
680.882
697.922
697.084
678.092
697.71
694.804
664.669
697.688
694.646
664.322
697.733
694.979
665.015
697.742
695.036
665.361
697.803
695.548
667.686
697.806
695.582
668.005
697.802
695.542
667.401
697.789
695.427
667.056
697.636
694.31
662.525
697.562
693.836
661.467
697.403
692.941
658.57
697.487
693.404
659.763
697.3
692.415
656.785
696.432
688.8
647.984
696.388
688.644
647.596
695.872
686.88
643.26
694.779
683.667
634.726
694.619
683.524
632.004
697.948
697.871
692.188
697.947
697.77
689.183
697.947
697.814
689.514
697.947
697.768
688.869
697.947
697.767
688.491
697.94
697.482
683.108
697.94
697.485
683.408
697.547
693.841
663.419
697.538
693.786
663.091
696.395
689.068
650.986
696.84
690.658
654.659
696.885
690.827
654.991
696.746
690.303
653.855
696.802
690.512
654.357
696.566
689.665
652.186
692.601
679.783
634.608
697.948
697.948
696.758
)
;

boundaryField
{
    topAndBottom
    {
        type            calculated;
        value           nonuniform List<scalar> 
72
(
697.948
697.948
697.948
697.948
697.948
697.948
697.948
697.948
697.948
697.948
697.948
697.948
697.948
697.948
697.948
697.948
697.948
697.948
697.948
697.948
697.948
697.948
697.948
697.948
697.948
697.948
697.948
697.948
697.948
697.948
697.948
697.948
697.948
697.948
697.948
697.948
697.948
697.948
697.948
697.948
697.948
697.948
697.948
697.948
697.948
697.948
697.948
697.948
697.948
697.948
697.948
697.948
697.948
697.948
697.948
697.948
697.948
697.948
697.948
697.948
697.948
697.948
697.948
697.948
697.948
697.948
697.948
697.948
697.948
697.948
697.948
697.948
)
;
    }
    inlet
    {
        type            calculated;
        value           uniform 697.948;
    }
    outlet
    {
        type            calculated;
        value           nonuniform List<scalar> 
24
(
697.948
697.948
697.948
697.948
697.948
697.948
697.948
697.948
697.948
697.946
697.886
697.011
697.103
697.948
697.948
697.948
697.948
697.948
697.948
697.948
697.948
697.948
697.948
697.948
)
;
    }
    wing
    {
        type            calculated;
        value           uniform 416.557;
    }
    front
    {
        type            empty;
    }
    back
    {
        type            empty;
    }
}


// ************************************************************************* //
