/*--------------------------------*- C++ -*----------------------------------*\
| =========                 |                                                 |
| \\      /  F ield         | OpenFOAM: The Open Source CFD Toolbox           |
|  \\    /   O peration     | Version:  5.x                                   |
|   \\  /    A nd           | Web:      www.OpenFOAM.org                      |
|    \\/     M anipulation  |                                                 |
\*---------------------------------------------------------------------------*/
FoamFile
{
    version     2.0;
    format      ascii;
    class       volScalarField;
    location    "500";
    object      xf;
}
// * * * * * * * * * * * * * * * * * * * * * * * * * * * * * * * * * * * * * //

dimensions      [0 0 0 0 0 0 0];

internalField   nonuniform List<scalar> 
6584
(
0.264652
0.264652
0.264652
0.264652
0.264652
0.264652
0.264652
0.264652
0.264653
0.264653
0.264653
0.264653
0.264653
0.264653
0.264653
0.264653
0.264652
0.264652
0.264652
0.264652
0.264652
0.264652
0.264651
0.264651
0.264363
0.264363
0.264363
0.264363
0.264364
0.264364
0.264364
0.264365
0.264365
0.264366
0.264366
0.264366
0.264366
0.264366
0.264366
0.264365
0.264365
0.264365
0.264364
0.264364
0.264363
0.264363
0.264363
0.264363
0.264074
0.264074
0.264075
0.264074
0.264075
0.264075
0.264076
0.264078
0.264078
0.264222
0.264222
0.264222
0.264222
0.264222
0.264222
0.264079
0.264077
0.264077
0.264076
0.264075
0.264075
0.264075
0.264074
0.264074
0.263785
0.263786
0.263786
0.263786
0.263786
0.263787
0.263788
0.26379
0.263791
0.263934
0.263934
0.263933
0.263933
0.263934
0.263934
0.263935
0.263789
0.263789
0.263788
0.263787
0.263787
0.263786
0.263786
0.263786
0.263497
0.263497
0.263498
0.263498
0.263499
0.263499
0.263499
0.263499
0.263645
0.263646
0.263644
0.263642
0.263642
0.263643
0.263645
0.263646
0.263646
0.263502
0.2635
0.2635
0.263499
0.263498
0.263498
0.263497
0.263209
0.263209
0.26321
0.26321
0.263211
0.263211
0.263212
0.263355
0.263355
0.263353
0.263425
0.263421
0.26342
0.263424
0.263355
0.263358
0.263359
0.263216
0.263214
0.263212
0.263211
0.26321
0.26321
0.263209
0.262921
0.262921
0.262922
0.262922
0.262923
0.262924
0.262926
0.263068
0.263067
0.263065
0.263128
0.263158
0.263153
0.263126
0.263139
0.263073
0.263073
0.262932
0.262928
0.262926
0.262924
0.262923
0.262922
0.262921
0.262633
0.262633
0.262634
0.262635
0.262636
0.262638
0.262641
0.262782
0.262781
0.262781
0.262838
0.262851
0.262862
0.262854
0.262791
0.262791
0.262649
0.262643
0.26264
0.262638
0.262636
0.262634
0.262634
0.262345
0.262346
0.262347
0.262348
0.262349
0.262352
0.262356
0.262498
0.262498
0.262502
0.262558
0.26257
0.262585
0.262578
0.262514
0.26251
0.262367
0.262358
0.262354
0.262351
0.262349
0.262347
0.262346
0.262057
0.262058
0.262059
0.262061
0.262063
0.262066
0.262072
0.262214
0.262217
0.262225
0.262285
0.262307
0.262331
0.262312
0.262241
0.262232
0.262085
0.262074
0.262069
0.262065
0.262062
0.26206
0.262058
0.26177
0.26177
0.261772
0.261774
0.261777
0.261781
0.261788
0.26193
0.261936
0.261947
0.262014
0.262046
0.262079
0.262047
0.261967
0.261954
0.261803
0.261791
0.261783
0.261778
0.261775
0.261772
0.26177
0.261482
0.261483
0.261485
0.261487
0.261491
0.261495
0.261503
0.261646
0.261654
0.261668
0.261739
0.261775
0.261818
0.261778
0.261692
0.261675
0.261521
0.261507
0.261498
0.261492
0.261487
0.261485
0.261483
0.261194
0.261196
0.261198
0.2612
0.261204
0.26121
0.261218
0.261362
0.261371
0.261386
0.261458
0.261493
0.261539
0.2615
0.261413
0.261394
0.261238
0.261222
0.261212
0.261205
0.2612
0.261197
0.261194
0.260907
0.260908
0.26091
0.260914
0.260918
0.260924
0.260932
0.260937
0.261085
0.261099
0.261166
0.261189
0.171083
0.261207
0.261216
0.261131
0.261111
0.260954
0.260937
0.260926
0.260918
0.260912
0.260909
0.260906
0.260619
0.260621
0.260623
0.260627
0.260631
0.260637
0.260645
0.260647
0.260795
0.260808
0.260875
0.260857
0.234965
0.260912
0.26085
0.260845
0.260676
0.260666
0.260649
0.260638
0.260631
0.260625
0.260621
0.260617
0.260331
0.260333
0.260336
0.260339
0.260344
0.26035
0.260357
0.26036
0.260507
0.260521
0.260516
0.260563
0.235986
0.26055
0.260562
0.260558
0.260389
0.260378
0.260361
0.26035
0.260342
0.260335
0.260331
0.260328
0.260043
0.260045
0.260048
0.260052
0.260057
0.260062
0.260069
0.260073
0.260082
0.260234
0.260228
0.259902
0.247583
0.260257
0.260273
0.26027
0.260101
0.26009
0.260072
0.260061
0.260052
0.260046
0.260042
0.260038
0.259756
0.259758
0.25976
0.259765
0.259769
0.259774
0.259781
0.259787
0.259795
0.2598
0.259941
0.259427
0.247458
0.259966
0.259843
0.259828
0.259813
0.259802
0.259784
0.259772
0.259763
0.259756
0.259752
0.259748
0.259468
0.25947
0.259473
0.259477
0.259482
0.259486
0.259495
0.2595
0.259509
0.259513
0.259458
0.245509
0.253355
0.259539
0.259554
0.25954
0.259524
0.259513
0.259495
0.259482
0.259473
0.259466
0.259462
0.259457
0.25918
0.259182
0.259185
0.25919
0.259195
0.259199
0.259208
0.259214
0.259223
0.259227
0.259131
0.245253
0.25308
0.259247
0.259265
0.259251
0.259235
0.259224
0.259205
0.259193
0.259184
0.259176
0.259172
0.259167
0.258892
0.258894
0.258898
0.258902
0.258907
0.258912
0.258922
0.258928
0.258937
0.25894
0.258806
0.244992
0.2528
0.258956
0.258977
0.258963
0.258947
0.258936
0.258916
0.258903
0.258894
0.258886
0.258881
0.258876
0.258604
0.258607
0.25861
0.258615
0.25862
0.258625
0.258635
0.258642
0.258651
0.258653
0.258482
0.244729
0.252518
0.258664
0.258689
0.258675
0.258658
0.258647
0.258627
0.258614
0.258604
0.258596
0.258591
0.258586
0.258316
0.258319
0.258322
0.258327
0.258333
0.258339
0.258349
0.258356
0.258366
0.258367
0.258161
0.244463
0.252233
0.258372
0.2584
0.258387
0.258369
0.258358
0.258337
0.258324
0.258314
0.258306
0.258301
0.258295
0.258028
0.258031
0.258035
0.25804
0.258046
0.258052
0.258063
0.25807
0.25808
0.25808
0.257841
0.244195
0.251946
0.25808
0.258112
0.258099
0.258081
0.258069
0.258048
0.258034
0.258024
0.258015
0.25801
0.258004
0.257741
0.257744
0.257747
0.257752
0.257759
0.257765
0.257777
0.257784
0.257795
0.257794
0.257524
0.243925
0.251658
0.257789
0.257824
0.257811
0.257792
0.25778
0.257758
0.257744
0.257733
0.257725
0.257719
0.257713
0.257453
0.257456
0.25746
0.257465
0.257472
0.257479
0.257491
0.257498
0.257509
0.257508
0.257204
0.243655
0.25137
0.257497
0.257537
0.257523
0.257503
0.257491
0.257469
0.257454
0.257443
0.257434
0.257429
0.257423
0.257165
0.257168
0.257172
0.257178
0.257185
0.257192
0.257205
0.257213
0.257224
0.257221
0.256881
0.243388
0.251085
0.257207
0.257249
0.257236
0.257215
0.257202
0.25718
0.257165
0.257154
0.257144
0.257139
0.257132
0.256878
0.256881
0.256885
0.256891
0.256898
0.256906
0.256919
0.256927
0.256939
0.256935
0.256561
0.243119
0.250799
0.256917
0.256962
0.256949
0.256927
0.256914
0.256891
0.256876
0.256864
0.256854
0.256848
0.256842
0.25659
0.256593
0.256597
0.256603
0.256611
0.256619
0.256633
0.256641
0.256654
0.256649
0.256241
0.242849
0.250512
0.256627
0.256675
0.256661
0.256639
0.256625
0.256602
0.256586
0.256574
0.256564
0.256558
0.256552
0.256302
0.256306
0.25631
0.256316
0.256324
0.256333
0.256347
0.256356
0.25637
0.256363
0.255922
0.242578
0.250224
0.256337
0.256388
0.256374
0.256351
0.256337
0.256313
0.256297
0.256284
0.256274
0.256268
0.256262
0.256015
0.256018
0.256023
0.256029
0.256037
0.256046
0.256061
0.256071
0.256085
0.256076
0.255604
0.242307
0.249936
0.256047
0.2561
0.256086
0.256063
0.256048
0.256024
0.256007
0.255994
0.255984
0.255978
0.255972
0.255727
0.255731
0.255736
0.255742
0.255751
0.25576
0.255776
0.255786
0.2558
0.25579
0.255287
0.242036
0.249648
0.255757
0.255813
0.255799
0.255775
0.25576
0.255735
0.255718
0.255704
0.255694
0.255687
0.255681
0.25544
0.255444
0.255448
0.255455
0.255464
0.255474
0.255491
0.255501
0.255515
0.255503
0.25497
0.241764
0.249359
0.255467
0.255526
0.255512
0.255487
0.255471
0.255446
0.255428
0.255414
0.255404
0.255397
0.255391
0.255152
0.255156
0.255161
0.255168
0.255177
0.255188
0.255205
0.255216
0.25523
0.255217
0.254653
0.241492
0.249071
0.255177
0.255239
0.255224
0.255199
0.255183
0.255157
0.255139
0.255124
0.255114
0.255107
0.2551
0.254865
0.254869
0.254874
0.254881
0.254891
0.254902
0.25492
0.254931
0.254946
0.25493
0.254335
0.24122
0.248782
0.254887
0.254952
0.254937
0.254911
0.254894
0.254868
0.254849
0.254834
0.254823
0.254816
0.25481
0.254578
0.254582
0.254587
0.254594
0.254604
0.254616
0.254635
0.254646
0.254661
0.254643
0.254016
0.240949
0.248494
0.254597
0.254664
0.25465
0.254623
0.254606
0.254578
0.254559
0.254545
0.254533
0.254526
0.25452
0.262604
0.262614
0.262855
0.26234
0.262361
0.262582
0.262079
0.262111
0.26233
0.26181
0.261852
0.262079
0.261529
0.261576
0.261818
0.261227
0.1527
0.168217
0.261283
0.26154
0.262888
0.263153
0.262892
0.263159
0.262627
0.262609
0.262858
0.262712
0.262846
0.262618
0.262641
0.262847
0.262353
0.262342
0.262575
0.262471
0.262375
0.262549
0.26224
0.262534
0.262362
0.262376
0.262574
0.262082
0.262079
0.262309
0.26221
0.261882
0.262039
0.259724
0.261062
0.262111
0.262114
0.262311
0.261808
0.261809
0.262046
0.261946
0.26172
0.261781
0.260939
0.260076
0.261851
0.261848
0.262048
0.261068
0.261329
0.261575
0.261574
0.261781
0.260832
0.260964
0.26093
0.179787
0.153176
0.21506
0.260974
0.261244
0.26257
0.262701
0.262707
0.262695
0.262536
0.262847
0.262713
0.262547
0.262703
0.262713
0.2627
0.26257
0.262072
0.262341
0.262438
0.262128
0.261318
0.2625
0.26217
0.261145
0.262223
0.262455
0.262329
0.261971
0.262558
0.262342
0.262487
0.261789
0.261868
0.262177
0.260962
0.261161
0.261277
0.260958
0.26006
0.259638
0.262205
0.261738
0.26169
0.261959
0.261753
0.262237
0.260883
0.261089
0.261178
0.260846
0.261325
0.261002
0.261951
0.261686
0.2617
0.261681
0.261682
0.261983
0.261212
0.261213
0.26111
0.261205
0.260979
0.261062
0.261687
0.261582
0.261716
0.26114
0.260804
0.261208
0.261152
0.260552
0.260811
0.262742
0.262719
0.262854
0.262746
0.262831
0.261529
0.261528
0.261775
0.261671
0.261555
0.261637
0.256538
0.254921
0.261283
0.261292
0.261505
0.262837
0.262752
0.262853
0.262717
0.262748
0.261647
0.261711
0.261912
0.179505
0.192364
0.233167
0.239911
0.193023
0.20842
0.254613
0.251817
0.261681
0.261565
0.261434
0.240717
0.244787
0.261414
0.261264
0.261432
0.263008
0.262993
0.262867
0.262866
0.262993
0.263008
0.262736
0.262767
0.262741
0.262838
0.262751
0.262785
0.26236
0.262412
0.260465
0.260538
0.260678
0.260551
0.261075
0.251957
0.261331
0.257797
0.256722
0.256976
0.25796
0.26091
0.261699
0.262639
0.259797
0.262337
0.259251
0.262617
0.262418
0.262746
0.262769
0.262725
0.26197
0.262625
0.262635
0.26169
0.261639
0.262394
0.26237
0.261609
0.26167
0.262057
0.2624
0.262448
0.262337
0.262384
0.262047
0.262465
0.262529
0.262579
0.262464
0.262513
0.262442
0.261054
0.261064
0.261052
0.261028
0.258653
0.25879
0.261619
0.262152
0.262198
0.262091
0.262137
0.261605
0.261871
0.262274
0.262321
0.262213
0.262259
0.261857
0.181003
0.260984
0.196763
0.182602
0.213217
0.197603
0.261012
0.260688
0.184252
0.260726
0.26125
0.261225
0.261675
0.262028
0.262075
0.261965
0.262013
0.261687
0.223248
0.231706
0.261163
0.226561
0.2143
0.236609
0.227905
0.261176
0.209905
0.221948
0.261021
0.255079
0.256786
0.252287
0.254743
0.261032
0.251141
0.244012
0.245416
0.17048
0.245253
0.24344
0.196506
0.257715
0.257894
0.262813
0.261243
0.261231
0.261492
0.261384
0.26133
0.261434
0.210709
0.25989
0.260207
0.262814
0.261442
0.261542
0.261636
0.17974
0.182182
0.138424
0.243021
0.242507
0.184814
0.189285
0.256882
0.257658
0.1277
0.262914
0.26292
0.262849
0.262845
0.26292
0.262915
0.262458
0.262509
0.262459
0.26227
0.262304
0.262481
0.261935
0.262244
0.262195
0.262309
0.26226
0.261957
0.260069
0.26085
0.260811
0.260092
0.244744
0.242187
0.260891
0.258063
0.258763
0.260282
0.260162
0.177176
0.262788
0.262761
0.262844
0.26258
0.262441
0.262342
0.262647
0.262664
0.262717
0.262595
0.262646
0.262629
0.262182
0.262375
0.262325
0.262442
0.262392
0.26222
0.261937
0.254749
0.259214
0.251146
0.252015
0.261448
0.259656
0.260145
0.262265
0.261344
0.261872
0.262181
0.262405
0.262422
0.262295
0.262321
0.262005
0.262179
0.262131
0.261831
0.261012
0.248394
0.245724
0.261168
0.249875
0.250894
0.245278
0.245961
0.260964
0.259498
0.259187
0.261684
0.262137
0.262159
0.262037
0.262075
0.261661
0.261923
0.262261
0.262286
0.262167
0.262189
0.2618
0.261296
0.257377
0.258047
0.256765
0.256233
0.261116
0.261746
0.261901
0.261949
0.261835
0.261885
0.261736
0.261221
0.243205
0.237565
0.249548
0.247825
0.261221
0.203125
0.205443
0.26119
0.251409
0.250074
0.200327
0.202464
0.247881
0.245403
0.26278
0.262813
0.262793
0.2424
0.255938
0.244171
0.245376
0.245055
0.255731
0.2628
0.262785
0.262822
0.262769
0.262788
0.180977
0.185283
0.181709
0.180189
0.236424
0.190706
0.188731
0.195838
0.191276
0.237284
0.196929
0.199957
0.253556
0.253079
0.242754
0.203066
0.198352
0.189653
0.191893
0.262703
0.262728
0.26276
0.262685
0.262718
0.262689
0.262282
0.262468
0.260148
0.260776
0.260799
0.260134
0.2526
0.258092
0.257623
0.258582
0.258242
0.252475
0.256558
0.256171
0.257485
0.256808
0.257422
0.249138
0.250638
0.246429
0.248389
0.257263
0.240776
0.241756
0.261032
0.262562
0.26245
0.262675
0.262596
0.261355
0.261858
0.261649
0.262374
0.261946
0.262662
0.262729
0.262691
0.262634
0.262561
0.262568
0.262466
0.262591
0.262509
0.262628
0.262673
0.262534
0.262612
0.262665
0.262633
0.262582
0.253191
0.254056
0.261865
0.246759
0.24312
0.25555
0.247488
0.237662
0.234038
0.241981
0.239224
0.261495
0.252319
0.252966
0.259283
0.258444
0.261545
0.259973
0.257448
0.256513
0.258291
0.257687
0.262293
0.260258
0.260574
0.261411
0.261836
0.262366
0.262395
0.262122
0.262016
0.26233
0.262357
0.248995
0.248839
0.261026
0.227377
0.227326
0.212564
0.225613
0.225908
0.230278
0.226969
0.226017
0.24837
0.249535
0.261135
0.228005
0.223978
0.233168
0.22921
0.216082
0.211929
0.222383
0.218086
0.260979
0.246539
0.247909
0.259085
0.259075
0.262109
0.26213
0.261667
0.261632
0.262082
0.262102
0.262228
0.262252
0.26191
0.261813
0.262197
0.26222
0.183809
0.188913
0.248447
0.250399
0.245889
0.247749
0.183964
0.207059
0.252958
0.249356
0.250923
0.252474
0.203742
0.237303
0.238374
0.232865
0.236895
0.189353
0.243374
0.245382
0.238992
0.242286
0.189575
0.256892
0.25723
0.261287
0.254975
0.255828
0.255984
0.254927
0.255873
0.261135
0.255973
0.256542
0.226603
0.177989
0.179324
0.187098
0.178768
0.227827
0.181956
0.214256
0.179891
0.216281
0.253559
0.258974
0.258688
0.259316
0.25907
0.253762
0.250084
0.250497
0.206579
0.209158
0.193783
0.199355
0.249528
0.248448
0.262899
0.262918
0.263134
0.261395
0.261283
0.261109
0.262872
0.262876
0.262832
0.262823
0.262874
0.262872
0.263005
0.262999
0.262874
0.262577
0.262526
0.262482
0.26225
0.26193
0.261877
0.259817
0.26099
0.262049
0.262001
0.261753
0.258482
0.25824
0.260078
0.258182
0.258479
0.261332
0.262629
0.262646
0.262594
0.262157
0.262302
0.262565
0.262683
0.262646
0.262674
0.262475
0.261524
0.262094
0.261211
0.261822
0.261764
0.262187
0.262157
0.262166
0.261983
0.262442
0.26246
0.262374
0.261819
0.262114
0.262066
0.250021
0.248937
0.26111
0.260004
0.258852
0.258713
0.25955
0.261723
0.262005
0.262012
0.261947
0.262138
0.262147
0.26202
0.262028
0.261767
0.260617
0.251754
0.250596
0.261647
0.262009
0.262023
0.261646
0.261767
0.261817
0.176181
0.175974
0.252794
0.251802
0.261181
0.176716
0.176426
0.258817
0.258922
0.260737
0.262755
0.262754
0.178481
0.178297
0.179661
0.191374
0.193741
0.175653
0.176911
0.188967
0.186864
0.206336
0.249553
0.249071
0.252236
0.206768
0.203851
0.243305
0.26293
0.262924
0.262851
0.262719
0.262725
0.262734
0.262746
0.262654
0.262668
0.262772
0.262805
0.262787
0.262189
0.262161
0.262321
0.262439
0.262364
0.262318
0.260324
0.260612
0.258798
0.258936
0.260753
0.260389
0.25808
0.258462
0.253127
0.253189
0.254895
0.254663
0.25196
0.253365
0.25356
0.261332
0.258614
0.258986
0.261454
0.260397
0.26182
0.261645
0.262548
0.26247
0.262172
0.257435
0.256783
0.261209
0.259991
0.258276
0.262758
0.262739
0.262694
0.262698
0.262623
0.262667
0.262183
0.2626
0.262634
0.260677
0.261202
0.262457
0.255913
0.255119
0.261547
0.26173
0.262515
0.262533
0.262507
0.262386
0.262478
0.262496
0.261098
0.248851
0.248922
0.258627
0.258886
0.262085
0.262094
0.261884
0.261842
0.262068
0.262077
0.182542
0.195675
0.218283
0.219547
0.204303
0.205326
0.18114
0.252524
0.251958
0.260652
0.189741
0.187784
0.200536
0.20055
0.186054
0.203248
0.203738
0.186455
0.187005
0.261982
0.261996
0.261643
0.261686
0.261955
0.261969
0.220585
0.251451
0.252111
0.250057
0.250751
0.218476
0.255855
0.25907
0.259381
0.259231
0.259156
0.256121
0.252812
0.255539
0.255206
0.250414
0.249736
0.251258
0.178762
0.181458
0.181846
0.178145
0.2465
0.212821
0.208307
0.216564
0.213897
0.24282
0.238238
0.238711
0.25104
0.252316
0.258129
0.262805
0.262816
0.262794
0.179592
0.180269
0.204814
0.203398
0.137322
0.187407
0.182305
0.182485
0.180508
0.181528
0.188679
0.127925
0.247795
0.249389
0.262884
0.262878
0.26283
0.262031
0.261981
0.26226
0.26222
0.262345
0.262441
0.26229
0.262321
0.259957
0.260919
0.256767
0.257037
0.256989
0.256732
0.260079
0.258044
0.257895
0.244188
0.239721
0.239559
0.240593
0.240379
0.243471
0.262412
0.262505
0.262516
0.262476
0.262493
0.26238
0.261277
0.262098
0.2617
0.261553
0.261994
0.262175
0.262185
0.25894
0.258955
0.259852
0.259339
0.26199
0.261997
0.261703
0.26212
0.262129
0.261935
0.261784
0.262035
0.262043
0.256724
0.257753
0.257394
0.257988
0.25791
0.25658
0.175875
0.176108
0.177594
0.177059
0.201097
0.187058
0.186547
0.240106
0.240175
0.247125
0.241669
0.242736
0.239781
0.240561
0.246243
0.262774
0.262766
0.262769
0.262774
0.262804
0.262807
0.26282
0.262785
0.262793
0.262794
0.243802
0.25023
0.249861
0.251286
0.250736
0.244219
0.246701
0.248497
0.247745
0.249571
0.249191
0.246007
0.262794
0.262801
0.262789
0.262729
0.262695
0.262773
0.26276
0.178491
0.189378
0.180704
0.180768
0.181236
0.180711
0.203361
0.204613
0.189624
0.175587
0.174881
0.194892
0.179648
0.179003
0.179455
0.20338
0.182777
0.178518
0.249884
0.250579
0.253976
0.247922
0.248137
0.247395
0.247531
0.252622
0.248868
0.249159
0.190037
0.178377
0.17942
0.177642
0.177615
0.190684
0.262713
0.262723
0.262715
0.262664
0.26268
0.262702
0.262014
0.262297
0.262123
0.262078
0.262212
0.262252
0.262122
0.262169
0.260229
0.260688
0.257536
0.257678
0.2572
0.25737
0.260785
0.258988
0.259011
0.257805
0.257855
0.260237
0.257719
0.253784
0.253307
0.252202
0.254474
0.254227
0.256388
0.253841
0.253778
0.254613
0.254168
0.256278
0.257317
0.255005
0.255249
0.254065
0.254556
0.257082
0.253627
0.247074
0.25216
0.251774
0.240358
0.240828
0.260893
0.261979
0.2619
0.260716
0.261634
0.262276
0.2621
0.258489
0.25793
0.260535
0.260665
0.261723
0.259697
0.259099
0.262411
0.262512
0.262668
0.262586
0.262279
0.261904
0.262265
0.262547
0.262581
0.262596
0.262532
0.262553
0.262485
0.262409
0.262481
0.262641
0.262615
0.262596
0.262659
0.262628
0.262656
0.262555
0.262575
0.26253
0.262573
0.245842
0.244404
0.253306
0.243131
0.244409
0.240626
0.248154
0.236288
0.23508
0.240989
0.240146
0.258861
0.255051
0.255958
0.253259
0.254123
0.258617
0.261356
0.259905
0.260324
0.256479
0.258914
0.260916
0.254385
0.253005
0.257204
0.247406
0.248338
0.245805
0.246598
0.256929
0.258136
0.251818
0.252495
0.249385
0.250546
0.257921
0.261486
0.261787
0.227852
0.212938
0.215191
0.20822
0.210466
0.227663
0.216017
0.216341
0.216376
0.221151
0.226492
0.196189
0.19824
0.200044
0.196494
0.227942
0.226635
0.204311
0.206169
0.200669
0.202642
0.226327
0.22701
0.225817
0.232248
0.23062
0.214312
0.212754
0.221017
0.219875
0.25877
0.258978
0.261897
0.262103
0.262112
0.262052
0.26206
0.261827
0.183734
0.213602
0.216404
0.193498
0.181098
0.207277
0.210265
0.194101
0.191846
0.237622
0.212987
0.213126
0.234952
0.210336
0.20546
0.213084
0.212397
0.236216
0.199137
0.196528
0.200141
0.202308
0.187898
0.190027
0.195328
0.257054
0.258949
0.25883
0.259101
0.259027
0.257141
0.255253
0.25564
0.255602
0.254843
0.254793
0.255181
0.255925
0.2582
0.258065
0.258639
0.258408
0.256157
0.1782
0.1908
0.191854
0.189375
0.190068
0.178725
0.184031
0.199022
0.201556
0.1936
0.196144
0.180988
0.181579
0.176874
0.177555
0.178082
0.177312
0.18053
0.186675
0.188413
0.179916
0.183321
0.180464
0.256037
0.255825
0.253293
0.250011
0.250968
0.177206
0.17928
0.195983
0.181771
0.179085
0.18581
0.184436
0.197953
0.178431
0.178161
0.239019
0.2393
0.263498
0.263497
0.263643
0.263495
0.263494
0.263642
0.263495
0.263495
0.263642
0.263497
0.263499
0.263644
0.263208
0.263206
0.263352
0.263202
0.263199
0.263424
0.263196
0.263192
0.26342
0.263192
0.263197
0.263421
0.263201
0.263206
0.263426
0.263211
0.263214
0.263356
0.262923
0.262916
0.263132
0.26291
0.262896
0.263124
0.263041
0.263038
0.263157
0.263029
0.263034
0.263153
0.26305
0.263055
0.263127
0.262924
0.262932
0.263072
0.262641
0.262633
0.262844
0.262767
0.262766
0.262837
0.262814
0.262811
0.262848
0.262754
0.26277
0.262875
0.262646
0.262655
0.262793
0.262363
0.262357
0.262563
0.26249
0.262489
0.262558
0.262537
0.262537
0.26257
0.262488
0.2625
0.262599
0.262378
0.262384
0.262519
0.262086
0.262083
0.262288
0.262218
0.26222
0.262287
0.262275
0.262275
0.262307
0.262237
0.262242
0.262338
0.262113
0.262114
0.262249
0.261808
0.261808
0.262015
0.261946
0.26195
0.262018
0.262012
0.262014
0.262047
0.261983
0.261982
0.26208
0.261846
0.261842
0.261979
0.261528
0.261528
0.261739
0.261741
0.261742
0.261776
0.261716
0.26171
0.261812
0.26157
0.261566
0.261705
0.261244
0.261243
0.261458
0.261431
0.261434
0.261505
0.261288
0.261286
0.261427
0.260952
0.260945
0.261091
0.260948
0.260937
0.261156
0.261078
0.260987
0.261102
0.17981
0.255359
0.255893
0.260987
0.261004
0.261221
0.260996
0.261002
0.261144
0.260665
0.260658
0.260802
0.260661
0.260646
0.260864
0.260637
0.207095
0.206308
0.235784
0.260674
0.260899
0.26069
0.260712
0.260928
0.260705
0.260713
0.260857
0.260372
0.260363
0.260509
0.260153
0.231837
0.207295
0.24763
0.260256
0.260598
0.260403
0.260421
0.260566
0.262604
0.262637
0.262638
0.262647
0.262659
0.262605
0.262852
0.262816
0.262818
0.26234
0.262372
0.262373
0.262392
0.262392
0.262345
0.262588
0.262538
0.26255
0.26208
0.262112
0.262111
0.262143
0.262144
0.262097
0.262329
0.262283
0.262299
0.261811
0.261845
0.261844
0.261885
0.261889
0.261842
0.262081
0.262034
0.262048
0.261611
0.261605
0.26157
0.261809
0.261776
0.261784
0.26114
0.261294
0.261346
0.137215
0.19582
0.195836
0.230728
0.230935
0.128272
0.261535
0.261499
0.261504
0.262874
0.262998
0.263003
0.262836
0.262836
0.262825
0.263153
0.263034
0.263029
0.262834
0.262837
0.262929
0.262927
0.262889
0.263158
0.263039
0.263043
0.262626
0.262696
0.262697
0.262713
0.262693
0.262625
0.262833
0.262763
0.262749
0.26273
0.262726
0.262694
0.262842
0.262821
0.262825
0.262633
0.262735
0.262719
0.262709
0.262709
0.262642
0.262846
0.262777
0.262778
0.262354
0.262422
0.262421
0.262441
0.262422
0.262356
0.262557
0.262489
0.262474
0.262471
0.262504
0.262504
0.262405
0.262451
0.262431
0.262564
0.262546
0.262527
0.262502
0.262463
0.262515
0.262371
0.262468
0.262456
0.262442
0.262445
0.262381
0.262576
0.262511
0.262508
0.262086
0.262153
0.26215
0.262178
0.262156
0.262089
0.262289
0.262223
0.262211
0.26221
0.262243
0.262242
0.261898
0.262132
0.262116
0.262239
0.262219
0.262009
0.262113
0.26221
0.262205
0.26218
0.262186
0.262121
0.262316
0.262251
0.262245
0.261813
0.261882
0.261877
0.261912
0.261886
0.261818
0.262022
0.261954
0.261946
0.261947
0.26198
0.261979
0.261745
0.261984
0.261935
0.261981
0.261966
0.261771
0.260878
0.25919
0.259374
0.261847
0.261947
0.26195
0.261915
0.261924
0.261857
0.262056
0.26199
0.261982
0.261073
0.259423
0.259615
0.260667
0.260692
0.261331
0.261575
0.261644
0.261681
0.261644
0.261652
0.261582
0.261789
0.261721
0.261712
0.260852
0.260194
0.260185
0.260217
0.260218
0.260946
0.260872
0.260949
0.261004
0.177841
0.260116
0.259952
0.242593
0.242573
0.155027
0.25976
0.259855
0.211946
0.261048
0.260727
0.260755
0.261044
0.26077
0.26113
0.26259
0.2626
0.262582
0.262717
0.262664
0.262647
0.262672
0.262671
0.262706
0.262677
0.262649
0.262696
0.262827
0.262823
0.262844
0.262708
0.262727
0.262731
0.262559
0.262535
0.262522
0.262701
0.26269
0.262694
0.262711
0.262677
0.262679
0.262682
0.262687
0.262705
0.262584
0.2626
0.262592
0.262108
0.26228
0.262259
0.26241
0.262389
0.262301
0.262405
0.262405
0.262438
0.262075
0.261592
0.261729
0.259984
0.260055
0.261359
0.261821
0.261888
0.262205
0.262456
0.262408
0.262424
0.262308
0.262371
0.262385
0.262519
0.26255
0.262567
0.262397
0.262408
0.262353
0.262518
0.262521
0.262472
0.261798
0.26201
0.261995
0.262101
0.262085
0.261855
0.262144
0.262145
0.262178
0.26098
0.259348
0.259298
0.259847
0.259793
0.261142
0.261239
0.259849
0.259916
0.259269
0.259258
0.260951
0.262205
0.262159
0.262174
0.261944
0.261947
0.261692
0.262268
0.262267
0.262221
0.260919
0.255918
0.255189
0.258869
0.25872
0.261065
0.261195
0.259957
0.259903
0.254963
0.254161
0.260808
0.261316
0.260589
0.260633
0.259578
0.259744
0.261057
0.261955
0.261906
0.261918
0.261688
0.261899
0.261913
0.261809
0.261824
0.261711
0.261669
0.261933
0.261939
0.261927
0.261941
0.26168
0.262016
0.262018
0.261971
0.261216
0.259963
0.259887
0.260291
0.260249
0.261217
0.261129
0.259144
0.259009
0.259805
0.259714
0.261198
0.260994
0.260205
0.260212
0.259671
0.259813
0.261054
0.261673
0.261777
0.261793
0.261698
0.261749
0.26163
0.26175
0.261742
0.261709
0.261097
0.253706
0.253068
0.251616
0.253169
0.261058
0.261204
0.260361
0.260328
0.260701
0.25892
0.258876
0.26274
0.262776
0.262778
0.262775
0.262789
0.262735
0.262845
0.262808
0.262794
0.262827
0.262813
0.262818
0.261635
0.261609
0.261538
0.261749
0.261679
0.26167
0.261672
0.261707
0.261706
0.261592
0.261693
0.261659
0.261762
0.261728
0.261604
0.256341
0.254074
0.254402
0.251926
0.252433
0.255225
0.261291
0.261363
0.261394
0.262825
0.262821
0.262834
0.262737
0.262756
0.262765
0.262792
0.262809
0.262866
0.262735
0.26279
0.262773
0.262783
0.262781
0.262746
0.261676
0.26185
0.261795
0.261917
0.261868
0.261685
0.261878
0.261879
0.261913
0.234402
0.220095
0.218805
0.226827
0.225519
0.239024
0.25431
0.251022
0.251436
0.261675
0.26164
0.261647
0.26151
0.261629
0.26168
0.261557
0.26161
0.261492
0.241483
0.229365
0.228133
0.234613
0.233806
0.244307
0.261351
0.261486
0.261521
0.261414
0.26145
0.261329
0.261468
0.261463
0.261427
0.26301
0.262943
0.262939
0.262951
0.262947
0.263013
0.262856
0.262925
0.26293
0.262887
0.262885
0.262863
0.263012
0.262947
0.262951
0.262939
0.262943
0.263009
0.262769
0.262736
0.262749
0.262799
0.262815
0.262837
0.262757
0.262768
0.262762
0.262805
0.262801
0.262781
0.259075
0.259341
0.261074
0.261333
0.260804
0.260821
0.257688
0.256126
0.256307
0.254706
0.25497
0.256888
0.257471
0.259352
0.259296
0.259441
0.2594
0.257604
0.260929
0.260217
0.260214
0.262564
0.26263
0.262659
0.262593
0.262355
0.262529
0.262488
0.262629
0.262591
0.262756
0.262744
0.26273
0.26275
0.262746
0.262764
0.262613
0.262601
0.262614
0.262645
0.262636
0.262625
0.260626
0.260725
0.261743
0.26159
0.260453
0.260537
0.262227
0.262273
0.262416
0.262346
0.262136
0.262181
0.262236
0.262249
0.26207
0.262416
0.262406
0.26239
0.262439
0.262423
0.262432
0.262352
0.262341
0.262325
0.262373
0.262357
0.262368
0.262037
0.262215
0.262225
0.262493
0.262505
0.262482
0.262546
0.26254
0.262523
0.262573
0.262556
0.262562
0.26248
0.262473
0.262456
0.262506
0.262489
0.262496
0.262419
0.262465
0.262479
0.259576
0.259555
0.261045
0.261075
0.259621
0.259598
0.259492
0.259546
0.261077
0.26101
0.259396
0.259442
0.261961
0.261968
0.261635
0.262167
0.262155
0.262139
0.262185
0.26217
0.262183
0.262106
0.262094
0.262079
0.262124
0.262109
0.262121
0.261598
0.261951
0.261955
0.26229
0.262277
0.262262
0.262309
0.262293
0.262305
0.262228
0.262216
0.2622
0.262246
0.262231
0.262244
0.258202
0.256169
0.260954
0.211858
0.230675
0.232097
0.220617
0.221797
0.198768
0.26104
0.25855
0.258376
0.260767
0.25381
0.25277
0.260303
0.260365
0.261269
0.261192
0.260117
0.260216
0.261909
0.261911
0.261661
0.262044
0.262033
0.262018
0.262064
0.262049
0.26206
0.261981
0.261972
0.261956
0.262003
0.261987
0.261997
0.261693
0.261903
0.261906
0.224387
0.207464
0.206345
0.217237
0.215373
0.230464
0.259398
0.259274
0.261147
0.224893
0.240747
0.241773
0.23325
0.23443
0.215413
0.232908
0.253747
0.254222
0.252692
0.253231
0.231567
0.261188
0.259614
0.25951
0.211186
0.191097
0.190142
0.204975
0.203036
0.220352
0.260182
0.260194
0.261008
0.255344
0.257216
0.257039
0.25823
0.258108
0.256586
0.256836
0.256617
0.254365
0.261043
0.260141
0.260163
0.24455
0.219928
0.21738
0.222968
0.220901
0.245056
0.245698
0.236232
0.235431
0.257638
0.252658
0.25339
0.256475
0.256635
0.257981
0.26131
0.261322
0.261247
0.261467
0.261395
0.261383
0.261365
0.26141
0.261374
0.261482
0.261446
0.2614
0.252178
0.252025
0.209238
0.259935
0.258518
0.258496
0.258612
0.258566
0.260014
0.261486
0.261554
0.261518
0.261624
0.261589
0.261501
0.2616
0.261601
0.261636
0.173028
0.167807
0.137637
0.24256
0.223337
0.218664
0.223682
0.223436
0.24246
0.25742
0.249742
0.248552
0.253182
0.254395
0.25765
0.127634
0.197343
0.212675
0.262916
0.26289
0.262887
0.262896
0.262895
0.26292
0.262838
0.262882
0.262873
0.262858
0.262855
0.262841
0.262919
0.262892
0.262896
0.262887
0.262888
0.262915
0.26249
0.262471
0.262432
0.262492
0.262485
0.262502
0.26245
0.262468
0.262475
0.262497
0.262433
0.262413
0.262165
0.262149
0.261915
0.262227
0.262209
0.262225
0.262177
0.262193
0.262211
0.262292
0.262275
0.262292
0.262242
0.262258
0.262276
0.261981
0.2622
0.262182
0.259032
0.259079
0.260833
0.260208
0.260202
0.260872
0.258631
0.259503
0.259475
0.259544
0.259526
0.258701
0.260245
0.254455
0.25168
0.25433
0.254416
0.260205
0.176476
0.232704
0.232158
0.262783
0.262803
0.262807
0.262795
0.262799
0.262778
0.262839
0.262819
0.262807
0.262558
0.262546
0.262569
0.262652
0.262669
0.262665
0.262681
0.262676
0.262658
0.262711
0.262693
0.262699
0.262612
0.262607
0.26259
0.262641
0.262624
0.262629
0.26261
0.262617
0.262635
0.262323
0.262302
0.262144
0.262358
0.262344
0.262362
0.26231
0.262327
0.262342
0.262425
0.262415
0.262433
0.26238
0.262397
0.262408
0.26226
0.262367
0.262345
0.261173
0.261393
0.26201
0.256123
0.259847
0.259207
0.260885
0.260502
0.258166
0.251416
0.25724
0.257119
0.257504
0.257369
0.251708
0.261403
0.260131
0.26021
0.259877
0.261208
0.261086
0.261378
0.261299
0.260023
0.262236
0.261943
0.261994
0.262319
0.26235
0.262267
0.262414
0.262408
0.262391
0.262303
0.262263
0.262254
0.262282
0.262273
0.262312
0.262163
0.262145
0.262161
0.262113
0.262129
0.262146
0.261843
0.26207
0.262055
0.259461
0.259406
0.260995
0.247579
0.255933
0.256137
0.255497
0.255697
0.246574
0.259718
0.259782
0.261202
0.250243
0.256751
0.256621
0.257002
0.256882
0.250616
0.245187
0.255337
0.255376
0.255449
0.255353
0.245461
0.26096
0.259265
0.259281
0.262144
0.262099
0.262092
0.262114
0.262106
0.262152
0.262036
0.262031
0.262069
0.261683
0.261948
0.261949
0.262269
0.262226
0.262218
0.262244
0.262235
0.262277
0.262174
0.262128
0.262121
0.262144
0.262136
0.262181
0.26049
0.260539
0.261307
0.257598
0.259312
0.259195
0.259543
0.259434
0.257842
0.261095
0.259842
0.259898
0.26187
0.261884
0.261756
0.261917
0.261909
0.261893
0.261941
0.261925
0.261933
0.261851
0.261845
0.261829
0.261877
0.261861
0.261869
0.261723
0.26184
0.261855
0.260096
0.260032
0.261219
0.24087
0.255409
0.255748
0.254651
0.255045
0.240064
0.248995
0.256569
0.256802
0.256047
0.256319
0.248427
0.261219
0.260203
0.260152
0.203805
0.188929
0.188454
0.190318
0.189497
0.204546
0.260414
0.260389
0.261197
0.250995
0.257385
0.257546
0.257017
0.257209
0.250554
0.187999
0.187536
0.201793
0.262805
0.2628
0.262788
0.253468
0.253755
0.256139
0.255499
0.252868
0.253192
0.262795
0.262808
0.262813
0.262828
0.262815
0.262809
0.262777
0.262769
0.262781
0.222232
0.221201
0.235451
0.190209
0.205588
0.206466
0.193634
0.209894
0.211634
0.207382
0.208482
0.19215
0.238189
0.224332
0.223239
0.231374
0.230437
0.242156
0.202057
0.21656
0.217658
0.213483
0.215182
0.200545
0.262739
0.262732
0.262721
0.262754
0.262742
0.262749
0.262695
0.262684
0.262673
0.262711
0.262697
0.262707
0.262398
0.262385
0.262455
0.257927
0.255946
0.25626
0.255432
0.255653
0.257766
0.258475
0.256891
0.257062
0.256529
0.256727
0.258366
0.255704
0.255928
0.257565
0.249776
0.2536
0.253258
0.254148
0.25389
0.250246
0.252884
0.252514
0.247673
0.257082
0.255218
0.255465
0.26253
0.26234
0.262392
0.262204
0.262287
0.262496
0.262656
0.262601
0.262638
0.262456
0.262534
0.262629
0.261788
0.260765
0.260869
0.262227
0.26157
0.262017
0.261009
0.261234
0.26207
0.262701
0.262668
0.262568
0.262717
0.262704
0.262721
0.262663
0.262685
0.262705
0.262603
0.262586
0.262571
0.262658
0.262647
0.262655
0.262613
0.262633
0.262647
0.262608
0.26262
0.262596
0.253433
0.258305
0.25815
0.258769
0.258497
0.253705
0.261801
0.26084
0.260985
0.260291
0.260371
0.261542
0.252549
0.257764
0.257639
0.258013
0.257886
0.252754
0.262042
0.26209
0.26232
0.260369
0.261526
0.261453
0.261668
0.261597
0.260475
0.262376
0.262345
0.262334
0.262374
0.262358
0.262385
0.262089
0.262265
0.262288
0.262195
0.262205
0.262027
0.262339
0.262302
0.262292
0.262323
0.262312
0.262348
0.249053
0.256399
0.256432
0.256276
0.256354
0.249012
0.261036
0.259532
0.259502
0.248845
0.256251
0.256113
0.256497
0.256378
0.249215
0.261106
0.259602
0.259658
0.259314
0.259353
0.26099
0.247069
0.255721
0.255584
0.255976
0.255847
0.247483
0.262116
0.262071
0.262064
0.262085
0.262078
0.262123
0.261651
0.261975
0.261983
0.261948
0.261948
0.261608
0.262088
0.262046
0.262041
0.262057
0.262051
0.262095
0.262236
0.262192
0.262184
0.262209
0.2622
0.262244
0.262204
0.262159
0.262152
0.262176
0.262167
0.262212
0.249102
0.2357
0.234212
0.237861
0.236898
0.249795
0.246437
0.229717
0.228786
0.232551
0.230978
0.247059
0.227043
0.228793
0.209882
0.253405
0.243588
0.242609
0.25145
0.239586
0.238713
0.241572
0.240532
0.25195
0.200765
0.223293
0.225121
0.213193
0.212922
0.237949
0.244217
0.226239
0.224568
0.228035
0.227271
0.244852
0.2399
0.215951
0.214091
0.221967
0.218804
0.241057
0.261279
0.260408
0.260446
0.259949
0.260023
0.261163
0.209834
0.208564
0.225474
0.229144
0.213344
0.211422
0.194283
0.192319
0.212563
0.218407
0.200288
0.197116
0.25889
0.257616
0.257761
0.257251
0.257442
0.258793
0.25924
0.258155
0.258287
0.257892
0.258023
0.259159
0.254018
0.256405
0.256217
0.20794
0.193419
0.19161
0.195298
0.195235
0.209235
0.249342
0.244385
0.244317
0.243369
0.243898
0.24892
0.262911
0.262983
0.263013
0.262989
0.262987
0.262915
0.261238
0.261338
0.261376
0.261253
0.261298
0.261181
0.262873
0.262857
0.262856
0.262863
0.262861
0.262876
0.262826
0.262845
0.262848
0.262841
0.262835
0.262824
0.262873
0.262857
0.262858
0.262855
0.262854
0.262872
0.262958
0.262961
0.263001
0.262885
0.262923
0.262937
0.262505
0.262527
0.262509
0.261762
0.261952
0.261937
0.258277
0.259686
0.259624
0.259804
0.259743
0.258368
0.261331
0.260714
0.260737
0.262635
0.262617
0.26261
0.262208
0.262427
0.262395
0.262486
0.262457
0.262254
0.262671
0.26268
0.26269
0.262658
0.262669
0.262658
0.262684
0.262679
0.262669
0.262421
0.262464
0.262489
0.261831
0.262243
0.262141
0.262358
0.26231
0.262001
0.262364
0.262418
0.262429
0.26204
0.262025
0.261808
0.262098
0.262081
0.262097
0.262049
0.262065
0.262082
0.249501
0.256851
0.257003
0.256643
0.256729
0.249137
0.261126
0.259746
0.259707
0.251488
0.257493
0.257631
0.257167
0.257322
0.251106
0.261921
0.261926
0.261656
0.261745
0.261761
0.26166
0.261812
0.261796
0.261801
0.252493
0.257953
0.258064
0.257695
0.25783
0.252165
0.261173
0.260456
0.260437
0.258863
0.259568
0.259558
0.25957
0.259572
0.258899
0.205544
0.220466
0.221536
0.218603
0.219509
0.204619
0.243817
0.233016
0.232214
0.262929
0.262907
0.262908
0.2629
0.262903
0.262925
0.262859
0.26288
0.262877
0.262783
0.262777
0.262765
0.262802
0.26279
0.262794
0.262774
0.26278
0.262793
0.260761
0.260784
0.261333
0.258755
0.259939
0.259872
0.260052
0.260001
0.258883
0.262734
0.262746
0.262749
0.262713
0.262731
0.262718
0.260798
0.26182
0.26174
0.262022
0.261912
0.260961
0.262437
0.262321
0.262372
0.262495
0.262516
0.262526
0.26244
0.262452
0.2624
0.259675
0.259646
0.261085
0.248834
0.256535
0.256582
0.256463
0.256497
0.248864
0.252316
0.257962
0.258081
0.257749
0.25786
0.252137
0.26165
0.261914
0.261916
0.261892
0.261898
0.261692
0.238165
0.239548
0.222851
0.216721
0.235506
0.236874
0.257627
0.257424
0.255591
0.25841
0.25852
0.259437
0.256369
0.257969
0.257807
0.237709
0.237001
0.246122
0.211529
0.225062
0.226094
0.222712
0.223912
0.209971
0.215715
0.22941
0.230323
0.22736
0.22844
0.214839
0.251477
0.254647
0.254397
0.255118
0.254891
0.251915
0.25806
0.256785
0.256922
0.202757
0.187458
0.190332
0.187424
0.187241
0.202887
0.137444
0.166602
0.166199
0.188299
0.191615
0.12775
0.249513
0.23462
0.226692
0.242677
0.239818
0.249394
0.262883
0.262869
0.262871
0.262863
0.262866
0.26288
0.262835
0.262851
0.262847
0.263789
0.263789
0.263933
0.263788
0.263788
0.263933
0.263788
0.263788
0.263933
0.263789
0.263789
0.263934
0.263501
0.2635
0.263645
0.2635
0.2635
0.263645
0.26321
0.263211
0.263356
0.263347
0.263346
0.263421
0.263345
0.263345
0.26342
0.263215
0.263215
0.263358
0.262924
0.262924
0.263067
0.263055
0.263054
0.263128
0.263113
0.263112
0.263152
0.262931
0.262931
0.263073
0.262639
0.262641
0.262782
0.262826
0.26283
0.262866
0.262652
0.26265
0.26279
0.262357
0.26236
0.2625
0.262552
0.262556
0.262589
0.262377
0.262373
0.262511
0.262076
0.262081
0.26222
0.262299
0.262301
0.262332
0.262104
0.262097
0.262235
0.261795
0.261802
0.261941
0.262047
0.262047
0.262079
0.26183
0.26182
0.261959
0.261513
0.261521
0.261661
0.261669
0.261674
0.261744
0.261784
0.261783
0.261817
0.261553
0.261542
0.261682
0.261229
0.261237
0.261379
0.261387
0.261391
0.261463
0.261456
0.261456
0.261493
0.261273
0.261261
0.261402
0.260941
0.260947
0.261093
0.261092
0.261096
0.261169
0.174029
0.230617
0.230494
0.261133
0.261145
0.261218
0.260989
0.260978
0.26112
0.26065
0.260659
0.260802
0.260783
0.260701
0.26079
0.2353
0.25895
0.25903
0.260838
0.260852
0.260926
0.260701
0.260687
0.26083
0.260378
0.26037
0.260514
0.260417
0.260425
0.260569
0.260085
0.260072
0.260218
0.259653
0.231761
0.231801
0.247523
0.259952
0.260104
0.260111
0.260131
0.260276
0.261529
0.261565
0.261565
0.261321
0.261315
0.261277
0.262886
0.262924
0.262926
0.263153
0.263113
0.263113
0.262643
0.262647
0.262613
0.262622
0.262656
0.262651
0.262375
0.262377
0.262344
0.262579
0.262545
0.262541
0.262364
0.262396
0.262393
0.262112
0.262113
0.26208
0.262311
0.262278
0.262276
0.262111
0.262143
0.262143
0.262046
0.262013
0.262013
0.261728
0.261894
0.261879
0.261851
0.261884
0.261884
0.195631
0.195293
0.15369
0.261238
0.261199
0.261206
0.262706
0.262688
0.262683
0.262575
0.262584
0.262581
0.262545
0.262556
0.262566
0.261689
0.261861
0.261865
0.26187
0.261875
0.261678
0.261679
0.261695
0.261598
0.261128
0.260502
0.260495
0.260485
0.260472
0.261162
0.260174
0.260162
0.26079
0.262737
0.262742
0.262724
0.262857
0.262838
0.262833
0.261534
0.261604
0.261599
0.261568
0.261646
0.261631
0.261743
0.261728
0.261626
0.261363
0.26137
0.261298
0.261512
0.261441
0.261434
0.262832
0.262837
0.262857
0.262723
0.262741
0.262735
0.261657
0.261774
0.261759
0.261865
0.26185
0.261703
0.261547
0.261644
0.261661
0.261536
0.261553
0.261454
0.261393
0.261498
0.261516
0.263008
0.262986
0.262986
0.262865
0.262886
0.262888
0.262986
0.262986
0.263008
0.262825
0.262829
0.262841
0.257158
0.258442
0.258342
0.25886
0.258806
0.257848
0.23551
0.246989
0.24757
0.242637
0.243426
0.22911
0.261245
0.261319
0.261316
0.261383
0.26142
0.26142
0.262847
0.26286
0.262861
0.258157
0.258953
0.25891
0.262773
0.262778
0.262767
0.262845
0.262834
0.262831
0.242462
0.250714
0.251071
0.248106
0.248589
0.238438
0.263133
0.26306
0.263061
0.26139
0.261353
0.261358
0.263004
0.262965
0.262967
0.262877
0.262898
0.262895
0.26256
0.262554
0.262572
0.26252
0.262537
0.262543
0.262033
0.262018
0.262034
0.261986
0.262002
0.262017
0.262629
0.262624
0.262641
0.262589
0.262606
0.262611
0.261783
0.261779
0.261762
0.260765
0.260146
0.260127
0.262853
0.262866
0.262864
0.263275
0.263275
0.2632
0.263195
0.263271
0.263272
0.263269
0.26327
0.263192
0.26342
0.263345
0.263345
0.263191
0.263268
0.26327
0.263272
0.263271
0.263196
0.26342
0.263346
0.263347
0.263201
0.263275
0.263276
0.262909
0.262981
0.262982
0.263009
0.262977
0.262905
0.263125
0.263051
0.263048
0.263078
0.263077
0.263038
0.26303
0.263072
0.263072
0.263074
0.263073
0.263033
0.263152
0.263113
0.263114
0.262759
0.262794
0.262789
0.262491
0.262524
0.26252
0.262238
0.262269
0.262268
0.261983
0.262015
0.262015
0.261715
0.261749
0.26175
0.26101
0.261024
0.260952
0.26117
0.261097
0.261083
0.261026
0.261098
0.261061
0.261173
0.261135
0.261064
0.231733
0.231175
0.176856
0.255284
0.247955
0.248223
0.248077
0.247967
0.255347
0.261001
0.261073
0.26106
0.261075
0.261081
0.261009
0.261226
0.261154
0.261149
0.260879
0.260807
0.260791
0.260512
0.260608
0.26071
0.20687
0.255605
0.255256
0.256392
0.255989
0.206611
0.258777
0.258865
0.235563
0.260749
0.260527
0.26045
0.260679
0.260603
0.260824
0.26261
0.262627
0.262623
0.262376
0.262382
0.262398
0.262351
0.262367
0.26236
0.262571
0.262576
0.262593
0.262543
0.26256
0.262554
0.262128
0.262133
0.262148
0.262102
0.262117
0.262113
0.262314
0.26232
0.262335
0.262289
0.262304
0.262298
0.262066
0.26207
0.262086
0.262038
0.262054
0.26205
0.26119
0.261251
0.26121
0.261337
0.261297
0.261255
0.261308
0.261308
0.261346
0.165822
0.16555
0.137491
0.133905
0.188618
0.187444
0.262937
0.26292
0.262882
0.262999
0.262959
0.262958
0.262964
0.262963
0.263002
0.263114
0.263114
0.263154
0.263033
0.263074
0.263074
0.263072
0.263072
0.263031
0.263119
0.263119
0.263158
0.26304
0.26308
0.26308
0.263082
0.263082
0.263043
0.262717
0.262682
0.262678
0.262785
0.262789
0.262753
0.262715
0.262721
0.262731
0.262701
0.262711
0.262704
0.262685
0.26269
0.262724
0.262444
0.262411
0.262408
0.262507
0.262511
0.262477
0.262425
0.262427
0.262459
0.262179
0.262146
0.262145
0.262244
0.262245
0.262212
0.262174
0.262175
0.262206
0.26191
0.261877
0.261878
0.261979
0.261978
0.261945
0.261923
0.261908
0.261736
0.261968
0.261954
0.26197
0.261921
0.261938
0.261951
0.261917
0.261917
0.26195
0.259494
0.260312
0.260281
0.26036
0.260337
0.259556
0.231582
0.23104
0.178466
0.260067
0.254018
0.254193
0.242631
0.223795
0.223799
0.223424
0.223671
0.242629
0.154243
0.194908
0.194572
0.258486
0.258474
0.259824
0.213025
0.252403
0.252305
0.260942
0.261163
0.261209
0.261051
0.261109
0.260839
0.262659
0.262677
0.262681
0.262665
0.26267
0.262652
0.262667
0.262678
0.262667
0.262699
0.262689
0.262682
0.26244
0.262446
0.262462
0.262414
0.26243
0.262424
0.262536
0.262546
0.262532
0.262504
0.26251
0.262527
0.262478
0.262494
0.262488
0.26219
0.262195
0.262211
0.262164
0.26218
0.262175
0.262252
0.262258
0.262273
0.262227
0.262242
0.262236
0.255665
0.259346
0.259439
0.259159
0.259254
0.255422
0.254727
0.258966
0.259065
0.258739
0.258858
0.254466
0.261938
0.261942
0.261957
0.261849
0.261855
0.26169
0.261676
0.26188
0.261885
0.262003
0.262006
0.262022
0.261974
0.26199
0.261987
0.259723
0.260398
0.26038
0.260425
0.260413
0.259771
0.261715
0.261711
0.261694
0.261745
0.261728
0.261733
0.261614
0.261712
0.261729
0.260498
0.260505
0.261113
0.253544
0.258325
0.258371
0.258163
0.25825
0.253319
0.251588
0.257082
0.257081
0.258226
0.257409
0.251988
0.260099
0.260049
0.260639
0.258894
0.259522
0.259556
0.259488
0.2595
0.258884
0.26278
0.262761
0.262756
0.262814
0.262818
0.262799
0.261679
0.261663
0.26158
0.261615
0.261711
0.261696
0.262798
0.262817
0.262812
0.262753
0.262748
0.26273
0.262786
0.262767
0.262772
0.262754
0.26276
0.262779
0.261805
0.26179
0.261667
0.261694
0.261835
0.26182
0.261609
0.261627
0.261529
0.261473
0.261573
0.261591
0.262988
0.262989
0.26301
0.262944
0.262966
0.262966
0.262963
0.262964
0.262941
0.26297
0.26297
0.262948
0.262879
0.262882
0.26286
0.262926
0.262904
0.262902
0.262909
0.262908
0.262929
0.262991
0.262991
0.263012
0.262948
0.26297
0.262969
0.262972
0.262972
0.262951
0.26294
0.262963
0.262963
0.262966
0.262966
0.262943
0.263009
0.262988
0.262988
0.262758
0.262761
0.262771
0.262741
0.262751
0.262747
0.262805
0.262817
0.262812
0.259162
0.260156
0.260105
0.260245
0.260201
0.259252
0.258611
0.258532
0.257323
0.257729
0.258746
0.258682
0.262589
0.262628
0.262612
0.262655
0.262642
0.262611
0.262415
0.262544
0.262515
0.262594
0.262571
0.262477
0.259529
0.259613
0.256407
0.253435
0.258464
0.258608
0.258191
0.258331
0.25308
0.24562
0.246332
0.234254
0.230293
0.24415
0.2449
0.219025
0.232646
0.23343
0.231123
0.231941
0.218202
0.222923
0.23547
0.235581
0.234123
0.234874
0.221958
0.252964
0.255613
0.255381
0.255908
0.2558
0.253235
0.258215
0.259391
0.259468
0.231537
0.229669
0.216738
0.253163
0.255694
0.255715
0.26289
0.262904
0.262904
0.262901
0.262901
0.262887
0.262854
0.262856
0.262842
0.262883
0.262869
0.262868
0.262893
0.262906
0.262906
0.262887
0.262901
0.262901
0.262902
0.262902
0.262888
0.257106
0.257123
0.251726
0.2628
0.262789
0.262784
0.262819
0.262823
0.262811
0.249907
0.25032
0.241683
0.239257
0.249047
0.249485
0.264078
0.264078
0.264222
0.264078
0.264078
0.264222
0.264078
0.264078
0.264222
0.264078
0.264078
0.264222
0.26379
0.26379
0.263934
0.26379
0.26379
0.263934
0.2635
0.263502
0.263647
0.263502
0.263502
0.263645
0.26335
0.26335
0.263424
0.263067
0.263067
0.263139
0.262784
0.262785
0.262855
0.262511
0.262512
0.262579
0.262246
0.262243
0.26231
0.26198
0.261975
0.262042
0.261709
0.2617
0.261768
0.261503
0.261499
0.261534
0.26143
0.261418
0.261488
0.261152
0.261151
0.261188
0.260803
0.260806
0.260879
0.260363
0.260373
0.260516
0.260414
0.260398
0.260542
0.260091
0.260083
0.260227
0.260128
0.260136
0.260281
0.259797
0.259779
0.259926
0.259222
0.231717
0.231704
0.247416
0.259643
0.259799
0.25982
0.25984
0.259985
0.261225
0.261266
0.261268
0.262861
0.262825
0.262821
0.261844
0.261841
0.261808
0.261571
0.261606
0.261611
0.179053
0.230565
0.230189
0.252525
0.252475
0.213998
0.259812
0.259829
0.260824
0.260584
0.260012
0.25999
0.261564
0.261561
0.261526
0.261772
0.261738
0.26174
0.261382
0.261401
0.261286
0.261457
0.261511
0.261495
0.261613
0.261597
0.261529
0.262903
0.26294
0.262937
0.263495
0.263569
0.263569
0.263568
0.263568
0.263494
0.263495
0.263569
0.263569
0.263569
0.263569
0.263495
0.263203
0.263277
0.263276
0.263423
0.26335
0.26335
0.263231
0.263231
0.263192
0.263192
0.263231
0.263231
0.263279
0.263279
0.263206
0.262988
0.262988
0.262917
0.262933
0.262935
0.262898
0.263041
0.263079
0.26308
0.263157
0.263117
0.263118
0.262925
0.262996
0.262995
0.262703
0.262704
0.262633
0.262845
0.262774
0.262773
0.262647
0.262716
0.262715
0.262425
0.262425
0.262356
0.262564
0.262494
0.262494
0.262533
0.26253
0.262497
0.262596
0.262563
0.262566
0.262377
0.262444
0.262444
0.262152
0.26215
0.262081
0.262287
0.262218
0.26222
0.262274
0.262273
0.262241
0.262336
0.262304
0.262306
0.26211
0.262176
0.262179
0.261878
0.261872
0.261803
0.262011
0.261943
0.261946
0.262014
0.262016
0.261983
0.262081
0.262049
0.262048
0.261838
0.261906
0.261913
0.261732
0.261663
0.261669
0.26156
0.261629
0.26164
0.261426
0.261461
0.261467
0.260951
0.261023
0.26102
0.261077
0.261114
0.261115
0.260718
0.260734
0.260662
0.260704
0.260777
0.260764
0.262641
0.262643
0.26266
0.261873
0.261876
0.261892
0.262895
0.262897
0.262877
0.262667
0.262663
0.262629
0.262732
0.262697
0.262701
0.262403
0.2624
0.262368
0.262465
0.262432
0.262435
0.262145
0.262145
0.262113
0.262209
0.262177
0.262178
0.26188
0.261884
0.26185
0.26195
0.261917
0.261915
0.261646
0.261644
0.261678
0.261023
0.260986
0.26091
0.253557
0.253814
0.260012
0.259791
0.258457
0.258439
0.260689
0.26097
0.261008
0.261168
0.26116
0.261117
0.262699
0.262695
0.262713
0.261909
0.261925
0.261922
0.260901
0.260006
0.260422
0.262771
0.262769
0.262788
0.262732
0.26275
0.262753
0.261632
0.261597
0.261599
0.261705
0.261702
0.261668
0.262828
0.262825
0.262805
0.262865
0.262845
0.262847
0.261834
0.261823
0.26184
0.261901
0.261889
0.261905
0.261856
0.261873
0.261884
0.261645
0.261642
0.261624
0.261677
0.261659
0.261664
0.261607
0.261589
0.261594
0.26146
0.261478
0.261372
0.261308
0.261421
0.261439
0.26295
0.262972
0.262972
0.263013
0.262991
0.262991
0.261546
0.261529
0.261472
0.261515
0.26158
0.261563
0.262975
0.262977
0.263014
0.262916
0.262918
0.262938
0.263193
0.263231
0.263231
0.26323
0.26323
0.263191
0.26301
0.262972
0.262971
0.262938
0.262917
0.262916
0.264078
0.264078
0.264222
0.264078
0.264078
0.264222
0.26379
0.26379
0.263934
0.263502
0.263502
0.263645
0.263212
0.263212
0.263355
0.26335
0.263351
0.263425
0.263216
0.263215
0.263358
0.262925
0.262925
0.263068
0.263118
0.263118
0.263158
0.262932
0.262931
0.263073
0.26264
0.262641
0.262783
0.26265
0.262648
0.262789
0.262356
0.262358
0.262499
0.262371
0.262367
0.262508
0.262072
0.262075
0.262216
0.262093
0.262087
0.262227
0.261789
0.261793
0.261934
0.261815
0.261807
0.261947
0.261505
0.261511
0.261652
0.261535
0.261525
0.261666
0.26122
0.261227
0.261369
0.261253
0.261241
0.261383
0.261145
0.261132
0.261203
0.260969
0.260957
0.261099
0.26049
0.260309
0.260414
0.236233
0.258592
0.258686
0.260125
0.260108
0.260252
0.263159
0.263121
0.26312
0.261279
0.261315
0.26132
0.261489
0.261453
0.261456
0.26357
0.26357
0.263497
0.263497
0.26357
0.26357
0.263279
0.263279
0.263205
0.263426
0.263352
0.263352
0.263211
0.263283
0.263283
0.263133
0.26306
0.26306
0.263051
0.263088
0.263088
0.262805
0.262803
0.262767
0.262875
0.262839
0.26284
0.261599
0.261591
0.261521
0.261744
0.261748
0.261714
0.261817
0.261783
0.261779
0.261315
0.261306
0.261235
0.261449
0.261379
0.261387
0.261275
0.261346
0.261359
0.260935
0.260861
0.260854
0.254959
0.254693
0.207649
0.260373
0.260297
0.260524
0.261357
0.261353
0.261389
0.26142
0.261417
0.261381
0.263086
0.263086
0.263048
0.248662
0.198641
0.0830075
0.248269
0.197522
0.081026
0.243127
0.187073
0.0700545
0.24278
0.186482
0.0699953
0.0608064
0.00125523
0
0.26228
0.253685
0.165988
0.251847
0.203729
0.0557659
0.250287
0.198918
0.0495069
0.0609576
0.00110112
0
0.115503
0.0730724
0.00730331
0.262159
0.252172
0.159839
0.250467
0.201863
0.0833704
0.25074
0.202427
0.0835212
0.246213
0.193489
0.0779259
0.246037
0.193467
0.0787472
0.239117
0.179789
0.0639592
0.239643
0.180914
0.0654345
0.096124
0.039592
0
0.0975503
0.0465737
0
0.105088
0.0695771
0.00667953
0.262734
0.260575
0.217377
0.257376
0.222436
0.0920521
0.25814
0.225611
0.0958908
0.257131
0.221327
0.0907682
0.249346
0.199542
0.0819051
0.247485
0.196227
0.0808977
0.244491
0.190271
0.074589
0.241252
0.183735
0.0662314
0.226196
0.158685
0.046884
0.262126
0.249612
0.154782
0.0574346
0.000946179
0
0.091587
0.0376
0
0.0970783
0.0469384
0
0.182717
0.095643
0
0.151767
0.0446513
0
0.157954
0.0499236
0
0.165578
0.0572306
0
0.160616
0.0523097
0
0.176279
0.068379
0
0.167697
0.0593861
0
0.174626
0.0665348
0
0.150312
0.0434493
0
0.144062
0.0385998
0
0.136194
0.033017
0
0.142161
0.0371675
0
0.118784
0.0223554
0
0.125131
0.0258954
0
0.133856
0.0313801
0
0.127878
0.0277004
0
0.116096
0.0207074
0
0.0689154
0.000412785
0
0.0611219
0.000433041
0
0.0883829
0.0296286
0
0.258359
0.226649
0.0971872
0.25911
0.230632
0.102159
0.259317
0.231795
0.104179
0.249679
0.200358
0.082879
0.25162
0.204666
0.0861079
0.247182
0.195593
0.0802025
0.244749
0.190611
0.0742947
0.237764
0.177471
0.0614165
0.240801
0.182762
0.0654727
0.221047
0.150144
0.0368949
0.223658
0.154398
0.0443936
0.221641
0.151227
0.0382527
0.225515
0.157563
0.0448025
0.224037
0.15497
0.0450205
0.211838
0.134391
0.0243954
0.205443
0.124848
0.0129068
0.204439
0.123557
0.0112066
0.181039
0.0936832
0
0.176212
0.0895553
0.00105273
0.253064
0.208204
0.086319
0.253278
0.20855
0.0853612
0.248843
0.198725
0.0821838
0.252795
0.207517
0.0860041
0.25245
0.206391
0.0843114
0.247943
0.196788
0.0802215
0.243544
0.188009
0.0709653
0.236101
0.174596
0.0620361
0.236418
0.174889
0.0616483
0.242497
0.186152
0.0704127
0.235511
0.173491
0.0601915
0.234907
0.172379
0.0584577
0.0607177
0.00587452
0
0.0600599
0.00453436
0
0.06053
0.00131178
0
0.0613279
0.00708865
0
0.0617524
0.00784257
0
0.262352
0.254569
0.171523
0.201133
0.118534
0.0104143
0.199991
0.117153
0.00830122
0.253323
0.208392
0.0620681
0.259093
0.231101
0.103981
0.24903
0.194891
0.0439517
0.0610275
0.000994224
0
0.115908
0.0733948
0.00454855
0.262014
0.250699
0.154685
0.254701
0.21286
0.0888945
0.250242
0.201559
0.0839133
0.251056
0.203229
0.0843404
0.246465
0.193833
0.0777474
0.245483
0.192307
0.0761865
0.238656
0.179011
0.0634757
0.240065
0.181655
0.0658891
0.232686
0.168927
0.0556086
0.20194
0.119667
0.0120665
0.20274
0.121175
0.0105185
0.262733
0.260354
0.208432
0.262694
0.259223
0.19862
0.0968953
0.0422508
0
0.0974217
0.0448571
0
0.257713
0.223834
0.0950855
0.257935
0.224771
0.0958087
0.256786
0.220114
0.0927475
0.253825
0.210002
0.0855662
0.253533
0.20915
0.0850668
0.249066
0.198992
0.0816788
0.25178
0.204881
0.0859354
0.25217
0.20562
0.0837229
0.247681
0.196357
0.0802103
0.244058
0.189163
0.0729098
0.237217
0.176193
0.0624866
0.236801
0.175418
0.0616776
0.241771
0.184887
0.0677721
0.233925
0.170594
0.056992
0.234408
0.171364
0.0574399
0.227328
0.160194
0.0499471
0.226982
0.159822
0.0496739
0.0589283
0.00188512
0
0.0594283
0.00331035
0
0.059266
0.000909162
0
0.0607355
0.00721979
0
0.0616539
0.00781956
0
0.0586575
0.00730582
0
0.0941299
0.0428531
0
0.0959484
0.0458041
0
0.262461
0.255954
0.178808
0.196943
0.11311
0.00753946
0.197974
0.114682
0.00647616
0.198925
0.115867
0.00682045
0.256023
0.218414
0.0796688
0.25422
0.211665
0.0681617
0.257081
0.222597
0.0871965
0.257972
0.22645
0.0955702
0.247068
0.188859
0.0357514
0.213116
0.117457
0
0.153547
0.0461288
0
0.155605
0.0478642
0
0.163734
0.0553463
0
0.162203
0.0537649
0
0.170098
0.0618674
0
0.17281
0.0646756
0
0.148863
0.0424175
0
0.146296
0.0403585
0
0.138889
0.0349831
0
0.140624
0.036095
0
0.120601
0.0232154
0
0.122722
0.0244342
0
0.131865
0.0300563
0
0.130309
0.02923
0
0.113394
0.0191054
0
0.0610587
0.000791386
0
0.0852028
0.0201626
0
0.258933
0.229741
0.101438
0.258575
0.227786
0.0995968
0.259536
0.233146
0.107713
0.254152
0.211107
0.0869804
0.254473
0.212261
0.08878
0.250069
0.201502
0.0849409
0.25142
0.204349
0.0862416
0.246792
0.194519
0.078442
0.245085
0.191279
0.0747615
0.238285
0.178488
0.0632466
0.240399
0.182073
0.0654099
0.23351
0.170109
0.0570626
0.233206
0.169903
0.0573792
0.232089
0.167595
0.0562362
0.220573
0.149258
0.0364092
0.223192
0.153546
0.0431724
0.222354
0.152369
0.0403191
0.224518
0.155731
0.0428683
0.224964
0.156516
0.0434122
0.206496
0.126234
0.0150487
0.203529
0.122321
0.0103858
0.179341
0.0921247
0
0.177726
0.0907543
0
0.262781
0.261448
0.224521
0.262809
0.262056
0.235952
0.262809
0.262054
0.236651
0.10147
0.0509614
0
0.10466
0.0570706
0
0.23635
0.162373
0.0124716
0.222227
0.133592
0
0.238248
0.166698
0.0156123
0.219654
0.129178
0
0.0848914
0.00468358
0
0.0749562
0.0011844
0
0.0658567
0.000682945
0
0.0735411
0.00101214
0
0.0652336
0.000720027
0
0.163539
0.087893
0.0150993
0.261146
0.243085
0.127931
0.2609
0.241436
0.123263
0.209243
0.130044
0.020045
0.214611
0.138885
0.0290966
0.21409
0.138014
0.0283566
0.20872
0.129214
0.0195743
0.207536
0.127658
0.0174449
0.262481
0.253978
0.171416
0.262585
0.256303
0.180696
0.0995773
0.0531079
0.00758548
0.189357
0.10328
0.00109908
0.0739837
0.012967
0
0.0760541
0.0146228
0
0.0812713
0.0254252
0
0.0902725
0.0284331
0
0.111251
0.0667076
0
0.25635
0.218468
0.0909902
0.227694
0.160712
0.0504827
0.228194
0.161465
0.0484515
0.229958
0.164417
0.053419
0.173136
0.0875607
0
0.260803
0.240106
0.12669
0.0699932
0.020498
0
0.262602
0.258213
0.193578
0.262521
0.256981
0.185493
0.194212
0.10954
0.00556265
0.18772
0.101365
0
0.193345
0.108426
0.00554107
0.192445
0.106959
0.00596772
0.259712
0.234202
0.111907
0.227875
0.144512
0.00058033
0.230059
0.148805
0.00304956
0.245234
0.184133
0.031619
0.243498
0.17961
0.0272449
0.0811145
0.00318986
0
0.0794037
0.0023969
0
0.0680785
0.00052145
0
0.0604015
0.000179537
0
0.0731502
0.0180533
0
0.0723215
0.0247375
0
0.0743076
0.0228518
0
0.0820158
0.0252556
0
0.0882626
0.0252238
0
0.113021
0.068978
9.43875e-06
0.261617
0.246936
0.139521
0.261725
0.247899
0.143304
0.25532
0.214778
0.0885487
0.256043
0.217149
0.0887931
0.254934
0.213646
0.0900926
0.231647
0.166682
0.0549557
0.230384
0.164972
0.053994
0.211176
0.133304
0.0227284
0.172155
0.085952
0
0.0951049
0.034571
0
0.097557
0.0424585
0
0.107239
0.0613026
0
0.17433
0.0892523
0.0021014
0.17444
0.0881262
0.000651312
0.17412
0.0898128
0.00153438
0.173649
0.089487
0
0.233962
0.156623
0.00754878
0.0883681
0.0255676
0
0.0897636
0.0268879
0
0.224276
0.1373
0
0.240553
0.171851
0.019136
0.217373
0.125228
0
0.203561
0.103245
0
0.205851
0.106644
0
0.186167
0.0801
0
0.187855
0.0821254
0
0.201561
0.100183
0
0.199916
0.097878
0
0.183376
0.0768248
0
0.181082
0.0741586
0
0.0858264
0.00509962
0
0.0880625
0.00597931
0
0.100124
0.0118087
0
0.0984143
0.0110152
0
0.102028
0.0127287
0
0.104143
0.0138655
0
0.0839347
0.00440094
0
0.076352
0.00135462
0
0.0665727
0.000649088
0
0.0719366
0.000796872
0
0.0641633
0.000547897
0
0.0860871
0.0224806
0
0.0868754
0.0242694
0
0.261271
0.244003
0.130213
0.261399
0.24504
0.133952
0.260654
0.23972
0.120711
0.219659
0.147583
0.0376524
0.220078
0.14829
0.0384081
0.20984
0.131063
0.0206952
0.219198
0.146836
0.0367934
0.218258
0.145538
0.0339107
0.215133
0.13986
0.0298488
0.21344
0.136947
0.0265703
0.170834
0.0889116
0.00609778
0.0958449
0.0364825
0
0.0931666
0.0311148
0
0.0941852
0.0327801
0
0.262775
0.26136
0.226465
0.262704
0.259993
0.210059
0.262645
0.258939
0.200808
0.190972
0.105182
0.00329934
0.0741499
0.0141812
0
0.074063
0.014753
0
0.078105
0.0188467
0
0.0799139
0.0228079
0
0.092982
0.0322461
0
0.109368
0.0642945
0
0.256616
0.219591
0.0929134
0.228635
0.162247
0.0491729
0.229203
0.163293
0.0508214
0.175932
0.0901501
0.00892609
0.175322
0.0893089
0.00506942
0.17352
0.0882761
0
0.261298
0.243365
0.135933
0.261846
0.247005
0.145641
0.0667017
0.0160243
0
0.0633772
0.0101562
0
0.0920809
0.0295695
0
0.090944
0.0281443
0
0.195135
0.110725
0.0059481
0.196067
0.111939
0.00646138
0.184632
0.097892
0
0.186119
0.0994739
0
0.225932
0.140622
0
0.232441
0.153411
0.0054326
0.241969
0.175482
0.0229864
0.215448
0.121849
0
0.211136
0.114417
0
0.208397
0.110412
0
0.191836
0.0873436
0
0.189691
0.0845643
0
0.19425
0.0904773
0
0.196946
0.0939986
0
0.17816
0.0705203
0
0.0928674
0.00835026
0
0.0904373
0.00710087
0
0.0951926
0.00961623
0
0.0969566
0.0104346
0
0.109833
0.0168738
0
0.111371
0.0177442
0
0.108489
0.016356
0
0.106471
0.0152546
0
0.0829198
0.00416971
0
0.0778228
0.00183305
0
0.0673106
0.000605141
0
0.0695255
0.000430198
0
0.062411
0.000272152
0
0.0739671
0.0270236
0
0.0745812
0.0261622
0
0.0820682
0.0210074
0
0.0863866
0.0222975
0
0.114003
0.0703375
0.00020397
0.261843
0.249076
0.14899
0.26026
0.237267
0.1146
0.260519
0.238866
0.118896
0.260081
0.236067
0.111554
0.259823
0.23464
0.11156
0.255519
0.215299
0.0878065
0.255765
0.216099
0.0878306
0.231182
0.165919
0.0542397
0.230752
0.165346
0.0539621
0.210494
0.132171
0.0215432
0.216737
0.143219
0.0298723
0.217442
0.14436
0.0314718
0.215627
0.140847
0.0308406
0.216175
0.142187
0.0292371
0.212642
0.135864
0.0244952
0.171486
0.0862985
0
0.262801
0.261891
0.233854
)
;

boundaryField
{
    topAndBottom
    {
        type            calculated;
        value           nonuniform List<scalar> 
72
(
0.264652
0.264651
0.264363
0.264363
0.264074
0.264074
0.263785
0.263786
0.263497
0.263497
0.263209
0.263209
0.262921
0.262921
0.262633
0.262634
0.262345
0.262346
0.262057
0.262058
0.26177
0.26177
0.261482
0.261483
0.261194
0.261194
0.260907
0.260906
0.260619
0.260617
0.260331
0.260328
0.260043
0.260038
0.259756
0.259748
0.259468
0.259457
0.25918
0.259167
0.258892
0.258876
0.258604
0.258586
0.258316
0.258295
0.258028
0.258004
0.257741
0.257713
0.257453
0.257423
0.257165
0.257132
0.256878
0.256842
0.25659
0.256552
0.256302
0.256262
0.256015
0.255972
0.255727
0.255681
0.25544
0.255391
0.255152
0.2551
0.254865
0.25481
0.254578
0.25452
)
;
    }
    inlet
    {
        type            calculated;
        value           uniform 0;
    }
    outlet
    {
        type            calculated;
        value           nonuniform List<scalar> 
24
(
0.254578
0.254582
0.254587
0.254594
0.254604
0.254616
0.254635
0.254646
0.254661
0.254643
0.254016
0.240949
0.248494
0.254597
0.254664
0.25465
0.254623
0.254606
0.254578
0.254559
0.254545
0.254533
0.254526
0.25452
)
;
    }
    wing
    {
        type            calculated;
        value           uniform 0;
    }
    front
    {
        type            empty;
    }
    back
    {
        type            empty;
    }
}


// ************************************************************************* //
