/*--------------------------------*- C++ -*----------------------------------*\
| =========                 |                                                 |
| \\      /  F ield         | OpenFOAM: The Open Source CFD Toolbox           |
|  \\    /   O peration     | Version:  5.x                                   |
|   \\  /    A nd           | Web:      www.OpenFOAM.org                      |
|    \\/     M anipulation  |                                                 |
\*---------------------------------------------------------------------------*/
FoamFile
{
    version     2.0;
    format      ascii;
    class       volScalarField;
    location    "500";
    object      Y;
}
// * * * * * * * * * * * * * * * * * * * * * * * * * * * * * * * * * * * * * //

dimensions      [0 0 0 0 0 0 0];

internalField   nonuniform List<scalar> 
6584
(
0.00632781
0.00632781
0.00632781
0.00632781
0.00632781
0.00632781
0.00632781
0.00632782
0.00632782
0.00632782
0.00632782
0.00632782
0.00632782
0.00632782
0.00632782
0.00632782
0.00632782
0.00632781
0.00632781
0.00632781
0.00632781
0.00632781
0.00632781
0.00632781
0.00632561
0.00632561
0.00632561
0.00632562
0.00632562
0.00632562
0.00632562
0.00632563
0.00632563
0.00632563
0.00632563
0.00632563
0.00632564
0.00632564
0.00632563
0.00632563
0.00632563
0.00632563
0.00632562
0.00632562
0.00632562
0.00632561
0.00632561
0.00632561
0.00632341
0.00632342
0.00632342
0.00632342
0.00632342
0.00632342
0.00632343
0.00632344
0.00632345
0.00632454
0.00632454
0.00632454
0.00632454
0.00632454
0.00632454
0.00632345
0.00632344
0.00632344
0.00632343
0.00632343
0.00632342
0.00632342
0.00632342
0.00632341
0.00632122
0.00632122
0.00632122
0.00632122
0.00632123
0.00632123
0.00632124
0.00632125
0.00632126
0.00632235
0.00632235
0.00632234
0.00632234
0.00632235
0.00632235
0.00632235
0.00632125
0.00632124
0.00632124
0.00632123
0.00632123
0.00632123
0.00632122
0.00632122
0.00631902
0.00631902
0.00631903
0.00631903
0.00631903
0.00631904
0.00631904
0.00631904
0.00632015
0.00632015
0.00632014
0.00632013
0.00632013
0.00632014
0.00632016
0.00632016
0.00632016
0.00631906
0.00631905
0.00631904
0.00631904
0.00631903
0.00631903
0.00631903
0.00631683
0.00631683
0.00631683
0.00631684
0.00631684
0.00631685
0.00631685
0.00631794
0.00631794
0.00631793
0.00631847
0.00631845
0.00631844
0.00631847
0.00631795
0.00631797
0.00631797
0.00631689
0.00631687
0.00631686
0.00631685
0.00631684
0.00631684
0.00631683
0.00631464
0.00631464
0.00631464
0.00631465
0.00631465
0.00631466
0.00631467
0.00631576
0.00631574
0.00631573
0.00631622
0.00631644
0.00631641
0.00631621
0.00631631
0.0063158
0.00631581
0.00631473
0.00631469
0.00631468
0.00631466
0.00631465
0.00631465
0.00631464
0.00631244
0.00631245
0.00631245
0.00631246
0.00631247
0.00631248
0.0063125
0.00631358
0.00631357
0.00631357
0.006314
0.0063141
0.00631422
0.00631415
0.00631367
0.00631366
0.00631257
0.00631252
0.0063125
0.00631248
0.00631247
0.00631246
0.00631245
0.00631025
0.00631026
0.00631026
0.00631027
0.00631028
0.0063103
0.00631033
0.00631141
0.00631141
0.00631144
0.00631187
0.00631196
0.00631213
0.00631206
0.00631157
0.00631153
0.00631043
0.00631036
0.00631033
0.0063103
0.00631028
0.00631027
0.00631026
0.00630806
0.00630807
0.00630808
0.00630809
0.0063081
0.00630812
0.00630816
0.00630925
0.00630926
0.00630932
0.00630979
0.00630996
0.00631022
0.00631005
0.00630948
0.00630941
0.00630828
0.0063082
0.00630815
0.00630812
0.0063081
0.00630808
0.00630807
0.00630587
0.00630588
0.00630589
0.0063059
0.00630592
0.00630595
0.006306
0.00630709
0.00630712
0.00630721
0.00630772
0.00630797
0.00630832
0.00630804
0.00630741
0.00630729
0.00630613
0.00630604
0.00630598
0.00630594
0.00630591
0.00630589
0.00630588
0.00630368
0.00630369
0.0063037
0.00630372
0.00630374
0.00630377
0.00630383
0.00630492
0.00630498
0.00630508
0.00630563
0.00630593
0.00630635
0.00630599
0.00630531
0.00630517
0.00630398
0.00630387
0.0063038
0.00630376
0.00630372
0.0063037
0.00630368
0.00630149
0.0063015
0.00630151
0.00630153
0.00630156
0.0063016
0.00630166
0.00630275
0.00630282
0.00630293
0.00630349
0.00630379
0.00630425
0.00630389
0.00630319
0.00630303
0.00630182
0.0063017
0.00630163
0.00630157
0.00630153
0.00630151
0.00630149
0.0062993
0.00629931
0.00629933
0.00629935
0.00629938
0.00629942
0.00629948
0.00629952
0.00630064
0.00630074
0.00630127
0.00630149
0.00507161
0.00630174
0.00630173
0.00630104
0.00630088
0.00629966
0.00629953
0.00629945
0.00629938
0.00629934
0.00629931
0.00629929
0.00629711
0.00629712
0.00629714
0.00629716
0.00629719
0.00629723
0.00629729
0.00629731
0.00629843
0.00629852
0.00629906
0.00629898
0.0059818
0.00629952
0.00629894
0.00629886
0.00629755
0.00629746
0.00629733
0.00629725
0.0062972
0.00629715
0.00629711
0.00629709
0.00629492
0.00629493
0.00629495
0.00629497
0.00629501
0.00629504
0.00629509
0.00629511
0.00629623
0.00629633
0.00629632
0.00629675
0.0060053
0.00629676
0.00629674
0.00629667
0.00629537
0.00629527
0.00629513
0.00629505
0.00629499
0.00629494
0.00629491
0.00629488
0.00629273
0.00629274
0.00629276
0.00629278
0.00629282
0.00629285
0.00629289
0.00629293
0.00629299
0.00629415
0.00629414
0.0062894
0.00615626
0.00629456
0.00629455
0.00629448
0.00629317
0.00629307
0.00629293
0.00629285
0.00629278
0.00629273
0.0062927
0.00629267
0.00629053
0.00629055
0.00629057
0.00629059
0.00629063
0.00629065
0.0062907
0.00629075
0.00629081
0.00629086
0.00629195
0.00628448
0.0061575
0.00629236
0.00629126
0.00629111
0.00629097
0.00629087
0.00629073
0.00629064
0.00629058
0.00629052
0.00629049
0.00629046
0.00628834
0.00628836
0.00628838
0.0062884
0.00628844
0.00628846
0.00628852
0.00628857
0.00628863
0.00628867
0.00628787
0.00611981
0.00622431
0.00628908
0.00628907
0.00628891
0.00628877
0.00628867
0.00628853
0.00628843
0.00628837
0.00628831
0.00628828
0.00628824
0.00628615
0.00628617
0.00628618
0.00628621
0.00628625
0.00628628
0.00628633
0.00628639
0.00628645
0.00628649
0.00628499
0.00611831
0.00622257
0.00628688
0.00628687
0.00628672
0.00628657
0.00628647
0.00628632
0.00628623
0.00628616
0.0062861
0.00628607
0.00628603
0.00628396
0.00628397
0.00628399
0.00628402
0.00628406
0.00628409
0.00628415
0.00628421
0.00628427
0.0062843
0.00628215
0.00611675
0.00622076
0.00628469
0.00628468
0.00628452
0.00628437
0.00628426
0.00628412
0.00628402
0.00628394
0.00628389
0.00628385
0.00628381
0.00628176
0.00628178
0.0062818
0.00628184
0.00628187
0.0062819
0.00628197
0.00628203
0.0062821
0.00628212
0.00627933
0.00611515
0.0062189
0.00628249
0.00628249
0.00628233
0.00628217
0.00628206
0.00628191
0.00628181
0.00628173
0.00628167
0.00628164
0.00628159
0.00627957
0.00627959
0.00627961
0.00627965
0.00627969
0.00627972
0.00627979
0.00627985
0.00627992
0.00627993
0.00627654
0.00611351
0.00621701
0.0062803
0.0062803
0.00628014
0.00627997
0.00627985
0.0062797
0.0062796
0.00627952
0.00627946
0.00627942
0.00627937
0.00627738
0.0062774
0.00627742
0.00627746
0.0062775
0.00627754
0.00627761
0.00627767
0.00627775
0.00627775
0.00627378
0.00611183
0.00621508
0.00627811
0.00627811
0.00627794
0.00627777
0.00627765
0.00627749
0.00627738
0.0062773
0.00627724
0.0062772
0.00627716
0.00627519
0.00627521
0.00627523
0.00627527
0.00627531
0.00627535
0.00627543
0.0062755
0.00627558
0.00627556
0.00627104
0.00611013
0.00621313
0.00627591
0.00627592
0.00627575
0.00627557
0.00627544
0.00627528
0.00627517
0.00627509
0.00627502
0.00627498
0.00627494
0.006273
0.00627302
0.00627305
0.00627308
0.00627313
0.00627317
0.00627325
0.00627332
0.00627341
0.00627338
0.00626827
0.00610844
0.00621118
0.00627372
0.00627373
0.00627356
0.00627337
0.00627324
0.00627307
0.00627296
0.00627287
0.00627281
0.00627277
0.00627272
0.00627081
0.00627083
0.00627086
0.0062709
0.00627094
0.00627099
0.00627108
0.00627115
0.00627124
0.00627119
0.00626546
0.00610679
0.00620926
0.00627154
0.00627155
0.00627137
0.00627118
0.00627104
0.00627087
0.00627075
0.00627066
0.0062706
0.00627055
0.0062705
0.00626862
0.00626864
0.00626867
0.00626871
0.00626876
0.00626881
0.0062689
0.00626897
0.00626907
0.006269
0.00626267
0.00610512
0.00620732
0.00626935
0.00626937
0.00626918
0.00626898
0.00626884
0.00626866
0.00626854
0.00626845
0.00626838
0.00626834
0.00626829
0.00626643
0.00626645
0.00626648
0.00626652
0.00626658
0.00626663
0.00626672
0.0062668
0.0062669
0.00626681
0.0062599
0.00610344
0.00620537
0.00626717
0.00626718
0.006267
0.00626679
0.00626664
0.00626646
0.00626633
0.00626624
0.00626617
0.00626612
0.00626608
0.00626424
0.00626427
0.0062643
0.00626434
0.00626439
0.00626445
0.00626455
0.00626463
0.00626474
0.00626462
0.00625714
0.00610174
0.00620341
0.00626498
0.006265
0.00626481
0.00626459
0.00626444
0.00626425
0.00626413
0.00626403
0.00626395
0.00626391
0.00626386
0.00626206
0.00626208
0.00626211
0.00626215
0.00626221
0.00626227
0.00626237
0.00626246
0.00626257
0.00626243
0.0062544
0.00610004
0.00620144
0.00626279
0.00626282
0.00626262
0.0062624
0.00626224
0.00626204
0.00626192
0.00626182
0.00626174
0.00626169
0.00626164
0.00625987
0.00625989
0.00625992
0.00625997
0.00626003
0.00626009
0.0062602
0.00626029
0.00626041
0.00626023
0.00625166
0.00609833
0.00619947
0.00626061
0.00626064
0.00626043
0.0062602
0.00626003
0.00625984
0.00625971
0.0062596
0.00625953
0.00625947
0.00625943
0.00625768
0.0062577
0.00625774
0.00625778
0.00625784
0.00625791
0.00625803
0.00625813
0.00625824
0.00625804
0.00624892
0.00609662
0.00619749
0.00625842
0.00625845
0.00625825
0.00625801
0.00625783
0.00625763
0.0062575
0.00625739
0.00625731
0.00625726
0.00625721
0.00625549
0.00625552
0.00625555
0.0062556
0.00625566
0.00625574
0.00625586
0.00625596
0.00625608
0.00625584
0.00624619
0.00609491
0.00619552
0.00625624
0.00625627
0.00625606
0.00625581
0.00625563
0.00625542
0.00625529
0.00625518
0.00625509
0.00625504
0.00625499
0.00625331
0.00625333
0.00625337
0.00625341
0.00625348
0.00625356
0.00625369
0.00625379
0.00625391
0.00625364
0.00624344
0.0060932
0.00619355
0.00625405
0.00625409
0.00625387
0.00625362
0.00625343
0.00625322
0.00625307
0.00625296
0.00625288
0.00625282
0.00625278
0.00625112
0.00625115
0.00625118
0.00625123
0.0062513
0.00625139
0.00625152
0.00625162
0.00625175
0.00625144
0.00624067
0.0060915
0.00619158
0.00625187
0.00625191
0.00625168
0.00625142
0.00625123
0.00625101
0.00625086
0.00625075
0.00625066
0.00625061
0.00625056
0.00631222
0.00631235
0.00631416
0.00631021
0.00631045
0.00631211
0.00630822
0.00630857
0.00631022
0.00630619
0.00630662
0.00630833
0.00630406
0.00630454
0.00630637
0.00630178
0.00494248
0.00501676
0.00630234
0.00630427
0.00631439
0.00631641
0.00631444
0.00631647
0.0063124
0.00631226
0.00631416
0.00631308
0.00631409
0.00631238
0.00631254
0.0063141
0.00631031
0.00631022
0.006312
0.0063112
0.00630919
0.00631156
0.00630705
0.0063114
0.00631045
0.00631054
0.00631204
0.00630824
0.00630823
0.00630997
0.00630922
0.00630123
0.00630312
0.0062631
0.00628619
0.00630856
0.00630855
0.00631004
0.00630615
0.00630618
0.00630797
0.00630721
0.00630204
0.00630145
0.00629491
0.00627495
0.00630661
0.00630654
0.00630805
0.00630317
0.00630347
0.00630453
0.00630446
0.00630602
0.00630277
0.00630331
0.00629954
0.00529277
0.00494824
0.00572462
0.00630007
0.00630204
0.00631181
0.00631295
0.006313
0.00631291
0.00631104
0.00631407
0.00631305
0.00631157
0.00631301
0.0063131
0.00631299
0.00631192
0.00630368
0.0063086
0.00631095
0.00630311
0.00628433
0.00631045
0.00630405
0.00628764
0.00630683
0.00631116
0.00630892
0.00630362
0.0063118
0.00630908
0.00631139
0.00630137
0.00630119
0.00630897
0.00627883
0.00628652
0.00628348
0.00627851
0.00627416
0.00626177
0.00630928
0.0063013
0.00630235
0.00630351
0.00630144
0.00630952
0.00628251
0.00628964
0.00628711
0.00628133
0.00630329
0.00629603
0.00630736
0.00630467
0.00630554
0.0063024
0.00630454
0.00630761
0.00629547
0.00629764
0.00629048
0.00629501
0.00630335
0.00630326
0.0063055
0.00630502
0.0063056
0.00629875
0.00629531
0.00629786
0.00629871
0.00630174
0.00630266
0.00631327
0.00631309
0.00631413
0.00631324
0.00631398
0.00630403
0.00630405
0.00630592
0.00630514
0.00630283
0.0063027
0.00624338
0.00621123
0.00630232
0.00630231
0.00630393
0.006314
0.00631327
0.00631414
0.00631312
0.00631336
0.00630265
0.00630213
0.00630696
0.00477807
0.005018
0.00580571
0.00593108
0.0050325
0.00533387
0.00620497
0.00614559
0.00630534
0.00630493
0.0063042
0.00594629
0.00602377
0.00630408
0.00630319
0.00630346
0.00631531
0.00631519
0.00631423
0.00631425
0.0063152
0.00631531
0.00631312
0.0063135
0.00631323
0.00631403
0.00631333
0.00631364
0.0063087
0.00630966
0.00627626
0.00627745
0.00628813
0.00628582
0.00630276
0.00614686
0.00630424
0.00626756
0.00624696
0.00625085
0.00626962
0.00630312
0.00628859
0.00631241
0.00624063
0.00630454
0.00622674
0.00631217
0.0063064
0.00631322
0.00631348
0.00631282
0.00629529
0.00631237
0.00631246
0.00629262
0.00629144
0.00630864
0.00630818
0.00629561
0.00629668
0.00630435
0.00631072
0.00631109
0.00631024
0.0063106
0.00630427
0.0063107
0.00631171
0.00631209
0.00631122
0.00631159
0.00631034
0.0062825
0.00628293
0.00627908
0.00627868
0.00624581
0.00624803
0.00630018
0.00630887
0.00630921
0.00630842
0.00630876
0.00630011
0.00630265
0.00630978
0.00631012
0.00630932
0.00630966
0.00630252
0.0047988
0.00628586
0.00505501
0.00479025
0.00537139
0.0050724
0.00628686
0.00627631
0.00481599
0.00627754
0.00630121
0.00630072
0.00630342
0.00630797
0.00630831
0.00630751
0.00630785
0.00630367
0.00562545
0.00577956
0.00629271
0.00564248
0.00539384
0.00584617
0.00567087
0.00629336
0.00536555
0.00560109
0.0063034
0.00621351
0.0062472
0.00615417
0.00620669
0.00630339
0.0061309
0.00602363
0.0060507
0.00512343
0.0060326
0.00601292
0.00532379
0.0062671
0.00626947
0.00631382
0.00630185
0.00630179
0.00630378
0.00630297
0.00630215
0.00630285
0.00563929
0.00629865
0.0063009
0.00631382
0.00630252
0.00630282
0.00630487
0.00500717
0.00505901
0.00480982
0.00602153
0.00601967
0.00510389
0.005186
0.00625688
0.00626639
0.00434285
0.00631459
0.00631464
0.00631409
0.00631408
0.00631464
0.0063146
0.00631043
0.00631149
0.00631109
0.00630732
0.0063065
0.00631064
0.00630164
0.00630941
0.00630904
0.00630991
0.00630953
0.00630189
0.00626928
0.00628266
0.00629207
0.00627689
0.00600132
0.00594487
0.00630304
0.00627158
0.00628437
0.00628752
0.006287
0.005242
0.00631362
0.0063134
0.00631405
0.00631191
0.00630899
0.0063072
0.00631259
0.00631272
0.00631312
0.00631221
0.0063126
0.00631244
0.00630564
0.00631043
0.00631004
0.00631096
0.00631056
0.00630634
0.00629851
0.00610447
0.00622416
0.00601918
0.00603915
0.00628715
0.00623631
0.00624948
0.00630607
0.00629101
0.00630016
0.00630633
0.00631056
0.00631071
0.0063096
0.00630982
0.00630392
0.00630892
0.00630856
0.00630118
0.00628067
0.00596976
0.00590147
0.00628125
0.00599022
0.00601349
0.00588917
0.00590278
0.00627797
0.00626303
0.00625353
0.00630072
0.00630849
0.00630863
0.00630771
0.00630811
0.0063015
0.00630316
0.00630934
0.00630953
0.00630867
0.00630882
0.00630193
0.00630256
0.00624798
0.00626039
0.00623129
0.00622353
0.00629837
0.00630566
0.00630703
0.00630739
0.00630653
0.00630691
0.00630564
0.0062966
0.00597267
0.00586477
0.00608892
0.00605417
0.0062969
0.00543502
0.00548007
0.00629837
0.00612763
0.00609972
0.00538079
0.0054218
0.00606978
0.00601596
0.00631358
0.00631383
0.00631368
0.0059436
0.00623158
0.00598168
0.00600819
0.00600145
0.00622745
0.00631372
0.00631355
0.00631389
0.00631331
0.00631362
0.00480823
0.00488627
0.00503024
0.00501178
0.00586542
0.00516895
0.00513378
0.00526023
0.00518035
0.00588172
0.00511209
0.00516977
0.00618303
0.00617302
0.00598484
0.00538457
0.0053021
0.00519576
0.00524055
0.00631274
0.00631319
0.00631344
0.00631278
0.0063131
0.00631255
0.00630745
0.00631048
0.00627055
0.00628143
0.00629137
0.00627814
0.00615991
0.00626605
0.0062571
0.00627537
0.00626885
0.00615742
0.00623645
0.0062278
0.0062543
0.00624129
0.00626034
0.00609226
0.00612518
0.00603175
0.0060758
0.0062573
0.00591392
0.00593077
0.00627206
0.00631042
0.00630814
0.00631251
0.00631107
0.00628023
0.00629397
0.00628907
0.0063064
0.00629606
0.00631186
0.00631315
0.00631272
0.00631112
0.0063095
0.00631131
0.00630941
0.00631203
0.00631
0.00631204
0.00631265
0.00631042
0.0063118
0.00631271
0.00631224
0.00631148
0.00606611
0.00608672
0.00629676
0.00589448
0.00581044
0.00612209
0.00591255
0.00569054
0.0056154
0.00578481
0.00572319
0.0062882
0.00604624
0.00606094
0.00622566
0.00620286
0.0062865
0.00624436
0.00617435
0.00614809
0.00619857
0.00618122
0.00630663
0.00625249
0.00626076
0.00629216
0.00629956
0.00631021
0.00631047
0.00630527
0.00630401
0.0063099
0.00631013
0.00598745
0.00598156
0.00628121
0.00552923
0.00552943
0.00521908
0.00549158
0.00549989
0.0055956
0.00552286
0.00550291
0.00595628
0.00598253
0.00628061
0.00549636
0.00542068
0.00559744
0.00551969
0.00527918
0.00520405
0.00539148
0.00531415
0.00627812
0.0059155
0.00594593
0.00625534
0.00625181
0.00630831
0.00630844
0.00630056
0.00630093
0.00630815
0.00630827
0.00630909
0.00630927
0.00630304
0.00630207
0.00630887
0.00630904
0.00482585
0.00490794
0.00600564
0.00605071
0.00594639
0.0059896
0.00481705
0.00525269
0.00611066
0.00604111
0.00606306
0.00609935
0.00519036
0.00574973
0.00577564
0.00565153
0.00574004
0.0048908
0.00588812
0.00593433
0.00578998
0.00586376
0.00488874
0.00623702
0.00624491
0.00630228
0.00620341
0.00621952
0.00622375
0.00620262
0.00621934
0.00629894
0.00621876
0.00623038
0.0056877
0.00498017
0.00499365
0.00510827
0.00498717
0.00570992
0.00503243
0.00545649
0.0049978
0.00549531
0.00618164
0.00628268
0.00627736
0.00628892
0.00628444
0.0061862
0.00610785
0.00611668
0.00550028
0.00554947
0.00527201
0.00536352
0.0061065
0.00608214
0.0063145
0.00631464
0.00631627
0.00630318
0.00630297
0.00630211
0.00631427
0.0063143
0.00631396
0.00631391
0.0063143
0.00631428
0.0063153
0.00631525
0.0063143
0.00631201
0.00631162
0.00631076
0.00630714
0.00630061
0.00629967
0.00626455
0.00628498
0.00630795
0.00630759
0.00630168
0.00624859
0.00624463
0.00627552
0.00626314
0.00626947
0.00630389
0.00631237
0.00631254
0.00631214
0.00630188
0.00630508
0.00631148
0.0063128
0.0063124
0.00631279
0.00631011
0.0062858
0.00630044
0.00628876
0.0062987
0.00629767
0.00630621
0.00630714
0.00630721
0.00630373
0.00631089
0.00631105
0.00630941
0.0063012
0.00630843
0.00630807
0.00601693
0.00598825
0.00628479
0.0062727
0.00625394
0.00625231
0.00626044
0.00630115
0.00630612
0.00630616
0.0063034
0.00630699
0.00630706
0.0063062
0.00630624
0.00630159
0.006274
0.00606118
0.00603148
0.00630254
0.00630755
0.00630763
0.00630533
0.00630602
0.0063064
0.00507205
0.00507442
0.00615699
0.00613587
0.00629848
0.00507071
0.0050708
0.0062855
0.00628803
0.00630231
0.00631333
0.00631327
0.00476303
0.00480052
0.00481545
0.00499782
0.00504836
0.00477039
0.00478475
0.0050219
0.00497893
0.00529179
0.00609767
0.00608765
0.00615483
0.00545328
0.00539988
0.00599545
0.00631472
0.00631468
0.00631413
0.00631285
0.00631303
0.00631319
0.00631331
0.00631213
0.00631234
0.00631353
0.00631378
0.00631363
0.00630517
0.00630469
0.00630802
0.0063101
0.00630856
0.00630771
0.00627349
0.00627865
0.00625857
0.00626155
0.00628964
0.00628294
0.00624586
0.00625256
0.00617062
0.0061719
0.00620798
0.00620302
0.00614673
0.006175
0.00617861
0.00630399
0.00627197
0.0062788
0.00628249
0.00625576
0.00629241
0.00628807
0.00630964
0.0063079
0.00630057
0.00617798
0.00616028
0.00627704
0.00624573
0.00620128
0.00631339
0.00631324
0.00631247
0.00631234
0.00631062
0.00631154
0.00630052
0.00631113
0.00631179
0.00626343
0.00627725
0.00630982
0.00613729
0.0061158
0.00629455
0.00629772
0.00631154
0.00631169
0.00631122
0.00630954
0.00631121
0.00631138
0.00628431
0.00598517
0.00598556
0.00624603
0.00624926
0.00630661
0.00630667
0.00630278
0.00630236
0.00630649
0.00630655
0.00481876
0.0050332
0.00542886
0.00545469
0.00515667
0.0051775
0.00476626
0.00608226
0.00606671
0.00627515
0.00488551
0.0048532
0.00505045
0.00505464
0.00484289
0.00513557
0.00514528
0.00482752
0.00483433
0.00630739
0.00630747
0.00630266
0.00630409
0.00630723
0.00630731
0.00552198
0.00608946
0.00610472
0.00605733
0.00607337
0.00547979
0.00622913
0.00628581
0.00629013
0.0062889
0.00628744
0.00623432
0.00616547
0.00622102
0.00621434
0.00611492
0.00610142
0.00613287
0.00515639
0.00517841
0.00519196
0.00507614
0.00605617
0.00555424
0.00547917
0.00562058
0.00557278
0.00600148
0.00588824
0.00589337
0.00613394
0.00616126
0.00627414
0.00631374
0.00631382
0.00631361
0.0050079
0.00502327
0.00550243
0.0055007
0.00476024
0.00514829
0.00508203
0.005076
0.00507377
0.00507957
0.00517234
0.00436248
0.00609219
0.00610533
0.00631437
0.00631433
0.00631396
0.00630239
0.00630151
0.00630723
0.00630482
0.00630756
0.00630948
0.00630661
0.00630716
0.00626724
0.0062838
0.0062287
0.00623342
0.00623375
0.00622852
0.0062761
0.00624181
0.00624019
0.00598879
0.00589488
0.005894
0.00591164
0.00590789
0.00597285
0.00630848
0.0063105
0.00631063
0.00631011
0.00631037
0.00630792
0.00628987
0.00630454
0.00629652
0.00629369
0.00630383
0.00630729
0.00630737
0.00625371
0.00625488
0.00626964
0.00625632
0.00630604
0.00630608
0.00630091
0.00630686
0.00630693
0.00630328
0.00630178
0.00630628
0.00630633
0.0062316
0.00624749
0.00624097
0.00625295
0.0062509
0.00623001
0.0050786
0.00508766
0.00507634
0.0050722
0.00539514
0.00520589
0.00519532
0.0059135
0.00591331
0.00605342
0.00594246
0.0059653
0.0059008
0.00591861
0.00603432
0.00631351
0.00631342
0.00631348
0.00631347
0.00631375
0.00631379
0.00631389
0.00631359
0.00631367
0.00631365
0.00597306
0.0061154
0.00610726
0.00613802
0.0061263
0.00598203
0.00603673
0.00607681
0.00606
0.00610068
0.00609214
0.00602229
0.00631365
0.00631372
0.00631361
0.0063127
0.00631205
0.00631342
0.00631326
0.00476466
0.00496019
0.00482469
0.00481767
0.00502449
0.00501798
0.00534205
0.00536312
0.00514859
0.00477505
0.00476223
0.00507223
0.00488027
0.00488338
0.00486689
0.00523472
0.00490368
0.00482687
0.00610577
0.00612091
0.00619176
0.00606462
0.0060691
0.00605279
0.00605606
0.00616327
0.00608346
0.00608979
0.0052055
0.00505982
0.00506705
0.00505665
0.0050538
0.00521894
0.00631298
0.00631308
0.0063129
0.00631209
0.00631249
0.00631285
0.00630145
0.00630765
0.00630403
0.00630324
0.00630522
0.00630594
0.00630358
0.00630446
0.00627187
0.0062799
0.00623925
0.00624062
0.00623534
0.00623736
0.00629062
0.00626312
0.00626422
0.00623961
0.00624158
0.00628017
0.00624044
0.00618416
0.00617411
0.00615172
0.00619884
0.00619346
0.00623288
0.00618335
0.006182
0.00619925
0.00619012
0.00623034
0.00625094
0.00620712
0.00621238
0.00618781
0.00619791
0.00624648
0.00617959
0.00604636
0.00615653
0.00614835
0.00590332
0.00591196
0.0062683
0.00629612
0.00629429
0.00626394
0.00628718
0.00630323
0.00629899
0.00620666
0.00619162
0.00626018
0.0062636
0.00629083
0.00623805
0.00622264
0.00630577
0.00630807
0.00631176
0.00630961
0.00630277
0.00629349
0.00630229
0.00631096
0.00631167
0.00631188
0.00631085
0.0063112
0.00630971
0.00630797
0.00630949
0.00631221
0.00631163
0.00631132
0.00631237
0.00631182
0.00631241
0.00631077
0.00631096
0.00631007
0.00631106
0.00587232
0.00583955
0.00606279
0.00579742
0.00582727
0.0057345
0.00592875
0.00566187
0.00563689
0.00576251
0.00574354
0.00621424
0.00611022
0.00613519
0.0060594
0.0060841
0.00620763
0.00628164
0.00624319
0.00625451
0.00614995
0.00621648
0.00626998
0.00609549
0.00605535
0.00616738
0.00590157
0.00592594
0.0058601
0.00588046
0.00615963
0.00619413
0.00601719
0.0060371
0.00595333
0.00598384
0.00618795
0.0062935
0.00629872
0.00553979
0.00525284
0.005292
0.00517299
0.00521104
0.00553571
0.00529167
0.00531172
0.00530858
0.0053984
0.00551336
0.00496807
0.00500525
0.00503688
0.00497216
0.00554508
0.00551639
0.00510661
0.00513827
0.00504522
0.00507809
0.00551001
0.00547699
0.00545441
0.00557871
0.00554708
0.00524822
0.00522037
0.00536653
0.00534566
0.00624934
0.00625048
0.00630291
0.00630673
0.0063068
0.00630638
0.00630644
0.00630221
0.00483197
0.00533753
0.00539175
0.00499188
0.00476609
0.00521565
0.00527329
0.0049541
0.00491883
0.00575747
0.00528268
0.00528613
0.00569686
0.00523234
0.00513964
0.00528593
0.0052725
0.00572462
0.00503283
0.00499186
0.00507561
0.00511681
0.00487062
0.00488858
0.00498662
0.00624054
0.00627149
0.00626905
0.00627507
0.00627334
0.00624273
0.0062089
0.00621655
0.00621618
0.00620223
0.00620211
0.0062079
0.00621825
0.00625776
0.00625495
0.00626563
0.00626157
0.00622316
0.00498399
0.0051399
0.00515772
0.00511392
0.00512683
0.0049886
0.00506193
0.00527228
0.00531272
0.00518596
0.00522651
0.00501565
0.00502456
0.00489296
0.00491548
0.00488398
0.00488589
0.00499885
0.00506722
0.00509656
0.00496055
0.00501392
0.00499067
0.0062311
0.00622676
0.00617577
0.00610629
0.00612676
0.00510866
0.00514322
0.00530779
0.00511923
0.0050791
0.00518175
0.00515939
0.0053399
0.00508331
0.00508116
0.00589468
0.0058986
0.00631903
0.00631903
0.00632014
0.00631901
0.00631901
0.00632013
0.00631901
0.00631901
0.00632013
0.00631903
0.00631905
0.00632015
0.00631682
0.0063168
0.00631792
0.00631678
0.00631676
0.00631847
0.00631673
0.00631671
0.00631844
0.00631671
0.00631675
0.00631845
0.00631678
0.00631682
0.00631849
0.00631686
0.00631688
0.00631796
0.00631465
0.0063146
0.00631625
0.00631455
0.00631444
0.00631618
0.00631556
0.00631553
0.00631644
0.00631548
0.00631551
0.00631641
0.00631564
0.00631568
0.00631622
0.00631468
0.00631473
0.0063158
0.0063125
0.00631244
0.00631405
0.00631346
0.00631345
0.00631399
0.00631382
0.0063138
0.00631408
0.0063134
0.00631352
0.00631432
0.00631258
0.00631264
0.00631368
0.00631038
0.00631033
0.00631191
0.00631134
0.00631134
0.00631186
0.00631171
0.00631171
0.00631196
0.0063114
0.00631149
0.00631223
0.00631055
0.00631058
0.00631161
0.00630827
0.00630825
0.00630981
0.00630927
0.00630929
0.0063098
0.00630971
0.00630971
0.00630995
0.00630951
0.00630954
0.00631027
0.00630854
0.00630853
0.00630955
0.00630615
0.00630616
0.00630773
0.0063072
0.00630723
0.00630775
0.00630772
0.00630773
0.00630798
0.0063076
0.00630757
0.00630831
0.00630651
0.00630646
0.0063075
0.00630401
0.00630403
0.00630563
0.00630566
0.00630567
0.00630593
0.00630558
0.00630551
0.00630629
0.00630442
0.00630436
0.00630542
0.00630185
0.00630185
0.00630349
0.00630343
0.00630343
0.00630396
0.00630227
0.00630223
0.0063033
0.00629962
0.00629958
0.00630069
0.00629961
0.00629956
0.00630122
0.00630065
0.00629946
0.00630029
0.00523115
0.00623683
0.00624274
0.00630008
0.00630012
0.00630177
0.00630004
0.00630006
0.00630115
0.00629743
0.0062974
0.00629849
0.00629742
0.00629735
0.006299
0.00629731
0.00563012
0.00561275
0.00600002
0.00629783
0.00629951
0.00629785
0.00629791
0.00629954
0.00629784
0.00629786
0.00629896
0.00629523
0.00629518
0.00629629
0.00629217
0.00594574
0.00563514
0.00615543
0.00629547
0.00629727
0.00629566
0.00629571
0.00629681
0.00631222
0.00631247
0.00631248
0.0063126
0.00631269
0.00631229
0.00631414
0.00631387
0.00631389
0.0063102
0.00631045
0.00631046
0.00631069
0.00631068
0.00631033
0.00631216
0.00631178
0.00631187
0.00630823
0.00630847
0.00630847
0.00630881
0.00630883
0.00630849
0.00631021
0.00630987
0.00630998
0.00630619
0.00630645
0.00630645
0.00630687
0.00630694
0.00630657
0.00630837
0.00630802
0.00630809
0.00630481
0.00630479
0.00630452
0.00630632
0.00630607
0.00630611
0.00630056
0.0063019
0.00630268
0.00475741
0.00541915
0.00542614
0.00585452
0.00585595
0.00437739
0.00630425
0.00630398
0.006304
0.00631428
0.00631523
0.00631526
0.006314
0.006314
0.0063139
0.00631641
0.0063155
0.00631547
0.00631399
0.00631401
0.00631472
0.00631471
0.00631442
0.00631645
0.00631556
0.00631559
0.00631239
0.00631292
0.00631293
0.00631305
0.0063129
0.00631237
0.00631397
0.00631343
0.00631332
0.00631322
0.00631317
0.0063129
0.00631406
0.0063139
0.00631394
0.00631249
0.00631326
0.00631314
0.00631306
0.00631306
0.00631255
0.00631409
0.00631357
0.00631358
0.00631032
0.00631083
0.00631082
0.00631098
0.00631083
0.00631032
0.00631186
0.00631134
0.00631123
0.0063112
0.00631145
0.00631145
0.00630966
0.00631077
0.00631056
0.00631186
0.0063117
0.00631132
0.00631076
0.00631006
0.00631113
0.00631051
0.00631124
0.00631116
0.00631103
0.00631107
0.00631058
0.00631205
0.00631156
0.00631153
0.00630827
0.00630878
0.00630876
0.00630898
0.0063088
0.00630829
0.00630982
0.00630931
0.00630923
0.00630921
0.00630946
0.00630946
0.00630131
0.00630729
0.00630717
0.00630825
0.00630803
0.00630263
0.00630857
0.0063093
0.00630927
0.00630905
0.00630911
0.00630861
0.00631009
0.0063096
0.00630954
0.00630619
0.00630671
0.00630668
0.00630696
0.00630675
0.00630623
0.00630778
0.00630727
0.00630721
0.00630722
0.00630747
0.00630747
0.00630176
0.00630746
0.0063071
0.00630638
0.00630631
0.00630152
0.0062938
0.0062691
0.00627237
0.00630655
0.00630731
0.00630735
0.00630705
0.00630711
0.00630661
0.00630812
0.00630762
0.00630755
0.00630306
0.00628698
0.00629061
0.00629749
0.0062981
0.00630363
0.00630449
0.00630502
0.00630532
0.00630498
0.00630505
0.00630452
0.00630609
0.00630557
0.00630551
0.00630286
0.00630109
0.00630112
0.00630032
0.00630052
0.00630325
0.00629885
0.00629918
0.00630009
0.00525412
0.00628672
0.00628535
0.00602242
0.0060269
0.00497839
0.00629778
0.00629843
0.00566219
0.00630063
0.00630059
0.00629987
0.00630182
0.00630087
0.00630119
0.00631202
0.00631216
0.00631202
0.00631308
0.00631267
0.00631253
0.00631274
0.00631273
0.006313
0.00631276
0.00631224
0.00631286
0.00631392
0.0063139
0.00631405
0.00631299
0.00631315
0.00631319
0.00631169
0.00631124
0.00631107
0.00631299
0.00631291
0.00631294
0.00631308
0.00631282
0.00631284
0.00631286
0.0063129
0.00631303
0.0063121
0.00631223
0.00631213
0.00630429
0.00630873
0.00630848
0.00631032
0.00631006
0.00630786
0.0063107
0.0063107
0.00631095
0.00630188
0.00628912
0.00629264
0.00624919
0.0062508
0.00628521
0.00629492
0.00629653
0.00630481
0.00631116
0.0063108
0.00631092
0.00630862
0.00630982
0.00631001
0.00631136
0.00631183
0.00631197
0.00631014
0.00631025
0.00630919
0.00631163
0.00631165
0.00631128
0.00630129
0.00630653
0.00630646
0.00630707
0.00630697
0.00630118
0.00630872
0.00630872
0.00630897
0.00627948
0.00623817
0.00623653
0.00625472
0.00625316
0.0062859
0.0062827
0.00624621
0.00624768
0.00623541
0.00623473
0.00627812
0.00630929
0.00630895
0.00630905
0.00630631
0.00630628
0.00630222
0.00630975
0.00630975
0.00630941
0.00628367
0.00616792
0.00614955
0.00623913
0.00623515
0.00628876
0.00628769
0.00625783
0.00625631
0.00614372
0.00612348
0.00628011
0.00630307
0.00629598
0.00629679
0.00627585
0.00627875
0.006297
0.00630743
0.00630706
0.00630712
0.00630497
0.00630688
0.00630697
0.00630629
0.00630639
0.00630558
0.00630243
0.00630633
0.00630632
0.00630705
0.00630714
0.00630418
0.00630785
0.0063079
0.00630755
0.00629588
0.00626909
0.00626697
0.00627881
0.00627748
0.00629742
0.00629127
0.00624655
0.0062429
0.00626467
0.00626217
0.00629451
0.00630338
0.00629977
0.00630006
0.00629166
0.00629434
0.00630333
0.00630545
0.00630607
0.00630618
0.0063055
0.00630589
0.00630526
0.00630585
0.00630582
0.00630557
0.00629873
0.00617751
0.00616298
0.00615301
0.00617153
0.00629843
0.00629806
0.00628115
0.00628003
0.00630218
0.00628834
0.00628857
0.00631326
0.00631353
0.00631354
0.00631352
0.00631363
0.00631322
0.00631405
0.00631377
0.00631367
0.00631394
0.00631384
0.00631388
0.00630486
0.00630464
0.0063041
0.0063057
0.00630517
0.00630513
0.00630514
0.00630541
0.0063054
0.00630283
0.00630526
0.006305
0.00630576
0.00630551
0.00630281
0.00623952
0.00619517
0.00620184
0.00615022
0.00616091
0.00621734
0.00630234
0.00630289
0.00630316
0.00631391
0.00631388
0.00631398
0.00631299
0.00631326
0.00631342
0.00631369
0.00631382
0.00631424
0.00631326
0.00631368
0.00631354
0.00631362
0.00631361
0.00631334
0.00630246
0.00630647
0.00630601
0.00630697
0.0063066
0.00630238
0.0063067
0.00630671
0.00630697
0.00582802
0.00559724
0.00557461
0.00572079
0.0056969
0.00591455
0.0061987
0.00613068
0.00613973
0.00630531
0.00630505
0.00630507
0.00630463
0.00630498
0.00630537
0.00630445
0.00630484
0.00630453
0.00596063
0.00576698
0.00574454
0.00586431
0.00584955
0.00601468
0.00630371
0.00630392
0.00630419
0.00630338
0.00630365
0.00630358
0.00630373
0.00630371
0.00630344
0.00631532
0.00631481
0.00631478
0.00631487
0.00631484
0.00631534
0.00631415
0.00631467
0.00631471
0.0063144
0.00631438
0.00631422
0.00631535
0.00631485
0.00631489
0.00631479
0.00631482
0.00631532
0.00631351
0.00631326
0.00631336
0.00631373
0.00631386
0.00631403
0.0063134
0.00631349
0.00631343
0.00631378
0.00631375
0.0063136
0.00628053
0.00628549
0.00630292
0.00630417
0.00630055
0.00630092
0.00626546
0.00623626
0.00623983
0.00620798
0.00621332
0.00625019
0.00626028
0.00629132
0.00629018
0.00629319
0.00629232
0.00626283
0.00630319
0.0063007
0.00630084
0.0063108
0.00631195
0.0063126
0.00631185
0.00630625
0.00631011
0.00630797
0.00631131
0.00631055
0.00631336
0.00631324
0.00631301
0.00631333
0.0063133
0.00631344
0.00631219
0.00631206
0.00631227
0.00631255
0.00631242
0.00631231
0.00626419
0.00626661
0.00629385
0.00629034
0.00626002
0.00626203
0.00630436
0.00630541
0.00630906
0.00630769
0.00630228
0.00630332
0.00630783
0.00630797
0.00630448
0.00631084
0.00631071
0.00631058
0.00631098
0.00631085
0.00631097
0.00631036
0.0063102
0.00631007
0.00631045
0.00631032
0.00631048
0.00630419
0.00630763
0.00630772
0.00631121
0.00631134
0.00631093
0.00631184
0.00631178
0.00631165
0.00631204
0.00631191
0.00631196
0.00631134
0.00631125
0.00631112
0.00631152
0.00631139
0.00631146
0.00630998
0.00631087
0.00631105
0.00624585
0.00624502
0.00628209
0.00628338
0.00624757
0.00624669
0.00623864
0.00623976
0.00627953
0.00627841
0.00623668
0.0062376
0.00630593
0.00630595
0.00630029
0.00630899
0.00630882
0.00630871
0.00630904
0.00630893
0.0063091
0.00630854
0.00630839
0.00630828
0.0063086
0.00630849
0.00630865
0.00630016
0.00630593
0.00630592
0.00630989
0.00630971
0.0063096
0.00630995
0.00630983
0.00631001
0.00630944
0.00630926
0.00630915
0.00630948
0.00630937
0.00630955
0.00622177
0.00617418
0.00628482
0.00534415
0.00568058
0.00571021
0.00547685
0.00550122
0.00509573
0.00628783
0.00623077
0.00622628
0.00627883
0.00611475
0.0060887
0.00629002
0.00629126
0.00630163
0.00630014
0.00628677
0.00628849
0.00630645
0.00630641
0.00630313
0.00630808
0.00630795
0.00630785
0.00630817
0.00630806
0.0063082
0.00630762
0.00630752
0.0063074
0.00630774
0.00630763
0.00630774
0.00630385
0.00630649
0.00630648
0.00564675
0.00537817
0.00535758
0.00554763
0.00551587
0.00575724
0.00625345
0.00625009
0.00629201
0.00560816
0.00589294
0.00591481
0.00573477
0.0057599
0.0054171
0.00577414
0.00614279
0.00615363
0.00611836
0.00613093
0.00574743
0.00629396
0.00625945
0.00625656
0.00539348
0.00507347
0.00504963
0.00533246
0.00529752
0.00557134
0.00629903
0.00629943
0.0063034
0.00621892
0.00625429
0.00625089
0.00627315
0.00627086
0.00624335
0.00624697
0.00624274
0.00619895
0.00630337
0.00629804
0.00629857
0.00603378
0.00568202
0.00563555
0.00573889
0.00569914
0.0060434
0.00604096
0.00589346
0.00587906
0.00626539
0.00616852
0.00618435
0.00624316
0.00624633
0.00627119
0.00630238
0.00630246
0.00630188
0.00630356
0.00630301
0.00630295
0.00630239
0.00630315
0.00630288
0.00630369
0.00630342
0.00630262
0.00619066
0.00618709
0.00561255
0.00629894
0.00628439
0.00628447
0.00628498
0.00628476
0.0062994
0.00630269
0.00630422
0.00630396
0.00630475
0.00630449
0.00630273
0.0063046
0.00630461
0.00630488
0.00513193
0.00508589
0.00476947
0.00601786
0.00575841
0.0056875
0.0057693
0.00576284
0.00601742
0.00626402
0.00614016
0.00612511
0.00618092
0.0062064
0.0062666
0.00434701
0.00535075
0.00555143
0.00631461
0.00631441
0.00631439
0.00631446
0.00631445
0.00631463
0.00631401
0.00631435
0.00631428
0.00631418
0.00631416
0.00631405
0.00631464
0.00631444
0.00631447
0.00631439
0.00631441
0.00631461
0.00631117
0.00631098
0.00631006
0.00631136
0.00631126
0.0063114
0.00631096
0.00631111
0.00631122
0.00631086
0.00630954
0.00630923
0.00630753
0.00630741
0.00630144
0.00630928
0.00630889
0.00630901
0.00630865
0.00630877
0.00630916
0.00630978
0.00630941
0.00630956
0.00630914
0.00630927
0.00630965
0.00630222
0.00630784
0.00630767
0.00626531
0.00626677
0.00629285
0.00630094
0.00630103
0.00630295
0.00628167
0.00629462
0.00629396
0.0062957
0.0062952
0.00628309
0.00628742
0.00619917
0.006155
0.00619962
0.0061996
0.00628724
0.00522947
0.00590484
0.00589992
0.00631359
0.00631374
0.00631377
0.00631368
0.00631371
0.00631355
0.00631402
0.00631386
0.00631377
0.00631149
0.00631136
0.0063118
0.00631263
0.00631276
0.00631272
0.00631286
0.00631281
0.00631268
0.00631308
0.00631295
0.00631299
0.00631234
0.00631229
0.00631216
0.00631255
0.00631242
0.00631247
0.00631229
0.00631237
0.0063125
0.00630925
0.00630899
0.00630496
0.0063103
0.00631002
0.00631018
0.00630971
0.00630986
0.00631017
0.00631083
0.00631065
0.00631081
0.00631034
0.00631049
0.0063107
0.00630708
0.00630979
0.00630952
0.0062781
0.00628389
0.00630029
0.00614063
0.00624197
0.00622483
0.0062701
0.00625972
0.00619554
0.0060253
0.0061766
0.00617386
0.00618266
0.00617954
0.006032
0.00628617
0.00625252
0.00625434
0.00624232
0.00627858
0.00627542
0.00628283
0.00628086
0.00624624
0.00630546
0.00629783
0.00629901
0.00630902
0.00630953
0.00630792
0.00631064
0.00631053
0.00631032
0.00630968
0.00630897
0.00630889
0.00630914
0.00630905
0.00630975
0.0063088
0.00630842
0.00630853
0.00630819
0.0063083
0.00630868
0.00630117
0.00630688
0.00630678
0.00624169
0.00623998
0.00628006
0.00594893
0.00615206
0.00615782
0.0061397
0.00614547
0.0059234
0.00624338
0.00624475
0.00628194
0.00599861
0.0061656
0.00616266
0.00617127
0.00616857
0.00600716
0.00588538
0.00613417
0.00613593
0.00613606
0.00613384
0.00589168
0.00627811
0.0062345
0.00623448
0.00630853
0.0063078
0.00630776
0.00630789
0.00630784
0.00630858
0.00630752
0.00630751
0.00630808
0.00630196
0.00630622
0.00630614
0.0063094
0.00630867
0.0063086
0.00630881
0.00630874
0.00630947
0.00630872
0.00630798
0.00630793
0.00630807
0.00630802
0.00630877
0.00629415
0.00629508
0.00630283
0.00625215
0.00627912
0.00627698
0.00628323
0.00628128
0.0062566
0.00629777
0.00628076
0.00628222
0.00630669
0.00630678
0.00630567
0.00630715
0.00630707
0.00630695
0.00630729
0.00630718
0.00630727
0.00630665
0.0063066
0.00630648
0.00630684
0.00630672
0.00630679
0.00630561
0.00630649
0.00630659
0.00627285
0.00627104
0.00629626
0.0059283
0.0061806
0.00618825
0.00616341
0.00617235
0.00591297
0.00607766
0.00620738
0.00621289
0.00619513
0.00620148
0.00606617
0.00629717
0.00627606
0.00627451
0.00544863
0.00524808
0.00523706
0.00527668
0.00526056
0.00546321
0.00628314
0.00628219
0.00629822
0.00611893
0.00622702
0.00623101
0.00621802
0.0062227
0.00610967
0.00522654
0.00521618
0.00540857
0.00631378
0.00631373
0.00631363
0.00618265
0.00618863
0.00623556
0.00622281
0.00617002
0.00617684
0.00631367
0.00631377
0.00631381
0.00631394
0.00631383
0.00631378
0.00631352
0.00631343
0.00631355
0.00563592
0.00561705
0.00584736
0.0051592
0.00538014
0.00539605
0.00522299
0.00545852
0.00548906
0.00541296
0.00543317
0.00519685
0.00589869
0.00567498
0.00565469
0.00580421
0.00578679
0.00597346
0.00536568
0.00557578
0.00559595
0.0055213
0.00555111
0.00533907
0.00631327
0.00631319
0.0063131
0.00631339
0.00631329
0.00631336
0.00631288
0.00631269
0.00631256
0.006313
0.00631284
0.00631299
0.00630904
0.00630888
0.00631032
0.00626298
0.00622695
0.00623313
0.0062164
0.00622106
0.00625993
0.00627334
0.0062458
0.00624921
0.00623843
0.00624244
0.00627123
0.00622792
0.00623234
0.00626307
0.0061062
0.00618654
0.00617948
0.00619784
0.00619252
0.00611652
0.00617175
0.00616402
0.00605987
0.00625387
0.00621829
0.0062232
0.00630979
0.00630521
0.00630633
0.00630213
0.00630405
0.0063091
0.00631221
0.00631099
0.00631171
0.00630777
0.00630951
0.00631172
0.00629235
0.00626613
0.00626871
0.00630286
0.00628624
0.00629757
0.00627216
0.00627779
0.00629904
0.00631269
0.00631208
0.00630976
0.00631303
0.00631281
0.00631303
0.00631215
0.00631251
0.00631289
0.00631215
0.00631186
0.00631165
0.00631263
0.00631253
0.00631263
0.00631193
0.00631233
0.00631248
0.00631202
0.00631217
0.00631167
0.00607172
0.00620153
0.00619775
0.0062133
0.00620633
0.00607814
0.00629523
0.0062695
0.0062732
0.00625622
0.0062581
0.00628924
0.0060515
0.00618871
0.0061858
0.00619449
0.00619153
0.00605612
0.00630013
0.00630121
0.00630718
0.0062554
0.00628649
0.00628468
0.00629
0.00628826
0.00625818
0.00631029
0.00630975
0.00630963
0.0063101
0.0063099
0.00631038
0.00630473
0.00630818
0.00630852
0.00630745
0.00630754
0.00630411
0.00630997
0.00630933
0.00630923
0.00630952
0.00630942
0.00631005
0.00598871
0.00616602
0.00616736
0.00616188
0.00616437
0.00598674
0.00628166
0.00624413
0.00624307
0.00596696
0.0061544
0.00615124
0.00615989
0.00615723
0.00597532
0.00628006
0.00624091
0.0062421
0.00623506
0.00623584
0.00627814
0.00592721
0.00614236
0.00613919
0.00614814
0.00614524
0.00593643
0.00630835
0.00630765
0.00630761
0.00630772
0.00630768
0.0063084
0.00630042
0.00630598
0.00630601
0.00630605
0.00630598
0.00630042
0.00630819
0.00630754
0.00630753
0.00630758
0.00630756
0.00630823
0.00630915
0.00630841
0.00630835
0.00630853
0.00630847
0.00630921
0.00630893
0.00630818
0.00630812
0.00630829
0.00630823
0.00630898
0.00602071
0.00575041
0.00571911
0.00579687
0.0057759
0.00603665
0.00595927
0.00562477
0.00560467
0.00568438
0.00565141
0.00597372
0.00560689
0.0056422
0.00530593
0.00612111
0.00592254
0.00590089
0.00607544
0.005835
0.00581573
0.00587832
0.00585573
0.00608717
0.00513418
0.0055316
0.00556833
0.00528535
0.00528053
0.00576549
0.00590714
0.00554987
0.00551564
0.00558826
0.00557166
0.00592183
0.00581047
0.005342
0.00530429
0.00546308
0.00539949
0.00583635
0.00630197
0.00629229
0.00629322
0.00628355
0.00628507
0.00629956
0.00542065
0.00539811
0.00566697
0.00573359
0.00548131
0.00544835
0.00514001
0.00510114
0.00542259
0.00553518
0.00524873
0.00519214
0.00628109
0.00625985
0.00626266
0.00625287
0.00625653
0.0062793
0.00628755
0.00627018
0.00627263
0.00626519
0.00626769
0.00628608
0.00619173
0.00623859
0.00623479
0.00552359
0.00532931
0.00529947
0.0053662
0.00535945
0.00554597
0.00610186
0.00600214
0.00600251
0.00597926
0.0059911
0.00609253
0.00631459
0.00631513
0.00631535
0.00631518
0.00631516
0.00631462
0.0063027
0.00630283
0.00630311
0.00630225
0.00630254
0.00630241
0.00631428
0.00631416
0.00631415
0.0063142
0.00631419
0.00631431
0.00631392
0.00631407
0.00631409
0.00631405
0.006314
0.00631391
0.00631429
0.00631417
0.00631418
0.00631415
0.00631415
0.00631428
0.00631494
0.00631496
0.00631526
0.00631439
0.00631468
0.00631478
0.00631106
0.00631153
0.00631135
0.0063016
0.00630623
0.00630616
0.00626525
0.00628618
0.00628483
0.00628866
0.00628742
0.00626725
0.00630376
0.00629866
0.00629918
0.00631245
0.00631231
0.0063122
0.00630301
0.0063084
0.00630775
0.00630956
0.00630899
0.00630403
0.00631267
0.0063128
0.0063129
0.0063126
0.0063127
0.00631254
0.00631287
0.00631282
0.00631273
0.00630877
0.00630971
0.00631032
0.00629391
0.00630436
0.00630188
0.00630698
0.00630594
0.0062982
0.0063093
0.00631035
0.00631046
0.0063067
0.00630661
0.00630124
0.00630832
0.00630796
0.00630807
0.00630774
0.00630785
0.00630819
0.00600362
0.00618105
0.00618519
0.00617503
0.00617763
0.00599398
0.00628535
0.00625176
0.00625053
0.00605416
0.00619816
0.00620177
0.00618959
0.00619372
0.00604436
0.00630634
0.00630632
0.00630247
0.00630585
0.00630597
0.00630539
0.00630636
0.00630624
0.00630628
0.0061505
0.00624116
0.00624401
0.00623469
0.00623806
0.00614349
0.00629858
0.0062848
0.00628401
0.00628651
0.00629648
0.00629612
0.00629699
0.00629677
0.00628736
0.00543188
0.00564798
0.00566701
0.00561359
0.00563048
0.00541479
0.00600526
0.00583494
0.00581998
0.00631472
0.00631455
0.00631456
0.0063145
0.00631452
0.00631469
0.00631419
0.00631435
0.00631432
0.00631361
0.00631357
0.00631348
0.00631376
0.00631366
0.0063137
0.00631354
0.00631359
0.00631368
0.00629967
0.00630014
0.00630409
0.00627452
0.00629113
0.00628991
0.00629322
0.00629224
0.00627684
0.00631317
0.00631329
0.00631332
0.00631276
0.0063131
0.00631295
0.00626657
0.00629377
0.00629179
0.00629888
0.00629609
0.00627086
0.00630946
0.00630652
0.00630767
0.00631109
0.00631145
0.00631155
0.00631058
0.00631071
0.00630972
0.00624947
0.00624848
0.00628382
0.00598387
0.00617141
0.00617304
0.00616864
0.00616997
0.00598422
0.00607665
0.00621068
0.00621383
0.00620493
0.00620792
0.00607169
0.00630286
0.00630638
0.00630635
0.00630649
0.00630649
0.00630398
0.00583899
0.00586764
0.00556706
0.00544421
0.00578311
0.00581174
0.00626192
0.00625817
0.00622391
0.0062749
0.00627694
0.00629118
0.00623914
0.00626825
0.00626526
0.00592035
0.00590735
0.00604899
0.00553252
0.00572802
0.00574594
0.00568751
0.00570821
0.00550672
0.00560517
0.00580345
0.00581941
0.00576771
0.00578643
0.00558942
0.00614336
0.00620807
0.00620297
0.00621765
0.00621305
0.00615273
0.00627276
0.00624929
0.00625203
0.0054827
0.00529706
0.00532147
0.00531007
0.0053016
0.00548932
0.00476309
0.00507941
0.0050825
0.00524473
0.00528208
0.00435398
0.00611107
0.00589187
0.00578723
0.00598429
0.00595447
0.0061067
0.00631437
0.00631426
0.00631428
0.00631421
0.00631423
0.00631434
0.00631401
0.00631412
0.00631409
0.00632125
0.00632124
0.00632235
0.00632124
0.00632124
0.00632234
0.00632124
0.00632124
0.00632234
0.00632125
0.00632125
0.00632235
0.00631905
0.00631904
0.00632015
0.00631905
0.00631905
0.00632015
0.00631684
0.00631684
0.00631794
0.00631788
0.00631788
0.00631845
0.00631787
0.00631787
0.00631844
0.00631688
0.00631688
0.00631797
0.00631465
0.00631466
0.00631575
0.00631566
0.00631565
0.00631622
0.00631611
0.0063161
0.00631641
0.00631473
0.00631473
0.0063158
0.00631249
0.0063125
0.00631357
0.00631394
0.00631398
0.00631425
0.00631261
0.00631259
0.00631366
0.00631034
0.00631036
0.00631142
0.00631188
0.00631191
0.00631216
0.00631052
0.00631049
0.00631154
0.00630819
0.00630823
0.00630929
0.00630998
0.00630999
0.00631023
0.00630845
0.00630839
0.00630944
0.00630605
0.0063061
0.00630717
0.00630808
0.00630808
0.00630832
0.00630636
0.00630628
0.00630734
0.0063039
0.00630396
0.00630503
0.0063051
0.00630513
0.00630566
0.0063061
0.00630609
0.00630635
0.00630425
0.00630416
0.00630523
0.00630174
0.0063018
0.00630288
0.00630295
0.00630298
0.00630352
0.00630351
0.00630352
0.00630379
0.00630212
0.00630202
0.0063031
0.00629954
0.00629959
0.0063007
0.00630071
0.00630073
0.00630129
0.00512544
0.00585879
0.00585315
0.00630119
0.00630124
0.00630179
0.00629996
0.00629987
0.00630095
0.00629732
0.00629739
0.00629848
0.00629843
0.00629733
0.00629816
0.00598878
0.00629047
0.00629099
0.00629896
0.00629903
0.00629958
0.00629776
0.00629765
0.00629874
0.00629524
0.00629521
0.0062963
0.00629565
0.00629567
0.00629677
0.00629304
0.00629294
0.00629407
0.00628672
0.00594791
0.00594684
0.00615692
0.00629319
0.00629433
0.00629346
0.00629351
0.00629461
0.00630407
0.00630434
0.00630433
0.00630262
0.00630261
0.00630232
0.00631437
0.00631466
0.00631467
0.00631641
0.00631611
0.00631611
0.00631252
0.00631255
0.00631229
0.00631241
0.00631266
0.00631263
0.00631047
0.00631049
0.00631024
0.00631203
0.00631177
0.00631174
0.00631046
0.0063107
0.00631069
0.00630848
0.00630848
0.00630823
0.00630999
0.00630974
0.00630972
0.00630856
0.0063088
0.0063088
0.00630797
0.00630772
0.00630772
0.00630195
0.00630595
0.00630588
0.0063066
0.00630685
0.00630686
0.00542983
0.0054301
0.00495564
0.00630203
0.00630175
0.00630176
0.006313
0.00631286
0.00631281
0.006312
0.00631207
0.00631203
0.00631165
0.00631183
0.00631192
0.00630479
0.00630646
0.00630646
0.00630647
0.00630647
0.0063044
0.00630539
0.00630551
0.0063051
0.00629877
0.00628729
0.00628677
0.00628618
0.00628552
0.00629865
0.00630114
0.00630114
0.00630255
0.00631324
0.00631328
0.00631314
0.00631415
0.006314
0.00631397
0.00630406
0.0063046
0.00630456
0.00630284
0.00630462
0.00630452
0.00630518
0.00630509
0.00630274
0.00630285
0.00630291
0.00630237
0.00630399
0.00630345
0.00630339
0.00631399
0.00631403
0.00631418
0.00631317
0.0063133
0.00631326
0.00630259
0.00630534
0.00630526
0.0063058
0.00630573
0.00630221
0.00630483
0.00630515
0.00630527
0.00630438
0.0063045
0.00630431
0.00630396
0.00630411
0.00630424
0.0063153
0.00631514
0.00631514
0.00631421
0.00631437
0.00631439
0.00631515
0.00631515
0.00631531
0.00631393
0.00631396
0.00631406
0.00625431
0.0062771
0.00627524
0.0062851
0.00628406
0.00626748
0.00582484
0.00602532
0.00603725
0.00593358
0.00595066
0.00569652
0.00630187
0.00630243
0.0063024
0.00630297
0.00630324
0.00630324
0.00631408
0.00631418
0.00631419
0.00627338
0.00628692
0.00628607
0.0063135
0.00631355
0.00631346
0.00631406
0.00631398
0.00631396
0.00595842
0.00610134
0.00610865
0.00604826
0.00605816
0.00588169
0.00631626
0.00631571
0.00631572
0.00630317
0.00630289
0.0063029
0.00631529
0.006315
0.00631501
0.00631433
0.00631448
0.00631446
0.00631188
0.00631183
0.00631196
0.00631155
0.00631169
0.00631175
0.00630783
0.00630751
0.00630762
0.00630729
0.0063074
0.00630771
0.00631241
0.00631237
0.0063125
0.0063121
0.00631223
0.00631227
0.00630614
0.00630612
0.00630599
0.00630243
0.00630111
0.00630107
0.00631415
0.00631424
0.00631423
0.00631733
0.00631734
0.00631676
0.00631673
0.0063173
0.00631731
0.00631729
0.0063173
0.00631671
0.00631844
0.00631787
0.00631787
0.00631671
0.00631729
0.0063173
0.00631732
0.00631731
0.00631674
0.00631845
0.00631788
0.00631789
0.00631679
0.00631735
0.00631735
0.00631454
0.00631509
0.0063151
0.00631531
0.00631506
0.00631451
0.00631619
0.00631562
0.0063156
0.00631584
0.00631583
0.00631553
0.00631548
0.0063158
0.0063158
0.00631582
0.00631581
0.0063155
0.00631641
0.00631611
0.00631612
0.00631344
0.00631371
0.00631367
0.00631142
0.00631167
0.00631164
0.00630951
0.00630975
0.00630975
0.00630759
0.00630784
0.00630784
0.00630557
0.00630583
0.00630584
0.00630011
0.00630019
0.00629964
0.0063013
0.00630074
0.00630066
0.00629974
0.00630078
0.0063005
0.00630134
0.00630106
0.00630002
0.00588329
0.00587125
0.00517669
0.00623508
0.00612125
0.0061271
0.00612065
0.00612019
0.00623538
0.00630015
0.00630069
0.00630064
0.00630067
0.00630072
0.00630018
0.00630182
0.00630127
0.00630123
0.00629909
0.00629854
0.00629845
0.00629546
0.00629642
0.00629787
0.00562482
0.00622541
0.0062217
0.0062347
0.00622994
0.00561909
0.00628937
0.00628993
0.00599467
0.00629839
0.00629819
0.00629763
0.00629931
0.00629875
0.00629895
0.00631232
0.00631244
0.00631242
0.00631056
0.00631062
0.00631073
0.00631038
0.0063105
0.00631045
0.00631203
0.00631207
0.00631219
0.00631182
0.00631194
0.0063119
0.00630872
0.00630876
0.00630887
0.00630852
0.00630864
0.0063086
0.0063101
0.00631015
0.00631027
0.00630992
0.00631003
0.00630998
0.00630826
0.00630828
0.0063084
0.00630804
0.00630816
0.00630814
0.00630099
0.00630194
0.00630162
0.0063026
0.00630231
0.00630163
0.00630239
0.0063024
0.00630269
0.00508445
0.00508596
0.0047635
0.00449417
0.00527049
0.00524212
0.00631476
0.00631463
0.00631434
0.00631523
0.00631493
0.00631492
0.00631496
0.00631496
0.00631526
0.00631611
0.00631611
0.00631641
0.0063155
0.00631581
0.00631581
0.00631579
0.0063158
0.00631548
0.00631616
0.00631616
0.00631645
0.00631556
0.00631586
0.00631586
0.00631588
0.00631588
0.00631558
0.00631308
0.00631281
0.00631278
0.0063136
0.00631363
0.00631335
0.00631309
0.00631314
0.00631322
0.00631298
0.00631306
0.006313
0.00631288
0.00631292
0.00631318
0.006311
0.00631075
0.00631072
0.00631148
0.00631151
0.00631125
0.00631092
0.00631094
0.00631118
0.00630899
0.00630873
0.00630873
0.00630947
0.00630949
0.00630924
0.00630904
0.00630904
0.00630928
0.00630694
0.00630669
0.0063067
0.00630747
0.00630746
0.00630721
0.00630609
0.00630602
0.00630185
0.00630735
0.00630707
0.00630718
0.00630684
0.00630696
0.00630722
0.00630711
0.0063071
0.00630735
0.0062883
0.00629816
0.00629755
0.00629916
0.00629869
0.0062895
0.0058944
0.00588951
0.00526576
0.0062864
0.00619685
0.00619859
0.00602438
0.00577741
0.00577412
0.00577973
0.00577955
0.00602582
0.00496427
0.00542876
0.00542823
0.00628469
0.00628487
0.00629822
0.00568273
0.00619637
0.00619376
0.00630149
0.00630168
0.00630196
0.0063011
0.00630139
0.00630115
0.00631264
0.00631278
0.00631281
0.00631267
0.00631272
0.00631259
0.0063125
0.00631272
0.0063126
0.00631291
0.00631282
0.0063127
0.00631104
0.00631109
0.00631121
0.00631085
0.00631097
0.00631092
0.00631165
0.00631174
0.0063115
0.00631153
0.00631157
0.0063117
0.00631133
0.00631145
0.00631141
0.00630918
0.00630922
0.00630934
0.00630899
0.00630911
0.00630906
0.00630964
0.00630969
0.0063098
0.00630946
0.00630957
0.00630952
0.00616158
0.00624686
0.0062493
0.00624192
0.00624444
0.00615547
0.00613768
0.00623681
0.00623944
0.00623089
0.00623399
0.00613106
0.0063073
0.00630731
0.00630743
0.00630642
0.00630644
0.00630489
0.00630429
0.00630648
0.00630648
0.00630779
0.0063078
0.00630792
0.00630756
0.00630768
0.00630767
0.00629264
0.00629997
0.00629959
0.0063006
0.00630031
0.00629353
0.00630563
0.00630561
0.00630548
0.00630587
0.00630574
0.00630576
0.00630518
0.00630563
0.00630574
0.00628806
0.00628774
0.00629877
0.00617355
0.00625102
0.00625264
0.00624659
0.00624894
0.00616851
0.0061515
0.00623613
0.00623683
0.00625159
0.00624015
0.00615599
0.00630099
0.00630085
0.00630203
0.00628822
0.00629693
0.00629709
0.00629694
0.00629687
0.00628833
0.00631356
0.00631342
0.00631338
0.00631382
0.00631385
0.00631371
0.00630481
0.00630472
0.00630284
0.00630278
0.006305
0.00630491
0.00631373
0.00631388
0.00631384
0.0063134
0.00631336
0.00631322
0.00631364
0.0063135
0.00631354
0.0063134
0.00631344
0.00631359
0.0063055
0.00630543
0.00630253
0.0063023
0.00630566
0.00630558
0.0063049
0.00630502
0.00630474
0.00630442
0.00630465
0.00630477
0.00631516
0.00631516
0.00631532
0.00631482
0.00631499
0.00631499
0.00631497
0.00631497
0.00631479
0.00631501
0.00631501
0.00631485
0.00631432
0.00631434
0.00631418
0.00631468
0.00631451
0.0063145
0.00631455
0.00631454
0.0063147
0.00631519
0.00631519
0.00631535
0.00631486
0.00631502
0.00631502
0.00631505
0.00631504
0.00631488
0.00631479
0.00631497
0.00631497
0.00631499
0.00631499
0.00631482
0.00631532
0.00631516
0.00631516
0.00631343
0.00631345
0.00631353
0.0063133
0.00631338
0.00631334
0.00631378
0.00631387
0.00631383
0.00628221
0.00629522
0.00629426
0.00629686
0.00629607
0.00628387
0.0062803
0.00627882
0.00625746
0.00626522
0.0062829
0.00628168
0.00631126
0.00631211
0.00631188
0.00631246
0.0063123
0.00631163
0.00630759
0.00631068
0.00631013
0.00631159
0.00631119
0.00630899
0.00625165
0.00625386
0.00618013
0.00610547
0.00622383
0.0062275
0.00621677
0.00622039
0.00609658
0.00599727
0.00601183
0.00580046
0.00572139
0.00596638
0.00598219
0.00566579
0.00586073
0.00587432
0.0058337
0.00584806
0.00565068
0.00573418
0.00590996
0.00591368
0.00588654
0.00589937
0.00571734
0.00617502
0.00622746
0.00622284
0.00623355
0.00623125
0.00618082
0.00627939
0.00629616
0.00629694
0.00586359
0.00584238
0.00566639
0.0061812
0.00623021
0.00623023
0.00631441
0.00631451
0.00631451
0.00631449
0.00631449
0.00631439
0.00631413
0.00631415
0.00631404
0.00631435
0.00631425
0.00631424
0.00631444
0.00631454
0.00631454
0.00631439
0.0063145
0.0063145
0.00631451
0.00631451
0.0063144
0.0062379
0.00623881
0.00615669
0.00631372
0.00631363
0.00631359
0.00631386
0.00631389
0.00631381
0.00608504
0.00609335
0.00594365
0.0058975
0.00606756
0.00607647
0.00632344
0.00632344
0.00632454
0.00632344
0.00632344
0.00632454
0.00632344
0.00632344
0.00632454
0.00632345
0.00632345
0.00632454
0.00632125
0.00632125
0.00632235
0.00632125
0.00632125
0.00632235
0.00631904
0.00631906
0.00632016
0.00631906
0.00631906
0.00632016
0.00631791
0.00631791
0.00631847
0.00631576
0.00631577
0.00631631
0.00631362
0.00631363
0.00631416
0.00631156
0.00631156
0.00631207
0.00630954
0.00630952
0.00631003
0.00630753
0.00630748
0.00630799
0.00630547
0.00630539
0.00630591
0.00630398
0.00630394
0.0063042
0.00630335
0.00630325
0.00630378
0.00630121
0.00630121
0.00630149
0.00629851
0.00629853
0.00629908
0.00629514
0.00629521
0.0062963
0.00629558
0.00629545
0.00629654
0.00629305
0.00629302
0.00629411
0.00629345
0.00629347
0.00629457
0.00629086
0.00629067
0.00629181
0.00628328
0.00595064
0.00594883
0.00615855
0.00629091
0.00629206
0.00629126
0.00629131
0.0062924
0.00630177
0.00630208
0.00630208
0.00631418
0.0063139
0.00631388
0.00630644
0.00630642
0.00630616
0.00630448
0.00630475
0.00630479
0.00527696
0.00588618
0.00588547
0.0062003
0.00619855
0.00570205
0.00627965
0.0062795
0.00629538
0.00630187
0.00630071
0.00630062
0.00630432
0.00630428
0.00630402
0.00630589
0.00630563
0.00630566
0.00630329
0.00630342
0.00630332
0.00630258
0.00630374
0.00630362
0.00630441
0.00630431
0.0063028
0.00631452
0.0063148
0.00631478
0.00631901
0.00631957
0.00631957
0.00631957
0.00631957
0.00631901
0.00631901
0.00631957
0.00631957
0.00631957
0.00631958
0.00631901
0.00631678
0.00631735
0.00631734
0.00631846
0.0063179
0.0063179
0.006317
0.006317
0.00631671
0.00631671
0.00631701
0.00631701
0.00631737
0.00631737
0.00631682
0.00631514
0.00631515
0.0063146
0.00631473
0.00631474
0.00631446
0.00631555
0.00631585
0.00631585
0.00631643
0.00631613
0.00631614
0.00631469
0.00631523
0.00631522
0.00631297
0.00631298
0.00631244
0.00631406
0.00631351
0.00631351
0.00631258
0.0063131
0.0063131
0.00631085
0.00631085
0.00631033
0.00631191
0.00631138
0.00631138
0.00631173
0.00631171
0.00631146
0.00631221
0.00631196
0.00631198
0.00631054
0.00631105
0.00631105
0.00630877
0.00630876
0.00630823
0.0063098
0.00630928
0.00630929
0.00630978
0.00630977
0.00630954
0.00631025
0.00631001
0.00631003
0.00630851
0.00630901
0.00630904
0.00630668
0.00630664
0.00630612
0.0063077
0.00630718
0.00630721
0.00630782
0.00630784
0.00630759
0.00630833
0.00630809
0.00630807
0.00630644
0.00630696
0.00630702
0.00630558
0.00630505
0.0063051
0.00630432
0.00630485
0.00630495
0.00630338
0.00630365
0.00630371
0.00629963
0.00630018
0.00630016
0.00630065
0.00630093
0.00630093
0.0062979
0.00629798
0.00629743
0.0062979
0.00629846
0.0062984
0.00631255
0.00631257
0.0063127
0.00630681
0.00630682
0.00630694
0.00631444
0.00631446
0.0063143
0.00631274
0.00631272
0.00631246
0.00631324
0.00631297
0.006313
0.00631075
0.00631074
0.00631049
0.00631122
0.00631098
0.006311
0.00630881
0.00630881
0.00630857
0.0063093
0.00630906
0.00630906
0.0063068
0.00630684
0.00630659
0.00630734
0.00630709
0.00630706
0.00630506
0.00630503
0.00630529
0.00630022
0.00629994
0.00629889
0.00619148
0.00619466
0.00628594
0.006298
0.00628498
0.00628504
0.00630032
0.00630054
0.00630082
0.00630147
0.00630146
0.00630118
0.00631294
0.00631291
0.00631305
0.00630707
0.00630718
0.00630718
0.00629626
0.00628165
0.00628754
0.00631349
0.00631348
0.00631362
0.00631319
0.00631334
0.00631335
0.00630482
0.00630456
0.00630459
0.00630539
0.00630536
0.0063051
0.00631396
0.00631394
0.00631379
0.00631424
0.00631408
0.0063141
0.00630635
0.00630616
0.00630627
0.00630685
0.00630662
0.00630673
0.00630639
0.0063065
0.00630672
0.00630511
0.0063051
0.00630497
0.00630536
0.00630523
0.00630524
0.00630483
0.0063047
0.00630472
0.00630384
0.00630396
0.00630383
0.00630345
0.00630356
0.00630369
0.00631487
0.00631503
0.00631503
0.00631534
0.00631518
0.00631518
0.00630397
0.00630386
0.00630264
0.00630277
0.00630419
0.00630409
0.00631507
0.00631509
0.00631537
0.00631462
0.00631464
0.00631479
0.00631671
0.00631701
0.006317
0.006317
0.006317
0.0063167
0.00631531
0.00631503
0.00631502
0.00631477
0.00631461
0.0063146
0.00632345
0.00632345
0.00632454
0.00632345
0.00632345
0.00632454
0.00632126
0.00632125
0.00632235
0.00631906
0.00631906
0.00632015
0.00631685
0.00631685
0.00631794
0.00631791
0.00631791
0.00631848
0.00631689
0.00631688
0.00631797
0.00631467
0.00631467
0.00631576
0.00631614
0.00631614
0.00631644
0.00631473
0.00631472
0.0063158
0.00631249
0.0063125
0.00631358
0.00631259
0.00631257
0.00631364
0.00631033
0.00631034
0.00631142
0.00631047
0.00631044
0.0063115
0.00630817
0.00630819
0.00630927
0.00630835
0.0063083
0.00630937
0.00630601
0.00630604
0.00630712
0.00630623
0.00630617
0.00630723
0.00630384
0.00630389
0.00630496
0.00630411
0.00630402
0.00630509
0.00630167
0.00630172
0.00630281
0.00630196
0.00630186
0.00630294
0.00630118
0.00630107
0.00630161
0.00629979
0.00629969
0.00630077
0.00629619
0.00629331
0.00629446
0.00601228
0.00628817
0.00628879
0.00629338
0.00629323
0.00629433
0.00631647
0.00631617
0.00631617
0.00630227
0.00630254
0.0063026
0.00630374
0.00630347
0.0063035
0.00631958
0.00631958
0.00631902
0.00631903
0.00631958
0.00631958
0.00631736
0.00631736
0.0063168
0.00631849
0.00631793
0.00631793
0.00631686
0.00631741
0.00631741
0.00631625
0.0063157
0.00631569
0.00631565
0.00631593
0.00631592
0.00631378
0.00631377
0.0063135
0.00631431
0.00631404
0.00631405
0.00630456
0.0063045
0.00630397
0.00630576
0.00630582
0.00630555
0.00630633
0.00630608
0.00630603
0.0063024
0.00630233
0.00630178
0.00630342
0.00630288
0.00630295
0.00630216
0.0063027
0.00630281
0.00629961
0.00629906
0.00629899
0.00621939
0.0062185
0.00564477
0.00629707
0.00629651
0.00629671
0.00630288
0.00630283
0.0063031
0.00630323
0.00630319
0.00630292
0.00631589
0.00631589
0.00631561
0.00604056
0.0051117
0.00331249
0.00603359
0.00509373
0.00328458
0.00594546
0.0049374
0.0031383
0.00593992
0.00492885
0.00313882
0.00322819
0.00226515
0.001596
0.00630311
0.00610849
0.00447705
0.00605942
0.00510741
0.00289989
0.00602383
0.00502163
0.00281974
0.00322002
0.00226373
0.00159558
0.00451498
0.00370042
0.00244442
0.00630025
0.00607441
0.00438197
0.00607107
0.00515578
0.00330714
0.00607578
0.00516391
0.00330746
0.00599913
0.00503461
0.00324811
0.00599646
0.00503574
0.00326105
0.0058798
0.0048291
0.0030607
0.00588834
0.00484611
0.00308143
0.00389944
0.00258233
0.00169967
0.00389941
0.00258601
0.00169158
0.00432372
0.00365126
0.00241962
0.00631231
0.00626201
0.00535851
0.00619911
0.00549202
0.00339112
0.00621476
0.0055481
0.00344248
0.00619429
0.00547239
0.00337451
0.00605169
0.00512203
0.00329158
0.00602066
0.00507619
0.00328694
0.00596927
0.00498707
0.0032031
0.00591293
0.00488771
0.003087
0.00567396
0.00451682
0.0028478
0.00629934
0.0060156
0.00428663
0.00317696
0.00224747
0.00159279
0.00390316
0.00261179
0.00169788
0.00390369
0.00259163
0.00169218
0.00491056
0.0035812
0.00212067
0.00417041
0.0027377
0.0017075
0.00425485
0.00279553
0.00172393
0.00436258
0.00287345
0.00174113
0.00429266
0.00282425
0.00172929
0.00452489
0.00299781
0.00177415
0.00439352
0.0028965
0.00174787
0.00449858
0.0029778
0.00176785
0.00415153
0.00272591
0.00170467
0.00406934
0.00267187
0.00169264
0.00397023
0.00261443
0.00167934
0.00404501
0.00265742
0.00168838
0.00375805
0.00251034
0.00165269
0.00383467
0.00254297
0.00166124
0.00394064
0.00259721
0.00167408
0.00386872
0.00256253
0.00166633
0.00372361
0.0024915
0.00164899
0.00322521
0.00223974
0.00158689
0.00318134
0.0022347
0.00158728
0.00389998
0.00262714
0.00170236
0.00621915
0.00556674
0.00345949
0.00623439
0.00564085
0.00353009
0.00623862
0.00566254
0.00355844
0.00605753
0.0051348
0.00330452
0.00609143
0.00519869
0.0033409
0.00601554
0.00506664
0.00327772
0.00597341
0.00499153
0.00319793
0.00585826
0.00479538
0.00302727
0.00590583
0.00487253
0.00307714
0.00558575
0.0043881
0.00271161
0.0056317
0.00445144
0.00281958
0.00559601
0.00440405
0.00273072
0.00566187
0.00450049
0.00281716
0.00563783
0.00445976
0.00282697
0.00542793
0.00414954
0.00255057
0.00531454
0.00400973
0.0023897
0.00529671
0.00399199
0.00236458
0.00488128
0.00355123
0.00209913
0.00480543
0.00350556
0.00223597
0.00611739
0.00525348
0.00333583
0.0061211
0.00525779
0.00331971
0.00604335
0.0051114
0.00329914
0.00611254
0.00524287
0.00333287
0.00610618
0.0052243
0.00330973
0.006028
0.0050825
0.00327408
0.00595243
0.00495205
0.00315064
0.00583389
0.004752
0.00304199
0.00583828
0.00475527
0.00303442
0.00593557
0.00492471
0.00314605
0.00582408
0.00473573
0.00301578
0.00581395
0.00471926
0.00299136
0.00327157
0.00230729
0.00160934
0.00325685
0.00229868
0.00160674
0.00323123
0.0022625
0.00159542
0.00328254
0.00231772
0.00161251
0.00329099
0.00233213
0.00161681
0.00630463
0.00612744
0.00456503
0.00524018
0.00392147
0.00236875
0.00522049
0.00390294
0.00233373
0.0060933
0.00519182
0.00298091
0.00622821
0.00562621
0.00354434
0.00599524
0.0049512
0.00274934
0.00320824
0.00225957
0.00159435
0.0045201
0.0036847
0.0023717
0.00629716
0.0060431
0.00430004
0.00614751
0.00532792
0.00336178
0.00606733
0.00515238
0.00331705
0.00608141
0.0051765
0.00331795
0.00600322
0.00503893
0.00324401
0.00598582
0.00501812
0.00322393
0.00587263
0.00481723
0.00305466
0.00589479
0.00485711
0.00308683
0.00578011
0.00466974
0.00296014
0.00525366
0.00393679
0.00239424
0.00526826
0.00395981
0.00236317
0.00631219
0.006256
0.00518942
0.00631146
0.00623176
0.00501277
0.00389532
0.00258458
0.00169323
0.00389656
0.00258346
0.00169172
0.00620632
0.00551685
0.00343388
0.00621071
0.0055334
0.00344304
0.00618743
0.0054506
0.00340347
0.00613106
0.00528045
0.00331814
0.00612568
0.00526675
0.00331301
0.00604695
0.00511416
0.00328997
0.00609403
0.0052005
0.00333593
0.00610116
0.00521228
0.00330333
0.00602368
0.00507672
0.0032755
0.00596181
0.00496962
0.00317875
0.00585004
0.00477373
0.00304197
0.00584383
0.00476241
0.00303249
0.00592183
0.00490534
0.00310913
0.00579915
0.00469191
0.002974
0.00580657
0.00470336
0.00297823
0.00569367
0.00453812
0.00289162
0.0056882
0.00453308
0.00288889
0.00321689
0.00226736
0.00159783
0.00323748
0.00228838
0.00160378
0.0032125
0.0022512
0.00159296
0.00326714
0.00237409
0.00163002
0.00329029
0.00235137
0.00162252
0.00319394
0.00240986
0.00164445
0.00390509
0.0026012
0.00169421
0.00390571
0.00259591
0.00169276
0.00630691
0.00615769
0.00468533
0.00516842
0.00384709
0.00233253
0.00518702
0.00387071
0.00230967
0.00520236
0.00388601
0.00231133
0.00615589
0.00537861
0.0032147
0.0061139
0.0052518
0.00305987
0.0061807
0.00545846
0.00331529
0.00620172
0.00553385
0.00342897
0.0059505
0.00484602
0.002643
0.00522375
0.0037001
0.00199993
0.00419397
0.0027529
0.00171162
0.00422193
0.00277158
0.00171714
0.00433618
0.00285407
0.00173584
0.00431454
0.00283847
0.00173202
0.00442954
0.0029247
0.00175588
0.00447083
0.00295786
0.00176275
0.00413326
0.00271586
0.00170291
0.00409885
0.00269149
0.00169838
0.00400494
0.00263688
0.00168401
0.00402617
0.00264771
0.0016859
0.00377998
0.00251786
0.00165412
0.00380543
0.00252878
0.00165696
0.00391628
0.0025849
0.00167055
0.00389841
0.00257876
0.00166921
0.00368899
0.00247358
0.00164407
0.00319413
0.00225149
0.00159208
0.00390213
0.00264867
0.00170981
0.00623085
0.00562465
0.00352089
0.00622348
0.00558738
0.0034926
0.00624317
0.00568807
0.00360924
0.00613722
0.00529901
0.00333708
0.00614332
0.00531856
0.00336185
0.00606463
0.00515323
0.00333352
0.00608804
0.00519484
0.0033445
0.00600876
0.00504936
0.0032529
0.00597901
0.00500162
0.0032037
0.00586711
0.00480976
0.00305237
0.00589966
0.00486248
0.00307801
0.00579301
0.00468539
0.00297743
0.00578874
0.00468345
0.00298404
0.00577019
0.00464774
0.00296811
0.00557851
0.00437433
0.0027067
0.0056243
0.00443794
0.00280257
0.00560885
0.00442054
0.00276167
0.00564576
0.00447299
0.00279247
0.00565277
0.00448474
0.00279797
0.00533356
0.00402978
0.00242123
0.00528105
0.00397495
0.00235616
0.00485328
0.00353273
0.00210405
0.0048281
0.00351735
0.0021688
0.00631313
0.00628176
0.00549393
0.0063136
0.00629653
0.00573174
0.0063136
0.00629631
0.0057435
0.0041959
0.00314271
0.00193747
0.00426177
0.00327459
0.00203385
0.00571732
0.00440952
0.00234356
0.0054193
0.00395812
0.00210583
0.00575757
0.00447835
0.00238412
0.00536614
0.003889
0.00208138
0.00338351
0.00232338
0.0016073
0.00329514
0.00228008
0.001597
0.00322176
0.00225056
0.00159055
0.00327916
0.00227267
0.00159522
0.00322203
0.00225232
0.00159101
0.00470215
0.00350927
0.00246844
0.00627843
0.00588512
0.0038977
0.00627269
0.00585085
0.00383117
0.00538387
0.00408719
0.0024947
0.00547686
0.00421521
0.00261638
0.00546867
0.00420134
0.00260683
0.00537573
0.00407439
0.00248889
0.00535247
0.00405067
0.0024568
0.00630712
0.0061134
0.00455163
0.00630912
0.00616581
0.00470307
0.00389423
0.00310676
0.00237816
0.00503452
0.00370499
0.00221387
0.00405006
0.00279422
0.00175249
0.00405722
0.0028607
0.00176907
0.00401341
0.00281277
0.00175482
0.00398418
0.00273778
0.00174465
0.00440451
0.00349886
0.00213795
0.00617904
0.00542269
0.00338166
0.00569934
0.00454521
0.00289759
0.00570743
0.00455807
0.00286584
0.00573751
0.0046013
0.00293681
0.00476194
0.00347544
0.00207547
0.00626847
0.00581091
0.00386807
0.00367523
0.00288542
0.00181947
0.00630979
0.00620901
0.00493271
0.00630812
0.00618146
0.00479421
0.00512251
0.00379903
0.00229862
0.00500419
0.00367447
0.00218064
0.00510811
0.0037845
0.0022958
0.00509019
0.0037615
0.0023017
0.00624269
0.00568856
0.00365454
0.00553878
0.00412864
0.00218853
0.00558425
0.00419531
0.00222089
0.00591024
0.00476612
0.00259121
0.00587189
0.00469024
0.00253459
0.00335534
0.00230751
0.00160402
0.00333854
0.00229809
0.00160139
0.00322277
0.00224427
0.00158842
0.00315567
0.00221703
0.00158292
0.00404843
0.00301418
0.00183519
0.00384412
0.00319157
0.00190431
0.00405879
0.00326711
0.00198034
0.00398035
0.00275055
0.00173793
0.00394964
0.00271606
0.00173668
0.00444229
0.00355522
0.00219214
0.0062884
0.00596314
0.00407118
0.00629068
0.00598281
0.00412833
0.00615934
0.00536031
0.00335447
0.00617301
0.0053994
0.00335113
0.00615185
0.00534061
0.00337684
0.00576366
0.00463368
0.00295135
0.00574419
0.00460936
0.00294414
0.00541649
0.00413451
0.0025272
0.00474746
0.00344765
0.00203615
0.00398957
0.00284194
0.00177275
0.00411869
0.00296629
0.00182797
0.00431699
0.0033697
0.00207646
0.00478041
0.00351122
0.00222379
0.00478401
0.00349038
0.0022005
0.00477569
0.00352238
0.00221375
0.00476799
0.00351716
0.00217506
0.00566559
0.00431686
0.00227903
0.003961
0.0027834
0.00175579
0.00398492
0.00282575
0.00176743
0.00546238
0.00401618
0.00213064
0.00580674
0.00456189
0.00242965
0.00531829
0.00382662
0.00205719
0.00502608
0.00347807
0.00192788
0.00507353
0.00353081
0.00194829
0.00469224
0.00314723
0.00181403
0.00472239
0.00317284
0.00182231
0.00498421
0.00343077
0.00190938
0.00494919
0.00339512
0.00189421
0.00464497
0.00310431
0.0018052
0.00460723
0.00307155
0.00179579
0.0033875
0.00232775
0.00160861
0.00341653
0.00233884
0.00161112
0.00355356
0.00240483
0.00162697
0.00353554
0.00239695
0.00162515
0.0035739
0.00241376
0.00162918
0.00359698
0.00242547
0.00163245
0.00337795
0.00232146
0.00160722
0.00330896
0.00228602
0.00159844
0.0032225
0.00224948
0.00159008
0.00325872
0.00226285
0.00159283
0.00321308
0.00224364
0.00158879
0.00391331
0.00271086
0.00173468
0.00393255
0.00274888
0.00174577
0.00628107
0.00590332
0.00393059
0.00628376
0.00592402
0.00398527
0.00626749
0.00581656
0.00379234
0.00556388
0.00434625
0.00272952
0.00557058
0.00435703
0.00273913
0.00539369
0.00410246
0.00250229
0.00555628
0.00433442
0.00271807
0.00553885
0.00431498
0.0026768
0.00548486
0.00423055
0.00262502
0.00545741
0.00418637
0.00258035
0.00473294
0.00351154
0.00229478
0.00396249
0.00273361
0.0017393
0.00401607
0.00293357
0.00181261
0.00400881
0.00291108
0.00180372
0.00631305
0.00627998
0.00553158
0.00631179
0.00624932
0.00522424
0.00631061
0.00622527
0.00505765
0.00506396
0.00373459
0.00225391
0.00405982
0.00284049
0.00176156
0.00406279
0.00284022
0.00176401
0.00405357
0.00290564
0.00178013
0.00403635
0.00288569
0.0017742
0.00403239
0.00277101
0.0017632
0.00436353
0.00343996
0.00210196
0.00618424
0.00544236
0.00340817
0.00571433
0.00456983
0.00287448
0.00572388
0.00458535
0.00289819
0.0048033
0.00351805
0.00238267
0.00479661
0.00350663
0.00229486
0.00476714
0.00348887
0.0021079
0.00628011
0.00588004
0.0040031
0.00629301
0.0059588
0.00414762
0.00346836
0.00269304
0.00174872
0.00331811
0.0025087
0.00167955
0.00401186
0.00291721
0.00180048
0.00400068
0.00287261
0.00178039
0.00513823
0.00381504
0.00230667
0.00515391
0.00383149
0.00231499
0.00494763
0.00361966
0.00212963
0.00497438
0.00364392
0.00215262
0.00549798
0.0040682
0.00215804
0.00563356
0.00426693
0.00225186
0.00583799
0.00462167
0.00247944
0.00527762
0.00377358
0.00203628
0.00518219
0.00365213
0.00198747
0.00512613
0.0035897
0.0019693
0.00479567
0.00324307
0.00184702
0.00475604
0.0032052
0.00183339
0.00484098
0.00328707
0.00186274
0.00489238
0.00333814
0.00187943
0.00455571
0.00302337
0.00177912
0.00347582
0.0023665
0.00161829
0.00344658
0.00235189
0.00161433
0.00350234
0.00238161
0.00162214
0.00352093
0.00239112
0.00162403
0.00365523
0.00245566
0.00163895
0.00366963
0.00246185
0.00164004
0.00364368
0.00245293
0.00163878
0.00362273
0.00244111
0.00163653
0.00337261
0.00231956
0.00160697
0.0033232
0.00229179
0.00159985
0.00322269
0.00224805
0.00158953
0.00322401
0.00224264
0.00158815
0.00318881
0.00222553
0.00158436
0.00396899
0.00339438
0.00198655
0.00403933
0.00341337
0.00203832
0.00393853
0.00270119
0.00172468
0.00391596
0.00269147
0.00172926
0.00446896
0.00359491
0.00222985
0.00629323
0.00600767
0.00421462
0.00625879
0.00576808
0.00370668
0.00626472
0.0058003
0.00376726
0.00625506
0.00574499
0.00366299
0.00624966
0.00571732
0.0036623
0.00616299
0.00536819
0.00334109
0.00616764
0.00538135
0.00333908
0.00575639
0.00462221
0.00294309
0.00574975
0.00461412
0.00294147
0.00540477
0.00411847
0.00251222
0.00551123
0.00428216
0.00261616
0.00552381
0.00429837
0.00263939
0.0054926
0.00424512
0.00263735
0.00550189
0.00426757
0.00260916
0.00544345
0.00417227
0.00254979
0.00473972
0.00345731
0.00211242
0.00631348
0.00629225
0.00567893
)
;

boundaryField
{
    topAndBottom
    {
        type            slip;
    }
    inlet
    {
        type            fixedValue;
        value           uniform 0.00633;
    }
    outlet
    {
        type            zeroGradient;
    }
    wing
    {
        type            groovyBC;
        refValue        uniform 0.00131947;
        refGradient     uniform 0;
        valueFraction   uniform 1;
        value           uniform 0.00131947;
        valueExpression "YSat*rh";
        gradientExpression "0";
        fractionExpression "1";
        evaluateDuringConstruction 0;
        cyclicSlave     0;
        variables       "rh=0.7;";
        timelines       (
);
        lookuptables    (
);
        lookuptables2D  (
);
    }
    front
    {
        type            empty;
    }
    back
    {
        type            empty;
    }
}


// ************************************************************************* //
