/*--------------------------------*- C++ -*----------------------------------*\
| =========                 |                                                 |
| \\      /  F ield         | OpenFOAM: The Open Source CFD Toolbox           |
|  \\    /   O peration     | Version:  5.x                                   |
|   \\  /    A nd           | Web:      www.OpenFOAM.org                      |
|    \\/     M anipulation  |                                                 |
\*---------------------------------------------------------------------------*/
FoamFile
{
    version     2.0;
    format      ascii;
    class       volScalarField;
    location    "500";
    object      YSat;
}
// * * * * * * * * * * * * * * * * * * * * * * * * * * * * * * * * * * * * * //

dimensions      [0 0 0 0 0 0 0];

internalField   nonuniform List<scalar> 
6584
(
0.00431405
0.00431405
0.00431405
0.00431405
0.00431405
0.00431405
0.00431405
0.00431405
0.00431405
0.00431405
0.00431405
0.00431405
0.00431405
0.00431405
0.00431405
0.00431405
0.00431405
0.00431405
0.00431405
0.00431405
0.00431405
0.00431405
0.00431405
0.00431405
0.00431405
0.00431405
0.00431405
0.00431405
0.00431405
0.00431405
0.00431405
0.00431405
0.00431405
0.00431405
0.00431405
0.00431405
0.00431405
0.00431405
0.00431405
0.00431405
0.00431405
0.00431405
0.00431405
0.00431405
0.00431405
0.00431405
0.00431405
0.00431405
0.00431405
0.00431405
0.00431405
0.00431405
0.00431405
0.00431405
0.00431405
0.00431405
0.00431405
0.00431405
0.00431405
0.00431405
0.00431405
0.00431405
0.00431405
0.00431405
0.00431405
0.00431405
0.00431405
0.00431405
0.00431405
0.00431405
0.00431405
0.00431405
0.00431405
0.00431405
0.00431405
0.00431405
0.00431405
0.00431405
0.00431405
0.00431405
0.00431405
0.00431405
0.00431405
0.00431405
0.00431405
0.00431405
0.00431405
0.00431405
0.00431405
0.00431405
0.00431405
0.00431405
0.00431405
0.00431405
0.00431405
0.00431405
0.00431405
0.00431405
0.00431405
0.00431405
0.00431405
0.00431405
0.00431405
0.00431405
0.00431405
0.00431405
0.00431405
0.00431405
0.00431405
0.00431405
0.00431405
0.00431405
0.00431405
0.00431405
0.00431405
0.00431405
0.00431405
0.00431405
0.00431405
0.00431405
0.00431405
0.00431405
0.00431405
0.00431405
0.00431405
0.00431405
0.00431405
0.00431405
0.00431405
0.00431405
0.00431405
0.00431405
0.00431405
0.00431405
0.00431405
0.00431405
0.00431405
0.00431405
0.00431405
0.00431405
0.00431405
0.00431405
0.00431405
0.00431405
0.00431405
0.00431405
0.00431405
0.00431405
0.00431405
0.00431405
0.00431405
0.00431405
0.00431405
0.00431405
0.00431405
0.00431405
0.00431405
0.00431405
0.00431405
0.00431405
0.00431405
0.00431405
0.00431405
0.00431405
0.00431405
0.00431405
0.00431405
0.00431405
0.00431405
0.00431405
0.00431405
0.00431405
0.00431405
0.00431405
0.00431405
0.00431405
0.00431405
0.00431405
0.00431405
0.00431405
0.00431405
0.00431405
0.00431405
0.00431405
0.00431405
0.00431405
0.00431405
0.00431405
0.00431405
0.00431405
0.00431405
0.00431405
0.00431405
0.00431405
0.00431405
0.00431405
0.00431405
0.00431405
0.00431405
0.00431405
0.00431405
0.00431405
0.00431405
0.00431405
0.00431405
0.00431405
0.00431405
0.00431405
0.00431405
0.00431405
0.00431405
0.00431405
0.00431405
0.00431405
0.00431405
0.00431405
0.00431405
0.00431405
0.00431405
0.00431405
0.00431405
0.00431405
0.00431405
0.00431405
0.00431405
0.00431405
0.00431405
0.00431405
0.00431405
0.00431405
0.00431405
0.00431405
0.00431405
0.00431405
0.00431405
0.00431405
0.00431405
0.00431405
0.00431405
0.00431405
0.00431405
0.00431405
0.00431405
0.00431405
0.00431405
0.00431405
0.00431405
0.00431405
0.00431405
0.00431405
0.00431405
0.00431405
0.00431405
0.00431405
0.00431405
0.00431405
0.00431405
0.00431405
0.00431405
0.00431405
0.00431405
0.00431405
0.00431405
0.00431405
0.00431405
0.00431405
0.00431405
0.00431405
0.00431405
0.00431405
0.00431405
0.00431405
0.00431405
0.00431405
0.00431405
0.00431405
0.00431405
0.00431405
0.00431405
0.00431405
0.00431405
0.00431405
0.00431405
0.00431405
0.00431405
0.00431405
0.00431405
0.00431405
0.00431405
0.00431405
0.00431405
0.00431405
0.00431405
0.00431405
0.00431405
0.00431405
0.00431405
0.00431405
0.00431405
0.00431405
0.00431405
0.00431405
0.00431405
0.00431405
0.00431405
0.00431405
0.00431405
0.00431405
0.00431405
0.00431405
0.00431405
0.00431405
0.00431405
0.00431405
0.00431405
0.00431405
0.00431405
0.00431405
0.0035373
0.00431405
0.00431405
0.00431405
0.00431405
0.00431405
0.00431405
0.00431405
0.00431405
0.00431405
0.00431405
0.00431405
0.00431405
0.00431405
0.00431405
0.00431405
0.00431405
0.00431405
0.00431405
0.00431405
0.00431405
0.00431405
0.00431405
0.00431404
0.00409798
0.00431405
0.00431405
0.00431405
0.00431405
0.00431405
0.00431405
0.00431405
0.00431405
0.00431405
0.00431405
0.00431405
0.00431405
0.00431405
0.00431405
0.00431405
0.00431405
0.00431405
0.00431405
0.00431405
0.00431405
0.00431405
0.00431405
0.00431403
0.00411475
0.00431405
0.00431405
0.00431405
0.00431405
0.00431405
0.00431405
0.00431405
0.00431405
0.00431405
0.00431405
0.00431405
0.00431405
0.00431405
0.00431405
0.00431405
0.00431405
0.00431405
0.00431405
0.00431405
0.00431405
0.00431405
0.00431405
0.00431091
0.00421859
0.00431405
0.00431405
0.00431405
0.00431405
0.00431405
0.00431405
0.00431405
0.00431405
0.00431405
0.00431405
0.00431405
0.00431405
0.00431405
0.00431405
0.00431405
0.00431405
0.00431405
0.00431405
0.00431405
0.00431405
0.00431405
0.00431405
0.00430903
0.00422091
0.00431405
0.00431405
0.00431405
0.00431405
0.00431405
0.00431405
0.00431405
0.00431405
0.00431405
0.00431405
0.00431405
0.00431405
0.00431405
0.00431405
0.00431405
0.00431405
0.00431405
0.00431405
0.00431405
0.00431405
0.00431405
0.00431351
0.00419999
0.00426915
0.00431404
0.00431405
0.00431405
0.00431405
0.00431405
0.00431405
0.00431405
0.00431405
0.00431405
0.00431405
0.00431405
0.00431405
0.00431405
0.00431405
0.00431405
0.00431405
0.00431405
0.00431405
0.00431405
0.00431405
0.00431404
0.00431303
0.00420036
0.00426946
0.00431404
0.00431405
0.00431405
0.00431405
0.00431405
0.00431405
0.00431405
0.00431405
0.00431405
0.00431405
0.00431405
0.00431405
0.00431405
0.00431405
0.00431405
0.00431405
0.00431405
0.00431405
0.00431405
0.00431405
0.00431404
0.00431257
0.00420069
0.00426973
0.00431403
0.00431405
0.00431405
0.00431405
0.00431405
0.00431405
0.00431405
0.00431405
0.00431405
0.00431405
0.00431405
0.00431405
0.00431405
0.00431405
0.00431405
0.00431405
0.00431405
0.00431405
0.00431405
0.00431405
0.00431403
0.00431212
0.004201
0.00426997
0.00431403
0.00431405
0.00431405
0.00431405
0.00431405
0.00431405
0.00431405
0.00431405
0.00431405
0.00431405
0.00431405
0.00431405
0.00431405
0.00431405
0.00431405
0.00431405
0.00431405
0.00431405
0.00431405
0.00431405
0.00431402
0.00431169
0.00420127
0.00427018
0.00431402
0.00431405
0.00431405
0.00431405
0.00431405
0.00431405
0.00431405
0.00431405
0.00431405
0.00431405
0.00431405
0.00431405
0.00431405
0.00431405
0.00431405
0.00431405
0.00431405
0.00431405
0.00431405
0.00431405
0.00431401
0.00431129
0.00420153
0.00427037
0.00431402
0.00431405
0.00431405
0.00431405
0.00431405
0.00431405
0.00431405
0.00431405
0.00431405
0.00431405
0.00431405
0.00431405
0.00431405
0.00431405
0.00431405
0.00431405
0.00431405
0.00431405
0.00431405
0.00431405
0.004314
0.0043109
0.00420176
0.00427054
0.00431401
0.00431405
0.00431405
0.00431405
0.00431405
0.00431405
0.00431405
0.00431405
0.00431405
0.00431405
0.00431405
0.00431405
0.00431405
0.00431405
0.00431405
0.00431405
0.00431405
0.00431405
0.00431405
0.00431405
0.00431399
0.00431048
0.00420201
0.00427071
0.004314
0.00431405
0.00431405
0.00431405
0.00431405
0.00431405
0.00431405
0.00431405
0.00431405
0.00431405
0.00431405
0.00431405
0.00431405
0.00431405
0.00431405
0.00431405
0.00431405
0.00431405
0.00431405
0.00431405
0.00431397
0.00431003
0.00420228
0.00427089
0.004314
0.00431405
0.00431405
0.00431405
0.00431405
0.00431405
0.00431405
0.00431405
0.00431405
0.00431405
0.00431405
0.00431405
0.00431405
0.00431405
0.00431405
0.00431405
0.00431405
0.00431405
0.00431405
0.00431405
0.00431396
0.0043096
0.00420254
0.00427107
0.00431399
0.00431405
0.00431405
0.00431405
0.00431405
0.00431405
0.00431405
0.00431405
0.00431405
0.00431405
0.00431405
0.00431405
0.00431405
0.00431405
0.00431405
0.00431405
0.00431405
0.00431405
0.00431405
0.00431405
0.00431394
0.00430917
0.00420279
0.00427124
0.00431399
0.00431405
0.00431405
0.00431405
0.00431405
0.00431405
0.00431405
0.00431405
0.00431405
0.00431405
0.00431405
0.00431405
0.00431405
0.00431405
0.00431405
0.00431405
0.00431405
0.00431405
0.00431405
0.00431405
0.00431392
0.00430876
0.00420303
0.0042714
0.00431398
0.00431405
0.00431405
0.00431405
0.00431405
0.00431405
0.00431405
0.00431405
0.00431405
0.00431405
0.00431405
0.00431405
0.00431405
0.00431405
0.00431405
0.00431405
0.00431405
0.00431405
0.00431405
0.00431405
0.0043139
0.00430836
0.00420327
0.00427155
0.00431398
0.00431405
0.00431405
0.00431405
0.00431405
0.00431405
0.00431405
0.00431405
0.00431405
0.00431405
0.00431405
0.00431405
0.00431405
0.00431405
0.00431405
0.00431405
0.00431405
0.00431405
0.00431405
0.00431405
0.00431388
0.00430796
0.0042035
0.00427171
0.00431397
0.00431405
0.00431405
0.00431405
0.00431405
0.00431405
0.00431405
0.00431405
0.00431405
0.00431405
0.00431405
0.00431405
0.00431405
0.00431405
0.00431405
0.00431405
0.00431405
0.00431405
0.00431405
0.00431404
0.00431385
0.00430756
0.00420374
0.00427186
0.00431397
0.00431405
0.00431405
0.00431405
0.00431405
0.00431405
0.00431405
0.00431405
0.00431405
0.00431405
0.00431405
0.00431405
0.00431405
0.00431405
0.00431405
0.00431405
0.00431405
0.00431405
0.00431405
0.00431404
0.00431383
0.00430716
0.00420397
0.00427201
0.00431396
0.00431405
0.00431405
0.00431405
0.00431405
0.00431405
0.00431405
0.00431405
0.00431405
0.00431405
0.00431405
0.00431405
0.00431405
0.00431405
0.00431405
0.00431405
0.00431405
0.00431405
0.00431405
0.00431404
0.0043138
0.00430676
0.00420421
0.00427216
0.00431396
0.00431405
0.00431405
0.00431405
0.00431405
0.00431405
0.00431405
0.00431405
0.00431405
0.00431405
0.00431405
0.00431405
0.00431405
0.00431405
0.00431405
0.00431405
0.00431405
0.00431405
0.00431405
0.00431404
0.00431377
0.00430634
0.00420446
0.00427232
0.00431395
0.00431405
0.00431405
0.00431405
0.00431405
0.00431405
0.00431405
0.00431405
0.00431405
0.00431405
0.00431405
0.00431405
0.00431405
0.00431405
0.00431405
0.00431405
0.00431405
0.00431405
0.00431405
0.00431405
0.00431405
0.00431405
0.00431405
0.00431405
0.00431405
0.00431405
0.00431405
0.00347152
0.00350615
0.00431405
0.00431405
0.00431405
0.00431405
0.00431405
0.00431405
0.00431405
0.00431405
0.00431405
0.00431404
0.00431405
0.00431405
0.00431405
0.00431405
0.00431405
0.00431405
0.00431405
0.00431405
0.00431278
0.00431381
0.0043113
0.00431367
0.00431405
0.00431405
0.00431405
0.00431405
0.00431405
0.00431405
0.00431405
0.00430869
0.0043094
0.00428256
0.00429771
0.00431405
0.00431405
0.00431405
0.00431405
0.00431405
0.00431405
0.00431405
0.00431056
0.00430958
0.00430548
0.00429127
0.00431405
0.00431405
0.00431405
0.00431247
0.00431204
0.00431405
0.00431405
0.00431405
0.00431366
0.00431337
0.00431404
0.00367364
0.00347445
0.00393075
0.00431405
0.00431405
0.00431389
0.00431405
0.00431405
0.00431404
0.00431338
0.00431405
0.00431404
0.00431374
0.00431404
0.00431405
0.00431405
0.00431394
0.0043097
0.00431247
0.00431405
0.00430871
0.00429663
0.00431307
0.00430931
0.00429867
0.00431119
0.00431405
0.00431261
0.00430958
0.0043139
0.00431268
0.00431405
0.00430944
0.00430874
0.00431405
0.00429359
0.00429938
0.00429609
0.00429333
0.00429069
0.0042817
0.00431405
0.00430864
0.00430994
0.00430954
0.0043087
0.00431405
0.00429739
0.00430282
0.00429982
0.0042965
0.00431187
0.00430628
0.00431405
0.0043122
0.0043134
0.00431001
0.00431207
0.00431405
0.0043076
0.00430974
0.00430348
0.0043072
0.00431331
0.00431262
0.00431345
0.00431372
0.00431405
0.00431138
0.0043098
0.00430999
0.00431125
0.00431379
0.00431369
0.00431405
0.00431405
0.00431405
0.00431395
0.00431405
0.00431405
0.00431405
0.00431405
0.00431405
0.00431251
0.00431179
0.00427192
0.00424966
0.00431405
0.00431405
0.00431405
0.00431405
0.00431397
0.00431405
0.00431405
0.00431405
0.00431166
0.00431071
0.00431405
0.0033621
0.00349631
0.00397973
0.00406322
0.00350452
0.0036821
0.00424536
0.00420501
0.00431405
0.00431374
0.00431388
0.00407346
0.00412609
0.00431389
0.00431395
0.00431405
0.00431405
0.00431405
0.00431405
0.00431405
0.00431405
0.00431405
0.0043139
0.00431405
0.00431398
0.00431405
0.004314
0.00431405
0.00431216
0.00431277
0.00429125
0.00429202
0.00430056
0.00429895
0.00431193
0.00420578
0.00431286
0.00428899
0.00427442
0.0042769
0.00429014
0.00431352
0.00429751
0.00431397
0.00426518
0.0043084
0.00425582
0.00431389
0.00430963
0.00431396
0.00431405
0.00431371
0.00430204
0.00431398
0.004314
0.0043019
0.00430114
0.00431209
0.00431182
0.00430383
0.00430452
0.00430976
0.00431401
0.00431403
0.004314
0.00431401
0.00430975
0.00431346
0.00431404
0.00431405
0.00431403
0.00431404
0.00431326
0.00429634
0.00429667
0.00429341
0.00429317
0.00427115
0.00427262
0.00430815
0.004314
0.004314
0.00431401
0.004314
0.00430814
0.00430922
0.004314
0.004314
0.004314
0.004314
0.00430917
0.00337371
0.00429991
0.00351841
0.00337008
0.00370485
0.00352826
0.00430068
0.00429278
0.00338456
0.00429369
0.00431016
0.00430978
0.00431098
0.00431402
0.00431401
0.00431402
0.00431402
0.00431119
0.00386305
0.0039626
0.00430527
0.00387316
0.00371845
0.00400494
0.00389126
0.0043058
0.00370133
0.00384757
0.00431307
0.00425105
0.00427435
0.00421071
0.00424638
0.00431297
0.00419513
0.00412772
0.00414629
0.00357613
0.00413213
0.00412043
0.00368507
0.00428899
0.00429036
0.00431403
0.00431405
0.00431405
0.00431405
0.00431405
0.00431354
0.00431345
0.00387702
0.00431242
0.00431341
0.00431404
0.00431304
0.0043126
0.00431405
0.00349358
0.00352514
0.00339804
0.00412781
0.00412747
0.00355161
0.0036011
0.00428228
0.0042886
0.00314167
0.00431405
0.00431405
0.00431405
0.00431405
0.00431405
0.00431405
0.00431338
0.00431404
0.00431403
0.00431137
0.00431034
0.00431328
0.00430872
0.00431397
0.00431397
0.00431398
0.00431397
0.00430881
0.00428665
0.00429542
0.00430341
0.0042927
0.00410898
0.00407196
0.00431356
0.00429154
0.00430079
0.00430475
0.00430499
0.00364465
0.00431405
0.00431402
0.00431405
0.00431385
0.00431188
0.00431078
0.00431404
0.00431405
0.00431405
0.00431405
0.00431405
0.00431403
0.00431079
0.004314
0.00431398
0.00431402
0.004314
0.00431118
0.00430572
0.00417568
0.00425535
0.00412026
0.00413321
0.00429841
0.00426347
0.00427219
0.00431055
0.00430084
0.00430675
0.00431096
0.00431379
0.00431381
0.00431361
0.00431364
0.00430966
0.00431397
0.00431397
0.00430898
0.00429494
0.00408782
0.00404354
0.00429471
0.00410145
0.00411657
0.00403563
0.00404455
0.00429285
0.00428299
0.00427621
0.00430837
0.00431362
0.0043136
0.00431357
0.00431372
0.00430924
0.00430942
0.00431358
0.0043136
0.0043136
0.00431358
0.00430892
0.00431125
0.00427386
0.00428244
0.00426216
0.00425698
0.004308
0.00431315
0.00431403
0.00431402
0.00431403
0.00431403
0.00431322
0.00430865
0.00408929
0.00401722
0.00416775
0.00414387
0.00430895
0.00375654
0.00378548
0.00431063
0.00419459
0.00417521
0.0037217
0.00374801
0.00415437
0.00411864
0.00431403
0.00431404
0.00431404
0.00407113
0.00426371
0.00409604
0.00411347
0.00410905
0.00426084
0.00431405
0.004314
0.00431405
0.00431387
0.00431404
0.00337851
0.00342192
0.00350568
0.00349584
0.00401924
0.00358668
0.0035654
0.00364233
0.0035937
0.00403013
0.00355038
0.00358416
0.00423037
0.00422357
0.00409954
0.00371911
0.00366787
0.00360733
0.00363527
0.00431377
0.00431403
0.00431404
0.00431394
0.00431402
0.00431368
0.00431142
0.00431321
0.00428748
0.00429462
0.00430289
0.00429359
0.00421454
0.00428672
0.00428048
0.00429327
0.00428868
0.00421286
0.00426621
0.00426024
0.00427852
0.00426954
0.00428384
0.0041693
0.00419141
0.00412903
0.0041583
0.00428169
0.00405181
0.00406276
0.00428641
0.00431255
0.00431113
0.00431379
0.00431295
0.00429194
0.00430167
0.00429845
0.00430998
0.00430305
0.00431322
0.00431402
0.00431388
0.00431268
0.00431162
0.00431331
0.00431214
0.00431389
0.00431242
0.00431362
0.0043139
0.00431267
0.00431349
0.00431403
0.00431378
0.0043134
0.00415063
0.00416402
0.00430458
0.00403875
0.00398514
0.00418716
0.00405031
0.00390964
0.00386285
0.00396891
0.00393011
0.00429907
0.00413782
0.0041473
0.00425566
0.00424047
0.00429673
0.00426825
0.00422169
0.00420438
0.00423765
0.00422622
0.0043109
0.00427418
0.00427962
0.00430159
0.00430637
0.00431371
0.00431377
0.00431027
0.00430969
0.00431365
0.00431369
0.00409929
0.00409551
0.00429535
0.00380799
0.00380766
0.0036222
0.00378504
0.00378866
0.00384742
0.00380345
0.00379069
0.00407936
0.00409644
0.00429432
0.00378951
0.00374339
0.00385172
0.00380381
0.00365825
0.00361355
0.00372571
0.00367913
0.00429291
0.00405283
0.00407263
0.00427773
0.00427508
0.00431366
0.00431363
0.0043083
0.00430882
0.00431371
0.00431367
0.00431357
0.00431358
0.00430937
0.00430898
0.00431358
0.00431357
0.00338919
0.00343511
0.00411002
0.00414011
0.00407084
0.00409936
0.00338446
0.00363365
0.00418054
0.00413359
0.00414839
0.00417288
0.00359678
0.00394404
0.00396032
0.0038823
0.00393797
0.00342698
0.00403277
0.00406293
0.00396944
0.00401695
0.00342604
0.00426628
0.00427174
0.00431102
0.00424357
0.00425441
0.00425746
0.00424306
0.00425427
0.00430843
0.00425378
0.00426173
0.00390295
0.00347614
0.00348365
0.00355035
0.00348021
0.0039173
0.00350676
0.00375712
0.00348595
0.00378119
0.0042293
0.00429847
0.00429469
0.00430296
0.00429974
0.0042324
0.00417967
0.00418558
0.00379833
0.00382994
0.00365444
0.00371077
0.00417898
0.00416262
0.00431405
0.00431405
0.00431405
0.00431405
0.00431399
0.004314
0.00431405
0.00431405
0.00431405
0.00431404
0.00431405
0.00431405
0.00431405
0.00431405
0.00431405
0.00431405
0.00431404
0.00431352
0.00431133
0.00430686
0.00430626
0.00428351
0.00429692
0.00431398
0.00431398
0.00430998
0.00427334
0.00427069
0.00429169
0.00428435
0.00428879
0.00431245
0.00431401
0.00431405
0.00431405
0.00430718
0.00430924
0.0043136
0.00431398
0.00431385
0.00431404
0.00431293
0.00429639
0.00430624
0.00429939
0.00430563
0.00430497
0.00431081
0.00431197
0.00431198
0.00430961
0.00431385
0.00431388
0.00431279
0.00430908
0.00431397
0.00431398
0.00411839
0.0040996
0.00429809
0.00428966
0.00427691
0.00427583
0.00428083
0.00430858
0.00431196
0.00431195
0.0043095
0.00431195
0.00431196
0.00431194
0.00431193
0.00430877
0.00429105
0.00414764
0.00412799
0.00431023
0.00431361
0.00431359
0.00431358
0.00431404
0.00431403
0.003544
0.00354571
0.00421514
0.00420034
0.0043108
0.00354253
0.00354295
0.00430168
0.00430374
0.00431376
0.00431397
0.00431391
0.00335368
0.00337397
0.00338231
0.00348488
0.00351354
0.00335724
0.0033652
0.00349876
0.00347418
0.00365673
0.00417289
0.0041662
0.00421126
0.00376291
0.00372888
0.00410676
0.00431405
0.00431405
0.00431405
0.00431376
0.00431389
0.00431399
0.00431402
0.00431352
0.00431362
0.00431405
0.00431405
0.00431404
0.00430975
0.00430945
0.00431173
0.00431303
0.00431199
0.00431144
0.00428941
0.0042928
0.0042804
0.00428246
0.00430163
0.00429695
0.00427169
0.00427628
0.0042217
0.00422255
0.00424711
0.00424372
0.00420569
0.00422463
0.00422705
0.00431257
0.00429054
0.00429534
0.00429338
0.00427541
0.00430036
0.00429744
0.00431188
0.00431073
0.00430573
0.00422322
0.0042114
0.00428996
0.00426873
0.00423867
0.00431404
0.00431403
0.00431359
0.00431343
0.00431226
0.00431285
0.00430557
0.00431291
0.00431332
0.00428138
0.00429062
0.00431277
0.00419608
0.00418182
0.00430315
0.00430519
0.00431397
0.00431399
0.00431369
0.00431284
0.00431391
0.00431394
0.00429772
0.00409762
0.00409801
0.00427133
0.00427342
0.00431191
0.00431192
0.00430927
0.0043091
0.00431191
0.00431191
0.00338493
0.00350604
0.0037407
0.00375641
0.00357854
0.00359054
0.00335664
0.00416165
0.00415131
0.00429191
0.00342546
0.00340709
0.00352059
0.00352274
0.00339975
0.00356669
0.0035721
0.00339252
0.00339607
0.00431366
0.00431364
0.00431035
0.0043116
0.00431371
0.00431368
0.00379734
0.00416634
0.00417674
0.00414455
0.00415541
0.00377115
0.00426181
0.00430097
0.00430384
0.00430329
0.00430219
0.0042654
0.00421834
0.00425604
0.00425146
0.00418441
0.0041754
0.00419643
0.00359504
0.00360753
0.00361577
0.0035436
0.00414827
0.00382711
0.00377928
0.00387025
0.00383908
0.00411267
0.00403535
0.00403863
0.00419732
0.00421584
0.00429375
0.00431403
0.00431403
0.00431399
0.0034945
0.00350392
0.00380159
0.00380156
0.00336951
0.00357799
0.0035409
0.00353668
0.00353778
0.0035403
0.00359258
0.00315156
0.00416946
0.0041782
0.00431405
0.00431405
0.00431405
0.004308
0.00430744
0.00431135
0.00430922
0.00431111
0.00431238
0.00431053
0.00431087
0.00428531
0.00429616
0.00426029
0.00426346
0.00426377
0.0042602
0.00429213
0.0042688
0.00426774
0.00410074
0.00403946
0.00403889
0.00405033
0.00404789
0.00409027
0.00431158
0.00431296
0.00431301
0.00431278
0.00431291
0.00431123
0.00430011
0.0043097
0.00430422
0.00430232
0.00430964
0.00431199
0.00431201
0.00427668
0.00427751
0.00428754
0.00427807
0.00431199
0.00431198
0.00430846
0.00431193
0.00431194
0.00430946
0.00430886
0.00431193
0.00431192
0.0042624
0.00427318
0.0042687
0.00427696
0.00427553
0.00426134
0.00354844
0.00355397
0.00354497
0.003543
0.00373086
0.00361923
0.00361264
0.0040516
0.00405146
0.00414347
0.00407041
0.00408535
0.0040433
0.00405487
0.00413078
0.00431401
0.00431399
0.00431402
0.00431397
0.00431403
0.00431404
0.00431405
0.00431402
0.00431403
0.00431401
0.00409038
0.00418475
0.00417929
0.00419999
0.00419208
0.00409627
0.00413235
0.00415896
0.00414778
0.00417489
0.00416918
0.0041228
0.00431402
0.00431404
0.00431403
0.00431355
0.00431315
0.00431396
0.00431389
0.00335449
0.00346356
0.00338752
0.00338372
0.00350259
0.00349909
0.00368911
0.00370209
0.00357424
0.00335982
0.00335273
0.00352726
0.00341863
0.00342043
0.00341109
0.00362261
0.00343155
0.00338858
0.0041783
0.00418845
0.00423633
0.00415087
0.00415386
0.004143
0.00414517
0.00421696
0.00416341
0.00416763
0.00361357
0.00353133
0.00353476
0.0035308
0.00352859
0.00362199
0.00431393
0.00431396
0.00431384
0.0043134
0.00431369
0.00431389
0.00430719
0.00431152
0.00430904
0.00430854
0.00430966
0.00431012
0.00430862
0.00430918
0.00428834
0.00429362
0.00426732
0.00426821
0.00426473
0.00426607
0.00430234
0.00428357
0.00428436
0.00426738
0.00426875
0.00429502
0.00426807
0.00423088
0.00422407
0.00420904
0.00424086
0.00423719
0.00426375
0.00423017
0.00422928
0.00424088
0.00423472
0.004262
0.0042762
0.00424634
0.00424993
0.00423322
0.00424007
0.00427311
0.0042277
0.00413871
0.00421251
0.00420697
0.00404492
0.00405053
0.00428376
0.00430282
0.00430161
0.00428093
0.00429664
0.00430759
0.00430473
0.00424242
0.00423234
0.00427878
0.00428107
0.00429961
0.00426356
0.00425317
0.00430903
0.00431056
0.00431308
0.00431152
0.00430707
0.00430072
0.00430669
0.00431312
0.0043136
0.0043137
0.00431312
0.00431332
0.00431231
0.0043111
0.0043121
0.0043137
0.00431329
0.00431313
0.00431373
0.00431339
0.00431379
0.00431287
0.00431291
0.00431234
0.00431303
0.00402457
0.00400365
0.00414805
0.00397652
0.0039954
0.00393681
0.0040607
0.00389174
0.00387619
0.00395483
0.0039429
0.00424802
0.00417839
0.00419495
0.00414492
0.00416115
0.00424363
0.00429347
0.00426735
0.00427498
0.00420474
0.00424935
0.00428558
0.00416838
0.0041419
0.0042171
0.00404269
0.0040583
0.00401628
0.00402922
0.004212
0.00423474
0.00411738
0.00413034
0.00407594
0.00409568
0.00423066
0.00430246
0.00430583
0.00381434
0.00364107
0.00366445
0.00359377
0.00361626
0.00381168
0.00366491
0.00367636
0.00367466
0.0037286
0.00379678
0.00347436
0.00349575
0.00351318
0.00347645
0.00381619
0.00379931
0.00355472
0.0035733
0.00351885
0.00353799
0.00379522
0.00377765
0.00376387
0.00384013
0.00382063
0.00363983
0.00362329
0.00371063
0.00369803
0.00427362
0.00427421
0.00430932
0.00431192
0.00431193
0.00431192
0.00431191
0.00430904
0.00339243
0.00368543
0.00371817
0.00348256
0.00335639
0.00361287
0.00364699
0.00346463
0.00344446
0.00394889
0.00365538
0.00365768
0.00391077
0.00362648
0.00357232
0.00365781
0.00365004
0.00392826
0.00350998
0.00348633
0.00353233
0.003556
0.00341546
0.00342622
0.00348146
0.00426871
0.00428983
0.00428812
0.00429234
0.00429113
0.00427023
0.00424727
0.00425242
0.00425229
0.00424286
0.00424279
0.00424666
0.00425345
0.0042803
0.00427835
0.00428574
0.00428294
0.00425681
0.00347826
0.00356799
0.00357851
0.00355271
0.0035603
0.00348084
0.00352334
0.00364678
0.00367122
0.00359522
0.00361935
0.0034966
0.00350208
0.00342602
0.00343876
0.00342083
0.00342198
0.00348647
0.00352553
0.00354258
0.00346433
0.00349481
0.00348173
0.00426297
0.00425998
0.00422531
0.00417864
0.00419233
0.0035664
0.00358672
0.0036763
0.00356739
0.0035441
0.00360432
0.00359094
0.00369606
0.00354809
0.00354729
0.00403945
0.00404196
0.00431405
0.00431405
0.00431405
0.00431405
0.00431405
0.00431405
0.00431405
0.00431405
0.00431405
0.00431405
0.00431405
0.00431405
0.00431405
0.00431405
0.00431405
0.00431405
0.00431405
0.00431405
0.00431405
0.00431405
0.00431405
0.00431405
0.00431405
0.00431405
0.00431405
0.00431405
0.00431405
0.00431405
0.00431405
0.00431405
0.00431405
0.00431405
0.00431405
0.00431405
0.00431405
0.00431405
0.00431405
0.00431405
0.00431405
0.00431405
0.00431405
0.00431405
0.00431405
0.00431405
0.00431405
0.00431405
0.00431405
0.00431405
0.00431405
0.00431405
0.00431405
0.00431405
0.00431405
0.00431405
0.00431405
0.00431405
0.00431405
0.00431405
0.00431405
0.00431405
0.00431405
0.00431405
0.00431405
0.00431405
0.00431405
0.00431405
0.00431405
0.00431405
0.00431405
0.00431405
0.00431405
0.00431405
0.00431405
0.00431405
0.00431405
0.00431405
0.00431405
0.00431405
0.00431405
0.00431405
0.00431405
0.00431405
0.00431405
0.00431405
0.00431405
0.00431404
0.00431404
0.00431405
0.00431405
0.00431405
0.00431405
0.00431405
0.00431405
0.00431405
0.00431405
0.00431405
0.00431405
0.00431405
0.00431405
0.00431405
0.00431404
0.00431404
0.00431405
0.00431405
0.00431405
0.00431405
0.00431405
0.00431405
0.00431405
0.00431405
0.00431405
0.00431405
0.00431404
0.00431404
0.00431405
0.00431405
0.00431405
0.00431405
0.00431405
0.00431405
0.00431405
0.00431405
0.00431405
0.00431405
0.00431405
0.00431405
0.00431405
0.00431405
0.00431405
0.00431405
0.00431405
0.00431405
0.00431405
0.00431405
0.00431405
0.00431405
0.0043133
0.00431329
0.00362931
0.00426867
0.00427258
0.00431405
0.00431405
0.00431405
0.00431405
0.00431405
0.00431405
0.00431405
0.00431405
0.00431405
0.00431405
0.00431405
0.00431405
0.00431404
0.0038805
0.00386947
0.00411094
0.00431405
0.00431405
0.00431405
0.00431405
0.00431405
0.00431405
0.00431405
0.00431405
0.00431405
0.00431404
0.00431405
0.00431205
0.00408168
0.00388371
0.00421729
0.00431399
0.00431405
0.00431405
0.00431405
0.00431405
0.00431405
0.00431405
0.00431405
0.00431405
0.00431405
0.00431405
0.00431405
0.00431405
0.00431405
0.00431404
0.00431404
0.00431405
0.00431405
0.00431404
0.00431403
0.00431405
0.00431405
0.00431405
0.00431404
0.00431404
0.00431405
0.00431405
0.00431403
0.00431404
0.00431403
0.00431403
0.00431405
0.00431404
0.00431404
0.00431405
0.00431405
0.00431404
0.00431405
0.00431404
0.00431404
0.00431405
0.00431405
0.00431405
0.00431405
0.00431405
0.00431405
0.00431405
0.00431328
0.00431356
0.00431405
0.00336774
0.00375218
0.00375665
0.00401374
0.00401468
0.00315913
0.00431405
0.00431405
0.00431405
0.00431405
0.00431405
0.00431405
0.00431405
0.00431405
0.00431404
0.00431405
0.00431405
0.00431405
0.00431405
0.00431405
0.00431405
0.00431405
0.00431405
0.00431405
0.00431405
0.00431405
0.00431405
0.00431405
0.00431405
0.00431405
0.00431405
0.00431405
0.00431405
0.00431405
0.00431405
0.00431405
0.00431404
0.004314
0.00431405
0.00431405
0.00431405
0.00431405
0.00431405
0.00431405
0.00431405
0.00431405
0.00431405
0.00431405
0.00431405
0.00431405
0.00431405
0.00431405
0.00431405
0.00431405
0.00431405
0.00431405
0.00431405
0.00431405
0.00431405
0.00431405
0.00431405
0.00431405
0.00431302
0.00431377
0.0043137
0.00431399
0.00431397
0.00431373
0.00431325
0.00431281
0.00431353
0.00431405
0.00431405
0.00431405
0.00431405
0.00431405
0.00431405
0.00431405
0.00431405
0.00431405
0.00431405
0.00431405
0.00431405
0.00431405
0.00431405
0.00431405
0.00431405
0.00431405
0.00431405
0.00431404
0.00431404
0.00431405
0.00430866
0.00431272
0.00431272
0.00431288
0.00431281
0.00430915
0.00431405
0.00431405
0.00431405
0.00431405
0.00431405
0.00431405
0.00431405
0.00431405
0.00431405
0.00431405
0.00431405
0.00431405
0.00431405
0.00431405
0.00431405
0.00431405
0.00431405
0.00431405
0.00431404
0.00431404
0.00431405
0.00431012
0.00431399
0.00431399
0.00431292
0.00431296
0.00430971
0.00430468
0.0042878
0.00429006
0.00431405
0.00431405
0.00431405
0.00431405
0.00431405
0.00431405
0.00431405
0.00431405
0.00431405
0.00431231
0.00430117
0.00430381
0.00430793
0.00430839
0.00431219
0.00431405
0.00431405
0.00431405
0.00431405
0.00431405
0.00431405
0.00431405
0.00431405
0.00431405
0.00431363
0.00431241
0.00431253
0.00431131
0.00431155
0.00431342
0.00431362
0.0043133
0.00431404
0.00365154
0.00430499
0.00430464
0.00412951
0.00413315
0.00349044
0.0043126
0.00431246
0.00389134
0.00431405
0.00431394
0.00431399
0.004314
0.00431394
0.00431405
0.00431395
0.00431403
0.00431401
0.00431405
0.00431405
0.00431403
0.00431405
0.00431405
0.00431405
0.00431403
0.00431372
0.00431399
0.00431405
0.00431405
0.00431405
0.00431402
0.00431404
0.00431405
0.00431379
0.00431349
0.00431342
0.00431404
0.00431403
0.00431404
0.00431405
0.00431405
0.00431405
0.00431405
0.00431405
0.00431405
0.00431403
0.00431403
0.00431399
0.00431004
0.00431304
0.00431295
0.00431363
0.00431353
0.00431205
0.00431405
0.00431404
0.00431404
0.00430792
0.00429927
0.00430161
0.00427293
0.00427396
0.00429718
0.00430311
0.00430416
0.00430978
0.00431404
0.00431404
0.00431405
0.00431245
0.00431325
0.00431333
0.00431374
0.00431401
0.00431402
0.00431338
0.00431342
0.00431272
0.00431405
0.00431405
0.00431404
0.0043093
0.00431286
0.00431289
0.00431273
0.00431275
0.00430881
0.00431405
0.00431404
0.00431404
0.00429406
0.00426621
0.00426508
0.00427786
0.00427677
0.00429892
0.00429561
0.00427101
0.00427195
0.00426429
0.0042638
0.00429303
0.00431403
0.00431403
0.00431405
0.00431263
0.00431257
0.00430981
0.00431405
0.00431403
0.00431403
0.00429826
0.0042194
0.00420691
0.00426829
0.0042655
0.00430214
0.00430025
0.00428004
0.00427897
0.00420296
0.00418928
0.00429559
0.00431168
0.00430681
0.00430741
0.00429247
0.00429449
0.00430699
0.00431404
0.00431404
0.00431405
0.00431252
0.00431379
0.00431377
0.00431388
0.00431387
0.00431334
0.00431007
0.00431273
0.00431268
0.00431375
0.00431373
0.0043117
0.00431405
0.00431404
0.00431404
0.00430798
0.00428966
0.00428812
0.00429691
0.0042959
0.00430949
0.00430411
0.00427353
0.00427095
0.00428645
0.00428465
0.00430677
0.00431324
0.00431075
0.00431105
0.00430457
0.00430655
0.00431275
0.0043135
0.0043139
0.00431389
0.00431404
0.00431404
0.00431362
0.00431405
0.00431405
0.00431405
0.00431167
0.00422971
0.00421937
0.00421435
0.00422596
0.00431158
0.00431022
0.00429872
0.00429785
0.00431377
0.00430407
0.00430453
0.00431405
0.00431405
0.00431405
0.00431405
0.00431405
0.00431405
0.00431405
0.00431405
0.00431405
0.00431405
0.00431405
0.00431405
0.00431405
0.00431405
0.00431405
0.00431405
0.00431405
0.00431405
0.00431404
0.00431404
0.00431405
0.00431223
0.00431396
0.00431397
0.00431395
0.00431396
0.00431213
0.00426923
0.00423877
0.00424334
0.00420819
0.00421543
0.00425386
0.00431405
0.00431405
0.00431405
0.00431405
0.00431405
0.00431405
0.00431379
0.00431393
0.00431401
0.00431405
0.00431405
0.00431405
0.00431405
0.00431405
0.00431405
0.00431405
0.00431405
0.00431405
0.00431127
0.004314
0.00431395
0.004314
0.004314
0.00431113
0.00431405
0.00431404
0.00431404
0.00399442
0.00384671
0.00383227
0.0039269
0.00391131
0.00405212
0.00424107
0.00419502
0.00420111
0.00431405
0.00431405
0.00431405
0.00431381
0.00431404
0.00431404
0.00431404
0.00431404
0.00431383
0.00408313
0.00395719
0.00394244
0.00402204
0.00401216
0.00411989
0.00431392
0.00431404
0.00431404
0.00431404
0.00431404
0.00431393
0.00431405
0.00431405
0.00431405
0.00431405
0.00431405
0.00431405
0.00431405
0.00431405
0.00431405
0.00431405
0.00431405
0.00431405
0.00431405
0.00431405
0.00431405
0.00431405
0.00431405
0.00431405
0.00431405
0.00431405
0.00431405
0.00431405
0.00431404
0.00431405
0.00431405
0.00431405
0.00431405
0.00431403
0.00431404
0.00431402
0.00431405
0.00431405
0.00431405
0.00429658
0.00430011
0.00431213
0.00431278
0.00431029
0.00431058
0.00428748
0.00426716
0.00426966
0.00424756
0.00425124
0.00427668
0.00428352
0.00430515
0.00430427
0.00430663
0.00430593
0.00428532
0.00431348
0.00431176
0.00431195
0.00431292
0.00431356
0.00431401
0.00431377
0.00430999
0.0043125
0.00431066
0.00431293
0.00431246
0.00431402
0.004314
0.00431386
0.00431405
0.00431405
0.00431405
0.00431389
0.00431384
0.00431396
0.00431401
0.00431395
0.00431392
0.00428268
0.00428426
0.00430269
0.00430044
0.00427995
0.00428126
0.00430918
0.00430986
0.00431234
0.00431153
0.00430786
0.00430852
0.00431213
0.00431219
0.00430981
0.00431402
0.00431395
0.00431394
0.00431398
0.00431396
0.00431402
0.004314
0.00431391
0.0043139
0.00431393
0.00431392
0.00431401
0.00430973
0.00431207
0.0043121
0.00431379
0.00431383
0.00431357
0.00431404
0.00431403
0.00431403
0.00431404
0.00431404
0.00431404
0.00431403
0.004314
0.00431399
0.00431402
0.00431401
0.00431404
0.00431306
0.00431364
0.00431372
0.0042716
0.004271
0.00429602
0.00429701
0.00427282
0.0042722
0.00426616
0.00426688
0.00429367
0.00429303
0.00426492
0.0042655
0.00431207
0.00431204
0.00430819
0.004314
0.0043139
0.0043139
0.00431389
0.0043139
0.004314
0.00431401
0.00431392
0.00431392
0.00431391
0.00431391
0.00431401
0.00430822
0.00431215
0.0043121
0.004314
0.00431389
0.00431389
0.0043139
0.00431389
0.004314
0.004314
0.00431389
0.00431389
0.00431389
0.00431389
0.004314
0.00425615
0.00422367
0.00429912
0.00368841
0.00389737
0.00391628
0.00376995
0.00378492
0.00354162
0.00430142
0.00426243
0.0042593
0.00429464
0.00418341
0.00416594
0.00430248
0.00430337
0.00431048
0.00430934
0.00430017
0.00430139
0.00431305
0.00431298
0.00431075
0.00431401
0.00431394
0.00431395
0.00431393
0.00431393
0.00431401
0.00431402
0.00431396
0.00431397
0.00431395
0.00431396
0.00431402
0.00431136
0.00431315
0.0043131
0.00387664
0.00370988
0.0036973
0.00381518
0.0037952
0.00394802
0.00427841
0.00427603
0.0043047
0.00385141
0.00403509
0.00404956
0.00393203
0.00394822
0.00373261
0.00395783
0.00420284
0.00421031
0.00418606
0.00419468
0.00394051
0.0043063
0.00428269
0.00428063
0.00371836
0.00352852
0.00351473
0.00368203
0.00366092
0.00382877
0.00431006
0.00431042
0.00431316
0.00425477
0.00427906
0.00427669
0.00429232
0.0042907
0.00427166
0.00427397
0.00427103
0.00424109
0.00431287
0.0043092
0.00430965
0.00413464
0.00391047
0.00388005
0.00394783
0.00392162
0.00414121
0.00413785
0.00404156
0.00403191
0.00428769
0.00422079
0.00423165
0.00427199
0.00427422
0.0042916
0.00431405
0.00431405
0.00431405
0.00431405
0.00431405
0.00431405
0.00431351
0.00431399
0.00431399
0.00431399
0.00431399
0.00431348
0.00423721
0.00423461
0.00386034
0.00431243
0.00430217
0.00430241
0.00430211
0.00430225
0.00431256
0.00431288
0.00431398
0.00431398
0.00431397
0.00431398
0.00431281
0.00431405
0.00431404
0.00431404
0.00358096
0.00355433
0.00337502
0.00412573
0.0039611
0.00391601
0.00396858
0.00396421
0.00412574
0.00428714
0.00420217
0.00419207
0.00422933
0.00424694
0.00428883
0.00314375
0.00370155
0.00382322
0.00431405
0.00431405
0.00431405
0.00431405
0.00431405
0.00431405
0.00431405
0.00431405
0.00431405
0.00431405
0.00431405
0.00431405
0.00431405
0.00431405
0.00431405
0.00431405
0.00431405
0.00431405
0.00431387
0.00431382
0.00431321
0.00431404
0.00431399
0.004314
0.00431396
0.00431398
0.00431403
0.00431339
0.0043125
0.00431233
0.00431272
0.00431271
0.00430867
0.00431397
0.00431371
0.00431371
0.00431371
0.00431371
0.00431397
0.00431397
0.00431374
0.00431375
0.00431372
0.00431373
0.00431397
0.00430895
0.00431277
0.00431273
0.00428514
0.00428617
0.00430399
0.00431212
0.00431227
0.0043136
0.00429873
0.00430781
0.00430726
0.00430875
0.00430831
0.00429981
0.00430488
0.00424566
0.00421586
0.00424643
0.00424618
0.00430495
0.00363753
0.0040552
0.00405226
0.00431405
0.00431405
0.00431405
0.00431405
0.00431405
0.00431405
0.00431405
0.00431405
0.00431405
0.00431358
0.00431354
0.00431382
0.00431405
0.00431405
0.00431404
0.00431405
0.00431405
0.00431405
0.00431405
0.00431405
0.00431405
0.00431405
0.00431404
0.00431404
0.00431405
0.00431405
0.00431405
0.00431401
0.00431404
0.00431404
0.00431323
0.00431313
0.0043104
0.00431399
0.00431382
0.00431384
0.00431377
0.0043138
0.00431399
0.00431402
0.00431392
0.00431394
0.00431387
0.00431389
0.00431401
0.0043116
0.00431343
0.00431333
0.00429189
0.00429577
0.00430689
0.0041996
0.00426745
0.00425596
0.00428634
0.00427938
0.00423619
0.00412423
0.00422424
0.00422246
0.00422818
0.00422615
0.00412858
0.00429778
0.00427508
0.00427626
0.00426747
0.00429199
0.0042899
0.00429478
0.00429349
0.00427006
0.00431018
0.00430501
0.00430576
0.00431279
0.00431309
0.004312
0.0043138
0.00431373
0.00431363
0.00431362
0.00431315
0.00431314
0.00431319
0.00431317
0.00431363
0.00431397
0.00431372
0.00431372
0.00431373
0.00431372
0.00431397
0.00430889
0.00431276
0.00431278
0.00426865
0.00426747
0.00429449
0.00407427
0.00420851
0.00421237
0.00420024
0.0042041
0.0040577
0.00426918
0.00427007
0.00429513
0.0041069
0.00421709
0.00421517
0.00422078
0.00421903
0.00411247
0.00403323
0.00419652
0.00419771
0.00419774
0.00419628
0.00403735
0.00429298
0.00426361
0.00426356
0.00431362
0.00431313
0.00431314
0.00431311
0.00431312
0.00431361
0.00431333
0.00431336
0.00431373
0.00430959
0.00431249
0.0043124
0.00431359
0.0043131
0.00431309
0.00431312
0.00431311
0.00431359
0.00431359
0.0043131
0.0043131
0.00431309
0.00431309
0.00431359
0.00430547
0.00430615
0.00431148
0.00427674
0.0042952
0.00429369
0.00429809
0.00429671
0.00427981
0.00430755
0.0042959
0.00429694
0.00431382
0.00431381
0.00431308
0.00431403
0.00431398
0.00431398
0.00431397
0.00431398
0.00431402
0.00431403
0.004314
0.004314
0.00431399
0.00431399
0.00431403
0.00431328
0.00431385
0.00431384
0.00429243
0.00429109
0.00430832
0.00405948
0.00422903
0.00423437
0.00421709
0.00422329
0.00404924
0.00416
0.00424782
0.00425172
0.0042392
0.00424366
0.0041521
0.00430923
0.00429483
0.00429367
0.00376531
0.00364571
0.00363879
0.0036635
0.00365351
0.00377469
0.00430028
0.00429953
0.00431043
0.00418853
0.00426178
0.00426463
0.00425536
0.00425869
0.00418211
0.00363217
0.00362567
0.00373949
0.00431405
0.00431404
0.00431403
0.00423021
0.0042343
0.00426647
0.00425764
0.00422161
0.00422625
0.00431404
0.00431405
0.00431405
0.00431405
0.00431405
0.00431404
0.00431403
0.00431399
0.00431402
0.00387163
0.00385944
0.00400723
0.00358069
0.00371268
0.00372265
0.0036197
0.003762
0.00378124
0.0037333
0.00374603
0.0036038
0.00404148
0.00389703
0.00388383
0.00398185
0.00397029
0.00409181
0.00370719
0.00383644
0.00384948
0.00380164
0.00382061
0.00369062
0.00431403
0.00431401
0.004314
0.00431404
0.00431403
0.00431404
0.00431397
0.00431386
0.00431381
0.00431398
0.00431391
0.004314
0.00431224
0.00431216
0.00431314
0.00428458
0.00425992
0.00426416
0.00425269
0.00425588
0.00428245
0.00429184
0.00427291
0.00427528
0.00426782
0.00427058
0.00429035
0.00426135
0.00426442
0.00428578
0.00417864
0.00423296
0.00422814
0.00424072
0.00423706
0.00418558
0.00422286
0.0042176
0.00414769
0.00427927
0.00425468
0.00425808
0.00431216
0.00430905
0.00430978
0.00430703
0.00430831
0.00431174
0.00431363
0.00431282
0.00431326
0.00431071
0.00431186
0.00431335
0.0043006
0.00428274
0.00428446
0.00430761
0.00429627
0.00430396
0.00428676
0.00429056
0.00430504
0.00431378
0.00431341
0.00431184
0.004314
0.00431387
0.00431397
0.00431352
0.00431371
0.00431395
0.00431392
0.00431375
0.00431365
0.004314
0.00431398
0.00431402
0.00431362
0.00431387
0.00431393
0.00431375
0.00431381
0.00431348
0.00415426
0.00424048
0.00423801
0.00424827
0.00424364
0.00415843
0.00430358
0.00428617
0.00428862
0.00427748
0.00427871
0.00429974
0.00414122
0.00423212
0.00423023
0.00423588
0.00423395
0.00414419
0.00430648
0.00430717
0.00431123
0.00427609
0.00429717
0.00429599
0.00429947
0.00429833
0.00427792
0.00431373
0.00431337
0.00431333
0.00431352
0.00431344
0.00431375
0.00430995
0.0043123
0.00431249
0.00431203
0.00431205
0.00430971
0.00431367
0.00431324
0.00431322
0.00431329
0.00431327
0.00431368
0.00410015
0.00421792
0.00421883
0.0042151
0.00421679
0.00409888
0.00429569
0.00427037
0.00426962
0.00408632
0.00420978
0.00420772
0.00421337
0.00421164
0.00409176
0.00429398
0.00426761
0.00426837
0.00426391
0.0042644
0.00429289
0.00406044
0.00420189
0.0041998
0.00420568
0.00420378
0.00406645
0.00431365
0.00431318
0.0043132
0.00431315
0.00431317
0.00431364
0.00430824
0.00431202
0.00431201
0.00431231
0.00431222
0.00430844
0.00431369
0.00431326
0.00431329
0.00431321
0.00431324
0.00431368
0.00431357
0.00431308
0.00431308
0.00431309
0.00431308
0.00431357
0.00431358
0.00431308
0.00431308
0.00431308
0.00431308
0.00431357
0.00412005
0.00394267
0.00392268
0.00397253
0.00395903
0.0041307
0.00407932
0.00386305
0.00385052
0.0039006
0.00387977
0.00408885
0.00385074
0.00387301
0.00366545
0.00418764
0.00405455
0.00404029
0.00415672
0.0039972
0.00398471
0.00402547
0.0040107
0.00416464
0.00356389
0.0038037
0.00382657
0.0036565
0.00365386
0.00395391
0.00404516
0.00381667
0.00379556
0.00384036
0.00383011
0.00405475
0.00398256
0.00369002
0.00366757
0.00376331
0.00372462
0.00399922
0.00431076
0.00430411
0.0043048
0.00429789
0.00429897
0.0043089
0.00373601
0.00372212
0.00388961
0.00393263
0.00377361
0.00375314
0.00356734
0.00354461
0.00373622
0.00380606
0.00363167
0.00359804
0.00429733
0.00428268
0.00428465
0.00427782
0.00428037
0.00429606
0.00430198
0.00428994
0.00429167
0.00428643
0.00428819
0.00430091
0.00423617
0.00426816
0.00426553
0.00381311
0.00369572
0.0036775
0.00371869
0.00371421
0.00382732
0.00417584
0.00410959
0.00410986
0.00409451
0.0041023
0.00416957
0.00431405
0.00431405
0.00431405
0.00431405
0.00431405
0.00431405
0.004314
0.00431404
0.00431404
0.00431404
0.00431404
0.004314
0.00431405
0.00431405
0.00431405
0.00431405
0.00431405
0.00431405
0.00431405
0.00431405
0.00431405
0.00431405
0.00431405
0.00431404
0.00431405
0.00431405
0.00431405
0.00431405
0.00431405
0.00431405
0.00431405
0.00431405
0.00431405
0.00431405
0.00431405
0.00431405
0.00431364
0.00431394
0.00431391
0.00430984
0.00431299
0.00431302
0.00428583
0.00430019
0.00429923
0.00430198
0.00430109
0.00428723
0.00431233
0.00430882
0.00430922
0.00431404
0.00431404
0.00431399
0.00430791
0.00431158
0.00431118
0.00431228
0.00431194
0.00430857
0.00431395
0.00431401
0.00431402
0.00431396
0.00431399
0.0043139
0.00431404
0.00431403
0.00431402
0.00431202
0.00431261
0.00431303
0.00430187
0.004309
0.00430734
0.00431069
0.00431003
0.00430475
0.00431275
0.00431345
0.00431349
0.00431281
0.00431283
0.00430918
0.00431397
0.00431374
0.00431373
0.00431375
0.00431375
0.00431397
0.00410965
0.00422816
0.00423096
0.00422408
0.00422584
0.00410333
0.0042985
0.0042758
0.00427493
0.00414299
0.00423975
0.00424221
0.00423394
0.00423674
0.0041365
0.00431281
0.00431276
0.00431014
0.00431393
0.00431392
0.00431354
0.004314
0.00431401
0.00431404
0.00421058
0.00427196
0.00427403
0.00426728
0.00426971
0.00420567
0.00431097
0.00430162
0.00430098
0.00430247
0.00430949
0.00430914
0.00431004
0.00430979
0.00430317
0.00374934
0.00388346
0.00389588
0.00386097
0.00387202
0.00373843
0.00411345
0.00400238
0.00399238
0.00431405
0.00431405
0.00431405
0.00431405
0.00431405
0.00431405
0.00431405
0.00431405
0.00431405
0.00431405
0.00431404
0.00431404
0.00431405
0.00431405
0.00431405
0.00431404
0.00431404
0.00431405
0.0043096
0.00430996
0.00431268
0.00429233
0.00430375
0.00430288
0.00430528
0.00430456
0.00429396
0.004314
0.00431403
0.00431404
0.00431375
0.00431396
0.0043139
0.00428346
0.00430195
0.00430065
0.00430534
0.00430348
0.00428632
0.00431257
0.00431057
0.00431131
0.00431364
0.00431387
0.00431389
0.00431353
0.00431358
0.00431292
0.00427418
0.00427348
0.00429735
0.00409682
0.00422161
0.00422273
0.00421971
0.00422062
0.00409709
0.00415791
0.00424829
0.00425044
0.00424436
0.0042464
0.00415461
0.00431052
0.00431292
0.00431286
0.00431323
0.0043132
0.00431149
0.00399963
0.00401842
0.00382552
0.00374921
0.00396323
0.00398184
0.0042844
0.00428178
0.00425821
0.00429328
0.00429473
0.00430462
0.00426874
0.00428886
0.00428675
0.00405964
0.0040509
0.00414335
0.00381317
0.00393577
0.00394757
0.00390926
0.00392279
0.00379674
0.00386018
0.00398531
0.00399584
0.0039618
0.00397409
0.00384991
0.00420369
0.00424776
0.00424424
0.0042544
0.00425121
0.00421005
0.00429274
0.00427631
0.00427824
0.00378994
0.00367816
0.00369239
0.00368645
0.00368115
0.00379432
0.00337127
0.00355069
0.00355257
0.00363847
0.00366063
0.00314726
0.00418207
0.00403778
0.00397059
0.00409792
0.00407844
0.00417912
0.00431405
0.00431405
0.00431405
0.00431405
0.00431405
0.00431405
0.00431405
0.00431405
0.00431405
0.00431405
0.00431405
0.00431405
0.00431405
0.00431405
0.00431405
0.00431405
0.00431405
0.00431405
0.00431405
0.00431405
0.00431405
0.00431405
0.00431405
0.00431405
0.00431405
0.00431405
0.00431405
0.00431405
0.00431405
0.00431405
0.00431405
0.00431405
0.00431405
0.00431405
0.00431405
0.00431405
0.00431405
0.00431405
0.00431405
0.00431405
0.00431405
0.00431405
0.00431405
0.00431405
0.00431405
0.00431405
0.00431405
0.00431405
0.00431405
0.00431405
0.00431405
0.00431405
0.00431405
0.00431405
0.00431405
0.00431405
0.00431405
0.00431405
0.00431405
0.00431405
0.00431405
0.00431405
0.00431405
0.00431405
0.00431405
0.00431405
0.00431405
0.00431405
0.00431405
0.00431405
0.00431405
0.00431405
0.00431405
0.00431405
0.00431405
0.00431405
0.00431405
0.00431405
0.00431405
0.00431405
0.00431405
0.00431405
0.00431405
0.00431405
0.00431405
0.00431405
0.00431405
0.00431405
0.00431405
0.00431405
0.00431405
0.00431405
0.00431405
0.00431405
0.00431405
0.00431405
0.00431405
0.00431405
0.00431405
0.00431405
0.00431405
0.00431405
0.00431405
0.00431405
0.00431405
0.00431405
0.00431404
0.00431404
0.00431405
0.00431405
0.00431405
0.00431405
0.00431405
0.00431405
0.00431405
0.00431405
0.00431405
0.00356811
0.00401644
0.00401282
0.00431405
0.00431405
0.00431405
0.00431405
0.00431405
0.00431405
0.00431405
0.00431405
0.00431405
0.00431404
0.00431335
0.00431353
0.0041029
0.00430821
0.00430818
0.00431405
0.00431405
0.00431405
0.00431405
0.00431405
0.00431405
0.00431405
0.00431405
0.00431405
0.00431405
0.00431405
0.00431405
0.00431405
0.00431401
0.00431403
0.00430982
0.00408422
0.00408296
0.00421977
0.00431394
0.00431397
0.00431405
0.00431405
0.00431405
0.00431404
0.00431404
0.00431405
0.00431405
0.00431405
0.00431405
0.00431405
0.00431405
0.00431405
0.00431405
0.00431405
0.00431405
0.00431405
0.00431405
0.00431405
0.00431405
0.00431405
0.00431405
0.00431405
0.00431405
0.00431405
0.00431405
0.00431405
0.00431405
0.00431405
0.00431405
0.00431405
0.00431405
0.00431405
0.00431405
0.00431405
0.00431405
0.00431405
0.00431405
0.00431405
0.00431405
0.00431405
0.00431405
0.00431405
0.00431041
0.00431313
0.00431317
0.00431405
0.00431405
0.00431405
0.00375909
0.00375941
0.00347828
0.00431405
0.00431405
0.00431405
0.00431405
0.00431405
0.00431404
0.00431398
0.00431399
0.00431397
0.00431385
0.00431395
0.00431397
0.00431232
0.00431345
0.00431341
0.00431338
0.00431334
0.00431194
0.00431396
0.00431395
0.00431369
0.00431149
0.00430374
0.00430328
0.00430277
0.00430222
0.00431112
0.00431264
0.00431274
0.00431372
0.00431405
0.00431405
0.00431405
0.00431405
0.00431405
0.00431405
0.00431405
0.00431405
0.00431405
0.00431243
0.00431365
0.00431367
0.00431348
0.00431351
0.00431191
0.00431405
0.00431405
0.00431405
0.00431405
0.00431405
0.00431405
0.00431405
0.00431405
0.00431405
0.00431405
0.00431405
0.00431405
0.00431154
0.00431341
0.00431345
0.0043132
0.00431324
0.00431085
0.00431377
0.00431397
0.00431397
0.004314
0.004314
0.00431386
0.0043139
0.00431401
0.004314
0.00431405
0.00431405
0.00431405
0.00431405
0.00431405
0.00431405
0.00431405
0.00431405
0.00431405
0.00431405
0.00431405
0.00431405
0.00427932
0.00429515
0.00429382
0.00430097
0.0043002
0.00428861
0.00399093
0.00412355
0.00413163
0.00406202
0.00407341
0.00390769
0.00431405
0.00431405
0.00431405
0.00431404
0.00431404
0.00431405
0.00431405
0.00431405
0.00431405
0.00429283
0.00430233
0.00430169
0.00431404
0.00431404
0.00431404
0.00431405
0.00431405
0.00431405
0.00407968
0.00417541
0.00418045
0.00413911
0.00414585
0.00402842
0.00431405
0.00431405
0.00431405
0.00431405
0.00431405
0.00431405
0.00431405
0.00431405
0.00431405
0.00431405
0.00431405
0.00431405
0.00431404
0.00431403
0.00431404
0.00431401
0.00431402
0.00431404
0.00431398
0.00431377
0.00431376
0.00431379
0.00431378
0.00431398
0.00431405
0.00431405
0.00431405
0.00431404
0.00431404
0.00431405
0.00431404
0.00431401
0.00431401
0.00431374
0.00431282
0.00431289
0.00431405
0.00431405
0.00431405
0.00431405
0.00431405
0.00431405
0.00431405
0.00431405
0.00431405
0.00431405
0.00431405
0.00431405
0.00431405
0.00431405
0.00431405
0.00431405
0.00431405
0.00431405
0.00431405
0.00431405
0.00431405
0.00431405
0.00431405
0.00431405
0.00431405
0.00431405
0.00431405
0.00431405
0.00431405
0.00431405
0.00431405
0.00431405
0.00431405
0.00431405
0.00431405
0.00431405
0.00431405
0.00431405
0.00431405
0.00431405
0.00431405
0.00431405
0.00431405
0.00431405
0.00431405
0.00431405
0.00431405
0.00431405
0.00431405
0.00431405
0.00431405
0.00431405
0.00431405
0.00431405
0.00431405
0.00431405
0.00431405
0.00431405
0.00431405
0.00431405
0.00431405
0.00431405
0.00431405
0.00431405
0.00431405
0.00431405
0.00431405
0.00431405
0.00431405
0.0043133
0.00431396
0.00431396
0.00431396
0.00431396
0.0043133
0.00403223
0.00402446
0.00359764
0.00426738
0.00418951
0.0041935
0.00418908
0.00418878
0.00426755
0.00431405
0.00431405
0.00431405
0.00431405
0.00431405
0.00431405
0.00431405
0.00431405
0.00431405
0.00431405
0.00431405
0.00431405
0.00431283
0.0043131
0.00431404
0.00387712
0.00426542
0.00426325
0.004271
0.00426814
0.00387348
0.00430822
0.00430822
0.00410709
0.00431405
0.00431399
0.00431398
0.00431399
0.00431399
0.00431405
0.00431405
0.00431405
0.00431405
0.00431404
0.00431405
0.00431405
0.00431404
0.00431404
0.00431404
0.00431405
0.00431405
0.00431405
0.00431405
0.00431405
0.00431405
0.00431404
0.00431404
0.00431404
0.00431405
0.00431404
0.00431404
0.00431403
0.00431404
0.00431404
0.00431404
0.00431404
0.00431403
0.00431404
0.00431405
0.00431405
0.00431405
0.00431405
0.00431404
0.00431337
0.00431397
0.00431396
0.004314
0.004314
0.00431357
0.00431405
0.00431404
0.00431404
0.00355377
0.00355468
0.0033709
0.00321995
0.00365336
0.00363679
0.00431405
0.00431405
0.00431405
0.00431405
0.00431405
0.00431405
0.00431405
0.00431405
0.00431405
0.00431405
0.00431405
0.00431405
0.00431405
0.00431405
0.00431405
0.00431405
0.00431405
0.00431405
0.00431405
0.00431405
0.00431405
0.00431405
0.00431405
0.00431405
0.00431405
0.00431405
0.00431405
0.00431405
0.00431405
0.00431405
0.00431405
0.00431405
0.00431405
0.00431403
0.00431404
0.00431404
0.00431403
0.00431404
0.00431402
0.00431405
0.00431405
0.00431405
0.00431405
0.00431405
0.00431405
0.00431405
0.00431405
0.00431405
0.00431405
0.00431405
0.00431405
0.00431405
0.00431405
0.00431405
0.00431405
0.00431405
0.00431405
0.00431405
0.00431405
0.00431405
0.00431405
0.00431405
0.00431405
0.00431405
0.00431405
0.00431405
0.00431306
0.0043131
0.00431027
0.00431399
0.0043138
0.00431379
0.00431382
0.00431381
0.00431399
0.00431405
0.00431405
0.00431405
0.00430213
0.00430894
0.00430848
0.00430972
0.00430935
0.004303
0.0040489
0.00404591
0.00365815
0.00430497
0.00424502
0.00424597
0.00413104
0.00397426
0.00397192
0.00397619
0.00397588
0.00413221
0.00348279
0.00375873
0.00375852
0.00430276
0.00430308
0.00431251
0.00390425
0.00424145
0.0042395
0.00431398
0.00431404
0.00431404
0.00431404
0.00431404
0.00431394
0.00431405
0.00431405
0.00431405
0.00431404
0.00431405
0.00431404
0.00431384
0.00431398
0.00431394
0.00431402
0.004314
0.00431393
0.00431404
0.00431405
0.00431405
0.00431405
0.00431405
0.00431404
0.00431391
0.00431394
0.00431379
0.00431405
0.00431405
0.00431405
0.00431405
0.00431405
0.00431404
0.00431403
0.00431404
0.00431404
0.00431404
0.00431404
0.00431403
0.00431403
0.00431404
0.00431404
0.00431404
0.00431404
0.00431403
0.00421509
0.00427318
0.00427488
0.00426975
0.0042715
0.00421093
0.00419887
0.00426621
0.00426803
0.00426213
0.00426427
0.0041944
0.00431404
0.00431405
0.00431405
0.00431351
0.00431348
0.00431243
0.00431181
0.00431331
0.00431327
0.00431404
0.00431405
0.00431405
0.00431405
0.00431405
0.00431404
0.00430529
0.00431037
0.00431006
0.00431089
0.00431065
0.00430595
0.00431404
0.00431402
0.00431402
0.00431401
0.00431402
0.00431404
0.00431366
0.00431394
0.00431393
0.00430448
0.00430415
0.00431159
0.00422686
0.00427919
0.00428043
0.00427592
0.00427765
0.00422328
0.00421316
0.00426975
0.00427035
0.00427987
0.00427232
0.00421592
0.00431295
0.00431296
0.00431378
0.00430409
0.00431022
0.00431022
0.00431043
0.00431029
0.00430427
0.00431405
0.00431405
0.00431405
0.00431405
0.00431405
0.00431405
0.0043136
0.00431362
0.00431233
0.00431202
0.00431354
0.00431357
0.00431405
0.00431405
0.00431405
0.00431405
0.00431405
0.00431405
0.00431405
0.00431405
0.00431405
0.00431405
0.00431405
0.00431405
0.00431334
0.00431338
0.00431141
0.00431099
0.00431328
0.00431331
0.00431398
0.00431398
0.00431379
0.00431385
0.00431399
0.00431399
0.00431405
0.00431405
0.00431405
0.00431405
0.00431405
0.00431405
0.00431405
0.00431405
0.00431405
0.00431405
0.00431405
0.00431405
0.00431405
0.00431405
0.00431405
0.00431405
0.00431405
0.00431405
0.00431405
0.00431405
0.00431405
0.00431405
0.00431405
0.00431405
0.00431405
0.00431405
0.00431405
0.00431405
0.00431405
0.00431405
0.00431405
0.00431405
0.00431405
0.00431405
0.00431405
0.00431405
0.00431405
0.00431405
0.00431405
0.00431405
0.00431405
0.00431405
0.00431405
0.00431405
0.00431404
0.00431405
0.00431405
0.00431405
0.00429777
0.00430674
0.00430603
0.00430796
0.00430737
0.00429895
0.00429746
0.00429638
0.00428153
0.00428701
0.00429935
0.00429846
0.00431319
0.00431375
0.00431364
0.00431389
0.00431383
0.00431339
0.00431087
0.00431296
0.00431263
0.00431349
0.00431326
0.00431178
0.00427652
0.00427806
0.00422773
0.00417718
0.00425729
0.00425981
0.00425246
0.00425493
0.00417122
0.00410464
0.00411444
0.00397498
0.00392369
0.00408392
0.00409451
0.00389986
0.00402327
0.00403227
0.00400532
0.00401483
0.00388996
0.00394446
0.00405599
0.00405869
0.00404041
0.00404891
0.00393346
0.00422524
0.00426124
0.00425802
0.00426553
0.0042639
0.00422921
0.00429828
0.00431009
0.00431054
0.00402703
0.00401387
0.00390321
0.00422954
0.00426327
0.00426326
0.00431405
0.00431405
0.00431405
0.00431405
0.00431405
0.00431405
0.00431405
0.00431405
0.00431405
0.00431405
0.00431405
0.00431405
0.00431405
0.00431405
0.00431405
0.00431405
0.00431405
0.00431405
0.00431405
0.00431405
0.00431405
0.00427121
0.00427195
0.00421715
0.00431405
0.00431405
0.00431404
0.00431405
0.00431405
0.00431405
0.00416422
0.00416991
0.00406976
0.00403893
0.00415225
0.00415834
0.00431405
0.00431405
0.00431405
0.00431405
0.00431405
0.00431405
0.00431405
0.00431405
0.00431405
0.00431405
0.00431405
0.00431405
0.00431405
0.00431405
0.00431405
0.00431405
0.00431405
0.00431405
0.00431405
0.00431405
0.00431405
0.00431405
0.00431405
0.00431405
0.00431405
0.00431405
0.00431405
0.00431405
0.00431405
0.00431405
0.00431405
0.00431405
0.00431405
0.00431405
0.00431405
0.00431405
0.00431405
0.00431405
0.00431405
0.00431405
0.00431405
0.00431405
0.00431405
0.00431405
0.00431405
0.00431405
0.00431405
0.00431405
0.00431405
0.00431405
0.00431405
0.00431405
0.00431404
0.00431404
0.00431405
0.00431405
0.00431405
0.00431405
0.00431405
0.00431405
0.00431405
0.00431405
0.00431405
0.00431405
0.00431405
0.00431405
0.00431405
0.00431405
0.00431405
0.00431405
0.00431395
0.00431398
0.00430895
0.0040871
0.00408537
0.00422237
0.00431389
0.00431392
0.00431405
0.00431405
0.00431405
0.00431404
0.00431404
0.00431405
0.00431405
0.00431405
0.00431405
0.00431405
0.00431405
0.00431405
0.00431405
0.00431405
0.00431405
0.00366452
0.00404392
0.00404363
0.00424447
0.00424311
0.00391644
0.00429925
0.00429904
0.00430975
0.00431378
0.00431297
0.004313
0.00431405
0.00431405
0.00431405
0.00431405
0.00431405
0.00431405
0.00431402
0.00431402
0.00431395
0.00431299
0.00431378
0.0043138
0.00431369
0.00431371
0.00431267
0.00431405
0.00431405
0.00431405
0.00431405
0.00431405
0.00431405
0.00431405
0.00431405
0.00431405
0.00431405
0.00431405
0.00431405
0.00431405
0.00431405
0.00431405
0.00431405
0.00431405
0.00431405
0.00431405
0.00431405
0.00431405
0.00431405
0.00431405
0.00431405
0.00431405
0.00431405
0.00431405
0.00431405
0.00431405
0.00431405
0.00431405
0.00431405
0.00431405
0.00431405
0.00431405
0.00431405
0.00431405
0.00431405
0.00431405
0.00431405
0.00431405
0.00431405
0.00431405
0.00431405
0.00431405
0.00431405
0.00431405
0.00431405
0.00431405
0.00431405
0.00431405
0.00431405
0.00431405
0.00431405
0.00431405
0.00431405
0.00431405
0.00431405
0.00431405
0.00431405
0.00431405
0.00431405
0.00431405
0.00431405
0.00431405
0.00431405
0.00431405
0.00431405
0.00431405
0.00431405
0.00431405
0.00431405
0.00431405
0.00431405
0.00431405
0.00431405
0.00431405
0.00431405
0.00431405
0.00431405
0.00431405
0.00431405
0.00431405
0.00431405
0.00431405
0.00431405
0.00431405
0.00431405
0.00431405
0.00431405
0.00431405
0.00431405
0.00431405
0.00431405
0.00431405
0.00431405
0.00431405
0.00431405
0.00431405
0.00431405
0.00431405
0.00431405
0.00431405
0.00431405
0.00431405
0.00431405
0.00431405
0.00431405
0.00431405
0.00431405
0.00431405
0.00431404
0.00431404
0.00431405
0.00431405
0.00431405
0.00431405
0.00431405
0.00431405
0.00431405
0.00431405
0.00431405
0.00431405
0.00431404
0.00431405
0.00431405
0.00431405
0.00431405
0.00431405
0.00431405
0.00431405
0.00431405
0.00431405
0.00431405
0.00431405
0.00431405
0.00431405
0.00431405
0.00431405
0.00431405
0.00431405
0.00431405
0.00431405
0.00431405
0.00431405
0.00431405
0.00431405
0.00431405
0.00431405
0.00431405
0.00431405
0.00431405
0.00431405
0.00431405
0.00431405
0.00431405
0.00431396
0.00431396
0.00431329
0.00424185
0.00424377
0.00430485
0.00431255
0.00430335
0.00430358
0.00431394
0.00431404
0.00431404
0.00431405
0.00431405
0.00431405
0.00431405
0.00431405
0.00431405
0.00431405
0.00431405
0.00431404
0.00431024
0.00430039
0.00430425
0.00431405
0.00431405
0.00431405
0.00431405
0.00431405
0.00431405
0.00431405
0.00431405
0.00431405
0.00431405
0.00431405
0.00431405
0.00431405
0.00431405
0.00431405
0.00431405
0.00431405
0.00431405
0.00431401
0.00431387
0.00431387
0.004314
0.00431384
0.00431383
0.00431386
0.00431385
0.004314
0.00431404
0.00431403
0.00431403
0.00431402
0.00431403
0.00431404
0.00431403
0.00431403
0.00431404
0.00431401
0.00431401
0.00431391
0.00431394
0.00431402
0.00431402
0.00431405
0.00431405
0.00431405
0.00431405
0.00431405
0.00431405
0.00431376
0.00431377
0.00431294
0.00431274
0.00431372
0.00431374
0.00431405
0.00431405
0.00431405
0.00431405
0.00431405
0.00431405
0.00431405
0.00431405
0.00431405
0.00431405
0.00431405
0.00431405
0.00431405
0.00431405
0.00431405
0.00431405
0.00431405
0.00431405
0.00431405
0.00431405
0.00431405
0.00431405
0.00431405
0.00431405
0.00431405
0.00431405
0.00431405
0.00431405
0.00431405
0.00431405
0.00431405
0.00431405
0.00431405
0.00431405
0.00431405
0.00431405
0.00431405
0.00431405
0.00431405
0.00431405
0.00431405
0.00431405
0.00431405
0.00431405
0.00431405
0.00431405
0.00431405
0.00431405
0.00431405
0.00431405
0.00431405
0.00431405
0.00431405
0.00431405
0.00431405
0.00431405
0.00431405
0.00431405
0.00431405
0.00431405
0.00431405
0.00431405
0.00431405
0.00431405
0.00431405
0.00431405
0.00431405
0.00431405
0.00431405
0.00431405
0.00431405
0.00431405
0.00431405
0.00431405
0.00431405
0.00431405
0.00431405
0.00431405
0.00431405
0.00431405
0.00431405
0.00431405
0.00431405
0.00431405
0.00431405
0.00431405
0.00431405
0.00431405
0.00431405
0.00431405
0.00431402
0.00431211
0.00431252
0.0041197
0.00430817
0.00430821
0.00431405
0.00431405
0.00431405
0.00431405
0.00431405
0.00431405
0.00431405
0.00431405
0.00431405
0.00431405
0.00431405
0.00431405
0.00431405
0.00431405
0.00431405
0.00431405
0.00431405
0.00431405
0.00431405
0.00431405
0.00431405
0.00431405
0.00431405
0.00431405
0.00431405
0.00431405
0.00431405
0.00431405
0.00431405
0.00431405
0.00431405
0.00431405
0.00431405
0.00431405
0.00431405
0.00431405
0.00431405
0.00431405
0.00431405
0.00431405
0.00431405
0.00431405
0.00431405
0.00431405
0.00431405
0.00431405
0.00431405
0.00431405
0.00431405
0.00431405
0.00431405
0.00431405
0.00431405
0.00431405
0.00431405
0.00431405
0.00431405
0.00431405
0.00431405
0.00431405
0.00426202
0.00426175
0.00388979
0.00431398
0.00431398
0.00431405
0.00431405
0.00431405
0.00431405
0.00431405
0.00431405
0.00431405
0.00431405
0.00431405
0.00431405
0.00413311
0.00355988
0.00264706
0.00412856
0.00354955
0.00263473
0.00407139
0.0034609
0.00257102
0.00406781
0.00345611
0.00257125
0.00260196
0.00221404
0.00197626
0.00430715
0.00417602
0.00320877
0.00414375
0.00355605
0.00246948
0.00412035
0.00350697
0.00243634
0.00259843
0.00221349
0.00197612
0.0032393
0.0028294
0.00228846
0.00430523
0.00415344
0.00315916
0.00415301
0.00358521
0.00264462
0.0041561
0.00358991
0.00264475
0.00410616
0.00351583
0.00261875
0.00410445
0.00351649
0.00262444
0.00402913
0.00340056
0.00253777
0.00403461
0.00340999
0.00254662
0.00292884
0.00235721
0.0020197
0.00291303
0.00233766
0.00200933
0.00313798
0.00280559
0.00227845
0.00431311
0.0042789
0.00370287
0.00423757
0.00378441
0.00268169
0.00424801
0.0038186
0.00270473
0.00423436
0.0037725
0.00267427
0.00414035
0.00356577
0.00263778
0.00412016
0.00353954
0.0026358
0.0040868
0.0034889
0.0025991
0.00405039
0.00343311
0.00254899
0.0038988
0.00323147
0.00244839
0.00430446
0.00411455
0.0031101
0.00257985
0.00220752
0.00197521
0.002911
0.002347
0.00201085
0.00291307
0.00233922
0.00200895
0.00344526
0.00276806
0.0021637
0.00305465
0.00240409
0.0020159
0.00309754
0.0024279
0.00202167
0.00315284
0.00246022
0.00202772
0.00311689
0.00243977
0.00202355
0.00323749
0.00251233
0.00203931
0.00316885
0.00246983
0.00203009
0.00322368
0.0025039
0.0020371
0.0030451
0.00239922
0.0020149
0.00300381
0.00237712
0.00201066
0.00295448
0.0023537
0.00200595
0.00299165
0.00237122
0.00200916
0.00285079
0.00231152
0.00199649
0.00288796
0.00232475
0.00199954
0.00293989
0.00234673
0.0020041
0.00290452
0.00233261
0.00200133
0.00283428
0.002304
0.00199518
0.0026017
0.00220489
0.00197326
0.00258182
0.00220266
0.00197331
0.0029094
0.00235296
0.00201236
0.00425093
0.00383004
0.0027124
0.00426112
0.0038758
0.00274445
0.00426394
0.00388928
0.00275742
0.00414417
0.00357313
0.00264349
0.00416637
0.00361009
0.00265955
0.00411683
0.00353409
0.00263174
0.00408947
0.00349141
0.00259685
0.00401534
0.00338196
0.00252355
0.00404583
0.00342465
0.00254477
0.00384388
0.00316384
0.00239266
0.00387242
0.00319697
0.00243674
0.00385024
0.00317215
0.00240041
0.00389123
0.00322282
0.00243576
0.00387624
0.00320134
0.00243979
0.00374719
0.0030418
0.00232821
0.003679
0.00297225
0.00226538
0.00366838
0.00296354
0.00225572
0.00342888
0.0027543
0.00215575
0.00338678
0.00273345
0.0022067
0.00418344
0.00364207
0.00265724
0.00418587
0.00364457
0.00265007
0.00413492
0.00355968
0.00264114
0.00418025
0.00363586
0.00265593
0.00417605
0.00362498
0.00264569
0.00412491
0.00354312
0.00263011
0.00407589
0.00346914
0.00257635
0.00399981
0.00335815
0.00252982
0.0040026
0.00335994
0.0025266
0.00406501
0.0034538
0.00257438
0.00399355
0.00334925
0.00251869
0.0039871
0.00334027
0.00250837
0.00262141
0.00223039
0.00198094
0.0026149
0.00222703
0.00198002
0.00260328
0.00221305
0.00197607
0.00262631
0.00223449
0.00198206
0.00263014
0.00224017
0.00198358
0.00430815
0.0041886
0.00325529
0.00363489
0.0029291
0.00225731
0.00362329
0.00292012
0.00224389
0.00416615
0.00360495
0.00250338
0.00425633
0.00386618
0.00275085
0.00410163
0.00346712
0.00240756
0.00259336
0.00221193
0.0019757
0.00324222
0.00282236
0.00226053
0.00430318
0.00413283
0.00311698
0.00420332
0.00368594
0.00266872
0.00415058
0.00358326
0.00264902
0.00415979
0.0035972
0.00264938
0.00410881
0.00351828
0.00261694
0.00409752
0.00350647
0.00260817
0.00402454
0.003394
0.0025352
0.00403875
0.00341609
0.00254893
0.00396562
0.00331338
0.00249522
0.00364285
0.00293656
0.00226713
0.00365148
0.00294777
0.00225518
0.00431303
0.00427482
0.0036031
0.00431257
0.00425843
0.00350148
0.00292094
0.00234954
0.0020152
0.00291582
0.00234076
0.00201151
0.00424239
0.00379953
0.00270088
0.00424531
0.00380962
0.002705
0.00422979
0.00375932
0.00268725
0.00419244
0.00365789
0.00264935
0.00418889
0.00364983
0.0026471
0.00413726
0.00356125
0.00263708
0.00416806
0.00361112
0.00265733
0.00417275
0.00361797
0.00264286
0.00412211
0.00353982
0.00263074
0.00408197
0.00347904
0.00258852
0.0040101
0.00337005
0.0025298
0.00400613
0.00336385
0.00252578
0.00405613
0.00344295
0.00255848
0.00397769
0.00332539
0.00250105
0.00398241
0.00333161
0.00250283
0.00391115
0.00324278
0.00246657
0.00390772
0.0032401
0.00246543
0.0025974
0.0022151
0.00197695
0.0026064
0.00222306
0.00197899
0.00259517
0.00220884
0.00197524
0.00262011
0.00225695
0.00198831
0.00263
0.0022478
0.00198562
0.0025887
0.0022713
0.00199344
0.0029123
0.00234299
0.00200963
0.0029132
0.00234101
0.00200914
0.00430965
0.00420876
0.00331987
0.0035928
0.00289319
0.00224342
0.00360364
0.00290454
0.00223471
0.00361264
0.00291193
0.00223534
0.00420778
0.00371528
0.00260356
0.00417981
0.00364005
0.00253682
0.00422438
0.00376336
0.00264774
0.00423848
0.00380926
0.00269848
0.0040725
0.00340836
0.00236466
0.00362449
0.00282366
0.00211954
0.00306658
0.00241034
0.00201735
0.00308078
0.00241804
0.00201929
0.00313923
0.00245216
0.00202586
0.00312811
0.00244567
0.00202452
0.00318757
0.00248162
0.0020329
0.00320915
0.00249552
0.00203531
0.00303587
0.00239507
0.00201427
0.00301859
0.00238512
0.00201267
0.00297165
0.00236278
0.00200759
0.00298223
0.00236722
0.00200827
0.00286143
0.00231461
0.00199702
0.00287377
0.00231904
0.00199803
0.00292788
0.00234172
0.00200285
0.00291904
0.00233916
0.00200235
0.00281776
0.00229686
0.00199345
0.00258729
0.00220889
0.00197493
0.00291061
0.00236145
0.00201491
0.00425876
0.00386576
0.00274026
0.00425383
0.00384273
0.00272739
0.00426699
0.0039052
0.00278082
0.00419651
0.00366884
0.00265775
0.00420055
0.00368041
0.00266876
0.00414882
0.00358378
0.00265633
0.00416415
0.00360787
0.00266116
0.00411241
0.00352421
0.00262083
0.0040931
0.00349711
0.00259935
0.00402101
0.00338988
0.00253422
0.00404187
0.00341906
0.00254515
0.0039738
0.00332186
0.0025025
0.0039711
0.00332081
0.00250528
0.00395935
0.0033015
0.00249858
0.0038394
0.00315668
0.00239067
0.00386781
0.00318988
0.00242974
0.00385821
0.00318077
0.00241301
0.00388116
0.0032083
0.00242562
0.00388555
0.0032145
0.00242787
0.00369036
0.00298214
0.00227757
0.00365908
0.00295518
0.00225249
0.00341328
0.00274584
0.0021576
0.00339931
0.00273882
0.00218158
0.0043136
0.00429226
0.00378448
0.00431386
0.00430227
0.00393174
0.00431385
0.00430211
0.00393915
0.003078
0.00257767
0.00209764
0.00311039
0.00263507
0.00213307
0.00392355
0.00317389
0.0022475
0.00374035
0.00294672
0.00215823
0.00394891
0.00320988
0.00226306
0.00370849
0.00291327
0.00214924
0.00267393
0.00223722
0.0019804
0.00263299
0.00222023
0.00197673
0.00259959
0.00220879
0.00197446
0.00262575
0.00221736
0.00197611
0.00259959
0.00220938
0.0019746
0.00333086
0.00273609
0.00229621
0.00429065
0.00403013
0.002917
0.00428678
0.00400814
0.00288506
0.00372054
0.00301059
0.00230622
0.00377694
0.00307496
0.00235434
0.00377194
0.00306792
0.00235053
0.00371562
0.00300422
0.00230393
0.00370168
0.00299247
0.0022914
0.00430971
0.00417911
0.00324816
0.00431104
0.00421408
0.00332947
0.00291811
0.00255862
0.00226156
0.00351543
0.00282566
0.00219843
0.00298662
0.00242225
0.00203007
0.00298956
0.00244828
0.00203548
0.00296602
0.0024271
0.00203028
0.00297703
0.00241048
0.00203031
0.00318222
0.002736
0.00217208
0.00422423
0.00374252
0.00267751
0.00391471
0.00324656
0.00246906
0.00391977
0.0032534
0.00245587
0.00393872
0.00327651
0.00248544
0.00336319
0.00272025
0.00214731
0.00428354
0.00398227
0.00290271
0.00280689
0.00246234
0.00205476
0.00431152
0.00424315
0.00345629
0.00431044
0.00422467
0.00337932
0.00356607
0.00287018
0.00223048
0.00349814
0.00281136
0.00218598
0.00355773
0.00286325
0.0022294
0.00354739
0.00285234
0.00223162
0.0042661
0.00390502
0.00280173
0.00381283
0.00303074
0.00218891
0.00384076
0.00306418
0.00220103
0.00404642
0.00336432
0.00234402
0.00402172
0.00332296
0.00232163
0.00266059
0.00223092
0.00197921
0.00265288
0.00222727
0.00197829
0.00260048
0.00220658
0.00197378
0.00257063
0.00219602
0.00197182
0.00298647
0.00251724
0.00206063
0.00288668
0.00259157
0.0020848
0.00299132
0.00262508
0.00211228
0.0029493
0.00240187
0.00202446
0.00296131
0.00240217
0.00202782
0.00320167
0.00276205
0.00219242
0.00429731
0.00408055
0.00300176
0.00429884
0.00409335
0.00303017
0.00421116
0.00370519
0.00266543
0.00422022
0.00372852
0.0026639
0.00420619
0.00369347
0.00267543
0.00395522
0.00329392
0.00249153
0.00394293
0.00328084
0.00248851
0.00374026
0.00303425
0.002319
0.00335532
0.00270778
0.00213294
0.0029795
0.00246627
0.0020443
0.00304057
0.00250291
0.0020587
0.00313788
0.0026773
0.002149
0.00337311
0.00273612
0.00220214
0.00337506
0.0027266
0.00219339
0.00337056
0.00274128
0.00219841
0.00336637
0.00273898
0.002184
0.00389118
0.00312601
0.00222294
0.00296972
0.00242932
0.00203427
0.00298169
0.00244754
0.00203844
0.00376633
0.00297509
0.00216739
0.00398009
0.00325405
0.00228064
0.00368006
0.00288339
0.00214038
0.00351088
0.00272166
0.00209365
0.00353783
0.00274557
0.00210096
0.0033267
0.00257602
0.00205333
0.00334293
0.00258702
0.00205624
0.00348728
0.00270039
0.00208705
0.00346769
0.0026845
0.00208166
0.00330129
0.00255759
0.00205022
0.00328114
0.00254361
0.00204692
0.00267594
0.00223893
0.00198085
0.00268923
0.00224328
0.00198174
0.00275309
0.00226929
0.00198736
0.00274456
0.00226614
0.0019867
0.00276271
0.00227286
0.00198814
0.00277363
0.00227752
0.0019893
0.00267118
0.00223639
0.00198034
0.00263932
0.00222255
0.00197725
0.00260005
0.00220844
0.00197432
0.00261657
0.00221358
0.00197527
0.00259559
0.00220605
0.00197383
0.00294516
0.00239962
0.002027
0.00295554
0.00241494
0.00203077
0.00429241
0.00404183
0.0029329
0.00429421
0.00405519
0.00295951
0.0042833
0.00398625
0.00286658
0.00383036
0.00314212
0.0023999
0.00383451
0.00314771
0.00240381
0.00372647
0.00301821
0.0023092
0.00382567
0.00313599
0.00239525
0.00381494
0.00312597
0.00237858
0.00378184
0.00308276
0.0023578
0.00376508
0.00306035
0.00234001
0.00334752
0.00273703
0.00222933
0.00296317
0.00242114
0.00203336
0.00299592
0.00249976
0.00205595
0.00299126
0.00249319
0.00205407
0.00431354
0.00429106
0.00380748
0.00431279
0.00427032
0.00362347
0.00431204
0.0042541
0.00352708
0.0035323
0.0028396
0.0022135
0.00299187
0.0024426
0.00203372
0.00299355
0.00244386
0.00203515
0.00298709
0.00246601
0.00203916
0.00297793
0.00245722
0.00203701
0.00299936
0.00242272
0.00203623
0.00316133
0.00270904
0.0021586
0.00422768
0.00375437
0.00268938
0.00392411
0.00325967
0.00245945
0.00393013
0.00326797
0.00246931
0.00338565
0.00273918
0.00226253
0.00338198
0.00273398
0.00222896
0.00336599
0.00272622
0.00215918
0.00429142
0.00402651
0.00296823
0.00430018
0.00407746
0.0030398
0.00271177
0.00238386
0.00202993
0.00264406
0.00231026
0.00200574
0.00299464
0.00248996
0.00205058
0.00298945
0.00246856
0.00204322
0.0035752
0.00287783
0.00223355
0.00358433
0.0028857
0.00223672
0.00346608
0.00278583
0.00216701
0.00348121
0.0027971
0.00217554
0.00378793
0.00300071
0.00217755
0.00387126
0.00310048
0.00221268
0.00400002
0.00328599
0.00230001
0.00365606
0.00285821
0.00213275
0.00360033
0.00280134
0.00211504
0.00356795
0.00277251
0.0021085
0.00338273
0.00261745
0.00206495
0.00336114
0.00260099
0.00206014
0.00340759
0.00263669
0.0020705
0.00343601
0.00265919
0.00207642
0.00325374
0.00252312
0.00204105
0.00271653
0.00225409
0.00198426
0.00270304
0.00224838
0.00198288
0.00272885
0.00225999
0.00198561
0.00273761
0.00226377
0.00198628
0.00280146
0.00228961
0.00199163
0.00280844
0.00229217
0.00199204
0.00279582
0.00228842
0.00199153
0.00278582
0.0022837
0.00199073
0.00266853
0.00223558
0.00198024
0.00264585
0.00222481
0.00197774
0.00260028
0.00220797
0.00197414
0.00260123
0.00220592
0.00197366
0.00258499
0.00219921
0.00197231
0.00294697
0.00268053
0.00211434
0.00298151
0.00268908
0.00213309
0.00292846
0.00238206
0.00201993
0.00294592
0.00239194
0.00202521
0.00321548
0.00278047
0.00220659
0.00430053
0.00410958
0.00307352
0.00427746
0.0039555
0.00282616
0.00428145
0.00397593
0.00285469
0.00427497
0.00394093
0.00280573
0.00427135
0.00392353
0.00280544
0.00421357
0.00370987
0.00265947
0.00421665
0.00371772
0.00265856
0.00395063
0.00328774
0.00248807
0.00394643
0.0032834
0.00248739
0.00373316
0.00302621
0.0023131
0.00379798
0.0031091
0.00235427
0.0038057
0.00311743
0.00236356
0.00378658
0.00309018
0.00236273
0.00379225
0.00310163
0.00235147
0.00375658
0.00305322
0.00232791
0.00335116
0.00271227
0.00216097
0.00431379
0.00429937
0.00389862
)
;

boundaryField
{
    topAndBottom
    {
        type            calculated;
        value           nonuniform List<scalar> 
72
(
0.00431405
0.00431405
0.00431405
0.00431405
0.00431405
0.00431405
0.00431405
0.00431405
0.00431405
0.00431405
0.00431405
0.00431405
0.00431405
0.00431405
0.00431405
0.00431405
0.00431405
0.00431405
0.00431405
0.00431405
0.00431405
0.00431405
0.00431405
0.00431405
0.00431405
0.00431405
0.00431405
0.00431405
0.00431405
0.00431405
0.00431405
0.00431405
0.00431405
0.00431405
0.00431405
0.00431405
0.00431405
0.00431405
0.00431405
0.00431405
0.00431405
0.00431405
0.00431405
0.00431405
0.00431405
0.00431405
0.00431405
0.00431405
0.00431405
0.00431405
0.00431405
0.00431405
0.00431405
0.00431405
0.00431405
0.00431405
0.00431405
0.00431405
0.00431405
0.00431405
0.00431405
0.00431405
0.00431405
0.00431405
0.00431405
0.00431405
0.00431405
0.00431405
0.00431405
0.00431405
0.00431405
0.00431405
)
;
    }
    inlet
    {
        type            calculated;
        value           uniform 0.00431405;
    }
    outlet
    {
        type            calculated;
        value           nonuniform List<scalar> 
24
(
0.00431405
0.00431405
0.00431405
0.00431405
0.00431405
0.00431405
0.00431405
0.00431405
0.00431404
0.00431377
0.00430634
0.00420446
0.00427232
0.00431395
0.00431405
0.00431405
0.00431405
0.00431405
0.00431405
0.00431405
0.00431405
0.00431405
0.00431405
0.00431405
)
;
    }
    wing
    {
        type            calculated;
        value           uniform 0.00188496;
    }
    front
    {
        type            empty;
    }
    back
    {
        type            empty;
    }
}


// ************************************************************************* //
