/*--------------------------------*- C++ -*----------------------------------*\
| =========                 |                                                 |
| \\      /  F ield         | OpenFOAM: The Open Source CFD Toolbox           |
|  \\    /   O peration     | Version:  5.x                                   |
|   \\  /    A nd           | Web:      www.OpenFOAM.org                      |
|    \\/     M anipulation  |                                                 |
\*---------------------------------------------------------------------------*/
FoamFile
{
    version     2.0;
    format      ascii;
    class       volScalarField;
    location    "400";
    object      T;
}
// * * * * * * * * * * * * * * * * * * * * * * * * * * * * * * * * * * * * * //

dimensions      [0 0 0 1 0 0 0];

internalField   nonuniform List<scalar> 
6584
(
275
275
275
275
275
275
275
275
275
275
275
275
275
275
275
275
275
275
275
275
275
275
275
275
275
275
275
275
275
275
275
275
275
275
275
275
275
275
275
275
275
275
275
275
275
275
275
275
275
275
275
275
275
275
275
275
275
275
275
275
275
275
275
275
275
275
275
275
275
275
275
275
275
275
275
275
275
275
275
275
275
275
275
275
275
275
275
275
275
275
275
275
275
275
275
275
275
275
275
275
275
275
275
275
275
275
275
275
275
275
275
275
275
275
275
275
275
275
275
275
275
275
275
275
275
275
275
275
275
275
275
275
275
275
275
275
275
275
275
275
275
275
275
275
275
275
275
275
275
275
275
275
275
275
275
275
275
275
275
275
275
275
275
275
275
275
275
275
275
275
275
275
275
275
275
275
275
275
275
275
275
275
275
275
275
275
275
275
275
275
275
275
275
275
275
275
275
275
275
275
275
275
275
275
275
275
275
275
275
275
275
275
275
275
275
275
275
275
275
275
275
275
275
275
275
275
275
275
275
275
275
275
275
275
275
275
275
275
275
275
275
275
275
275
275
275
275
275
275
275
275
275
275
275
275
275
275
275
275
275
275
275
275
275
275
275
275
275
275
275
275
275
275
275
275
275
275
275
275
275
275
275
275
275
275
275
275
275
275
275
275
275
275
275
275
275
275
275
275
275
275
275
275
275
275
275
275
275
275
275
275
275
275
275
275
275
275
275
272.753
275
275
275
275
275
275
275
275
275
275
275
275
275
275
275
275
275
275
275
275
275
275
275
274.376
275
275
275
275
275
275
275
275
275
275
275
275
275
275
275
275
275
275
275
275
275
275
275
274.425
275
275
275
275
275
275
275
275
275
275
275
275
275
275
275
275
275
275
275
275
275
275
274.994
274.728
275
275
275
275
275
275
275
275
275
275
275
275
275
275
275
275
275
275
275
275
275
275
274.991
274.734
275
275
275
275
275
275
275
275
275
275
275
275
275
275
275
275
275
275
275
275
275
274.999
274.72
274.874
275
275
275
275
275
275
275
275
275
275
275
275
275
275
275
275
275
275
275
275
275
274.998
274.721
274.875
275
275
275
275
275
275
275
275
275
275
275
275
275
275
275
275
275
275
275
275
275
274.997
274.722
274.875
275
275
275
275
275
275
275
275
275
275
275
275
275
275
275
275
275
275
275
275
275
274.996
274.723
274.876
275
275
275
275
275
275
275
275
275
275
275
275
275
275
275
275
275
275
275
275
275
274.995
274.724
274.876
275
275
275
275
275
275
275
275
275
275
275
275
275
275
275
275
275
275
275
275
275
274.995
274.725
274.876
275
275
275
275
275
275
275
275
275
275
275
275
275
275
275
275
275
275
275
275
275
274.994
274.725
274.877
275
275
275
275
275
275
275
275
275
275
275
275
275
275
275
275
275
275
275
275
275
274.993
274.726
274.877
275
275
275
275
275
275
275
275
275
275
275
275
275
275
275
275
275
275
275
275
275
274.992
274.727
274.878
275
275
275
275
275
275
275
275
275
275
275
275
275
275
275
275
275
275
275
275
275
274.991
274.728
274.878
275
275
275
275
275
275
275
275
275
275
275
275
275
275
275
275
275
275
275
275
275
274.99
274.728
274.878
275
275
275
275
275
275
275
275
275
275
275
275
275
275
275
275
275
275
275
275
275
274.989
274.729
274.879
275
275
275
275
275
275
275
275
275
275
275
275
275
275
275
275
275
275
275
275
275
274.989
274.73
274.879
275
275
275
275
275
275
275
275
275
275
275
275
275
275
275
275
275
275
275
275
275
274.988
274.73
274.879
275
275
275
275
275
275
275
275
275
275
275
275
275
275
275
275
275
275
275
275
275
274.987
274.731
274.879
275
275
275
275
275
275
275
275
275
275
275
275
275
275
275
275
275
275
275
275
275
274.986
274.732
274.88
275
275
275
275
275
275
275
275
275
275
275
275
275
275
275
275
275
275
275
275
275
274.985
274.732
274.88
275
275
275
275
275
275
275
275
275
275
275
275
275
275
275
275
275
275
275
275
275
274.984
274.733
274.88
275
275
275
275
275
275
275
275
275
275
275
275
275
275
275
275
275
275
275
275
275
275
275
275
275
275
275
272.665
272.662
275
275
275
275
275
275
275
275
275
275
275
275
275
275
275
275
275
275
274.997
274.999
274.99
274.999
275
275
275
275
275
275
275
274.988
274.99
274.884
274.943
275
275
275
275
275
275
275
274.993
274.991
274.967
274.913
275
275
275
274.993
274.992
275
275
275
274.998
274.997
275
273.278
272.673
273.897
275
275
275
275
275
275
274.998
275
275
274.999
275
275
275
275
274.99
274.996
275
274.988
274.961
274.998
274.989
274.947
274.99
275
274.995
274.985
275
274.995
275
274.99
274.989
275
274.955
274.969
274.96
274.955
274.911
274.881
275
274.98
274.984
274.984
274.98
275
274.965
274.977
274.97
274.963
274.991
274.97
275
274.993
274.997
274.985
274.992
275
274.987
274.992
274.979
274.987
274.997
274.994
274.998
274.999
275
274.995
274.991
274.992
274.994
274.999
274.998
275
275
275
275
275
275
275
275
275
274.997
274.995
274.841
274.76
275
275
275
275
275
275
275
275
274.995
274.993
275
272.42
272.853
274.275
274.464
272.882
273.431
274.745
274.602
275
274.999
274.999
274.486
274.59
274.999
275
275
275
275
275
275
275
275
275
275
275
275
275
275
274.993
274.996
274.921
274.923
274.948
274.942
274.991
274.599
274.995
274.903
274.85
274.857
274.907
274.998
274.962
275
274.885
274.987
274.862
275
274.99
275
275
274.999
274.972
275
275
274.972
274.97
274.995
274.995
274.965
274.968
274.985
275
275
275
275
274.985
274.998
275
275
275
275
274.997
274.962
274.963
274.954
274.954
274.84
274.846
274.978
275
275
275
275
274.978
274.983
275
275
275
275
274.983
272.456
274.971
272.908
272.434
273.476
272.941
274.972
274.955
272.48
274.957
274.985
274.983
274.988
275
275
275
275
274.989
273.958
274.232
274.982
273.961
273.518
274.316
274.011
274.984
273.49
273.913
274.996
274.762
274.848
274.616
274.745
274.996
274.568
274.569
274.607
273.013
274.601
274.555
273.235
274.905
274.908
275
275
275
275
275
274.999
274.999
273.741
274.993
274.997
275
274.998
274.997
275
273.017
273.092
272.365
274.554
274.549
273.157
273.269
274.885
274.903
271.489
275
275
275
275
275
275
274.998
275
275
274.991
274.987
274.997
274.988
275
275
275
275
274.989
274.902
274.936
274.959
274.918
274.346
274.236
274.998
274.912
274.947
274.98
274.98
273.205
275
275
275
274.999
274.993
274.989
275
275
275
275
275
275
274.993
275
275
275
275
274.994
274.981
274.667
274.859
274.542
274.571
274.964
274.879
274.899
274.992
274.955
274.975
274.989
274.999
274.999
274.998
274.999
274.985
275
275
274.989
274.959
274.475
274.367
274.957
274.499
274.534
274.347
274.366
274.954
274.883
274.86
274.979
274.998
274.998
274.998
274.999
274.982
274.984
274.998
274.998
274.998
274.998
274.982
274.989
274.845
274.877
274.802
274.785
274.976
274.996
275
275
275
275
274.997
274.99
274.53
274.348
274.7
274.649
274.99
273.603
273.667
274.993
274.751
274.715
273.531
273.585
274.483
274.375
275
275
275
274.228
274.811
274.28
274.343
274.315
274.8
275
275
275
275
275
272.48
272.617
273.02
273.018
274.369
273.243
273.168
273.389
273.263
274.393
273.031
273.135
274.692
274.668
274.538
273.571
273.452
273.28
273.336
274.999
275
275
275
275
274.999
274.991
274.997
274.905
274.933
274.957
274.922
274.631
274.893
274.87
274.918
274.9
274.625
274.816
274.794
274.862
274.829
274.884
274.515
274.585
274.39
274.481
274.876
274.177
274.207
274.936
274.997
274.993
274.999
274.997
274.949
274.971
274.963
274.991
274.974
274.998
275
275
274.997
274.994
274.998
274.993
274.999
274.995
274.999
275
274.995
274.998
275
274.999
274.998
274.609
274.639
274.978
274.329
274.197
274.694
274.356
274.009
273.888
274.157
274.062
274.966
274.581
274.602
274.855
274.817
274.959
274.887
274.774
274.735
274.811
274.784
274.993
274.903
274.916
274.957
274.974
274.999
274.999
274.987
274.985
274.999
274.999
274.506
274.494
274.96
273.743
273.747
273.229
273.68
273.7
273.86
273.736
273.704
274.449
274.488
274.956
273.694
273.569
273.86
273.732
273.33
273.205
273.52
273.39
274.954
274.386
274.433
274.863
274.855
274.999
274.998
274.978
274.98
274.999
274.999
274.998
274.998
274.984
274.982
274.998
274.998
272.504
272.647
274.541
274.614
274.443
274.514
272.487
273.262
274.711
274.6
274.634
274.693
273.152
274.116
274.16
273.952
274.099
272.616
274.346
274.423
274.184
274.306
272.614
274.817
274.837
274.988
274.733
274.773
274.784
274.731
274.773
274.978
274.772
274.8
274.072
272.841
272.84
273.117
272.876
274.112
273.014
273.657
272.844
273.726
274.683
274.938
274.923
274.955
274.942
274.695
274.512
274.532
273.697
273.77
273.38
273.508
274.558
274.508
275
275
275
275
275
275
275
275
275
275
275
275
275
275
275
275
275
274.999
274.991
274.976
274.974
274.889
274.941
275
275
274.991
274.847
274.836
274.915
274.885
274.901
274.994
275
275
275
274.984
274.989
274.999
275
274.999
275
274.997
274.957
274.982
274.95
274.972
274.969
274.989
274.993
274.993
274.985
274.999
274.999
274.996
274.989
275
275
274.558
274.512
274.966
274.908
274.86
274.857
274.878
274.98
274.992
274.992
274.984
274.993
274.993
274.992
274.992
274.981
274.951
274.627
274.58
274.985
274.998
274.998
274.998
275
275
272.961
272.962
274.789
274.762
274.994
272.964
272.961
274.951
274.958
274.999
275
275
272.395
272.47
272.496
272.816
272.913
272.42
272.444
272.883
272.804
273.354
274.497
274.477
274.624
273.663
273.591
274.552
275
275
275
274.999
275
275
275
274.998
274.999
275
275
275
274.985
274.984
274.992
274.996
274.993
274.991
274.913
274.926
274.872
274.879
274.952
274.934
274.839
274.856
274.655
274.659
274.747
274.735
274.599
274.667
274.676
274.994
274.908
274.926
274.952
274.91
274.968
274.962
274.995
274.992
274.981
274.775
274.743
274.944
274.893
274.82
275
275
274.999
274.999
274.996
274.997
274.981
274.996
274.998
274.92
274.943
274.997
274.702
274.664
274.963
274.97
275
275
274.999
274.996
275
275
274.965
274.507
274.504
274.84
274.849
274.992
274.992
274.983
274.983
274.992
274.992
272.491
272.869
273.566
273.612
273.09
273.127
272.393
274.661
274.636
274.953
272.61
272.551
272.914
272.92
272.529
273.049
273.068
272.506
272.52
274.999
274.998
274.986
274.991
274.999
274.999
273.749
274.679
274.704
274.627
274.653
273.675
274.802
274.947
274.959
274.956
274.952
274.815
274.644
274.78
274.763
274.53
274.504
274.569
273.097
273.139
273.16
272.986
274.633
273.807
273.7
273.898
273.832
274.539
274.18
274.189
274.604
274.664
274.921
275
275
275
273.022
273.044
273.69
273.687
272.295
273.219
273.11
273.109
273.074
273.096
273.252
271.527
274.537
274.557
275
275
275
274.98
274.978
274.991
274.983
274.99
274.994
274.988
274.989
274.896
274.938
274.797
274.809
274.808
274.796
274.916
274.829
274.824
274.321
274.154
274.152
274.176
274.172
274.29
274.992
274.996
274.996
274.996
274.996
274.99
274.952
274.985
274.967
274.961
274.985
274.993
274.993
274.859
274.862
274.9
274.868
274.993
274.993
274.979
274.993
274.993
274.984
274.981
274.992
274.992
274.804
274.844
274.827
274.858
274.852
274.801
272.967
272.981
272.98
272.97
273.55
273.225
273.211
274.199
274.197
274.45
274.243
274.287
274.164
274.198
274.412
275
275
275
275
275
275
275
275
275
275
274.267
274.55
274.532
274.601
274.575
274.29
274.383
274.465
274.429
274.517
274.499
274.355
275
275
275
274.999
274.998
275
275
272.4
272.747
272.512
272.499
273.02
273.019
273.514
273.554
273.199
272.436
272.408
272.958
272.634
272.642
272.607
273.252
272.668
272.532
274.521
274.555
274.713
274.437
274.445
274.413
274.42
274.644
274.47
274.485
273.291
273.021
273.048
272.993
272.998
273.307
275
275
274.999
274.998
274.999
275
274.977
274.991
274.983
274.981
274.985
274.986
274.981
274.983
274.908
274.929
274.822
274.826
274.813
274.818
274.955
274.883
274.886
274.823
274.829
274.927
274.826
274.688
274.664
274.611
274.725
274.711
274.807
274.686
274.683
274.723
274.702
274.801
274.854
274.745
274.758
274.697
274.722
274.842
274.679
274.42
274.643
274.624
274.157
274.174
274.93
274.974
274.971
274.923
274.96
274.985
274.979
274.826
274.799
274.915
274.921
274.966
274.88
274.853
274.988
274.992
274.998
274.994
274.984
274.969
274.983
274.997
274.998
274.999
274.997
274.998
274.994
274.99
274.994
274.999
274.998
274.997
274.999
274.998
274.999
274.996
274.996
274.994
274.997
274.296
274.243
274.598
274.164
274.21
274.065
274.381
273.962
273.922
274.122
274.093
274.836
274.656
274.699
274.572
274.613
274.825
274.951
274.886
274.905
274.724
274.839
274.931
274.628
274.559
274.764
274.324
274.361
274.262
274.293
274.752
274.804
274.506
274.537
274.404
274.452
274.794
274.961
274.972
273.762
273.276
273.344
273.136
273.203
273.757
273.349
273.377
273.373
273.526
273.723
272.778
272.842
272.896
272.785
273.776
273.725
273.021
273.076
272.913
272.971
273.715
273.663
273.626
273.83
273.777
273.278
273.23
273.478
273.444
274.849
274.852
274.984
274.992
274.992
274.992
274.992
274.982
272.514
273.406
273.501
272.795
272.395
273.194
273.295
272.735
272.671
274.129
273.318
273.323
274.027
273.229
273.071
273.322
273.298
274.073
272.879
272.804
272.943
273.016
272.579
272.616
272.787
274.826
274.906
274.899
274.915
274.911
274.832
274.747
274.765
274.765
274.731
274.731
274.744
274.771
274.87
274.863
274.891
274.88
274.782
272.833
273.127
273.166
273.067
273.096
272.835
273.031
273.384
273.459
273.223
273.3
272.946
272.995
272.664
272.705
272.645
272.651
272.847
272.975
273.031
272.781
272.878
272.834
274.805
274.794
274.669
274.509
274.555
273.017
273.077
273.431
273.092
273.024
273.192
273.158
273.476
272.994
272.991
274.184
274.184
275
275
275
275
275
275
275
275
275
275
275
275
275
275
275
275
275
275
275
275
275
275
275
275
275
275
275
275
275
275
275
275
275
275
275
275
275
275
275
275
275
275
275
275
275
275
275
275
275
275
275
275
275
275
275
275
275
275
275
275
275
275
275
275
275
275
275
275
275
275
275
275
275
275
275
275
275
275
275
275
275
275
275
275
275
275
275
275
275
275
275
275
275
275
275
275
275
275
275
275
275
275
275
275
275
275
275
275
275
275
275
275
275
275
275
275
275
275
275
275
275
275
275
275
275
275
275
275
275
275
275
275
275
275
275
275
274.998
274.998
273.02
274.845
274.857
275
275
275
275
275
275
275
275
275
275
275
275
275
273.875
273.848
274.414
275
275
275
275
275
275
275
275
275
275
275
274.996
274.419
273.883
274.724
275
275
275
275
275
275
275
275
275
275
275
275
275
275
275
275
275
275
275
275
275
275
275
275
275
275
275
275
275
275
275
275
275
275
275
275
275
275
275
275
275
275
275
275
275
275
275
274.998
274.999
275
272.297
273.548
273.56
274.121
274.124
271.551
275
275
275
275
275
275
275
275
275
275
275
275
275
275
275
275
275
275
275
275
275
275
275
275
275
275
275
275
275
275
275
275
275
275
275
275
275
275
275
275
275
275
275
275
275
275
275
275
275
275
275
275
275
275
275
275
274.998
274.999
274.999
275
275
274.999
274.997
274.996
274.998
275
275
275
275
275
275
275
275
275
275
275
275
275
275
275
275
275
275
275
275
275
274.988
274.997
274.997
274.997
274.997
274.989
275
275
275
275
275
275
275
275
275
275
275
275
275
275
275
275
275
275
275
275
275
274.992
275
275
274.998
274.998
274.991
274.964
274.899
274.907
275
275
275
275
275
275
275
275
275
274.993
274.948
274.959
274.976
274.977
274.993
275
275
275
275
275
275
275
275
275
274.998
274.993
274.993
274.989
274.989
274.997
274.999
274.998
275
273.221
274.98
274.979
274.554
274.561
272.716
274.994
274.994
273.782
275
274.999
275
275
274.999
275
275
275
275
275
275
275
275
275
275
275
274.999
275
275
275
275
275
275
275
274.999
274.998
274.998
275
275
275
275
275
275
275
275
275
275
275
275
274.991
274.998
274.998
274.999
274.999
274.995
275
275
275
274.986
274.965
274.971
274.906
274.908
274.962
274.974
274.977
274.99
275
275
275
274.994
274.997
274.997
274.999
275
275
274.998
274.998
274.995
275
275
275
274.99
274.997
274.998
274.997
274.997
274.989
275
275
275
274.957
274.894
274.892
274.922
274.92
274.968
274.959
274.902
274.904
274.89
274.888
274.954
275
275
275
274.995
274.995
274.984
275
275
275
274.967
274.797
274.768
274.905
274.899
274.976
274.971
274.927
274.925
274.758
274.726
274.961
274.991
274.971
274.973
274.917
274.924
274.972
275
275
275
274.994
274.999
274.999
274.999
274.999
274.997
274.985
274.995
274.995
274.999
274.999
274.991
275
275
275
274.988
274.952
274.949
274.967
274.965
274.991
274.98
274.917
274.911
274.945
274.941
274.986
274.997
274.986
274.987
274.962
274.969
274.995
274.998
274.999
274.999
275
275
274.998
275
275
275
274.995
274.816
274.797
274.771
274.804
274.995
274.993
274.97
274.968
274.999
274.96
274.961
275
275
275
275
275
275
275
275
275
275
275
275
275
275
275
275
275
275
275
275
275
274.996
275
275
275
275
274.996
274.831
274.726
274.742
274.621
274.646
274.775
275
275
275
275
275
275
274.999
275
275
275
275
275
275
275
275
275
275
275
274.994
275
275
275
275
274.994
275
275
275
274.311
273.943
273.903
274.135
274.1
274.441
274.73
274.577
274.597
275
275
275
274.999
275
275
275
275
274.999
274.506
274.201
274.169
274.333
274.313
274.578
274.999
275
275
275
275
275
275
275
275
275
275
275
275
275
275
275
275
275
275
275
275
275
275
275
275
275
275
275
275
275
275
275
275
275
275
275
275
275
275
274.931
274.944
274.992
274.995
274.985
274.986
274.898
274.826
274.835
274.757
274.77
274.858
274.882
274.964
274.96
274.97
274.967
274.889
274.998
274.99
274.991
274.997
274.999
275
274.999
274.991
274.996
274.992
274.997
274.996
275
275
275
275
275
275
274.999
274.999
275
275
275
275
274.927
274.931
274.974
274.969
274.921
274.924
274.989
274.99
274.996
274.994
274.985
274.987
274.993
274.994
274.986
275
275
275
275
275
275
275
275
274.999
275
275
275
274.985
274.993
274.993
274.999
274.999
274.998
275
275
275
275
275
275
275
275
275
275
275
275
274.997
274.999
274.999
274.907
274.906
274.961
274.964
274.91
274.909
274.892
274.893
274.955
274.954
274.89
274.891
274.993
274.993
274.978
275
274.999
274.999
274.999
274.999
275
275
275
275
274.999
275
275
274.978
274.993
274.993
275
274.999
274.999
274.999
274.999
275
275
274.999
274.999
274.999
274.999
275
274.878
274.807
274.969
273.426
274.007
274.059
273.652
273.695
272.983
274.974
274.892
274.885
274.959
274.713
274.672
274.955
274.958
274.986
274.981
274.946
274.95
274.996
274.996
274.987
275
275
275
275
275
275
275
275
275
275
275
275
274.99
274.997
274.996
273.997
273.54
273.499
273.855
273.799
274.194
274.928
274.922
274.981
273.9
274.372
274.409
274.102
274.146
273.561
274.192
274.766
274.783
274.726
274.747
274.146
274.985
274.937
274.933
273.542
272.982
272.936
273.451
273.386
273.86
274.983
274.985
274.996
274.776
274.864
274.856
274.914
274.908
274.838
274.846
274.835
274.726
274.995
274.98
274.982
274.584
273.986
273.918
274.072
274.012
274.597
274.613
274.373
274.353
274.9
274.68
274.715
274.843
274.851
274.913
275
275
275
275
275
275
274.999
275
275
275
275
274.999
274.754
274.746
273.694
274.993
274.956
274.957
274.954
274.956
274.994
274.998
275
275
275
275
274.998
275
275
275
273.032
272.942
272.299
274.546
274.107
273.988
274.125
274.114
274.546
274.899
274.645
274.618
274.709
274.766
274.904
271.497
273.258
273.606
275
275
275
275
275
275
275
275
275
275
275
275
275
275
275
275
275
275
275
274.999
274.998
275
275
275
275
275
275
274.998
274.995
274.994
274.997
274.997
274.988
275
274.999
274.999
274.999
274.999
275
275
274.999
274.999
274.999
274.999
275
274.989
274.997
274.997
274.889
274.893
274.961
274.992
274.992
274.998
274.939
274.974
274.972
274.978
274.976
274.943
274.98
274.843
274.774
274.845
274.845
274.98
273.188
274.358
274.352
275
275
275
275
275
275
275
275
275
274.998
274.998
274.999
275
275
275
275
275
275
275
275
275
275
275
275
275
275
275
275
275
275
274.998
274.998
274.992
275
274.999
275
274.999
274.999
275
275
275
275
275
275
275
274.994
274.999
274.998
274.948
274.957
274.983
274.725
274.89
274.862
274.934
274.918
274.814
274.551
274.791
274.787
274.799
274.795
274.56
274.963
274.91
274.913
274.888
274.947
274.943
274.954
274.951
274.894
274.991
274.979
274.98
274.996
274.997
274.993
274.999
274.999
274.999
274.998
274.997
274.997
274.997
274.997
274.999
275
274.999
274.999
274.999
274.999
275
274.989
274.997
274.997
274.9
274.897
274.958
274.442
274.762
274.772
274.743
274.752
274.401
274.898
274.9
274.958
274.512
274.776
274.772
274.783
274.78
274.525
274.34
274.733
274.737
274.735
274.733
274.349
274.954
274.888
274.888
274.998
274.997
274.997
274.997
274.997
274.998
274.997
274.997
274.999
274.983
274.994
274.994
274.998
274.997
274.997
274.997
274.997
274.998
274.998
274.997
274.997
274.996
274.997
274.998
274.966
274.969
274.99
274.856
274.926
274.92
274.937
274.932
274.868
274.975
274.93
274.934
274.999
274.999
274.996
275
275
275
275
275
275
275
275
275
275
275
275
274.997
274.999
274.999
274.958
274.955
274.989
274.457
274.826
274.838
274.799
274.813
274.431
274.684
274.867
274.874
274.848
274.858
274.667
274.991
274.963
274.96
273.621
273.284
273.268
273.328
273.303
273.642
274.973
274.972
274.993
274.74
274.894
274.899
274.882
274.888
274.728
273.253
273.239
273.567
275
275
275
274.697
274.711
274.821
274.789
274.667
274.683
275
275
275
275
275
275
275
275
275
274.007
273.976
274.341
273.223
273.586
273.614
273.332
273.713
273.76
273.642
273.674
273.291
274.418
274.068
274.037
274.253
274.229
274.523
273.546
273.887
273.914
273.808
273.851
273.507
275
275
275
275
275
275
275
274.999
274.999
275
275
275
274.994
274.993
274.997
274.885
274.794
274.809
274.768
274.779
274.877
274.912
274.842
274.85
274.823
274.833
274.907
274.805
274.816
274.891
274.545
274.712
274.695
274.738
274.725
274.567
274.677
274.66
274.448
274.867
274.782
274.794
274.996
274.989
274.99
274.984
274.987
274.995
274.999
274.997
274.998
274.992
274.995
274.998
274.968
274.925
274.93
274.985
274.958
274.977
274.935
274.945
274.979
274.999
274.999
274.995
275
275
275
274.999
274.999
275
275
274.999
274.999
275
275
275
274.999
274.999
275
274.999
274.999
274.998
274.617
274.826
274.821
274.844
274.833
274.627
274.976
274.935
274.941
274.916
274.918
274.967
274.589
274.808
274.804
274.816
274.812
274.595
274.982
274.984
274.993
274.908
274.96
274.957
274.965
274.962
274.912
274.999
274.998
274.997
274.998
274.998
274.999
274.986
274.994
274.995
274.993
274.993
274.985
274.999
274.997
274.997
274.997
274.997
274.999
274.506
274.785
274.788
274.778
274.782
274.503
274.96
274.904
274.902
274.465
274.76
274.756
274.768
274.764
274.477
274.955
274.895
274.896
274.888
274.889
274.953
274.404
274.744
274.74
274.752
274.748
274.418
274.999
274.997
274.997
274.997
274.997
274.998
274.978
274.993
274.993
274.994
274.993
274.979
274.999
274.997
274.997
274.997
274.997
274.999
274.998
274.996
274.996
274.997
274.997
274.998
274.998
274.996
274.996
274.996
274.996
274.998
274.565
274.118
274.065
274.198
274.162
274.591
274.465
273.905
273.87
274.006
273.951
274.488
273.879
273.941
273.357
274.728
274.41
274.374
274.654
274.263
274.23
274.336
274.298
274.673
273.052
273.749
273.813
273.325
273.315
274.143
274.378
273.775
273.716
273.841
273.812
274.402
274.218
273.422
273.357
273.627
273.519
274.261
274.987
274.961
274.963
274.937
274.941
274.98
273.624
273.58
274.034
274.153
273.737
273.677
273.104
273.033
273.596
273.796
273.298
273.198
274.933
274.878
274.885
274.86
274.869
274.928
274.951
274.905
274.912
274.892
274.898
274.947
274.708
274.824
274.814
273.732
273.412
273.364
273.469
273.46
273.766
274.549
274.359
274.362
274.314
274.337
274.529
275
275
275
275
275
275
275
275
275
275
275
275
275
275
275
275
275
275
275
275
275
275
275
275
275
275
275
275
275
275
275
275
275
275
275
275
274.999
275
275
274.991
274.998
274.998
274.89
274.945
274.942
274.952
274.949
274.895
274.993
274.979
274.981
275
275
275
274.986
274.994
274.993
274.996
274.995
274.987
275
275
275
275
275
275
275
275
275
274.995
274.997
274.998
274.971
274.988
274.984
274.992
274.991
274.978
274.995
274.998
274.998
274.997
274.997
274.99
275
274.999
274.999
274.999
274.999
275
274.537
274.811
274.817
274.801
274.805
274.522
274.967
274.917
274.915
274.616
274.838
274.843
274.824
274.831
274.601
274.995
274.995
274.985
275
274.999
274.998
275
275
275
274.781
274.913
274.917
274.904
274.909
274.772
274.994
274.975
274.974
274.954
274.981
274.98
274.983
274.982
274.956
273.633
273.984
274.01
273.938
273.96
273.611
274.565
274.294
274.274
275
275
275
275
275
275
275
275
275
275
275
275
275
275
275
275
275
275
274.982
274.983
274.994
274.915
274.959
274.955
274.965
274.962
274.921
275
275
275
274.999
275
275
274.925
274.971
274.968
274.979
274.975
274.932
274.997
274.992
274.994
274.999
274.999
274.999
274.998
274.998
274.996
274.913
274.912
274.964
274.504
274.795
274.798
274.79
274.792
274.503
274.652
274.858
274.863
274.848
274.853
274.644
274.987
274.996
274.996
274.997
274.997
274.99
274.281
274.329
273.828
273.611
274.186
274.235
274.885
274.875
274.788
274.918
274.923
274.962
274.827
274.901
274.893
274.409
274.392
274.623
273.776
274.095
274.12
274.038
274.067
273.739
273.876
274.2
274.223
274.15
274.176
273.855
274.624
274.762
274.75
274.785
274.774
274.645
274.917
274.859
274.866
273.657
273.34
273.385
273.364
273.349
273.668
272.293
272.932
272.94
273.07
273.137
271.511
274.569
274.182
274.002
274.335
274.287
274.56
275
275
275
275
275
275
275
275
275
275
275
275
275
275
275
275
275
275
275
275
275
275
275
275
275
275
275
275
275
275
275
275
275
275
275
275
275
275
275
275
275
275
275
275
275
275
275
275
275
275
275
275
275
275
275
275
275
275
275
275
275
275
275
275
275
275
275
275
275
275
275
275
275
275
275
275
275
275
275
275
275
275
275
275
275
275
275
275
275
275
275
275
275
275
275
275
275
275
275
275
275
275
275
275
275
275
275
275
275
275
275
275
275
275
275
275
275
272.842
274.127
274.118
275
275
275
275
275
275
275
275
275
275
274.999
274.999
274.39
274.978
274.978
275
275
275
275
275
275
275
275
275
275
275
275
275
275
275
274.992
274.425
274.422
274.731
275
275
275
275
275
275
275
275
275
275
275
275
275
275
275
275
275
275
275
275
275
275
275
275
275
275
275
275
275
275
275
275
275
275
275
275
275
275
275
275
275
275
275
275
274.992
274.998
274.998
275
275
275
273.567
273.571
272.682
275
275
275
275
275
275
275
275
275
274.999
275
275
274.993
274.998
274.998
274.997
274.997
274.992
275
275
274.999
274.995
274.979
274.978
274.977
274.976
274.994
274.994
274.994
274.999
275
275
275
275
275
275
275
275
275
274.997
274.999
274.999
274.999
274.999
274.996
275
275
275
275
275
275
275
275
275
275
275
275
274.995
274.999
274.999
274.998
274.998
274.993
274.999
275
275
275
275
274.999
274.999
275
275
275
275
275
275
275
275
275
275
275
275
275
275
274.866
274.925
274.92
274.947
274.944
274.901
274.279
274.593
274.613
274.441
274.469
274.057
275
275
275
275
275
275
275
275
275
274.917
274.953
274.95
275
275
275
275
275
275
274.507
274.717
274.728
274.631
274.647
274.377
275
275
275
275
275
275
275
275
275
275
275
275
275
275
275
275
275
275
275
274.999
274.999
274.999
274.999
275
275
275
275
275
275
275
275
275
275
274.999
274.995
274.995
275
275
275
275
275
275
275
275
275
275
275
275
275
275
275
275
275
275
275
275
275
275
275
275
275
275
275
275
275
275
275
275
275
275
275
275
275
275
275
275
275
275
275
275
275
275
275
275
275
275
275
275
275
275
275
275
275
275
275
275
275
275
275
275
275
275
275
275
275
274.998
275
275
275
275
274.998
274.17
274.149
272.927
274.841
274.61
274.622
274.609
274.608
274.842
275
275
275
275
275
275
275
275
275
275
275
275
274.998
274.998
275
273.867
274.891
274.887
274.903
274.896
273.858
274.978
274.978
274.402
275
275
275
275
275
275
275
275
275
275
275
275
275
275
275
275
275
275
275
275
275
275
275
275
275
275
275
275
275
275
275
275
275
275
275
275
275
275
275
274.999
275
275
275
275
274.999
275
275
275
272.945
272.95
272.314
271.753
273.11
273.064
275
275
275
275
275
275
275
275
275
275
275
275
275
275
275
275
275
275
275
275
275
275
275
275
275
275
275
275
275
275
275
275
275
275
275
275
275
275
275
275
275
275
275
275
275
275
275
275
275
275
275
275
275
275
275
275
275
275
275
275
275
275
275
275
275
275
274.998
274.998
274.992
275
274.999
274.999
275
275
275
275
275
275
274.952
274.979
274.977
274.982
274.981
274.955
274.345
274.339
273.237
274.98
274.842
274.844
274.557
274.14
274.134
274.147
274.145
274.559
272.692
273.573
273.574
274.958
274.959
274.994
273.82
274.767
274.761
275
275
275
275
275
275
275
275
275
275
275
275
275
275
275
275
275
275
275
275
275
275
275
275
275
275
274.999
275
275
275
275
275
275
275
275
275
275
275
275
275
275
275
275
275
275
274.787
274.914
274.918
274.907
274.91
274.777
274.749
274.899
274.903
274.889
274.894
274.738
275
275
275
274.998
274.998
274.994
274.991
274.997
274.997
275
275
275
275
275
275
274.964
274.985
274.984
274.987
274.986
274.967
275
275
275
275
275
275
274.998
275
275
274.98
274.98
274.995
274.811
274.926
274.929
274.92
274.923
274.805
274.769
274.901
274.902
274.926
274.908
274.777
274.995
274.995
274.999
274.96
274.984
274.984
274.985
274.984
274.96
275
275
275
275
275
275
274.999
274.999
274.997
274.996
274.999
274.999
275
275
275
275
275
275
275
275
275
275
275
275
274.999
274.999
274.995
274.994
274.998
274.998
275
275
274.999
274.999
275
275
275
275
275
275
275
275
275
275
275
275
275
275
275
275
275
275
275
275
275
275
275
275
275
275
275
275
275
275
275
275
275
275
275
275
275
275
275
275
275
275
275
275
275
275
275
275
275
275
274.935
274.97
274.968
274.975
274.973
274.94
274.934
274.93
274.874
274.895
274.941
274.938
274.998
274.999
274.999
275
275
274.999
274.993
274.998
274.997
274.999
274.998
274.995
274.922
274.925
274.816
274.698
274.878
274.884
274.867
274.873
274.684
274.547
274.571
274.237
274.101
274.496
274.522
273.962
274.283
274.304
274.243
274.265
273.94
274.066
274.36
274.365
274.323
274.344
274.04
274.694
274.809
274.798
274.824
274.818
274.707
274.941
274.984
274.985
274.279
274.243
273.954
274.71
274.817
274.817
275
275
275
275
275
275
275
275
275
275
275
275
275
275
275
275
275
275
275
275
275
274.904
274.905
274.777
275
275
275
275
275
275
274.691
274.704
274.482
274.405
274.662
274.677
275
275
275
275
275
275
275
275
275
275
275
275
275
275
275
275
275
275
275
275
275
275
275
275
275
275
275
275
275
275
275
275
275
275
275
275
275
275
275
275
275
275
275
275
275
275
275
275
275
275
275
275
275
275
275
275
275
275
275
275
275
275
275
275
275
275
275
275
275
275
275
275
274.99
274.433
274.428
274.739
275
275
275
275
275
275
275
275
275
275
275
275
275
275
275
275
275
273.252
274.336
274.337
274.777
274.772
273.855
274.968
274.967
274.991
274.999
274.995
274.995
275
275
275
275
275
275
275
275
275
274.998
274.999
275
274.999
274.999
274.997
275
275
275
275
275
275
275
275
275
275
275
275
275
275
275
275
275
275
275
275
275
275
275
275
275
275
275
275
275
275
275
275
275
275
275
275
275
275
275
275
275
275
275
275
275
275
275
275
275
275
275
275
275
275
275
275
275
275
275
275
275
275
275
275
275
275
275
275
275
275
275
275
275
275
275
275
275
275
275
275
275
275
275
275
275
275
275
275
275
275
275
275
275
275
275
275
275
275
275
275
275
275
275
275
275
275
275
275
275
275
275
275
275
275
275
275
275
275
275
275
275
275
275
275
275
275
275
275
275
275
275
275
275
275
275
275
275
275
275
275
275
275
275
275
275
275
275
275
275
275
275
275
275
275
275
275
275
275
274.998
274.835
274.839
274.98
274.994
274.96
274.961
275
275
275
275
275
275
275
275
275
275
275
275
274.992
274.97
274.979
275
275
275
275
275
275
275
275
275
275
275
275
275
275
275
275
275
275
275
275
275
275
275
275
275
275
275
275
275
275
275
275
275
275
275
275
275
275
274.999
275
275
275
275
275
275
275
275
275
274.999
274.999
274.998
274.997
274.999
274.999
275
275
275
275
275
275
275
275
275
275
275
275
275
275
275
275
275
275
275
275
275
275
275
275
275
275
275
275
275
275
275
275
275
275
275
275
275
275
275
275
275
275
275
275
275
275
275
275
275
275
275
275
275
275
275
275
275
275
275
275
275
275
275
275
275
275
275
275
275
275
275
275
275
275
275
275
275
275
275
275
275
275
275
275
275
275
275
275
275
275
275
274.996
274.997
274.441
274.978
274.978
275
275
275
275
275
275
275
275
275
275
275
275
275
275
275
275
275
275
275
275
275
275
275
275
275
275
275
275
275
275
275
275
275
275
275
275
275
275
275
275
275
275
275
275
275
275
275
275
275
275
275
275
275
275
275
275
275
275
275
275
274.885
274.885
273.9
275
275
275
275
275
275
275
275
275
275
275
275
274.403
272.52
269.148
274.385
272.487
269.086
274.176
272.149
268.778
274.164
272.128
268.786
269.536
267.751
266.5
274.98
274.605
271.532
274.582
272.93
268.942
274.522
272.781
268.798
269.524
267.748
266.499
271.776
270.141
267.878
274.974
274.534
271.357
274.471
272.612
269.131
274.481
272.63
269.129
274.307
272.356
269.01
274.301
272.356
269.039
274.025
271.921
268.676
274.046
271.952
268.717
271.506
269.433
267.003
271.572
269.749
267.118
271.381
270.042
267.855
274.997
274.904
273.227
274.75
273.321
269.327
274.785
273.444
269.414
274.74
273.28
269.289
274.427
272.544
269.099
274.357
272.445
269.094
274.235
272.248
268.918
274.099
272.041
268.702
273.576
271.325
268.388
274.977
274.488
271.417
269.466
267.716
266.494
271.381
269.6
267.104
271.563
269.8
267.171
272.199
269.804
267.427
271.378
268.74
266.745
271.523
268.847
266.776
271.702
268.986
266.808
271.588
268.9
266.786
271.967
269.202
266.866
271.753
269.027
266.821
271.926
269.169
266.856
271.347
268.719
266.739
271.203
268.617
266.716
271.028
268.506
266.689
271.16
268.589
266.707
270.643
268.3
266.633
270.782
268.365
266.652
270.974
268.472
266.678
270.844
268.403
266.662
270.58
268.263
266.626
269.582
267.728
266.49
269.472
267.694
266.483
271.255
269.307
266.988
274.794
273.483
269.449
274.831
273.631
269.637
274.839
273.676
269.703
274.44
272.572
269.127
274.518
272.701
269.2
274.346
272.423
269.071
274.245
272.26
268.91
273.976
271.852
268.614
274.084
272.009
268.687
273.394
271.089
268.161
273.489
271.203
268.351
273.416
271.116
268.189
273.549
271.297
268.325
273.502
271.219
268.359
273.074
270.674
267.888
272.845
270.414
267.666
272.81
270.382
267.625
272.16
269.776
267.396
272.038
269.7
267.495
274.573
272.817
269.193
274.581
272.826
269.154
274.409
272.52
269.121
274.563
272.794
269.186
274.548
272.756
269.137
274.373
272.461
269.064
274.191
272.181
268.801
273.922
271.766
268.667
273.931
271.772
268.645
274.154
272.117
268.809
273.899
271.737
268.614
273.876
271.708
268.567
269.62
267.848
266.53
269.598
267.86
266.531
269.542
267.748
266.499
269.638
267.839
266.528
269.652
267.848
266.532
274.983
274.641
271.7
272.712
270.277
267.728
272.678
270.251
267.655
274.638
273.076
269.089
274.86
273.823
270.097
274.475
272.659
268.67
269.507
267.74
266.497
271.783
270.125
267.758
274.968
274.473
271.18
274.639
272.975
269.233
274.463
272.605
269.156
274.494
272.657
269.15
274.316
272.366
268.998
274.275
272.317
268.972
274.011
271.895
268.667
274.06
271.976
268.725
273.802
271.616
268.547
272.735
270.3
267.792
272.758
270.332
267.701
274.997
274.898
273.008
274.996
274.856
272.695
271.537
269.54
267.031
271.559
269.66
267.064
274.768
273.378
269.399
274.777
273.413
269.416
274.726
273.233
269.33
274.602
272.874
269.14
274.591
272.845
269.134
274.417
272.526
269.098
274.523
272.706
269.183
274.538
272.731
269.126
274.364
272.448
269.069
274.215
272.215
268.861
273.956
271.811
268.637
273.944
271.787
268.628
274.122
272.073
268.75
273.845
271.656
268.555
273.859
271.679
268.55
273.618
271.367
268.462
273.606
271.358
268.462
269.532
267.759
266.505
269.569
267.814
266.521
269.516
267.724
266.494
269.633
267.897
266.549
269.655
267.87
266.539
269.506
267.937
266.575
271.472
269.75
267.209
271.531
269.806
267.212
274.988
274.699
271.946
272.595
270.172
267.752
272.623
270.204
267.688
272.648
270.226
267.65
274.741
273.396
269.507
274.672
273.179
269.232
274.782
273.534
269.688
274.816
273.663
269.891
274.401
272.478
268.479
273.105
270.377
267.262
271.418
268.768
266.753
271.466
268.803
266.764
271.659
268.952
266.798
271.624
268.925
266.791
271.813
269.077
266.835
271.882
269.136
266.847
271.316
268.7
266.736
271.255
268.654
266.727
271.09
268.549
266.698
271.128
268.57
266.702
270.682
268.314
266.637
270.729
268.336
266.643
270.931
268.448
266.671
270.899
268.435
266.668
270.518
268.229
266.616
269.488
267.724
266.492
271.113
268.883
266.862
274.823
273.598
269.609
274.804
273.526
269.519
274.852
273.732
269.795
274.615
272.914
269.179
274.63
272.954
269.234
274.458
272.606
269.191
274.51
272.692
269.209
274.328
272.391
269.016
274.258
272.284
268.924
273.998
271.877
268.665
274.071
271.987
268.698
273.831
271.643
268.574
273.822
271.64
268.595
273.778
271.577
268.553
273.379
271.064
268.164
273.475
271.177
268.321
273.443
271.144
268.248
273.515
271.246
268.291
273.529
271.27
268.293
272.883
270.454
267.719
272.781
270.355
267.643
272.119
269.749
267.464
272.078
269.723
267.462
274.999
274.943
273.538
274.999
274.968
273.941
274.999
274.968
273.951
271.208
269.076
266.938
271.313
269.303
267.12
274.006
271.711
267.928
273.463
270.86
267.473
274.076
271.834
268.003
273.364
270.728
267.423
269.919
267.918
266.537
269.72
267.813
266.511
269.552
267.732
266.492
269.688
267.796
266.507
269.548
267.735
266.493
272.06
270.101
268.208
274.93
274.147
270.386
274.916
274.072
270.267
272.985
270.567
267.837
273.178
270.79
268.049
273.161
270.765
268.027
272.969
270.544
267.836
272.922
270.496
267.781
274.989
274.655
271.883
274.992
274.745
272.152
270.686
269.301
267.928
272.369
269.943
267.407
270.786
268.465
266.709
270.769
268.38
266.684
270.787
268.308
266.684
270.95
268.661
266.783
271.57
269.763
267.352
274.708
273.173
269.282
273.63
271.381
268.468
273.645
271.407
268.408
273.71
271.49
268.536
272.104
269.969
267.486
274.926
274.137
270.672
270.376
269.01
266.955
274.993
274.801
272.422
274.99
274.749
272.147
272.519
270.103
267.651
272.322
269.901
267.354
272.494
270.081
267.629
272.464
270.044
267.609
274.884
273.929
270.295
273.687
271.191
267.637
273.77
271.318
267.699
274.333
272.338
268.384
274.269
272.206
268.28
269.85
267.878
266.528
269.814
267.857
266.522
269.571
267.73
266.491
269.435
267.661
266.475
270.907
269.102
266.906
270.652
269.543
267.107
270.94
269.478
267.154
270.855
268.428
266.728
270.953
268.696
266.8
271.643
269.883
267.453
274.95
274.306
270.748
274.955
274.344
270.866
274.664
273.045
269.233
274.692
273.129
269.215
274.648
273.003
269.261
273.764
271.551
268.528
273.724
271.505
268.546
273.051
270.648
267.849
272.094
269.945
267.422
271.441
269.209
266.94
271.094
268.817
266.832
271.408
269.487
267.216
272.035
269.774
267.45
272.019
269.675
267.286
272.053
269.86
267.532
272.064
269.911
267.528
273.916
271.544
267.811
271.133
268.842
266.837
271.198
268.896
266.852
273.544
270.972
267.523
274.16
271.982
268.087
273.276
270.61
267.374
272.765
269.988
267.121
272.844
270.078
267.159
272.235
269.452
266.932
272.28
269.491
266.945
272.697
269.909
267.088
272.642
269.853
267.063
272.158
269.379
266.918
272.097
269.324
266.902
269.935
267.929
266.54
269.988
267.951
266.546
270.253
268.085
266.579
270.218
268.069
266.575
270.292
268.104
266.584
270.336
268.128
266.591
269.904
267.911
266.536
269.75
267.827
266.515
269.558
267.733
266.492
269.649
267.776
266.502
269.53
267.722
266.489
270.993
268.724
266.802
271.064
268.793
266.823
274.935
274.183
270.454
274.94
274.224
270.564
274.906
274.003
270.164
273.353
271.012
268.22
273.365
271.032
268.232
273.005
270.593
267.836
273.339
270.991
268.203
273.304
270.957
268.128
273.194
270.815
268.061
273.137
270.74
267.966
272.077
270.129
267.963
271.475
269.292
266.963
271.355
269.067
266.9
271.4
269.134
266.919
274.999
274.938
273.557
274.997
274.88
272.977
274.994
274.835
272.654
272.419
269.994
267.49
270.855
268.591
266.745
270.888
268.736
266.788
270.756
268.32
266.669
270.752
268.282
266.664
270.979
268.603
266.768
271.493
269.635
267.279
274.719
273.215
269.341
273.659
271.432
268.419
273.681
271.459
268.465
272.039
269.74
267.729
272.03
269.715
267.49
272.092
269.946
267.486
274.945
274.256
270.912
274.966
274.391
271.169
270.031
268.569
266.814
269.741
268.156
266.659
271.306
269.006
266.882
271.254
268.949
266.867
272.546
270.127
267.683
272.572
270.15
267.706
272.244
269.846
267.449
272.28
269.87
267.375
273.611
271.074
267.577
273.859
271.452
267.758
274.212
272.086
268.179
273.202
270.511
267.331
273.032
270.291
267.235
272.934
270.18
267.199
272.393
269.602
266.984
272.331
269.542
266.962
272.465
269.673
267.01
272.548
269.758
267.038
272.015
269.244
266.874
270.1
268.007
266.561
270.044
267.977
266.552
270.152
268.037
266.569
270.189
268.056
266.573
270.45
268.189
266.605
270.479
268.203
266.607
270.427
268.183
266.604
270.386
268.159
266.599
269.888
267.904
266.535
269.781
267.841
266.518
269.565
267.733
266.492
269.588
267.739
266.493
269.489
267.687
266.48
270.845
269.802
267.284
270.936
269.74
267.307
270.925
268.493
266.763
270.96
268.689
266.791
271.692
269.963
267.511
274.96
274.4
271.024
274.886
273.9
270.006
274.9
273.971
270.113
274.878
273.853
269.911
274.867
273.796
269.886
274.671
273.062
269.201
274.681
273.09
269.191
273.75
271.529
268.523
273.736
271.514
268.532
273.027
270.62
267.837
273.248
270.9
268.022
273.274
270.927
268.06
273.21
270.839
268.079
273.228
270.876
268.019
273.107
270.713
267.902
272.086
270.008
267.618
274.999
274.961
273.838
)
;

boundaryField
{
    topAndBottom
    {
        type            zeroGradient;
    }
    inlet
    {
        type            fixedValue;
        value           uniform 275;
    }
    outlet
    {
        type            zeroGradient;
    }
    wing
    {
        type            groovyBC;
        refValue        uniform 265.981;
        refGradient     uniform 0;
        valueFraction   uniform 1;
        value           uniform 265.981;
        valueExpression "Twall+hc*(T-Twall)/(rho_p*cp_p)+sigma*emiss*(pow(Tinf,4)-pow(Twall,4))/(rho_p*cp_p)";
        gradientExpression "0";
        fractionExpression "1";
        evaluateDuringConstruction 0;
        cyclicSlave     0;
        variables       
10
(
"rho_p=1.25;"
"cp_p=1004;"
"Twall=266;"
"hc=12;"
"sigma=5.67*pow(10,-8);"
"emiss=0.2;"
"rh=0.7;"
"pv=pSat*rh;"
"Kn=0.;"
"Tinf=T*pow((1-(0.5-0.006*sqrt(pv))*(1-Kn)),0.25);"
)
;
        timelines       (
);
        lookuptables    (
);
        lookuptables2D  (
);
    }
    front
    {
        type            empty;
    }
    back
    {
        type            empty;
    }
}


// ************************************************************************* //
