/*--------------------------------*- C++ -*----------------------------------*\
| =========                 |                                                 |
| \\      /  F ield         | OpenFOAM: The Open Source CFD Toolbox           |
|  \\    /   O peration     | Version:  5.x                                   |
|   \\  /    A nd           | Web:      www.OpenFOAM.org                      |
|    \\/     M anipulation  |                                                 |
\*---------------------------------------------------------------------------*/
FoamFile
{
    version     2.0;
    format      ascii;
    class       volScalarField;
    location    "400";
    object      xf;
}
// * * * * * * * * * * * * * * * * * * * * * * * * * * * * * * * * * * * * * //

dimensions      [0 0 0 0 0 0 0];

internalField   nonuniform List<scalar> 
6584
(
0.211947
0.211947
0.211947
0.211947
0.211947
0.211947
0.211947
0.211948
0.211948
0.211948
0.211948
0.211948
0.211948
0.211948
0.211948
0.211948
0.211948
0.211947
0.211947
0.211947
0.211947
0.211947
0.211947
0.211947
0.211716
0.211716
0.211716
0.211716
0.211716
0.211716
0.211717
0.211717
0.211718
0.211718
0.211718
0.211718
0.211718
0.211718
0.211718
0.211718
0.211717
0.211717
0.211717
0.211716
0.211716
0.211716
0.211716
0.211715
0.211484
0.211485
0.211485
0.211485
0.211485
0.211485
0.211486
0.211487
0.211488
0.211603
0.211603
0.211603
0.211603
0.211603
0.211603
0.211488
0.211487
0.211487
0.211486
0.211485
0.211485
0.211485
0.211485
0.211484
0.211253
0.211253
0.211254
0.211254
0.211254
0.211254
0.211255
0.211257
0.211258
0.211372
0.211372
0.211371
0.211371
0.211372
0.211372
0.211373
0.211256
0.211256
0.211255
0.211255
0.211254
0.211254
0.211254
0.211253
0.211022
0.211022
0.211023
0.211023
0.211024
0.211024
0.211024
0.211024
0.211141
0.211141
0.21114
0.211138
0.211138
0.211139
0.211141
0.211141
0.211141
0.211026
0.211025
0.211024
0.211024
0.211023
0.211023
0.211022
0.210791
0.210792
0.210792
0.210792
0.210793
0.210794
0.210794
0.210909
0.210908
0.210907
0.210965
0.210961
0.210961
0.210963
0.210909
0.210911
0.210911
0.210797
0.210795
0.210794
0.210793
0.210793
0.210792
0.210792
0.210561
0.210561
0.210561
0.210562
0.210563
0.210564
0.210565
0.210679
0.210678
0.210676
0.210727
0.210751
0.210746
0.210724
0.210735
0.210682
0.210683
0.21057
0.210566
0.210565
0.210563
0.210562
0.210562
0.210561
0.21033
0.21033
0.210331
0.210332
0.210333
0.210334
0.210337
0.21045
0.210449
0.210449
0.210495
0.210505
0.210513
0.210506
0.210456
0.210456
0.210343
0.210338
0.210336
0.210334
0.210333
0.210331
0.210331
0.2101
0.2101
0.210101
0.210102
0.210103
0.210105
0.210109
0.210222
0.210223
0.210226
0.210271
0.210281
0.21029
0.210285
0.210235
0.210232
0.210117
0.21011
0.210107
0.210105
0.210103
0.210101
0.210101
0.209869
0.20987
0.209871
0.209872
0.209874
0.209877
0.209881
0.209995
0.209997
0.210004
0.210053
0.21007
0.210086
0.210072
0.210015
0.210009
0.209892
0.209883
0.209878
0.209875
0.209873
0.209871
0.20987
0.209639
0.20964
0.209641
0.209643
0.209645
0.209648
0.209654
0.209768
0.209772
0.209782
0.209835
0.20986
0.209884
0.209859
0.209796
0.209786
0.209666
0.209656
0.20965
0.209646
0.209643
0.209641
0.20964
0.209409
0.20941
0.209411
0.209413
0.209416
0.20942
0.209426
0.209541
0.209547
0.209559
0.209615
0.209644
0.209674
0.209644
0.209576
0.209563
0.20944
0.209429
0.209422
0.209417
0.209413
0.209411
0.209409
0.209178
0.209179
0.209181
0.209183
0.209187
0.209191
0.209198
0.209313
0.209321
0.209333
0.20939
0.209417
0.209451
0.209422
0.209353
0.209338
0.209213
0.209201
0.209193
0.209187
0.209183
0.209181
0.209179
0.208948
0.208949
0.208951
0.208954
0.208957
0.208962
0.208969
0.208973
0.209092
0.209102
0.209156
0.209173
0.124318
0.209184
0.209194
0.209127
0.209112
0.208986
0.208972
0.208964
0.208957
0.208953
0.20895
0.208948
0.208718
0.208719
0.208721
0.208724
0.208728
0.208732
0.208739
0.208741
0.208859
0.20887
0.208923
0.208906
0.183018
0.208948
0.208901
0.208898
0.208763
0.208755
0.208742
0.208734
0.208728
0.208723
0.208719
0.208717
0.208487
0.208489
0.208491
0.208494
0.208498
0.208502
0.208508
0.208511
0.208628
0.20864
0.208636
0.208671
0.184108
0.208658
0.20867
0.208668
0.208534
0.208526
0.208511
0.208503
0.208496
0.208491
0.208488
0.208485
0.208257
0.208258
0.208261
0.208264
0.208268
0.208272
0.208278
0.208281
0.208288
0.20841
0.208405
0.208131
0.195671
0.208423
0.208439
0.208438
0.208303
0.208295
0.20828
0.208272
0.208265
0.208259
0.208256
0.208253
0.208026
0.208028
0.20803
0.208034
0.208038
0.208041
0.208048
0.208052
0.208059
0.208062
0.208175
0.207742
0.195617
0.208189
0.208095
0.208084
0.208072
0.208064
0.208049
0.20804
0.208033
0.208027
0.208024
0.208021
0.207796
0.207798
0.2078
0.207803
0.207807
0.207811
0.207818
0.207823
0.20783
0.207833
0.207786
0.195655
0.201633
0.207848
0.207864
0.207853
0.207841
0.207833
0.207818
0.207809
0.207801
0.207796
0.207792
0.207788
0.207565
0.207567
0.20757
0.207573
0.207577
0.207581
0.207589
0.207593
0.2076
0.207603
0.207522
0.195451
0.201418
0.207614
0.207633
0.207622
0.20761
0.207602
0.207587
0.207577
0.207569
0.207563
0.20756
0.207556
0.207335
0.207337
0.207339
0.207343
0.207347
0.207351
0.207359
0.207364
0.207371
0.207373
0.20726
0.195244
0.201199
0.207379
0.207402
0.207392
0.207379
0.207371
0.207355
0.207345
0.207337
0.207331
0.207327
0.207323
0.207104
0.207106
0.207109
0.207113
0.207118
0.207122
0.20713
0.207135
0.207143
0.207144
0.206999
0.195034
0.200977
0.207145
0.207171
0.207161
0.207148
0.20714
0.207124
0.207113
0.207105
0.207099
0.207095
0.207091
0.206874
0.206876
0.206879
0.206883
0.206888
0.206892
0.206901
0.206906
0.206914
0.206914
0.20674
0.194822
0.200753
0.206911
0.20694
0.20693
0.206917
0.206908
0.206892
0.206881
0.206873
0.206867
0.206863
0.206858
0.206643
0.206646
0.206649
0.206653
0.206658
0.206663
0.206672
0.206677
0.206685
0.206685
0.206483
0.194609
0.200527
0.206676
0.206709
0.2067
0.206686
0.206677
0.206661
0.206649
0.206641
0.206634
0.20663
0.206625
0.206413
0.206415
0.206418
0.206423
0.206428
0.206433
0.206443
0.206448
0.206457
0.206455
0.206228
0.194395
0.200299
0.206442
0.206478
0.206469
0.206455
0.206446
0.206429
0.206417
0.206409
0.206402
0.206398
0.206393
0.206182
0.206185
0.206188
0.206193
0.206198
0.206204
0.206214
0.206219
0.206228
0.206226
0.20597
0.194181
0.200072
0.206208
0.206248
0.206239
0.206224
0.206215
0.206197
0.206186
0.206177
0.206169
0.206165
0.20616
0.205952
0.205955
0.205958
0.205962
0.205968
0.205974
0.205985
0.205991
0.206
0.205997
0.205711
0.193967
0.199847
0.205975
0.206018
0.206009
0.205993
0.205984
0.205966
0.205954
0.205945
0.205937
0.205933
0.205928
0.205722
0.205724
0.205728
0.205732
0.205738
0.205745
0.205755
0.205762
0.205771
0.205767
0.205453
0.193753
0.19962
0.205742
0.205788
0.205779
0.205763
0.205753
0.205735
0.205723
0.205713
0.205705
0.205701
0.205696
0.205491
0.205494
0.205498
0.205502
0.205509
0.205515
0.205526
0.205533
0.205543
0.205538
0.205195
0.193538
0.199394
0.205509
0.205557
0.205549
0.205532
0.205522
0.205504
0.205491
0.205481
0.205473
0.205468
0.205463
0.205261
0.205264
0.205267
0.205273
0.205279
0.205286
0.205298
0.205305
0.205315
0.205309
0.204939
0.193323
0.199166
0.205276
0.205327
0.205319
0.205302
0.205291
0.205272
0.205259
0.205249
0.205241
0.205236
0.205231
0.205031
0.205034
0.205037
0.205043
0.205049
0.205057
0.205069
0.205076
0.205087
0.205079
0.204684
0.193108
0.198938
0.205043
0.205097
0.205088
0.205071
0.205061
0.205041
0.205028
0.205017
0.205009
0.205004
0.204999
0.204801
0.204803
0.204807
0.204813
0.20482
0.204828
0.20484
0.204848
0.204859
0.20485
0.204429
0.192892
0.19871
0.20481
0.204867
0.204858
0.204841
0.20483
0.20481
0.204796
0.204785
0.204777
0.204772
0.204767
0.20457
0.204573
0.204577
0.204583
0.20459
0.204599
0.204612
0.20462
0.204631
0.20462
0.204174
0.192675
0.198481
0.204577
0.204637
0.204628
0.20461
0.204599
0.204578
0.204564
0.204553
0.204545
0.204539
0.204534
0.20434
0.204343
0.204347
0.204353
0.20436
0.20437
0.204383
0.204391
0.204403
0.20439
0.203919
0.192459
0.198253
0.204344
0.204407
0.204398
0.204379
0.204368
0.204347
0.204333
0.204321
0.204313
0.204307
0.204302
0.20411
0.204113
0.204117
0.204123
0.204131
0.204141
0.204155
0.204163
0.204175
0.204161
0.203665
0.192243
0.198024
0.204111
0.204177
0.204168
0.204149
0.204137
0.204116
0.204101
0.204089
0.20408
0.204074
0.204069
0.20388
0.203883
0.203887
0.203893
0.203902
0.203912
0.203926
0.203935
0.203947
0.203931
0.203409
0.192026
0.197796
0.203878
0.203947
0.203938
0.203918
0.203906
0.203884
0.203869
0.203857
0.203848
0.203842
0.203837
0.210308
0.210314
0.210507
0.210096
0.21011
0.210288
0.209887
0.209909
0.210085
0.209671
0.209701
0.209884
0.209446
0.20948
0.209674
0.209203
0.115194
0.121875
0.209245
0.209451
0.210535
0.210747
0.210536
0.210751
0.210326
0.210311
0.210511
0.210392
0.2105
0.210316
0.210336
0.210501
0.210107
0.210098
0.210284
0.210201
0.210124
0.210263
0.209924
0.210237
0.210111
0.210123
0.210282
0.20989
0.209887
0.210072
0.209992
0.209745
0.209863
0.206825
0.208529
0.209909
0.209913
0.210071
0.20967
0.209671
0.209861
0.20978
0.209614
0.209665
0.208534
0.207328
0.209701
0.2097
0.20986
0.208899
0.209124
0.20948
0.209481
0.209646
0.208756
0.208853
0.208965
0.138806
0.115472
0.164015
0.208995
0.209213
0.21028
0.210385
0.21039
0.210381
0.210252
0.210502
0.210395
0.21025
0.210384
0.210393
0.210382
0.210274
0.209888
0.210097
0.210175
0.209925
0.209296
0.210224
0.209959
0.208644
0.209907
0.210186
0.210036
0.209648
0.210263
0.210049
0.210211
0.209672
0.209734
0.209966
0.209055
0.209215
0.209267
0.20905
0.2073
0.206724
0.209985
0.209393
0.209383
0.209635
0.209408
0.21001
0.20901
0.20915
0.209228
0.208984
0.209113
0.208619
0.209781
0.20946
0.209532
0.209377
0.209451
0.209807
0.209223
0.209212
0.209164
0.209221
0.208863
0.208901
0.209524
0.209449
0.209592
0.209145
0.208872
0.209207
0.209155
0.208511
0.20874
0.210418
0.210399
0.210507
0.210418
0.210488
0.209447
0.209445
0.209643
0.20956
0.209473
0.209542
0.203697
0.201733
0.209245
0.209255
0.209425
0.210494
0.210426
0.210505
0.210396
0.210421
0.209551
0.209606
0.209753
0.145922
0.155732
0.18708
0.192363
0.156226
0.167921
0.201364
0.198075
0.209565
0.209437
0.209334
0.192999
0.196223
0.209318
0.209197
0.209364
0.21063
0.210618
0.210518
0.210516
0.210618
0.21063
0.210409
0.210436
0.210414
0.210493
0.210423
0.210451
0.21005
0.21011
0.207819
0.207904
0.208147
0.207979
0.208881
0.198092
0.20916
0.205265
0.203924
0.204147
0.205391
0.208815
0.209542
0.210336
0.207955
0.210081
0.207495
0.210318
0.210148
0.210421
0.210439
0.210403
0.20977
0.21032
0.210329
0.209579
0.209539
0.210138
0.210119
0.20919
0.209259
0.209729
0.210139
0.210179
0.210088
0.210126
0.209719
0.210174
0.210245
0.210285
0.210192
0.210231
0.210149
0.209131
0.209139
0.209107
0.209091
0.205488
0.205666
0.209258
0.209939
0.209976
0.20989
0.209926
0.209245
0.209547
0.210037
0.210075
0.209988
0.210025
0.209533
0.147138
0.20908
0.15969
0.148933
0.172232
0.160336
0.2091
0.208869
0.150198
0.208897
0.20898
0.208943
0.209405
0.20984
0.209877
0.209789
0.209827
0.209423
0.179325
0.185944
0.209197
0.182329
0.173048
0.190023
0.183347
0.209205
0.16904
0.178314
0.208887
0.201807
0.20391
0.198477
0.201401
0.208892
0.197298
0.195558
0.196662
0.133018
0.196593
0.195107
0.146851
0.20523
0.205388
0.210474
0.209217
0.209208
0.209416
0.209329
0.209287
0.209371
0.159971
0.207856
0.208164
0.210476
0.209379
0.209462
0.209531
0.14283
0.144809
0.102259
0.194702
0.19428
0.147024
0.150779
0.204419
0.205181
0.0877508
0.210555
0.21056
0.210504
0.210499
0.210559
0.210555
0.21019
0.210232
0.210191
0.209953
0.20995
0.210182
0.209785
0.210019
0.20998
0.210071
0.210032
0.209802
0.207305
0.208286
0.208351
0.207372
0.191644
0.189114
0.208801
0.205523
0.206416
0.20846
0.20836
0.137057
0.210454
0.210433
0.210499
0.21028
0.21011
0.209992
0.210339
0.210353
0.210396
0.210298
0.210339
0.210324
0.209973
0.210124
0.210085
0.210178
0.210138
0.210002
0.209772
0.203885
0.207527
0.201246
0.201856
0.209394
0.207885
0.208272
0.210035
0.208871
0.209497
0.209867
0.210135
0.21015
0.210039
0.210062
0.209679
0.209967
0.209929
0.209705
0.209095
0.199597
0.197575
0.209187
0.200364
0.201076
0.197232
0.197643
0.20905
0.206569
0.206144
0.209326
0.209909
0.209926
0.209825
0.209863
0.209333
0.2096
0.210009
0.210031
0.209932
0.20995
0.209468
0.209061
0.204307
0.205153
0.203455
0.202852
0.208781
0.209558
0.209738
0.209777
0.209685
0.209725
0.209553
0.209225
0.195135
0.190762
0.200086
0.198768
0.209223
0.162341
0.16423
0.209189
0.201516
0.20049
0.160007
0.161795
0.194812
0.192307
0.210447
0.210473
0.210457
0.189115
0.202963
0.190544
0.191891
0.191385
0.20271
0.210464
0.210452
0.210482
0.210438
0.210455
0.146995
0.150299
0.144598
0.143235
0.189622
0.152198
0.150582
0.156388
0.152664
0.190295
0.159165
0.16147
0.200108
0.199548
0.194611
0.162298
0.15844
0.151099
0.152996
0.210378
0.210405
0.210431
0.210368
0.210396
0.210365
0.209965
0.210169
0.207398
0.208201
0.208326
0.207434
0.198783
0.20532
0.204721
0.205956
0.205513
0.198648
0.20338
0.202887
0.204543
0.203692
0.204795
0.195811
0.197419
0.192973
0.195024
0.204596
0.187749
0.188556
0.208988
0.210272
0.21018
0.210364
0.210299
0.209257
0.209688
0.209516
0.210117
0.209761
0.210352
0.210407
0.210377
0.210328
0.210267
0.210256
0.210136
0.21029
0.210182
0.210314
0.210357
0.210209
0.210297
0.210354
0.210322
0.210269
0.202687
0.203336
0.209715
0.197481
0.194672
0.204521
0.198016
0.190572
0.187848
0.193809
0.191795
0.209429
0.202075
0.202526
0.207504
0.206805
0.20943
0.208091
0.206025
0.205301
0.206684
0.20621
0.210057
0.208362
0.208614
0.208947
0.209457
0.210101
0.210127
0.209799
0.20969
0.210069
0.210093
0.200122
0.199942
0.209107
0.183223
0.183395
0.171916
0.181833
0.182679
0.186014
0.183182
0.182672
0.199324
0.20013
0.209164
0.183348
0.180335
0.187229
0.184238
0.174367
0.171388
0.179122
0.175919
0.209061
0.198053
0.199
0.20604
0.205993
0.209888
0.209904
0.209308
0.209292
0.209868
0.209882
0.209982
0.210002
0.209588
0.209482
0.209956
0.209975
0.149577
0.153703
0.199835
0.201282
0.197917
0.199313
0.149963
0.167538
0.203164
0.200363
0.201667
0.202808
0.165008
0.191374
0.192228
0.187963
0.191046
0.154228
0.196014
0.197534
0.192703
0.195193
0.154462
0.203677
0.204118
0.209045
0.201406
0.202417
0.202651
0.201356
0.202461
0.208813
0.202538
0.203242
0.181939
0.141645
0.14282
0.149238
0.142312
0.182897
0.144833
0.172345
0.143328
0.173908
0.199977
0.206472
0.206095
0.206928
0.206599
0.200222
0.196058
0.196506
0.165149
0.167226
0.154566
0.159192
0.196533
0.195396
0.210542
0.210558
0.210731
0.209335
0.209224
0.209073
0.210522
0.210525
0.210489
0.210482
0.210523
0.210521
0.210628
0.210623
0.210522
0.210286
0.210245
0.21021
0.209934
0.209552
0.209494
0.206956
0.208447
0.209863
0.209824
0.209642
0.20536
0.205056
0.207337
0.205329
0.205724
0.209142
0.210327
0.210341
0.2103
0.20994
0.210059
0.210276
0.210367
0.210334
0.210362
0.210203
0.209409
0.209888
0.20872
0.209432
0.209359
0.209866
0.209871
0.20988
0.209659
0.210168
0.210183
0.210079
0.209696
0.209915
0.209877
0.20103
0.200212
0.209177
0.207223
0.205804
0.205651
0.206623
0.209378
0.209739
0.209745
0.209624
0.209854
0.209863
0.209751
0.209758
0.209426
0.208816
0.202328
0.201458
0.209351
0.209804
0.209815
0.209496
0.209631
0.209671
0.139487
0.139297
0.202583
0.201819
0.209181
0.139947
0.139703
0.206492
0.206653
0.20868
0.210426
0.210424
0.145109
0.144188
0.145395
0.154979
0.156761
0.141847
0.142964
0.152106
0.15049
0.166339
0.195634
0.195146
0.198563
0.165344
0.162945
0.195047
0.210567
0.210562
0.210504
0.210393
0.2104
0.210409
0.210419
0.210334
0.210348
0.21044
0.210467
0.210452
0.209843
0.209812
0.210006
0.21014
0.210048
0.209994
0.207626
0.207989
0.205815
0.205997
0.208248
0.207769
0.20491
0.205389
0.199361
0.199435
0.201492
0.201207
0.198085
0.199639
0.199864
0.209148
0.205898
0.206381
0.209339
0.208465
0.209655
0.209509
0.210258
0.210193
0.209943
0.205931
0.205372
0.209144
0.208116
0.20667
0.210431
0.210415
0.210378
0.210381
0.210317
0.210354
0.20995
0.210274
0.210311
0.208698
0.209137
0.210189
0.204621
0.203941
0.20912
0.209326
0.210231
0.210246
0.210216
0.210091
0.210199
0.210215
0.209167
0.200139
0.200104
0.205453
0.205777
0.209807
0.209815
0.20956
0.209514
0.209792
0.2098
0.148408
0.158852
0.176531
0.177496
0.165911
0.166698
0.14782
0.202914
0.202484
0.208843
0.154596
0.153124
0.162995
0.163011
0.151615
0.165036
0.165451
0.152218
0.152728
0.209785
0.209794
0.209352
0.209437
0.209765
0.209775
0.177788
0.201899
0.202383
0.200876
0.201384
0.17619
0.202757
0.206654
0.207016
0.206876
0.206771
0.203084
0.199092
0.202279
0.201872
0.196467
0.195811
0.19735
0.141347
0.143837
0.144123
0.141132
0.197582
0.170303
0.166605
0.173367
0.171187
0.194616
0.186047
0.186501
0.197855
0.199248
0.205688
0.210468
0.210476
0.210459
0.14268
0.143224
0.163462
0.162173
0.100543
0.149194
0.144706
0.144909
0.143079
0.143993
0.150262
0.0879968
0.194896
0.19641
0.21053
0.210526
0.210487
0.209664
0.209609
0.209943
0.209854
0.210008
0.210122
0.209948
0.209983
0.207148
0.208366
0.203412
0.203737
0.203691
0.203373
0.207347
0.204815
0.204637
0.191084
0.186957
0.186791
0.187641
0.187492
0.19037
0.210078
0.210192
0.210203
0.210163
0.210181
0.210043
0.208795
0.209762
0.209287
0.209118
0.209669
0.209888
0.209897
0.205887
0.205911
0.207025
0.206346
0.209727
0.209733
0.209351
0.209838
0.209846
0.209612
0.209448
0.209764
0.209771
0.203427
0.204642
0.204193
0.204953
0.204847
0.203272
0.139192
0.139365
0.140678
0.14023
0.160654
0.148791
0.148334
0.187421
0.18747
0.194041
0.188813
0.189856
0.186995
0.187741
0.193151
0.210442
0.210434
0.210437
0.210441
0.210466
0.210469
0.210479
0.21045
0.210457
0.210457
0.190237
0.1967
0.196294
0.197864
0.197256
0.190715
0.193014
0.194821
0.194027
0.195975
0.195562
0.19232
0.210459
0.210465
0.210455
0.210405
0.210377
0.210442
0.210431
0.145085
0.153448
0.146348
0.14651
0.144173
0.143702
0.162805
0.163811
0.151314
0.14166
0.14114
0.157624
0.144319
0.143631
0.144286
0.164082
0.147294
0.14394
0.196099
0.196868
0.200604
0.194134
0.194329
0.193647
0.19376
0.199013
0.194962
0.195303
0.151433
0.14122
0.14212
0.140639
0.140587
0.151984
0.210391
0.210399
0.21039
0.210339
0.210358
0.210381
0.209631
0.20998
0.20977
0.209718
0.209856
0.2099
0.209755
0.209808
0.207493
0.208077
0.204288
0.204453
0.203918
0.204106
0.208298
0.206072
0.206111
0.204547
0.204634
0.207571
0.204497
0.200139
0.199566
0.198347
0.200975
0.200673
0.203165
0.200144
0.200072
0.201045
0.200525
0.203024
0.204329
0.20155
0.20185
0.200412
0.201005
0.204034
0.199938
0.193647
0.19884
0.198406
0.187328
0.187733
0.208871
0.209785
0.20972
0.208726
0.209493
0.210032
0.209885
0.206833
0.206355
0.208579
0.208688
0.209577
0.20787
0.207356
0.210138
0.210222
0.210355
0.210284
0.210028
0.209709
0.210015
0.210233
0.210273
0.210289
0.210219
0.210243
0.210156
0.210056
0.210152
0.210327
0.210296
0.210273
0.210342
0.210309
0.210341
0.210231
0.210251
0.210202
0.210253
0.196798
0.195665
0.202686
0.194427
0.195431
0.192495
0.198513
0.189518
0.188609
0.193076
0.192466
0.207147
0.203906
0.204673
0.202426
0.203132
0.206945
0.209272
0.208043
0.208401
0.205108
0.207192
0.208898
0.203319
0.202154
0.205838
0.197747
0.198468
0.196543
0.197138
0.205628
0.206563
0.201279
0.201815
0.199296
0.200235
0.206394
0.20905
0.209403
0.183652
0.172207
0.173932
0.168561
0.170283
0.183594
0.174527
0.17475
0.174753
0.178415
0.183149
0.159585
0.161063
0.162639
0.159908
0.184255
0.182991
0.165632
0.167012
0.162933
0.164415
0.182827
0.182641
0.181764
0.18657
0.185307
0.173023
0.17188
0.17811
0.177292
0.205652
0.205882
0.209573
0.209822
0.20983
0.209778
0.209785
0.209497
0.149425
0.172966
0.175097
0.157188
0.147785
0.168178
0.170437
0.157975
0.156218
0.191632
0.172702
0.172726
0.189545
0.170433
0.166721
0.172615
0.172036
0.190515
0.16194
0.159884
0.162637
0.164297
0.15306
0.155009
0.158991
0.203884
0.206193
0.206036
0.206403
0.206301
0.204
0.201736
0.202196
0.202181
0.201306
0.201253
0.201667
0.202483
0.205234
0.205059
0.205792
0.2055
0.202767
0.141823
0.152672
0.153521
0.151525
0.152083
0.142284
0.146706
0.159305
0.16135
0.154929
0.156982
0.144175
0.144537
0.141433
0.141893
0.142704
0.14193
0.143927
0.149332
0.150747
0.143773
0.146586
0.143929
0.202894
0.202631
0.19966
0.195997
0.197027
0.14027
0.142001
0.15639
0.144209
0.141899
0.147684
0.146494
0.158024
0.141382
0.141156
0.186683
0.186831
0.211023
0.211022
0.211139
0.211021
0.21102
0.211138
0.21102
0.21102
0.211139
0.211022
0.211024
0.21114
0.210791
0.210789
0.210906
0.210786
0.210784
0.210963
0.210781
0.210778
0.21096
0.210778
0.210782
0.210961
0.210785
0.210789
0.210965
0.210793
0.210795
0.210909
0.210563
0.210557
0.21073
0.210553
0.210541
0.210723
0.210657
0.210655
0.21075
0.210647
0.210651
0.210746
0.210664
0.210668
0.210726
0.210563
0.210569
0.210681
0.210337
0.21033
0.2105
0.210438
0.210437
0.210494
0.210475
0.210473
0.210503
0.210426
0.210439
0.210524
0.21034
0.210348
0.210458
0.210115
0.21011
0.210275
0.210216
0.210216
0.21027
0.210254
0.210254
0.210281
0.210212
0.210222
0.210302
0.210125
0.21013
0.210239
0.209893
0.209891
0.210055
0.209998
0.21
0.210054
0.210044
0.210044
0.21007
0.21001
0.210015
0.210092
0.209913
0.209914
0.210022
0.209671
0.209671
0.209836
0.209781
0.209784
0.209839
0.209834
0.209835
0.209861
0.209807
0.209806
0.209885
0.209698
0.209696
0.209805
0.209446
0.209446
0.209615
0.209616
0.209616
0.209644
0.209592
0.209589
0.209671
0.209478
0.209475
0.209586
0.209219
0.209218
0.20939
0.209364
0.209368
0.209424
0.209252
0.209251
0.209364
0.208985
0.208979
0.209096
0.208981
0.208972
0.209147
0.209084
0.209011
0.209104
0.131837
0.202877
0.203405
0.209008
0.209024
0.209198
0.209018
0.209024
0.209138
0.208755
0.208749
0.208864
0.208751
0.208738
0.208913
0.20873
0.162741
0.162185
0.18389
0.208754
0.208935
0.208769
0.20879
0.208963
0.208785
0.208792
0.208908
0.20852
0.208512
0.208629
0.208337
0.183855
0.162881
0.195682
0.208395
0.208692
0.20854
0.208557
0.208673
0.210307
0.210334
0.210335
0.21034
0.210349
0.210306
0.210505
0.210476
0.210478
0.210096
0.210122
0.210123
0.210135
0.210134
0.210096
0.210292
0.210252
0.210262
0.209888
0.209914
0.209913
0.209935
0.209934
0.209896
0.210083
0.210046
0.21006
0.209672
0.209699
0.209699
0.209728
0.20973
0.209692
0.209884
0.209846
0.209858
0.209509
0.209503
0.209475
0.209666
0.209639
0.209647
0.209135
0.209258
0.209299
0.100382
0.15552
0.155485
0.17864
0.178826
0.0882948
0.209446
0.209418
0.209423
0.210523
0.210622
0.210626
0.210493
0.210493
0.210484
0.210747
0.210651
0.210647
0.210491
0.210493
0.210567
0.210565
0.210534
0.21075
0.210655
0.210658
0.210325
0.210381
0.210382
0.210395
0.210379
0.210324
0.210491
0.210435
0.210423
0.210407
0.210403
0.210376
0.210497
0.21048
0.210483
0.210329
0.210411
0.210398
0.21039
0.21039
0.210337
0.2105
0.210445
0.210445
0.210108
0.210162
0.210161
0.210177
0.210162
0.210109
0.21027
0.210216
0.210204
0.210201
0.210227
0.210228
0.210148
0.210185
0.210169
0.210275
0.210261
0.210246
0.210198
0.210153
0.210218
0.210118
0.210196
0.210187
0.210176
0.210178
0.210126
0.210283
0.210231
0.210229
0.209893
0.209947
0.209944
0.209967
0.209949
0.209896
0.210056
0.210003
0.209993
0.209992
0.210018
0.210018
0.209757
0.209934
0.209921
0.210017
0.210002
0.20984
0.209911
0.209989
0.209985
0.209966
0.209971
0.209919
0.210075
0.210023
0.210018
0.209674
0.209729
0.209726
0.209753
0.209733
0.209678
0.209842
0.209788
0.20978
0.209781
0.209808
0.209807
0.209635
0.209811
0.209771
0.209813
0.209801
0.209657
0.208452
0.206366
0.206603
0.209699
0.209779
0.20978
0.209754
0.20976
0.209707
0.209866
0.209814
0.209807
0.208896
0.206962
0.207223
0.208349
0.208388
0.209131
0.20948
0.209536
0.209565
0.209536
0.209543
0.209487
0.209652
0.209598
0.209591
0.208771
0.208081
0.208079
0.208051
0.208062
0.208841
0.208918
0.20898
0.209024
0.137502
0.208323
0.208192
0.194349
0.194329
0.116618
0.207759
0.207829
0.161128
0.209055
0.208728
0.208778
0.209016
0.208763
0.209122
0.210297
0.210304
0.21029
0.210398
0.210355
0.210342
0.210362
0.210362
0.210389
0.210366
0.210343
0.210381
0.210486
0.210483
0.210499
0.210391
0.210406
0.210409
0.210261
0.210233
0.21022
0.210383
0.210374
0.210377
0.210391
0.210364
0.210366
0.210368
0.210372
0.210386
0.210288
0.210301
0.210294
0.209915
0.21005
0.210033
0.210153
0.210136
0.210066
0.210149
0.210148
0.210175
0.209883
0.209489
0.209599
0.208238
0.208289
0.209327
0.209673
0.209727
0.209987
0.210186
0.210147
0.21016
0.210014
0.21009
0.210104
0.210227
0.21026
0.210274
0.210116
0.210126
0.210059
0.210236
0.210238
0.210199
0.209679
0.209836
0.209824
0.209909
0.209896
0.209724
0.20994
0.20994
0.209966
0.209069
0.207835
0.207794
0.208246
0.208204
0.209201
0.209239
0.208141
0.208188
0.207769
0.207757
0.209044
0.209983
0.209946
0.20996
0.20971
0.20971
0.209381
0.210035
0.210033
0.209996
0.209035
0.205423
0.204889
0.20755
0.207445
0.209135
0.209241
0.208332
0.20829
0.204723
0.204131
0.208957
0.209097
0.208238
0.208299
0.206864
0.207077
0.208693
0.209782
0.209743
0.209754
0.209476
0.209723
0.209734
0.209655
0.209667
0.209538
0.209367
0.209704
0.209707
0.209744
0.209755
0.209435
0.209833
0.209833
0.209795
0.209225
0.208307
0.208255
0.208529
0.208501
0.209217
0.209176
0.207741
0.207647
0.208198
0.208135
0.209217
0.208872
0.208017
0.208036
0.2073
0.207496
0.208901
0.209514
0.209631
0.209643
0.209576
0.209617
0.209485
0.20962
0.209613
0.209586
0.209108
0.20328
0.202793
0.201583
0.20284
0.209077
0.209202
0.208575
0.208553
0.208648
0.206664
0.206643
0.210417
0.210445
0.210447
0.210444
0.210456
0.210412
0.2105
0.210471
0.210459
0.210484
0.210474
0.210478
0.209531
0.209511
0.209454
0.209623
0.209567
0.209559
0.20956
0.209588
0.209588
0.209504
0.209577
0.20955
0.209632
0.209605
0.209514
0.203455
0.200865
0.201249
0.198387
0.198962
0.202097
0.209253
0.209311
0.209335
0.210484
0.210481
0.210491
0.210413
0.210428
0.210436
0.210456
0.21047
0.210516
0.21041
0.210455
0.210441
0.210449
0.210447
0.210419
0.209576
0.209703
0.209659
0.209757
0.209717
0.209584
0.209726
0.209727
0.209754
0.188043
0.176502
0.175483
0.181828
0.180788
0.191662
0.201001
0.197365
0.197832
0.209558
0.209531
0.209537
0.209395
0.209521
0.209562
0.209462
0.209506
0.20938
0.193606
0.18385
0.182868
0.188049
0.187401
0.195842
0.209267
0.209406
0.209434
0.209348
0.209377
0.20925
0.209394
0.209389
0.20936
0.210632
0.210579
0.210575
0.210585
0.210582
0.210634
0.210509
0.210564
0.210568
0.210533
0.210531
0.210514
0.210634
0.210581
0.210584
0.210575
0.210578
0.210631
0.210438
0.210412
0.210422
0.210462
0.210475
0.210493
0.210428
0.210437
0.210432
0.210467
0.210464
0.210448
0.206499
0.206853
0.208889
0.209158
0.208559
0.208585
0.205128
0.203306
0.203524
0.201607
0.20192
0.204129
0.204769
0.207049
0.206968
0.207182
0.20712
0.204937
0.208829
0.208071
0.208077
0.210274
0.210328
0.210352
0.210298
0.210102
0.210245
0.210207
0.210325
0.210294
0.210429
0.210419
0.210408
0.210424
0.210421
0.210436
0.210308
0.210297
0.210311
0.210337
0.210328
0.210318
0.208718
0.208794
0.20962
0.209502
0.208586
0.20865
0.21
0.210038
0.210156
0.210099
0.209927
0.209963
0.209944
0.209957
0.209742
0.210152
0.210142
0.210128
0.21017
0.210156
0.210166
0.210101
0.210088
0.210074
0.210115
0.210101
0.210113
0.20971
0.209925
0.209934
0.210207
0.210218
0.210191
0.210258
0.210253
0.210239
0.21028
0.210266
0.210271
0.210205
0.210198
0.210184
0.210225
0.210212
0.210218
0.210124
0.21018
0.210194
0.208025
0.208006
0.209124
0.209148
0.208064
0.208044
0.207895
0.207931
0.209124
0.20908
0.207833
0.207862
0.209704
0.20971
0.209274
0.209951
0.209936
0.209924
0.209961
0.209948
0.209963
0.209902
0.209888
0.209876
0.209912
0.2099
0.209914
0.209241
0.209698
0.2097
0.21005
0.210035
0.210023
0.210061
0.210048
0.210062
0.21
0.209985
0.209973
0.21001
0.209998
0.210013
0.207076
0.205607
0.20906
0.171202
0.185939
0.187005
0.178311
0.179209
0.161226
0.209118
0.207325
0.207201
0.208927
0.203871
0.203098
0.207835
0.207921
0.209009
0.208897
0.20759
0.20772
0.209696
0.209694
0.209383
0.209852
0.20984
0.209828
0.209864
0.209852
0.209865
0.209802
0.209791
0.209779
0.209816
0.209804
0.209815
0.209435
0.209695
0.209696
0.180211
0.166509
0.165631
0.174241
0.172759
0.184968
0.207918
0.207832
0.209187
0.181063
0.193516
0.194295
0.187866
0.18875
0.173883
0.187164
0.203583
0.203932
0.202809
0.203203
0.186133
0.209211
0.208067
0.207995
0.170004
0.153697
0.152988
0.164555
0.163028
0.177072
0.207967
0.207993
0.20888
0.20213
0.204368
0.204146
0.20566
0.205503
0.203661
0.203891
0.203617
0.200946
0.208896
0.207897
0.207935
0.195982
0.176081
0.174028
0.178511
0.176863
0.19638
0.196946
0.189348
0.188705
0.205126
0.199627
0.200454
0.203729
0.203924
0.205499
0.20927
0.209281
0.209221
0.209397
0.209339
0.209329
0.209315
0.20935
0.209321
0.209408
0.209379
0.209343
0.199651
0.199474
0.158601
0.207893
0.20632
0.20631
0.206365
0.206361
0.207967
0.209416
0.209465
0.209437
0.209522
0.209494
0.209428
0.209503
0.209503
0.209532
0.135427
0.130306
0.100968
0.194322
0.178667
0.174909
0.178939
0.178744
0.194243
0.204962
0.197023
0.19586
0.200255
0.201595
0.205183
0.0877212
0.148072
0.162081
0.210557
0.210536
0.210534
0.210541
0.21054
0.21056
0.210495
0.21053
0.210523
0.21051
0.210508
0.210496
0.210559
0.210537
0.21054
0.210533
0.210534
0.210556
0.210216
0.210201
0.21017
0.210218
0.210213
0.210226
0.210185
0.210199
0.210205
0.210198
0.21012
0.210098
0.20996
0.209947
0.209771
0.210006
0.209993
0.210006
0.209967
0.20998
0.209993
0.210058
0.210045
0.210059
0.210019
0.210032
0.210045
0.20982
0.209987
0.209973
0.206149
0.206218
0.208388
0.20808
0.208081
0.208786
0.206232
0.20728
0.207235
0.207352
0.207319
0.206329
0.208429
0.203832
0.201631
0.203727
0.203797
0.208396
0.136596
0.186188
0.185698
0.210451
0.210467
0.21047
0.21046
0.210463
0.210447
0.210496
0.210479
0.21047
0.210254
0.210243
0.21027
0.210344
0.210358
0.210354
0.210367
0.210363
0.210349
0.210391
0.210377
0.210382
0.210312
0.210307
0.210293
0.210335
0.210321
0.210326
0.210309
0.210316
0.21033
0.210084
0.210067
0.209943
0.210111
0.2101
0.210114
0.210072
0.210086
0.210098
0.210165
0.210157
0.210171
0.210128
0.210142
0.210151
0.210033
0.210118
0.210101
0.20915
0.209328
0.209831
0.204997
0.208057
0.207536
0.208905
0.208592
0.20667
0.201432
0.20604
0.205954
0.20623
0.206132
0.201637
0.20936
0.208345
0.208403
0.208061
0.209165
0.209067
0.209301
0.209238
0.208176
0.210011
0.209771
0.209812
0.210033
0.210068
0.209967
0.210143
0.210136
0.210119
0.210046
0.209997
0.209989
0.210014
0.210006
0.210054
0.209954
0.209941
0.209954
0.209915
0.209928
0.209941
0.209714
0.209884
0.209872
0.207926
0.207882
0.209082
0.198977
0.205262
0.205423
0.20492
0.205078
0.198218
0.208048
0.208093
0.209212
0.200622
0.205699
0.205609
0.205874
0.20579
0.200886
0.19715
0.204785
0.204822
0.204841
0.20479
0.197301
0.209049
0.207759
0.207767
0.209915
0.209858
0.209853
0.20987
0.209864
0.209921
0.209813
0.209811
0.209859
0.209365
0.209708
0.209705
0.210017
0.209964
0.209956
0.20998
0.209972
0.210024
0.209938
0.209882
0.209876
0.209894
0.209888
0.209944
0.208102
0.208171
0.209081
0.204586
0.206682
0.206528
0.206983
0.20684
0.204894
0.208747
0.20721
0.207291
0.209701
0.209712
0.209563
0.209751
0.209742
0.209729
0.209767
0.209754
0.209764
0.209698
0.209691
0.209678
0.209717
0.209704
0.209712
0.209546
0.209678
0.20969
0.208397
0.208354
0.209225
0.193322
0.204805
0.205055
0.204248
0.204537
0.192696
0.199662
0.205658
0.20583
0.205275
0.205475
0.199228
0.20922
0.20847
0.208435
0.162898
0.150412
0.15001
0.151567
0.150887
0.163502
0.20861
0.208593
0.209196
0.201197
0.20626
0.206378
0.205988
0.20613
0.200858
0.149618
0.149215
0.161237
0.210467
0.210463
0.210453
0.200157
0.200492
0.203208
0.202428
0.19946
0.199835
0.21046
0.21047
0.210474
0.210487
0.210476
0.210471
0.210445
0.210439
0.210449
0.178188
0.177374
0.188861
0.151792
0.164591
0.165294
0.154588
0.168043
0.169442
0.166027
0.166909
0.153377
0.191006
0.179847
0.178983
0.185454
0.184706
0.194138
0.161469
0.173412
0.1743
0.170931
0.172301
0.160232
0.210413
0.210407
0.210399
0.210426
0.210416
0.210422
0.210377
0.210366
0.210355
0.210389
0.210377
0.210387
0.210084
0.21007
0.210156
0.20511
0.202709
0.203096
0.202076
0.202349
0.204904
0.205817
0.203885
0.2041
0.203429
0.203677
0.205674
0.202796
0.203066
0.204973
0.196488
0.200474
0.200083
0.201107
0.200808
0.196993
0.199658
0.19924
0.194274
0.204371
0.202215
0.20251
0.210245
0.210087
0.21013
0.209976
0.210044
0.210217
0.210348
0.210303
0.210333
0.210183
0.210247
0.210326
0.209631
0.208771
0.208857
0.209995
0.209444
0.20982
0.208974
0.209163
0.209864
0.210384
0.210357
0.210273
0.210398
0.210387
0.210401
0.210354
0.210371
0.210388
0.2103
0.210282
0.210267
0.210347
0.210338
0.210345
0.210301
0.210324
0.210337
0.2103
0.210312
0.210283
0.202864
0.206822
0.206704
0.207184
0.20697
0.203067
0.209665
0.208885
0.208999
0.208464
0.208524
0.209465
0.202235
0.20642
0.206329
0.206602
0.206508
0.202376
0.209851
0.209889
0.210078
0.20845
0.20942
0.209361
0.209536
0.209478
0.208535
0.210109
0.210073
0.210062
0.210101
0.210086
0.210118
0.209762
0.209974
0.209999
0.209906
0.209916
0.209701
0.210077
0.210033
0.210023
0.210052
0.210042
0.210085
0.200128
0.205641
0.205672
0.205535
0.2056
0.200084
0.209115
0.207986
0.207961
0.19966
0.205361
0.205268
0.205525
0.205445
0.199914
0.209144
0.207968
0.208007
0.207785
0.207807
0.209067
0.198425
0.205012
0.204925
0.205177
0.205093
0.198706
0.209893
0.209837
0.209832
0.209847
0.209842
0.209898
0.209291
0.209715
0.209721
0.209701
0.209698
0.209257
0.209872
0.209819
0.209816
0.209827
0.209823
0.209877
0.209989
0.209934
0.209927
0.209949
0.209941
0.209995
0.209963
0.209907
0.2099
0.20992
0.209913
0.209969
0.200324
0.190068
0.18894
0.191704
0.190976
0.200836
0.198329
0.185534
0.184825
0.187682
0.186491
0.198796
0.183196
0.184527
0.169696
0.203491
0.196005
0.195273
0.202055
0.193002
0.192345
0.194495
0.193714
0.202422
0.162744
0.180345
0.181734
0.173002
0.172731
0.191895
0.196652
0.182868
0.181595
0.184249
0.18366
0.197133
0.193393
0.175104
0.173698
0.179626
0.177246
0.194266
0.209028
0.207983
0.20804
0.207365
0.207465
0.208855
0.168372
0.167373
0.181058
0.183931
0.171149
0.169627
0.156145
0.154623
0.171048
0.175559
0.160861
0.158364
0.206359
0.204799
0.204984
0.204338
0.204579
0.206233
0.206826
0.205491
0.205661
0.205152
0.20532
0.206718
0.20053
0.203354
0.203118
0.16625
0.154126
0.152635
0.155656
0.155619
0.167295
0.196328
0.191511
0.191489
0.190486
0.191017
0.195886
0.210552
0.21061
0.210634
0.210615
0.210613
0.210555
0.209187
0.209286
0.209317
0.209217
0.209254
0.209137
0.210523
0.21051
0.210509
0.210514
0.210513
0.210525
0.210485
0.2105
0.210502
0.210496
0.210491
0.210483
0.210522
0.210509
0.21051
0.210507
0.210507
0.210521
0.21059
0.210592
0.210624
0.210531
0.210562
0.210573
0.210228
0.210246
0.210231
0.209649
0.209789
0.209777
0.205456
0.207179
0.207092
0.207343
0.207258
0.205578
0.209136
0.208422
0.208458
0.210332
0.210318
0.210312
0.209981
0.210163
0.210137
0.210211
0.210187
0.21002
0.210356
0.210365
0.210374
0.210347
0.210356
0.210345
0.210369
0.210365
0.210356
0.210159
0.210195
0.210215
0.209669
0.210012
0.209928
0.210107
0.210068
0.209811
0.210069
0.210135
0.210145
0.20986
0.209848
0.209687
0.209903
0.20989
0.209903
0.209864
0.209877
0.209889
0.200642
0.206027
0.206144
0.205862
0.205931
0.200367
0.209189
0.208167
0.208136
0.202126
0.206521
0.206627
0.206271
0.20639
0.201838
0.209696
0.209699
0.209358
0.209606
0.209618
0.209506
0.209665
0.209652
0.209658
0.202352
0.206678
0.20676
0.206488
0.206588
0.202099
0.209173
0.208635
0.208624
0.206559
0.207401
0.207379
0.207425
0.207417
0.206614
0.16434
0.176574
0.177441
0.175064
0.175798
0.163579
0.195454
0.186768
0.186126
0.210566
0.210549
0.21055
0.210544
0.210546
0.210564
0.21051
0.210528
0.210525
0.210449
0.210445
0.210435
0.210465
0.210455
0.210458
0.210442
0.210447
0.210457
0.208494
0.208528
0.209154
0.20608
0.207524
0.207433
0.207679
0.207607
0.206246
0.210412
0.210421
0.210423
0.210394
0.210409
0.210398
0.208798
0.20966
0.209595
0.209829
0.209737
0.208934
0.210173
0.210078
0.210119
0.210204
0.210228
0.210237
0.210156
0.210167
0.210105
0.208109
0.208086
0.209157
0.200105
0.205769
0.20581
0.205702
0.205734
0.200096
0.202757
0.206882
0.206972
0.206719
0.206804
0.202621
0.209364
0.209694
0.209693
0.20969
0.209693
0.209439
0.19156
0.192609
0.17951
0.174865
0.189554
0.190586
0.204889
0.204633
0.202433
0.20582
0.205963
0.207093
0.203391
0.205324
0.205118
0.190533
0.189966
0.197283
0.169243
0.1803
0.181138
0.178394
0.179367
0.167967
0.172676
0.183804
0.184537
0.182155
0.183025
0.171959
0.198329
0.201687
0.201396
0.202238
0.201972
0.198808
0.2056
0.204107
0.204275
0.161662
0.14841
0.151085
0.14832
0.148186
0.16176
0.10069
0.129139
0.128725
0.139872
0.142871
0.0878323
0.196563
0.182295
0.17484
0.189947
0.18723
0.196427
0.21053
0.210519
0.21052
0.210514
0.210516
0.210527
0.210492
0.210504
0.210501
0.211256
0.211256
0.211372
0.211255
0.211255
0.211371
0.211255
0.211255
0.211372
0.211256
0.211256
0.211372
0.211025
0.211025
0.211141
0.211025
0.211025
0.211141
0.210793
0.210793
0.210909
0.210902
0.210902
0.210961
0.210901
0.2109
0.21096
0.210796
0.210796
0.210911
0.210563
0.210564
0.210678
0.210669
0.210668
0.210727
0.210714
0.210714
0.210746
0.210569
0.210569
0.210682
0.210336
0.210337
0.21045
0.210483
0.210487
0.210516
0.210345
0.210344
0.210456
0.21011
0.210112
0.210224
0.210264
0.210267
0.210294
0.210125
0.210121
0.210232
0.209885
0.209889
0.21
0.210061
0.210062
0.210087
0.209906
0.2099
0.210011
0.20966
0.209665
0.209777
0.209858
0.209858
0.209884
0.209686
0.209679
0.20979
0.209434
0.20944
0.209553
0.209559
0.209563
0.209619
0.209647
0.209647
0.209674
0.209465
0.209456
0.209568
0.209207
0.209213
0.209327
0.209333
0.209337
0.209394
0.209388
0.209387
0.209417
0.20924
0.209231
0.209344
0.208976
0.208981
0.209098
0.209097
0.2091
0.209158
0.126854
0.178549
0.178429
0.209126
0.209136
0.209194
0.209014
0.209004
0.209118
0.208743
0.20875
0.208865
0.208848
0.208781
0.208852
0.183369
0.206917
0.20698
0.208888
0.208901
0.20896
0.208783
0.208772
0.208887
0.208525
0.208519
0.208634
0.208555
0.208562
0.208677
0.20829
0.208279
0.208396
0.207927
0.183789
0.183824
0.195647
0.208149
0.208272
0.208306
0.208324
0.208441
0.209446
0.209474
0.209474
0.209276
0.20927
0.209239
0.210533
0.210563
0.210565
0.210747
0.210714
0.210714
0.210339
0.210342
0.210315
0.21032
0.210347
0.210343
0.210124
0.210126
0.2101
0.210287
0.21026
0.210257
0.210113
0.210138
0.210136
0.209914
0.209914
0.209888
0.210073
0.210047
0.210045
0.20991
0.209935
0.209935
0.20986
0.209834
0.209834
0.209621
0.209742
0.20973
0.209701
0.209728
0.209728
0.155263
0.154938
0.115771
0.209207
0.209176
0.209183
0.210389
0.210375
0.210371
0.21028
0.210287
0.210284
0.210251
0.210264
0.210272
0.209468
0.209673
0.209675
0.209678
0.209679
0.209442
0.209554
0.209567
0.209462
0.209135
0.208661
0.208658
0.208653
0.208645
0.209164
0.208075
0.208069
0.208723
0.210414
0.210418
0.210404
0.21051
0.210494
0.210491
0.20945
0.209507
0.209503
0.209484
0.209541
0.209528
0.209619
0.209607
0.209533
0.209312
0.209317
0.209259
0.209431
0.209374
0.209369
0.210489
0.210493
0.210509
0.210401
0.210415
0.210411
0.20956
0.209644
0.209632
0.209718
0.209706
0.209599
0.209423
0.209526
0.20954
0.20944
0.209455
0.20935
0.209301
0.20941
0.209425
0.21063
0.210613
0.210613
0.210516
0.210533
0.210535
0.210613
0.210613
0.21063
0.210483
0.210487
0.210496
0.204374
0.205933
0.205805
0.206486
0.206414
0.205248
0.189173
0.198252
0.198696
0.194946
0.195542
0.184259
0.20922
0.209279
0.209276
0.209329
0.209358
0.209359
0.210502
0.210512
0.210513
0.205644
0.206612
0.206553
0.210442
0.210447
0.210438
0.2105
0.210491
0.210489
0.194559
0.201092
0.201365
0.199105
0.199473
0.191437
0.21073
0.210671
0.210673
0.20933
0.2093
0.209305
0.210627
0.210596
0.210597
0.210525
0.210541
0.210539
0.210272
0.210268
0.210282
0.21024
0.210254
0.210259
0.20985
0.209839
0.209852
0.209813
0.209826
0.209837
0.210327
0.210324
0.210338
0.210296
0.21031
0.210314
0.209644
0.209638
0.209625
0.208703
0.20806
0.208047
0.210506
0.210516
0.210515
0.210844
0.210845
0.210784
0.21078
0.210841
0.210842
0.21084
0.21084
0.210778
0.210961
0.210901
0.2109
0.210777
0.210839
0.21084
0.210842
0.210841
0.210781
0.210961
0.210901
0.210902
0.210785
0.210844
0.210845
0.210551
0.210609
0.21061
0.210632
0.210606
0.210548
0.210724
0.210665
0.210663
0.210687
0.210686
0.210655
0.210648
0.210681
0.210681
0.210683
0.210682
0.21065
0.210746
0.210714
0.210715
0.21043
0.210458
0.210454
0.210215
0.210241
0.210238
0.210011
0.210037
0.210036
0.209807
0.209833
0.209832
0.209592
0.20962
0.20962
0.20903
0.209043
0.208984
0.20916
0.209101
0.209089
0.209042
0.209099
0.20907
0.209159
0.209129
0.209073
0.179621
0.179084
0.129294
0.202788
0.195287
0.195567
0.195395
0.195293
0.202848
0.20902
0.209078
0.209067
0.209081
0.209086
0.209028
0.209202
0.209144
0.20914
0.208926
0.208868
0.208855
0.20863
0.208706
0.208789
0.162582
0.204656
0.204356
0.205329
0.204984
0.162399
0.206778
0.206849
0.183651
0.208814
0.208593
0.208531
0.208717
0.208655
0.208874
0.21031
0.210323
0.21032
0.210121
0.210127
0.210139
0.210101
0.210114
0.210108
0.210279
0.210283
0.210296
0.210256
0.21027
0.210265
0.209921
0.209926
0.209938
0.209901
0.209913
0.209909
0.210071
0.210076
0.210089
0.210051
0.210064
0.210058
0.209871
0.209876
0.209888
0.20985
0.209862
0.209859
0.209175
0.209222
0.209189
0.209291
0.209259
0.209227
0.209269
0.209268
0.209299
0.128346
0.128085
0.100534
0.0927475
0.140067
0.139064
0.210574
0.21056
0.21053
0.210623
0.210592
0.210591
0.210595
0.210594
0.210626
0.210716
0.210715
0.210747
0.210651
0.210683
0.210684
0.210682
0.210682
0.210649
0.210719
0.210719
0.21075
0.210656
0.210688
0.210687
0.210689
0.210689
0.210658
0.210398
0.21037
0.210367
0.210452
0.210455
0.210427
0.210394
0.210399
0.210407
0.210383
0.210391
0.210385
0.21037
0.210375
0.210402
0.21018
0.210153
0.210151
0.21023
0.210233
0.210206
0.210161
0.210164
0.210189
0.209967
0.209941
0.20994
0.210019
0.210021
0.209994
0.20996
0.209961
0.209986
0.209752
0.209725
0.209726
0.209807
0.209806
0.20978
0.209766
0.209754
0.209628
0.209798
0.209787
0.2098
0.209761
0.209774
0.209784
0.209754
0.209754
0.20978
0.207058
0.208044
0.207999
0.208117
0.208082
0.207143
0.185183
0.184694
0.137923
0.208283
0.203476
0.203618
0.19438
0.179016
0.179029
0.178691
0.178906
0.194377
0.116106
0.15457
0.154248
0.206313
0.206314
0.207806
0.162137
0.199919
0.1998
0.208921
0.209142
0.20918
0.209045
0.209095
0.208825
0.210352
0.210366
0.210369
0.210356
0.210361
0.210346
0.210357
0.210367
0.210358
0.210383
0.210375
0.21037
0.210173
0.210178
0.210191
0.210152
0.210165
0.21016
0.210246
0.210255
0.210239
0.210225
0.21023
0.210243
0.210204
0.210217
0.210212
0.209971
0.209976
0.209988
0.209951
0.209963
0.209959
0.210021
0.210026
0.210038
0.210001
0.210013
0.210008
0.205238
0.207909
0.207976
0.207772
0.207842
0.20506
0.204549
0.207631
0.207704
0.207464
0.207552
0.204356
0.209769
0.209773
0.209785
0.209666
0.209669
0.209474
0.209436
0.209682
0.209685
0.209821
0.209824
0.209837
0.209799
0.209811
0.209808
0.207372
0.208176
0.208148
0.20822
0.2082
0.207438
0.209589
0.209585
0.209571
0.209612
0.209598
0.209604
0.209473
0.20958
0.209593
0.208654
0.208662
0.209122
0.203157
0.20695
0.206981
0.206832
0.206896
0.202985
0.201562
0.205934
0.20593
0.206858
0.206199
0.201886
0.208024
0.207979
0.208591
0.206643
0.20739
0.20742
0.207369
0.207373
0.206641
0.210448
0.210433
0.210429
0.210475
0.210479
0.210463
0.209567
0.209555
0.209494
0.209524
0.209593
0.209581
0.210461
0.210477
0.210472
0.210425
0.210421
0.210406
0.210451
0.210436
0.21044
0.210426
0.21043
0.210446
0.20967
0.209658
0.209568
0.209591
0.209694
0.209682
0.209499
0.209513
0.209409
0.209365
0.20947
0.209484
0.210615
0.210615
0.210632
0.210579
0.210597
0.210597
0.210594
0.210595
0.210576
0.2106
0.2106
0.210583
0.210527
0.21053
0.210512
0.210565
0.210548
0.210546
0.210551
0.21055
0.210568
0.210617
0.210617
0.210634
0.210582
0.210599
0.210599
0.210601
0.210601
0.210584
0.210575
0.210594
0.210594
0.210596
0.210596
0.210578
0.210631
0.210614
0.210614
0.210429
0.210432
0.21044
0.210416
0.210424
0.21042
0.210467
0.210477
0.210473
0.206616
0.207824
0.207753
0.207948
0.207887
0.206735
0.206154
0.206052
0.204582
0.205096
0.206333
0.206249
0.210295
0.210326
0.210314
0.210348
0.210338
0.210312
0.210151
0.210258
0.210235
0.210299
0.21028
0.210203
0.208041
0.208102
0.20578
0.203593
0.20726
0.207367
0.207056
0.207161
0.20333
0.197207
0.197751
0.188202
0.185159
0.19609
0.19666
0.175356
0.186396
0.187022
0.185178
0.185833
0.174693
0.178485
0.188651
0.188738
0.187575
0.188175
0.17771
0.199968
0.202823
0.202548
0.203179
0.203046
0.200273
0.205942
0.207277
0.207356
0.185403
0.183857
0.173292
0.200244
0.202968
0.202982
0.210536
0.210547
0.210547
0.210545
0.210545
0.210534
0.210507
0.210509
0.210498
0.21053
0.21052
0.210519
0.210538
0.210548
0.210548
0.210533
0.210544
0.210545
0.210545
0.210545
0.210534
0.205947
0.205958
0.201667
0.210464
0.210456
0.210451
0.210479
0.210482
0.210473
0.200476
0.200792
0.193953
0.192071
0.199821
0.200155
0.211487
0.211487
0.211603
0.211487
0.211487
0.211603
0.211487
0.211487
0.211603
0.211488
0.211487
0.211603
0.211257
0.211257
0.211372
0.211257
0.211256
0.211372
0.211025
0.211026
0.211142
0.211026
0.211026
0.211141
0.210904
0.210904
0.210963
0.210677
0.210678
0.210735
0.21045
0.210451
0.210507
0.210231
0.210232
0.210286
0.210019
0.210017
0.210071
0.209806
0.209802
0.209856
0.209589
0.209582
0.209636
0.209422
0.209419
0.209447
0.209365
0.209357
0.209412
0.209143
0.209142
0.209172
0.208866
0.208868
0.208926
0.208514
0.208521
0.208636
0.208553
0.20854
0.208656
0.208295
0.208289
0.208404
0.208323
0.208331
0.208446
0.20806
0.208044
0.208162
0.207571
0.183754
0.183741
0.195611
0.207898
0.208025
0.208072
0.208091
0.208207
0.209202
0.209234
0.209236
0.210514
0.210484
0.210481
0.209698
0.209697
0.20967
0.209477
0.209505
0.209508
0.138321
0.184258
0.183903
0.200079
0.20001
0.163044
0.208093
0.208109
0.208889
0.208539
0.207946
0.20793
0.209474
0.209472
0.209444
0.209641
0.209614
0.209615
0.209317
0.209332
0.209215
0.209392
0.209432
0.209418
0.209514
0.209501
0.209451
0.210545
0.210575
0.210573
0.211021
0.21108
0.21108
0.211079
0.211079
0.21102
0.21102
0.211079
0.211079
0.21108
0.21108
0.21102
0.210787
0.210846
0.210846
0.210963
0.210904
0.210904
0.210809
0.210809
0.210778
0.210778
0.210809
0.210809
0.210847
0.210847
0.210788
0.210615
0.210615
0.210558
0.210571
0.210573
0.210543
0.210657
0.210688
0.210688
0.21075
0.210718
0.210719
0.210564
0.210621
0.21062
0.210386
0.210387
0.210331
0.210501
0.210444
0.210443
0.210341
0.210396
0.210395
0.210164
0.210164
0.210109
0.210275
0.21022
0.210219
0.210249
0.210246
0.21022
0.210299
0.210272
0.210275
0.210124
0.210178
0.210178
0.209946
0.209944
0.209889
0.210054
0.209999
0.21
0.210041
0.210039
0.210014
0.21009
0.210065
0.210067
0.20991
0.209963
0.209966
0.209726
0.209722
0.209666
0.209833
0.209778
0.209781
0.209832
0.209834
0.209807
0.209886
0.20986
0.209859
0.209692
0.209747
0.209752
0.20961
0.209554
0.209559
0.20947
0.209525
0.209534
0.209361
0.209389
0.209393
0.208984
0.209042
0.209039
0.209083
0.209113
0.209113
0.208797
0.20881
0.208752
0.208782
0.208841
0.208829
0.210335
0.210337
0.21035
0.209717
0.20972
0.209733
0.21054
0.210542
0.210526
0.210356
0.210353
0.210326
0.210408
0.210381
0.210383
0.210144
0.210142
0.210116
0.210193
0.210168
0.21017
0.209937
0.209937
0.209911
0.209988
0.209963
0.209963
0.209725
0.209728
0.209701
0.209781
0.209754
0.209753
0.209537
0.209535
0.209563
0.209039
0.209009
0.208949
0.203103
0.203311
0.20824
0.207782
0.206309
0.206303
0.208697
0.208978
0.209009
0.209152
0.209144
0.20911
0.210384
0.21038
0.210395
0.209746
0.209759
0.209756
0.208951
0.208253
0.208588
0.210441
0.21044
0.210455
0.21041
0.210425
0.210427
0.209529
0.209501
0.209503
0.209587
0.209585
0.209558
0.210485
0.210483
0.210467
0.210515
0.210499
0.2105
0.20969
0.209682
0.209695
0.209744
0.209735
0.209748
0.209709
0.209722
0.20973
0.209534
0.20953
0.209516
0.209557
0.209543
0.209549
0.209502
0.209487
0.209493
0.209379
0.209394
0.209285
0.209232
0.209348
0.209363
0.210585
0.210602
0.210602
0.210634
0.210617
0.210617
0.20946
0.209446
0.209404
0.209439
0.209487
0.209474
0.210603
0.210605
0.210635
0.210556
0.210558
0.210574
0.210778
0.210809
0.210809
0.210808
0.210808
0.210777
0.210632
0.210602
0.210601
0.210575
0.210558
0.210557
0.211488
0.211488
0.211603
0.211488
0.211488
0.211603
0.211257
0.211256
0.211372
0.211026
0.211026
0.211141
0.210794
0.210794
0.210909
0.210905
0.210906
0.210965
0.210797
0.210797
0.210911
0.210564
0.210565
0.210679
0.210719
0.210719
0.210751
0.210569
0.210569
0.210682
0.210336
0.210337
0.21045
0.210344
0.210342
0.210455
0.210108
0.21011
0.210223
0.21012
0.210117
0.21023
0.209881
0.209884
0.209997
0.209897
0.209893
0.210005
0.209655
0.209658
0.209771
0.209675
0.209668
0.209781
0.209427
0.209432
0.209545
0.209451
0.209443
0.209555
0.209199
0.209205
0.209319
0.209225
0.209216
0.209329
0.209137
0.209128
0.209184
0.208998
0.208988
0.209102
0.208612
0.208468
0.208552
0.18436
0.206626
0.206704
0.208322
0.208308
0.208424
0.210751
0.21072
0.21072
0.209243
0.209272
0.209275
0.209414
0.209386
0.209387
0.211081
0.211081
0.211022
0.211022
0.21108
0.21108
0.210848
0.210847
0.210789
0.210965
0.210906
0.210906
0.210793
0.210851
0.210851
0.210731
0.210673
0.210672
0.210665
0.210694
0.210694
0.210467
0.210465
0.210437
0.210523
0.210494
0.210495
0.209503
0.209497
0.209441
0.209616
0.209619
0.209592
0.209674
0.209647
0.209644
0.209275
0.209268
0.209211
0.209383
0.209326
0.209333
0.209242
0.209299
0.209309
0.208969
0.20891
0.208904
0.204097
0.203861
0.163121
0.208469
0.208407
0.208633
0.209305
0.209302
0.209331
0.209358
0.209356
0.209328
0.210693
0.210693
0.210663
0.194249
0.142572
0.0396756
0.193755
0.141514
0.037729
0.187699
0.130667
0.0274691
0.187307
0.130027
0.0276387
0.0463876
0
0
0.209929
0.200898
0.118178
0.200847
0.158771
0.0359989
0.1995
0.15478
0.0310459
0.0468365
0
0
0.0814471
0.0453459
0
0.209783
0.199215
0.112835
0.196325
0.145911
0.0399759
0.196631
0.146507
0.0400438
0.191383
0.137223
0.0348013
0.191183
0.137161
0.0356051
0.18314
0.123399
0.0238795
0.18375
0.12442
0.0250988
0.0636157
0.0194295
0
0.0650281
0.0248125
0
0.0711754
0.0424277
0
0.210397
0.208184
0.166273
0.204162
0.167448
0.0490452
0.20506
0.170853
0.0521579
0.203889
0.166281
0.0477792
0.195014
0.143559
0.0385495
0.192871
0.140081
0.0376546
0.189334
0.133791
0.0317499
0.185508
0.127254
0.0249657
0.169258
0.104063
0.0135947
0.209857
0.19823
0.115372
0.0437298
0
0
0.0604474
0.0190115
0
0.0647613
0.0255835
0
0.130165
0.0550147
0
0.120966
0.031762
0
0.125656
0.0362262
0
0.13136
0.0419733
0
0.127736
0.0382146
0
0.139446
0.0505392
0
0.132963
0.0436387
0
0.138258
0.0491607
0
0.11993
0.030734
0
0.115154
0.0266212
0
0.109175
0.0222176
0
0.113721
0.0254929
0
0.0958502
0.0137869
0
0.100654
0.0165672
0
0.107369
0.0209189
0
0.102815
0.0180061
0
0.0937968
0.012521
0
0.0559637
0
0
0.048169
0
0
0.0577782
0.012827
0
0.205302
0.171947
0.0533269
0.206224
0.176019
0.0590932
0.206454
0.17723
0.0611485
0.19539
0.144434
0.0394854
0.197664
0.148816
0.042542
0.192526
0.139387
0.0369098
0.189632
0.134194
0.0315322
0.18161
0.121136
0.0220211
0.185023
0.126269
0.0244766
0.164022
0.0966445
0.00709315
0.166679
0.100314
0.0122283
0.164629
0.0975487
0.00787666
0.168536
0.103111
0.0119097
0.167053
0.100798
0.0125121
0.154911
0.083573
0.000103691
0.148841
0.0757298
0
0.1479
0.0746996
0
0.128929
0.053908
0
0.125177
0.0510597
0
0.199287
0.152519
0.0430245
0.199522
0.15288
0.0420304
0.194451
0.142682
0.0389352
0.198985
0.151791
0.0427024
0.198581
0.150649
0.0410804
0.193386
0.140721
0.0369628
0.188152
0.131656
0.0281907
0.179807
0.118369
0.0230038
0.180152
0.118644
0.0224765
0.186987
0.129657
0.0282264
0.179139
0.117384
0.0214305
0.17846
0.116391
0.0200402
0.0438725
0.000335082
0
0.0439569
1.78017e-06
0
0.045948
0
0
0.0437998
0.00084071
0
0.04369
0.00118259
0
0.210005
0.201812
0.123211
0.145003
0.07098
0
0.144011
0.0699724
0
0.202128
0.162667
0.0409995
0.207165
0.181905
0.0742393
0.198434
0.151481
0.0266479
0.0472812
0
0
0.0823599
0.0461208
0
0.209628
0.197683
0.107593
0.201141
0.157401
0.0451413
0.196074
0.145591
0.0405689
0.196989
0.147365
0.0408189
0.191669
0.137609
0.0345537
0.190497
0.135953
0.0334264
0.182658
0.122608
0.023606
0.184212
0.125163
0.0253785
0.176062
0.113264
0.0189613
0.1457
0.0718156
0
0.146351
0.0728818
0
0.210399
0.208078
0.160497
0.210363
0.207014
0.152007
0.064318
0.0212046
0
0.064812
0.0231837
0
0.20459
0.168984
0.0514797
0.204835
0.169971
0.0521194
0.203514
0.164991
0.0490293
0.20013
0.154399
0.0419668
0.199805
0.153504
0.0416012
0.1947
0.142972
0.0383945
0.197848
0.149053
0.0422034
0.198268
0.149832
0.0405683
0.193091
0.140248
0.0370016
0.188789
0.132749
0.0300387
0.181003
0.119913
0.0225525
0.18057
0.119149
0.0221702
0.186131
0.128318
0.0263319
0.177429
0.114737
0.0194178
0.177923
0.115456
0.0194371
0.170445
0.105418
0.0157247
0.170088
0.105114
0.0156751
0.0441918
0
0
0.0440642
0
0
0.0449177
0
0
0.0427837
0.000789189
0
0.0433819
0.00115032
0
0.0417806
0.000618583
0
0.062519
0.0231613
0
0.0639429
0.0251759
0
0.210119
0.203249
0.130319
0.141527
0.0671102
0
0.142302
0.0681705
0
0.143107
0.0690325
0
0.204461
0.171042
0.0548546
0.202893
0.16537
0.0458277
0.205386
0.174595
0.0608444
0.206164
0.17787
0.0675062
0.196778
0.146576
0.0202521
0.168164
0.0884239
0
0.122291
0.0330242
0
0.123851
0.0344957
0
0.129991
0.040525
0
0.128898
0.0393245
0
0.134803
0.0455625
0
0.136913
0.047755
0
0.118879
0.0298358
0
0.116869
0.0280563
0
0.111294
0.0237843
0
0.1126
0.0246566
0
0.0971814
0.0144388
0
0.0987892
0.0154033
0
0.105862
0.01987
0
0.104716
0.0192243
0
0.0917375
0.0112957
0
0.0477252
0
0
0.0551403
0.00661974
0
0.206029
0.175085
0.0581921
0.205552
0.173136
0.0555702
0.206755
0.178719
0.0641231
0.200498
0.15557
0.043301
0.200885
0.156753
0.0450553
0.195882
0.145516
0.0415116
0.197436
0.148467
0.0426894
0.192041
0.138357
0.0351798
0.190017
0.134935
0.0319869
0.182241
0.122065
0.0235348
0.184578
0.125575
0.0247023
0.176988
0.114308
0.0198373
0.176661
0.114134
0.020348
0.175395
0.11208
0.0190259
0.163539
0.0958668
0.00707586
0.166225
0.0995687
0.0114047
0.16536
0.0984971
0.0094265
0.167497
0.101479
0.0108586
0.167954
0.102213
0.0109955
0.149843
0.0769183
0
0.147069
0.0737502
0
0.12767
0.0529055
0
0.126408
0.0519517
0
0.210443
0.209131
0.174485
0.210468
0.20971
0.184468
0.210467
0.209703
0.18489
0.0711306
0.0335067
0
0.0738338
0.0374512
0
0.187715
0.125068
0.00184193
0.175776
0.101515
0
0.189316
0.128582
0.00429517
0.173584
0.0978832
0
0.0692831
7.11476e-05
0
0.0608493
0
0
0.0526883
0
0
0.0597351
0
0
0.0520216
0
0
0.116909
0.0566875
0.00455133
0.208657
0.189457
0.083067
0.208349
0.1876
0.0791791
0.152465
0.0801547
0
0.157689
0.0872668
0.00338975
0.157196
0.0865333
0.00287973
0.151969
0.0794854
0
0.15084
0.0781393
0
0.21017
0.202183
0.129069
0.210262
0.204334
0.13687
0.0654193
0.0307973
7.64178e-05
0.135258
0.0599387
0
0.0459146
0.0021108
0
0.047511
0.00204382
0
0.0517438
0.0103505
0
0.0606199
0.0147331
0
0.0791069
0.0427577
0
0.203025
0.163244
0.0473951
0.170823
0.105865
0.015927
0.171299
0.106571
0.0144111
0.173185
0.109245
0.0180673
0.124807
0.0543187
0
0.208673
0.189732
0.0924183
0.0453622
0.00541297
0
0.210265
0.2057
0.14403
0.210182
0.20442
0.136242
0.139306
0.0646056
0
0.133916
0.0585606
0
0.138569
0.0637988
0
0.137884
0.062779
0
0.207707
0.184579
0.0806056
0.180555
0.110491
0
0.182413
0.114024
0
0.195202
0.14269
0.016868
0.193732
0.139007
0.0133822
0.066003
3.90226e-06
0
0.0645598
0
0
0.0550983
0
0
0.0482054
0
0
0.0453589
0.0041167
0
0.0459247
0.00677519
0
0.0460347
0.00568767
0
0.0523781
0.010594
0
0.0584481
0.0110597
0
0.0805135
0.0439601
0
0.209179
0.193536
0.0942381
0.209295
0.194524
0.0978339
0.201826
0.159455
0.0453098
0.202625
0.16195
0.0452631
0.201405
0.15824
0.0461526
0.174932
0.11124
0.0182226
0.173629
0.109739
0.018407
0.154274
0.0826925
0
0.124225
0.0534772
0
0.0627645
0.0158183
0
0.0676361
0.0274511
0
0.075931
0.0399284
0
0.124314
0.0522319
0
0.124042
0.050581
0
0.124516
0.0534577
0
0.124446
0.0539159
0
0.185718
0.12042
0
0.0573249
0.0102945
0
0.0584205
0.0110765
0
0.177513
0.104571
0
0.19128
0.132786
0.00704984
0.171663
0.094657
0
0.160389
0.0771509
0
0.162217
0.0798111
0
0.14698
0.0594848
0
0.148216
0.0609778
0
0.158833
0.0747838
0
0.157581
0.0730838
0
0.144791
0.0569432
0
0.143014
0.0548756
0
0.070153
0.000248119
0
0.071798
0.000879582
0
0.0811633
0.00538912
0
0.0798411
0.0047642
0
0.0826563
0.00612267
0
0.084331
0.00702745
0
0.0684581
5.58939e-05
0
0.0620032
0
0
0.0534501
0
0
0.0585207
0
0
0.0510706
0
0
0.0557448
0.00833348
0
0.0561233
0.00951796
0
0.208793
0.190402
0.0851868
0.208933
0.191472
0.0886459
0.20808
0.185807
0.0760657
0.162696
0.0944741
0.00830802
0.163094
0.0950471
0.00865227
0.153028
0.080928
0
0.162256
0.0938682
0.00783741
0.161312
0.0927221
0.0059206
0.158194
0.088051
0.00373647
0.156529
0.0856737
0.00154114
0.123293
0.0573659
0.000232348
0.0634281
0.0171793
0
0.0611234
0.0135701
0
0.0619735
0.0146202
0
0.210436
0.208996
0.17504
0.210367
0.207584
0.159479
0.210308
0.206491
0.15061
0.136621
0.0613863
0
0.0461416
0.00263159
0
0.0461263
0.00291992
0
0.0491617
0.00363649
0
0.0506372
0.00765437
0
0.0633041
0.0192497
0
0.077618
0.0415226
0
0.203324
0.164432
0.0492598
0.171759
0.107324
0.0147759
0.172374
0.108234
0.0160243
0.125122
0.052064
0
0.124664
0.0515232
0
0.124799
0.0541651
0
0.209112
0.192611
0.0999185
0.209608
0.195883
0.10785
0.0445119
0.00352633
0
0.0435665
0.00147128
0
0.0602404
0.0126426
0
0.0593362
0.0118084
0
0.140068
0.0654418
0
0.140822
0.0662897
0
0.131499
0.0563474
0
0.132651
0.0573536
0
0.17891
0.10729
0
0.184448
0.117817
0
0.192457
0.135684
0.0100533
0.170059
0.0919068
0
0.166544
0.0860012
0
0.164284
0.0827937
0
0.151204
0.0649176
0
0.149573
0.0628074
0
0.153075
0.0673199
0
0.1552
0.0700455
0
0.140836
0.0521454
0
0.0754886
0.0026954
0
0.0735915
0.00172918
0
0.0773413
0.00368142
0
0.0787267
0.00431391
0
0.0888793
0.00945934
0
0.0900966
0.0101885
0
0.0878231
0.0090143
0
0.0861984
0.00812879
0
0.0675493
4.27641e-05
0
0.0632317
0
0
0.0542541
0
0
0.0567615
0
0
0.0496613
0
0
0.0463587
0.00760548
0
0.0463819
0.00701192
0
0.0525433
0.00821743
0
0.0563384
0.00811786
0
0.0811153
0.0445694
0
0.209424
0.195906
0.102714
0.207601
0.183128
0.0708898
0.207932
0.184922
0.0744065
0.207404
0.181878
0.0678998
0.207119
0.180375
0.0671965
0.202044
0.160006
0.0445265
0.202315
0.160841
0.0444117
0.174461
0.110542
0.0179734
0.174011
0.110044
0.0180954
0.153636
0.0817899
0
0.159772
0.0907906
0.0031856
0.160485
0.0917205
0.00421636
0.158674
0.0888457
0.00422396
0.159192
0.0899308
0.00301275
0.155705
0.0847586
0.000229444
0.123787
0.0546951
0
0.210461
0.209543
0.182283
)
;

boundaryField
{
    topAndBottom
    {
        type            calculated;
        value           nonuniform List<scalar> 
72
(
0.211947
0.211947
0.211716
0.211715
0.211484
0.211484
0.211253
0.211253
0.211022
0.211022
0.210791
0.210792
0.210561
0.210561
0.21033
0.210331
0.2101
0.210101
0.209869
0.20987
0.209639
0.20964
0.209409
0.209409
0.209178
0.209179
0.208948
0.208948
0.208718
0.208717
0.208487
0.208485
0.208257
0.208253
0.208026
0.208021
0.207796
0.207788
0.207565
0.207556
0.207335
0.207323
0.207104
0.207091
0.206874
0.206858
0.206643
0.206625
0.206413
0.206393
0.206182
0.20616
0.205952
0.205928
0.205722
0.205696
0.205491
0.205463
0.205261
0.205231
0.205031
0.204999
0.204801
0.204767
0.20457
0.204534
0.20434
0.204302
0.20411
0.204069
0.20388
0.203837
)
;
    }
    inlet
    {
        type            calculated;
        value           uniform 0;
    }
    outlet
    {
        type            calculated;
        value           nonuniform List<scalar> 
24
(
0.20388
0.203883
0.203887
0.203893
0.203902
0.203912
0.203926
0.203935
0.203947
0.203931
0.203409
0.192026
0.197796
0.203878
0.203947
0.203938
0.203918
0.203906
0.203884
0.203869
0.203857
0.203848
0.203842
0.203837
)
;
    }
    wing
    {
        type            calculated;
        value           uniform 0;
    }
    front
    {
        type            empty;
    }
    back
    {
        type            empty;
    }
}


// ************************************************************************* //
