/*--------------------------------*- C++ -*----------------------------------*\
| =========                 |                                                 |
| \\      /  F ield         | OpenFOAM: The Open Source CFD Toolbox           |
|  \\    /   O peration     | Version:  5.x                                   |
|   \\  /    A nd           | Web:      www.OpenFOAM.org                      |
|    \\/     M anipulation  |                                                 |
\*---------------------------------------------------------------------------*/
FoamFile
{
    version     2.0;
    format      ascii;
    class       volScalarField;
    location    "400";
    object      Y;
}
// * * * * * * * * * * * * * * * * * * * * * * * * * * * * * * * * * * * * * //

dimensions      [0 0 0 0 0 0 0];

internalField   nonuniform List<scalar> 
6584
(
0.00632781
0.00632781
0.00632781
0.00632781
0.00632781
0.00632781
0.00632781
0.00632782
0.00632782
0.00632782
0.00632782
0.00632782
0.00632782
0.00632782
0.00632782
0.00632782
0.00632782
0.00632781
0.00632781
0.00632781
0.00632781
0.00632781
0.00632781
0.00632781
0.00632561
0.00632561
0.00632561
0.00632562
0.00632562
0.00632562
0.00632562
0.00632563
0.00632563
0.00632563
0.00632563
0.00632563
0.00632564
0.00632563
0.00632563
0.00632563
0.00632563
0.00632563
0.00632562
0.00632562
0.00632562
0.00632561
0.00632561
0.00632561
0.00632341
0.00632342
0.00632342
0.00632342
0.00632342
0.00632342
0.00632343
0.00632344
0.00632345
0.00632454
0.00632454
0.00632454
0.00632454
0.00632454
0.00632454
0.00632345
0.00632344
0.00632344
0.00632343
0.00632343
0.00632342
0.00632342
0.00632342
0.00632341
0.00632122
0.00632122
0.00632122
0.00632123
0.00632123
0.00632123
0.00632124
0.00632125
0.00632126
0.00632235
0.00632235
0.00632234
0.00632234
0.00632235
0.00632235
0.00632235
0.00632125
0.00632124
0.00632124
0.00632123
0.00632123
0.00632123
0.00632122
0.00632122
0.00631902
0.00631903
0.00631903
0.00631903
0.00631904
0.00631904
0.00631904
0.00631904
0.00632015
0.00632016
0.00632014
0.00632013
0.00632013
0.00632014
0.00632015
0.00632016
0.00632015
0.00631906
0.00631905
0.00631904
0.00631904
0.00631903
0.00631903
0.00631903
0.00631683
0.00631683
0.00631683
0.00631684
0.00631684
0.00631685
0.00631686
0.00631794
0.00631794
0.00631793
0.00631848
0.00631845
0.00631844
0.00631847
0.00631795
0.00631797
0.00631797
0.00631689
0.00631687
0.00631686
0.00631685
0.00631684
0.00631684
0.00631683
0.00631464
0.00631464
0.00631464
0.00631465
0.00631465
0.00631466
0.00631468
0.00631576
0.00631575
0.00631573
0.00631622
0.00631645
0.00631641
0.00631621
0.00631631
0.0063158
0.0063158
0.00631472
0.00631469
0.00631468
0.00631466
0.00631465
0.00631465
0.00631464
0.00631244
0.00631245
0.00631245
0.00631246
0.00631247
0.00631248
0.0063125
0.00631358
0.00631357
0.00631357
0.00631401
0.00631411
0.00631421
0.00631414
0.00631366
0.00631365
0.00631257
0.00631252
0.0063125
0.00631248
0.00631247
0.00631246
0.00631245
0.00631025
0.00631026
0.00631026
0.00631027
0.00631029
0.0063103
0.00631034
0.00631142
0.00631142
0.00631145
0.00631188
0.00631198
0.00631211
0.00631205
0.00631156
0.00631152
0.00631042
0.00631036
0.00631032
0.0063103
0.00631028
0.00631027
0.00631026
0.00630806
0.00630807
0.00630808
0.00630809
0.00630811
0.00630813
0.00630817
0.00630925
0.00630927
0.00630934
0.00630981
0.00630998
0.00631019
0.00631003
0.00630947
0.0063094
0.00630828
0.00630819
0.00630815
0.00630812
0.0063081
0.00630808
0.00630807
0.00630587
0.00630588
0.00630589
0.0063059
0.00630593
0.00630595
0.006306
0.00630709
0.00630714
0.00630723
0.00630774
0.006308
0.0063083
0.00630802
0.00630739
0.00630728
0.00630613
0.00630603
0.00630598
0.00630594
0.00630591
0.00630589
0.00630588
0.00630368
0.00630369
0.0063037
0.00630372
0.00630374
0.00630378
0.00630384
0.00630493
0.00630499
0.0063051
0.00630565
0.00630595
0.00630632
0.00630597
0.0063053
0.00630516
0.00630398
0.00630387
0.0063038
0.00630376
0.00630372
0.0063037
0.00630369
0.00630149
0.0063015
0.00630152
0.00630154
0.00630156
0.0063016
0.00630166
0.00630276
0.00630284
0.00630295
0.00630351
0.00630381
0.00630423
0.00630387
0.00630317
0.00630302
0.00630182
0.0063017
0.00630163
0.00630157
0.00630153
0.00630151
0.00630149
0.0062993
0.00629931
0.00629933
0.00629935
0.00629938
0.00629942
0.00629949
0.00629953
0.00630066
0.00630076
0.00630129
0.00630151
0.0051159
0.00630171
0.00630171
0.00630103
0.00630087
0.00629965
0.00629953
0.00629945
0.00629938
0.00629934
0.00629931
0.00629929
0.00629711
0.00629712
0.00629714
0.00629716
0.0062972
0.00629724
0.0062973
0.00629732
0.00629844
0.00629854
0.00629908
0.00629901
0.00597362
0.0062995
0.00629892
0.00629885
0.00629755
0.00629746
0.00629733
0.00629725
0.0062972
0.00629715
0.00629712
0.00629709
0.00629492
0.00629493
0.00629495
0.00629498
0.00629501
0.00629505
0.0062951
0.00629513
0.00629625
0.00629636
0.00629636
0.00629679
0.00599777
0.00629675
0.00629673
0.00629666
0.00629537
0.00629527
0.00629514
0.00629505
0.00629499
0.00629494
0.00629492
0.00629489
0.00629273
0.00629274
0.00629276
0.00629279
0.00629282
0.00629286
0.0062929
0.00629295
0.00629301
0.00629417
0.00629417
0.00629058
0.006153
0.00629455
0.00629454
0.00629447
0.00629317
0.00629307
0.00629294
0.00629285
0.00629279
0.00629274
0.00629271
0.00629268
0.00629053
0.00629055
0.00629057
0.0062906
0.00629063
0.00629066
0.00629071
0.00629076
0.00629083
0.00629089
0.00629199
0.00628647
0.00615431
0.00629235
0.00629125
0.0062911
0.00629098
0.00629088
0.00629074
0.00629065
0.00629058
0.00629053
0.0062905
0.00629047
0.00628834
0.00628836
0.00628838
0.00628841
0.00628844
0.00628847
0.00628853
0.00628858
0.00628865
0.0062887
0.00628811
0.00613297
0.00622342
0.00628908
0.00628906
0.00628891
0.00628878
0.00628868
0.00628854
0.00628844
0.00628838
0.00628832
0.00628829
0.00628825
0.00628615
0.00628617
0.00628619
0.00628622
0.00628625
0.00628628
0.00628635
0.0062864
0.00628648
0.00628652
0.0062854
0.00613133
0.00622162
0.00628688
0.00628686
0.00628672
0.00628658
0.00628647
0.00628633
0.00628624
0.00628617
0.00628611
0.00628608
0.00628604
0.00628396
0.00628397
0.006284
0.00628403
0.00628407
0.0062841
0.00628417
0.00628422
0.0062843
0.00628434
0.00628271
0.00612963
0.00621976
0.00628469
0.00628467
0.00628453
0.00628438
0.00628427
0.00628413
0.00628403
0.00628396
0.0062839
0.00628387
0.00628383
0.00628176
0.00628178
0.00628181
0.00628184
0.00628188
0.00628191
0.00628198
0.00628205
0.00628213
0.00628216
0.00628003
0.0061279
0.00621785
0.0062825
0.00628249
0.00628233
0.00628218
0.00628207
0.00628192
0.00628182
0.00628175
0.00628169
0.00628165
0.00628161
0.00627957
0.00627959
0.00627961
0.00627965
0.00627969
0.00627973
0.0062798
0.00627987
0.00627995
0.00627998
0.00627738
0.00612613
0.0062159
0.00628031
0.0062803
0.00628014
0.00627998
0.00627987
0.00627971
0.00627961
0.00627954
0.00627948
0.00627944
0.0062794
0.00627738
0.0062774
0.00627742
0.00627746
0.0062775
0.00627755
0.00627762
0.00627769
0.00627778
0.0062778
0.00627475
0.00612434
0.00621392
0.00627812
0.00627811
0.00627795
0.00627779
0.00627767
0.00627751
0.0062774
0.00627732
0.00627726
0.00627722
0.00627718
0.00627519
0.00627521
0.00627523
0.00627527
0.00627532
0.00627536
0.00627545
0.00627552
0.00627561
0.00627562
0.00627215
0.00612252
0.00621191
0.00627593
0.00627592
0.00627576
0.00627559
0.00627546
0.0062753
0.00627519
0.00627511
0.00627505
0.00627501
0.00627496
0.006273
0.00627302
0.00627305
0.00627308
0.00627313
0.00627318
0.00627327
0.00627334
0.00627344
0.00627344
0.0062695
0.00612072
0.00620991
0.00627374
0.00627374
0.00627357
0.00627339
0.00627326
0.0062731
0.00627299
0.0062729
0.00627283
0.00627279
0.00627275
0.00627081
0.00627083
0.00627086
0.0062709
0.00627095
0.006271
0.00627109
0.00627117
0.00627127
0.00627126
0.00626682
0.00611895
0.00620793
0.00627156
0.00627156
0.00627139
0.0062712
0.00627106
0.00627089
0.00627078
0.00627069
0.00627062
0.00627058
0.00627054
0.00626862
0.00626864
0.00626867
0.00626871
0.00626876
0.00626881
0.00626891
0.00626899
0.0062691
0.00626908
0.00626416
0.00611717
0.00620594
0.00626938
0.00626938
0.00626921
0.00626901
0.00626887
0.00626869
0.00626857
0.00626848
0.00626841
0.00626837
0.00626832
0.00626643
0.00626645
0.00626648
0.00626652
0.00626658
0.00626663
0.00626673
0.00626682
0.00626694
0.0062669
0.00626151
0.00611538
0.00620394
0.0062672
0.0062672
0.00626702
0.00626681
0.00626667
0.00626649
0.00626637
0.00626627
0.0062662
0.00626616
0.00626611
0.00626424
0.00626426
0.00626429
0.00626433
0.00626439
0.00626445
0.00626456
0.00626465
0.00626477
0.00626472
0.00625887
0.00611357
0.00620193
0.00626502
0.00626502
0.00626484
0.00626462
0.00626447
0.00626428
0.00626416
0.00626406
0.00626399
0.00626394
0.0062639
0.00626205
0.00626207
0.0062621
0.00626215
0.00626221
0.00626227
0.00626238
0.00626248
0.00626261
0.00626253
0.00625624
0.00611176
0.00619991
0.00626284
0.00626284
0.00626265
0.00626243
0.00626227
0.00626208
0.00626196
0.00626185
0.00626178
0.00626173
0.00626169
0.00625986
0.00625988
0.00625992
0.00625996
0.00626003
0.00626009
0.00626021
0.00626031
0.00626044
0.00626035
0.00625362
0.00610995
0.00619789
0.00626065
0.00626066
0.00626047
0.00626024
0.00626007
0.00625988
0.00625975
0.00625964
0.00625957
0.00625952
0.00625947
0.00625767
0.00625769
0.00625773
0.00625778
0.00625784
0.00625792
0.00625804
0.00625814
0.00625828
0.00625816
0.006251
0.00610813
0.00619587
0.00625847
0.00625849
0.00625828
0.00625805
0.00625788
0.00625767
0.00625754
0.00625743
0.00625736
0.0062573
0.00625726
0.00625548
0.00625551
0.00625554
0.00625559
0.00625566
0.00625574
0.00625587
0.00625597
0.00625611
0.00625597
0.00624837
0.00610631
0.00619384
0.00625629
0.00625631
0.0062561
0.00625585
0.00625568
0.00625547
0.00625533
0.00625522
0.00625514
0.00625509
0.00625504
0.00625329
0.00625332
0.00625336
0.0062534
0.00625348
0.00625356
0.00625369
0.0062538
0.00625395
0.00625379
0.00624574
0.0061045
0.00619182
0.00625411
0.00625413
0.00625391
0.00625366
0.00625348
0.00625327
0.00625313
0.00625301
0.00625293
0.00625288
0.00625283
0.00625111
0.00625113
0.00625117
0.00625122
0.0062513
0.00625138
0.00625152
0.00625164
0.00625178
0.0062516
0.00624309
0.0061027
0.0061898
0.00625193
0.00625195
0.00625173
0.00625147
0.00625128
0.00625106
0.00625092
0.0062508
0.00625072
0.00625066
0.00625062
0.00631223
0.00631234
0.00631415
0.00631023
0.00631043
0.00631209
0.00630825
0.00630855
0.00631019
0.00630621
0.00630659
0.00630831
0.00630408
0.00630451
0.00630633
0.0063018
0.00503056
0.0050674
0.00630231
0.00630424
0.00631439
0.00631641
0.00631443
0.00631646
0.00631241
0.00631227
0.00631417
0.00631306
0.00631408
0.00631236
0.00631253
0.00631409
0.00631032
0.00631024
0.00631201
0.00631122
0.00630951
0.00631163
0.00630602
0.00631125
0.00631043
0.00631052
0.00631202
0.00630826
0.00630825
0.00630999
0.00630924
0.00630284
0.0063044
0.00624828
0.00628017
0.00630854
0.00630853
0.00631002
0.00630618
0.00630621
0.006308
0.00630724
0.0063032
0.00630287
0.00629001
0.00626282
0.00630658
0.00630651
0.00630803
0.00630209
0.00630219
0.0063045
0.00630443
0.006306
0.00630244
0.00630279
0.00629956
0.00535326
0.005035
0.00572252
0.00630005
0.00630202
0.00631186
0.00631297
0.00631302
0.00631292
0.00631121
0.00631408
0.00631306
0.00631145
0.006313
0.00631308
0.00631298
0.00631187
0.00630486
0.006309
0.00631097
0.00630431
0.00628873
0.0063107
0.00630511
0.0062824
0.00630576
0.00631114
0.00630835
0.006302
0.00631173
0.00630854
0.00631137
0.00630282
0.00630279
0.00630899
0.00628472
0.00629107
0.00628806
0.00628444
0.00626178
0.00624665
0.00630926
0.00629876
0.00630016
0.00630185
0.00629894
0.00630949
0.00628786
0.00629351
0.00629154
0.00628691
0.00630191
0.00629156
0.00630733
0.00630361
0.00630513
0.00630025
0.00630341
0.00630758
0.00629793
0.00629933
0.00629416
0.0062976
0.00630279
0.00630227
0.00630511
0.00630477
0.00630556
0.0062997
0.00629642
0.00629945
0.00629973
0.0063015
0.00630235
0.00631328
0.0063131
0.00631413
0.00631323
0.00631397
0.00630405
0.00630407
0.00630594
0.00630516
0.00630343
0.00630352
0.00622101
0.00617925
0.0063023
0.00630229
0.0063039
0.00631401
0.0063133
0.00631414
0.00631311
0.00631334
0.0063035
0.00630325
0.00630699
0.00495462
0.00518136
0.0059087
0.00601041
0.00519598
0.00547716
0.00617123
0.00609649
0.0063053
0.0063047
0.00630405
0.00602188
0.00607864
0.00630394
0.00630309
0.00630343
0.00631531
0.00631519
0.00631423
0.00631424
0.0063152
0.00631531
0.0063131
0.00631349
0.00631322
0.00631402
0.00631332
0.00631363
0.006308
0.00630917
0.00626771
0.00626915
0.00628067
0.00627751
0.00630136
0.00609571
0.00630345
0.00625339
0.00622574
0.00623029
0.00625564
0.0063027
0.00629258
0.00631244
0.00625167
0.00630594
0.00623953
0.00631222
0.00630749
0.00631325
0.00631348
0.00631291
0.00629822
0.00631233
0.00631243
0.00629548
0.0062945
0.00630908
0.00630868
0.0062922
0.00629344
0.00630284
0.00631069
0.00631106
0.0063102
0.00631056
0.00630275
0.00631046
0.00631169
0.00631207
0.00631119
0.00631156
0.00631002
0.00628778
0.00628814
0.00628466
0.00628437
0.00622455
0.00622785
0.00629709
0.00630882
0.00630916
0.00630838
0.00630871
0.00629701
0.00630081
0.00630973
0.00631008
0.00630927
0.00630961
0.00630066
0.004973
0.00629053
0.0052096
0.00496017
0.00550443
0.00522653
0.00629132
0.00628288
0.00498423
0.00628387
0.00629886
0.00629816
0.00630174
0.00630792
0.00630826
0.00630746
0.00630781
0.00630209
0.00574445
0.00588596
0.00629589
0.00575295
0.00552589
0.00593469
0.00577868
0.00629638
0.00550686
0.00572184
0.00630269
0.00618101
0.00622541
0.00610458
0.00617213
0.00630263
0.00607827
0.00606825
0.00608833
0.00521665
0.006085
0.00606037
0.00537251
0.00625343
0.00625598
0.00631382
0.00630187
0.00630181
0.0063038
0.00630298
0.00630235
0.00630309
0.00564015
0.0062976
0.00630037
0.00631383
0.00630292
0.00630339
0.00630489
0.00522865
0.00526625
0.0048757
0.00605867
0.00605501
0.00530031
0.00535916
0.00624267
0.0062526
0.00444409
0.0063146
0.00631464
0.0063141
0.00631407
0.00631464
0.0063146
0.0063106
0.00631151
0.00631112
0.00630635
0.00630508
0.00631034
0.00630319
0.00630945
0.00630909
0.00630995
0.00630958
0.00630341
0.00625795
0.00627598
0.00628607
0.00626535
0.00595919
0.0059011
0.00630265
0.00625833
0.00627614
0.00628985
0.00628922
0.00531357
0.00631363
0.00631341
0.00631406
0.00631183
0.00630821
0.00630589
0.00631257
0.00631271
0.00631311
0.00631219
0.00631258
0.00631242
0.00630648
0.00631047
0.00631008
0.00631099
0.0063106
0.00630708
0.0063004
0.00613243
0.00623545
0.00606393
0.0060797
0.006291
0.00624582
0.00625687
0.00630685
0.00628637
0.00629781
0.00630523
0.00631044
0.00631059
0.00630939
0.00630963
0.00630233
0.00630897
0.00630861
0.00630273
0.00628625
0.00602752
0.00596981
0.0062863
0.00604091
0.00605951
0.00595932
0.00596967
0.00628394
0.00624683
0.00623535
0.00629778
0.00630825
0.00630839
0.00630745
0.00630792
0.00629896
0.00630145
0.00630911
0.00630932
0.00630843
0.00630858
0.00629978
0.00630083
0.00622606
0.00624279
0.0062039
0.00619447
0.00629484
0.00630512
0.00630699
0.00630734
0.00630649
0.00630687
0.00630514
0.00629871
0.00604604
0.00595127
0.00613819
0.00611121
0.0062989
0.00553664
0.00556971
0.00629967
0.00616593
0.00614614
0.00549956
0.00552747
0.0060314
0.00597457
0.00631357
0.00631382
0.00631367
0.00589674
0.00620555
0.00592448
0.00595766
0.00594352
0.00620018
0.00631373
0.00631357
0.00631389
0.00631335
0.00631363
0.00498627
0.00505788
0.00523618
0.00523041
0.005959
0.00535333
0.00531716
0.00542874
0.00536347
0.00597206
0.00527256
0.00532585
0.00614337
0.00613075
0.00605052
0.00552652
0.00546273
0.00536457
0.00539389
0.00631269
0.00631317
0.00631343
0.00631275
0.00631308
0.00631248
0.0063065
0.00631015
0.00625951
0.0062745
0.00628511
0.00626703
0.00611263
0.00625037
0.00623829
0.00626303
0.00625416
0.00610938
0.00621063
0.00619921
0.00623453
0.00621709
0.00624363
0.00604872
0.0060855
0.00598289
0.00603066
0.00623954
0.00586988
0.00588561
0.00627858
0.0063108
0.00630888
0.00631259
0.00631136
0.00628551
0.00629671
0.00629237
0.00630741
0.00629853
0.00631207
0.00631316
0.00631277
0.00631145
0.0063101
0.00631107
0.0063087
0.00631196
0.00630947
0.00631192
0.00631261
0.00630995
0.00631164
0.00631269
0.00631216
0.00631128
0.00610075
0.00611743
0.00629893
0.005952
0.00588134
0.00614672
0.00596646
0.00578058
0.00571629
0.00585983
0.00580894
0.00629185
0.00608535
0.0060967
0.00623438
0.00621389
0.00629007
0.00625153
0.00619024
0.00616888
0.00621024
0.00619583
0.00630734
0.00625941
0.00626651
0.00628771
0.00629711
0.00631005
0.00631034
0.00630396
0.00630245
0.00630971
0.00630996
0.00604364
0.00603758
0.0062867
0.00564121
0.00564336
0.00536898
0.00560778
0.00561947
0.00570375
0.0056378
0.00562124
0.00601358
0.00603477
0.00628581
0.00561357
0.00554731
0.00570133
0.00563377
0.00542158
0.00535568
0.00552141
0.0054531
0.00628405
0.00598025
0.00600511
0.00623651
0.00623254
0.00630809
0.00630821
0.00629757
0.00629817
0.00630795
0.00630805
0.00630885
0.00630904
0.00630131
0.00629996
0.00630863
0.0063088
0.00499744
0.00507225
0.0060615
0.00609991
0.00601049
0.00604777
0.00498841
0.00539393
0.00615062
0.006092
0.00611043
0.00614111
0.00533665
0.0058388
0.00586222
0.0057525
0.00583007
0.00505461
0.00595976
0.00599997
0.00587486
0.00593873
0.00505335
0.00621152
0.00622197
0.00630042
0.00616731
0.00618826
0.00619387
0.00616624
0.0061881
0.00629563
0.00618809
0.00620267
0.00580286
0.00515313
0.00515723
0.00529168
0.00516936
0.00582335
0.00523484
0.00559086
0.00516101
0.00562593
0.00613975
0.00627311
0.00626577
0.00628187
0.00627556
0.00614558
0.00604898
0.00605959
0.00558561
0.00562329
0.00541768
0.00548737
0.00607122
0.00604466
0.00631449
0.00631463
0.00631627
0.00630315
0.0063029
0.00630204
0.00631427
0.00631431
0.00631397
0.00631391
0.00631429
0.00631428
0.00631529
0.00631524
0.00631429
0.00631203
0.00631164
0.0063109
0.00630614
0.00629834
0.00629727
0.00625079
0.00627873
0.006308
0.00630764
0.00630299
0.00622773
0.00622223
0.00626355
0.00624649
0.00625504
0.00630285
0.0063124
0.00631255
0.00631216
0.00630342
0.00630619
0.0063116
0.00631278
0.00631235
0.00631277
0.00631039
0.00628903
0.00630216
0.00628372
0.00629614
0.00629473
0.00630501
0.0063063
0.00630639
0.00630212
0.00631079
0.00631096
0.00630892
0.00630274
0.00630848
0.00630812
0.00607091
0.00604704
0.00628967
0.00625985
0.00623487
0.00623298
0.00624502
0.00629857
0.00630518
0.00630522
0.00630172
0.00630613
0.00630622
0.00630526
0.00630531
0.00629917
0.006281
0.00610767
0.00608295
0.00630047
0.0063073
0.00630737
0.00630501
0.00630598
0.00630636
0.00519446
0.00519486
0.00618628
0.00617166
0.0062997
0.00519689
0.00519515
0.00627777
0.00628146
0.00630206
0.00631332
0.00631325
0.00494194
0.00498229
0.00499541
0.00516167
0.00521189
0.0049561
0.00496846
0.00519339
0.0051531
0.00543806
0.0060409
0.00603011
0.00610798
0.00557566
0.00553716
0.00605817
0.00631472
0.00631467
0.00631412
0.00631282
0.00631301
0.00631317
0.0063133
0.00631205
0.00631227
0.00631352
0.00631377
0.00631363
0.00630369
0.00630314
0.00630718
0.0063097
0.00630778
0.00630674
0.00626377
0.00627059
0.00624053
0.00624452
0.00628274
0.00627357
0.0062234
0.00623241
0.00612564
0.00612759
0.00617369
0.00616727
0.00609576
0.00613201
0.00613687
0.00630302
0.00625845
0.00626779
0.00628749
0.00626481
0.00629574
0.00629206
0.00631019
0.00630873
0.00630262
0.00619246
0.00617559
0.00628261
0.00625545
0.0062169
0.0063134
0.00631325
0.00631259
0.0063125
0.00631106
0.00631183
0.00630262
0.00631087
0.00631159
0.00626885
0.00628128
0.00631013
0.00615383
0.00613352
0.00629096
0.00629465
0.0063115
0.00631166
0.00631107
0.00630908
0.00631114
0.00631132
0.00628928
0.00604437
0.00604276
0.00622438
0.00622944
0.0063057
0.00630577
0.00630097
0.00630038
0.00630558
0.00630564
0.00499096
0.00518865
0.00555255
0.00557646
0.00530382
0.00532346
0.00493879
0.00612547
0.00611233
0.00628194
0.0050499
0.00501939
0.00520796
0.00521095
0.00500954
0.00528207
0.00529213
0.00499614
0.00500342
0.00630716
0.00630723
0.00630065
0.00630272
0.00630702
0.00630709
0.00564432
0.00613323
0.00614613
0.0061059
0.00611958
0.00560605
0.00620147
0.00627767
0.00628357
0.00628207
0.00627999
0.00620833
0.00611906
0.00619071
0.00618197
0.00605853
0.00604476
0.00607936
0.00526134
0.00528433
0.00529467
0.00520808
0.00610211
0.00565391
0.00559567
0.00570241
0.00566765
0.00605198
0.005872
0.00587685
0.00609547
0.00612685
0.00626237
0.00631375
0.00631383
0.00631363
0.00523012
0.00524088
0.00557836
0.00557336
0.00483933
0.00533367
0.00527438
0.00527441
0.00525388
0.0052661
0.00535062
0.00446388
0.00605984
0.00607046
0.00631437
0.00631432
0.00631396
0.00630041
0.00629939
0.00630624
0.00630313
0.00630649
0.00630883
0.0063054
0.00630604
0.00625476
0.00627734
0.00620121
0.00620742
0.00620712
0.0062007
0.00626431
0.00621816
0.00621563
0.00594609
0.00585766
0.0058564
0.0058693
0.00586716
0.0059296
0.00630763
0.00631009
0.00631025
0.00630963
0.00630995
0.00630698
0.00628503
0.00630301
0.0062934
0.00629012
0.00630223
0.00630647
0.00630656
0.00623456
0.0062358
0.00625575
0.0062394
0.00630511
0.00630514
0.00629814
0.00630599
0.00630606
0.00630159
0.00629951
0.00630536
0.00630541
0.00620466
0.00622554
0.00621678
0.00623282
0.00623009
0.00620294
0.00519702
0.00520384
0.00520522
0.00519994
0.00550934
0.0053336
0.00532641
0.00588164
0.00588076
0.00601401
0.00590475
0.00592793
0.00586293
0.00588081
0.00599385
0.0063135
0.00631341
0.00631347
0.00631346
0.00631375
0.00631378
0.00631388
0.00631358
0.00631366
0.00631365
0.00591803
0.00606765
0.00605811
0.00609429
0.00608046
0.00592987
0.00597948
0.00602314
0.00600406
0.00605047
0.00604065
0.00596464
0.00631366
0.00631372
0.00631362
0.00631281
0.00631226
0.00631345
0.0063133
0.00494479
0.00512619
0.00500332
0.0049966
0.00523486
0.00523273
0.005503
0.00552349
0.00533265
0.00496417
0.00495012
0.00523507
0.00506355
0.00506667
0.00505085
0.00538551
0.00508373
0.00501348
0.00605284
0.00607069
0.00615443
0.00600837
0.00601291
0.00599579
0.00599921
0.0061185
0.0060261
0.00603412
0.00536999
0.00522509
0.00523981
0.00521013
0.0052127
0.00537851
0.00631295
0.00631306
0.00631285
0.00631198
0.00631243
0.00631282
0.00629921
0.00630674
0.00630237
0.00630139
0.0063036
0.00630443
0.00630169
0.0063027
0.00626112
0.0062721
0.00621436
0.00621654
0.00620977
0.00621213
0.00628408
0.00624662
0.00624808
0.00621516
0.00621807
0.00626979
0.00621665
0.00614294
0.00612996
0.00610215
0.00616189
0.00615497
0.00620589
0.00614224
0.00614058
0.00616181
0.00615062
0.00620254
0.00623003
0.00617284
0.00617963
0.00614786
0.0061609
0.00622405
0.00613828
0.00599866
0.00611628
0.00610654
0.00585944
0.005868
0.00627558
0.00629885
0.00629732
0.00627173
0.00629141
0.00630483
0.00630127
0.00621969
0.00620551
0.00626696
0.00627015
0.00629394
0.00624856
0.00623451
0.00630698
0.00630889
0.006312
0.00631022
0.00630445
0.00629669
0.00630407
0.00631066
0.00631152
0.00631176
0.00631051
0.00631094
0.00630905
0.00630677
0.00630889
0.00631213
0.00631146
0.00631102
0.0063123
0.00631167
0.00631235
0.00631036
0.00631062
0.00630963
0.00631079
0.00593389
0.00590597
0.00609543
0.00586418
0.00588934
0.00581155
0.00597961
0.00575585
0.00573448
0.00584133
0.00582583
0.00622398
0.00612867
0.00615133
0.00608372
0.00610535
0.00621806
0.0062857
0.00625116
0.00626168
0.00616476
0.0062264
0.00627508
0.00611445
0.00607718
0.00618462
0.00595037
0.00597037
0.00591718
0.00593343
0.0061784
0.00620655
0.00604809
0.00606465
0.00599329
0.00601927
0.00620139
0.00628972
0.00629614
0.00565136
0.00539481
0.00543049
0.0053219
0.00535659
0.00564867
0.00543244
0.00544802
0.0054455
0.00552593
0.00563168
0.00513502
0.00516861
0.00519757
0.00513905
0.00565962
0.00563236
0.00526163
0.00529034
0.00520563
0.00523579
0.005627
0.00559703
0.00557741
0.00568555
0.0056577
0.00539384
0.0053691
0.00549948
0.00548134
0.00622899
0.00623092
0.00630113
0.00630584
0.00630591
0.00630546
0.00630552
0.00630014
0.00500297
0.00546931
0.00551857
0.00514992
0.00493996
0.00535858
0.00541105
0.00511501
0.00508149
0.00584586
0.00542092
0.00542333
0.00579203
0.00537337
0.00528996
0.0054225
0.00540976
0.00581637
0.00519006
0.00515097
0.005226
0.00526423
0.00503543
0.00505404
0.00514416
0.0062162
0.00625787
0.00625456
0.00626271
0.00626037
0.00621908
0.00617435
0.00618404
0.00618383
0.00616619
0.00616576
0.00617289
0.0061871
0.00623926
0.00623548
0.00624991
0.00624441
0.00619308
0.00515062
0.00530552
0.00532471
0.00527706
0.00529097
0.0051532
0.00524757
0.00543611
0.00547467
0.00535328
0.00539255
0.0052045
0.00522661
0.00507434
0.00509435
0.00506717
0.00506853
0.00516355
0.00523162
0.0052596
0.00513271
0.00518207
0.005158
0.00620389
0.00619822
0.00613226
0.00604753
0.00607192
0.00522196
0.00525283
0.00544526
0.00526336
0.00522707
0.0053165
0.0052984
0.00546987
0.00521225
0.00521058
0.00587405
0.00587372
0.00631903
0.00631903
0.00632014
0.00631901
0.00631901
0.00632013
0.00631901
0.00631901
0.00632013
0.00631903
0.00631904
0.00632015
0.00631682
0.00631681
0.00631792
0.00631678
0.00631676
0.00631847
0.00631674
0.00631671
0.00631844
0.00631671
0.00631675
0.00631845
0.00631678
0.00631682
0.00631849
0.00631685
0.00631687
0.00631795
0.00631465
0.0063146
0.00631625
0.00631456
0.00631445
0.00631618
0.00631556
0.00631553
0.00631644
0.00631547
0.00631551
0.00631641
0.00631563
0.00631567
0.00631622
0.00631467
0.00631473
0.00631579
0.00631251
0.00631245
0.00631406
0.00631347
0.00631346
0.006314
0.00631383
0.00631381
0.00631409
0.00631339
0.00631351
0.00631431
0.00631257
0.00631263
0.00631367
0.00631039
0.00631035
0.00631192
0.00631136
0.00631136
0.00631188
0.00631172
0.00631172
0.00631198
0.00631138
0.00631147
0.00631222
0.00631053
0.00631057
0.0063116
0.00630828
0.00630827
0.00630983
0.00630929
0.00630931
0.00630982
0.00630973
0.00630973
0.00630998
0.00630949
0.00630952
0.00631025
0.00630852
0.00630851
0.00630954
0.00630616
0.00630618
0.00630775
0.00630722
0.00630726
0.00630777
0.00630775
0.00630775
0.006308
0.00630757
0.00630755
0.00630829
0.00630649
0.00630644
0.00630748
0.00630403
0.00630405
0.00630565
0.00630569
0.0063057
0.00630596
0.00630555
0.00630548
0.00630626
0.0063044
0.00630434
0.0063054
0.00630186
0.00630187
0.00630351
0.00630341
0.0063034
0.00630394
0.00630225
0.00630221
0.00630328
0.00629964
0.00629961
0.00630071
0.00629963
0.00629958
0.00630124
0.00630067
0.00629969
0.00630052
0.0052585
0.00622149
0.00622765
0.00630006
0.0063001
0.00630175
0.00630003
0.00630005
0.00630113
0.00629745
0.00629742
0.00629851
0.00629745
0.00629738
0.00629903
0.00629734
0.00567477
0.00566207
0.00599217
0.00629782
0.00629949
0.00629783
0.00629789
0.00629952
0.00629782
0.00629785
0.00629894
0.00629526
0.00629522
0.00629632
0.00629294
0.00597239
0.00567839
0.0061522
0.00629543
0.00629725
0.00629565
0.0062957
0.00629679
0.00631223
0.00631249
0.00631249
0.00631258
0.00631267
0.00631227
0.00631413
0.00631386
0.00631388
0.00631023
0.00631047
0.00631048
0.00631066
0.00631065
0.0063103
0.00631214
0.00631176
0.00631185
0.00630825
0.0063085
0.0063085
0.00630878
0.0063088
0.00630845
0.00631018
0.00630983
0.00630996
0.00630622
0.00630648
0.00630647
0.00630684
0.0063069
0.00630654
0.00630834
0.00630799
0.00630807
0.00630478
0.00630475
0.00630449
0.00630629
0.00630604
0.00630608
0.0063008
0.00630209
0.0063027
0.00483987
0.00549695
0.00550255
0.00584045
0.00584184
0.00447668
0.00630422
0.00630395
0.00630397
0.00631429
0.00631523
0.00631527
0.006314
0.006314
0.00631391
0.00631641
0.0063155
0.00631547
0.00631399
0.00631401
0.00631472
0.0063147
0.00631441
0.00631645
0.00631555
0.00631558
0.0063124
0.00631293
0.00631294
0.00631306
0.00631291
0.00631239
0.00631397
0.00631344
0.00631333
0.00631321
0.00631316
0.00631288
0.00631405
0.00631389
0.00631393
0.00631247
0.00631324
0.00631313
0.00631304
0.00631305
0.00631254
0.00631408
0.00631356
0.00631357
0.00631033
0.00631084
0.00631084
0.00631099
0.00631085
0.00631034
0.00631187
0.00631136
0.00631124
0.00631122
0.00631147
0.00631147
0.00630992
0.00631086
0.00631066
0.00631189
0.00631173
0.00631141
0.00631045
0.00630959
0.00631093
0.00631049
0.00631122
0.00631114
0.00631102
0.00631105
0.00631056
0.00631204
0.00631154
0.00631152
0.00630829
0.0063088
0.00630877
0.006309
0.00630882
0.00630831
0.00630984
0.00630933
0.00630925
0.00630924
0.00630949
0.00630949
0.00630292
0.00630772
0.00630761
0.0063086
0.00630841
0.006304
0.00630854
0.00630927
0.00630925
0.00630903
0.00630908
0.00630859
0.00631007
0.00630958
0.00630952
0.00630621
0.00630674
0.0063067
0.00630698
0.00630677
0.00630625
0.0063078
0.00630729
0.00630724
0.00630725
0.0063075
0.00630749
0.00630304
0.00630751
0.00630714
0.00630677
0.00630668
0.0063029
0.00628847
0.00625464
0.00625908
0.00630653
0.00630729
0.00630732
0.00630702
0.00630709
0.00630658
0.00630809
0.00630759
0.00630753
0.00630188
0.00627908
0.00628417
0.00629372
0.00629459
0.00630244
0.00630446
0.00630499
0.00630529
0.00630496
0.00630502
0.00630449
0.00630607
0.00630555
0.00630548
0.00630252
0.00629986
0.00629998
0.00629838
0.00629874
0.00630277
0.00629899
0.0062994
0.00630012
0.00532232
0.00628893
0.00628765
0.00605701
0.00605994
0.00505859
0.00629682
0.0062974
0.00566191
0.0063006
0.00630047
0.0062998
0.00630175
0.00630075
0.00630117
0.00631205
0.00631218
0.00631204
0.00631309
0.00631269
0.00631255
0.00631275
0.00631275
0.00631301
0.00631278
0.00631234
0.00631288
0.00631393
0.0063139
0.00631406
0.006313
0.00631316
0.0063132
0.00631159
0.00631103
0.00631083
0.00631298
0.00631289
0.00631292
0.00631307
0.00631281
0.00631283
0.00631284
0.00631288
0.00631302
0.00631208
0.00631221
0.00631209
0.00630536
0.00630903
0.00630881
0.00631044
0.00631021
0.00630836
0.00631072
0.00631072
0.00631097
0.00630326
0.00629224
0.00629525
0.00625909
0.00626036
0.00628944
0.00629721
0.00629859
0.00630576
0.00631114
0.00631077
0.0063109
0.006308
0.00630949
0.0063097
0.00631122
0.0063118
0.00631194
0.00630986
0.00630998
0.00630867
0.00631161
0.00631163
0.00631126
0.00630277
0.00630694
0.00630685
0.0063075
0.0063074
0.00630276
0.00630874
0.00630875
0.006309
0.00628525
0.00625139
0.00625001
0.00626543
0.00626414
0.00629057
0.00628744
0.00625675
0.0062579
0.00624904
0.00624844
0.00628411
0.00630926
0.00630891
0.00630902
0.0063056
0.00630555
0.00629998
0.00630973
0.00630972
0.00630937
0.00628879
0.0061967
0.00618146
0.00625419
0.00625095
0.00629282
0.00629201
0.006268
0.00626675
0.0061766
0.00615974
0.00628593
0.00630159
0.00629158
0.00629273
0.00626384
0.00626779
0.00629292
0.00630739
0.00630703
0.00630709
0.00630407
0.00630671
0.00630679
0.00630616
0.00630626
0.00630514
0.0063003
0.00630566
0.00630563
0.00630686
0.00630694
0.00630286
0.00630782
0.00630787
0.00630751
0.00629822
0.00627815
0.00627649
0.00628535
0.00628442
0.00629921
0.00629477
0.00626021
0.00625726
0.00627469
0.00627271
0.00629723
0.00630278
0.00629749
0.00629796
0.00628564
0.00628946
0.00630242
0.00630509
0.00630596
0.00630606
0.00630547
0.00630585
0.00630496
0.00630582
0.00630579
0.00630553
0.00629955
0.00620051
0.00619043
0.00617506
0.0061938
0.00629922
0.00629954
0.00628692
0.00628618
0.00630193
0.00628196
0.00628241
0.00631327
0.00631354
0.00631355
0.00631353
0.00631364
0.00631323
0.00631406
0.00631378
0.00631368
0.00631393
0.00631383
0.00631387
0.00630488
0.00630466
0.00630412
0.00630572
0.00630519
0.00630515
0.00630517
0.00630543
0.00630543
0.00630351
0.00630531
0.00630506
0.00630582
0.00630557
0.00630353
0.00621594
0.00616075
0.0061691
0.00610568
0.00611862
0.0061871
0.00630232
0.00630286
0.00630313
0.00631391
0.00631388
0.00631398
0.00631305
0.0063133
0.00631343
0.00631368
0.00631381
0.00631424
0.00631325
0.00631366
0.00631353
0.00631361
0.00631359
0.00631333
0.00630342
0.00630651
0.00630607
0.00630702
0.00630664
0.00630338
0.00630673
0.00630674
0.006307
0.00592787
0.00573111
0.00571049
0.00583338
0.00581459
0.00599769
0.00616324
0.00608227
0.00609307
0.00630527
0.00630501
0.00630504
0.00630445
0.00630495
0.00630533
0.00630441
0.00630481
0.00630435
0.0060327
0.00586912
0.00585185
0.00594097
0.00593012
0.00607203
0.00630359
0.00630388
0.00630415
0.00630334
0.00630361
0.00630347
0.0063037
0.00630368
0.00630341
0.00631532
0.00631482
0.00631479
0.00631487
0.00631485
0.00631534
0.00631415
0.00631468
0.00631471
0.0063144
0.00631438
0.00631421
0.00631534
0.00631485
0.00631488
0.00631479
0.00631482
0.00631532
0.0063135
0.00631325
0.00631335
0.00631373
0.00631385
0.00631402
0.00631339
0.00631348
0.00631342
0.00631377
0.00631374
0.00631359
0.00627017
0.00627701
0.00630164
0.00630332
0.00629813
0.00629867
0.00625054
0.00621288
0.00621752
0.00617681
0.00618354
0.00623002
0.00624295
0.00628556
0.00628392
0.0062883
0.00628701
0.0062464
0.00630274
0.00629905
0.00629931
0.00631109
0.00631208
0.00631262
0.00631194
0.0063072
0.00631051
0.00630881
0.0063116
0.00631095
0.00631337
0.00631326
0.00631306
0.00631334
0.00631331
0.00631345
0.00631214
0.00631198
0.00631223
0.00631252
0.00631238
0.00631226
0.00627119
0.00627318
0.00629649
0.0062936
0.00626779
0.00626941
0.00630536
0.00630629
0.00630946
0.00630826
0.00630355
0.00630446
0.0063071
0.00630726
0.006303
0.00631081
0.00631065
0.00631051
0.00631093
0.00631079
0.00631094
0.00631032
0.00631012
0.00630999
0.00631038
0.00631025
0.00631044
0.00630266
0.00630687
0.00630697
0.00631109
0.00631124
0.00631073
0.00631181
0.00631176
0.00631162
0.00631201
0.00631188
0.00631194
0.00631131
0.00631121
0.00631108
0.00631149
0.00631135
0.00631144
0.00630959
0.0063107
0.0063109
0.00625794
0.00625722
0.00628744
0.00628851
0.00625942
0.00625867
0.00625096
0.0062518
0.00628499
0.00628422
0.00624954
0.0062502
0.00630501
0.00630502
0.00629723
0.00630894
0.00630872
0.00630861
0.00630894
0.00630883
0.00630905
0.00630849
0.0063083
0.00630819
0.00630851
0.0063084
0.0063086
0.00629709
0.00630503
0.006305
0.00630984
0.00630962
0.0063095
0.00630986
0.00630974
0.00630996
0.00630939
0.00630916
0.00630905
0.00630938
0.00630927
0.0063095
0.00624002
0.00620186
0.0062897
0.00547867
0.00578129
0.00580795
0.00559708
0.00561958
0.00524886
0.00629209
0.00624738
0.00624371
0.00628491
0.0061525
0.00613086
0.00628327
0.00628499
0.00629946
0.00629733
0.00627877
0.00628115
0.00630591
0.00630584
0.00630132
0.00630804
0.00630787
0.00630776
0.00630808
0.00630798
0.00630815
0.00630758
0.00630744
0.00630733
0.00630766
0.00630755
0.00630769
0.00630236
0.006306
0.00630596
0.00576443
0.00552462
0.00550423
0.00568569
0.00565638
0.0058661
0.00626577
0.00626307
0.00629535
0.00572195
0.00596967
0.00598869
0.0058302
0.00585274
0.00554799
0.00587102
0.00617811
0.00618715
0.00615763
0.00616819
0.00584739
0.00629682
0.00627056
0.00626826
0.005533
0.00524241
0.00521977
0.00548004
0.00544736
0.00569461
0.00629632
0.00629694
0.00630274
0.00618807
0.00623463
0.00623008
0.00626027
0.00625713
0.00622029
0.00622486
0.00621923
0.00616206
0.00630253
0.00629481
0.00629561
0.00607581
0.00574888
0.00571341
0.00579355
0.00576258
0.00608304
0.0060911
0.00596262
0.0059519
0.00625111
0.00613531
0.00615404
0.00622186
0.00622601
0.00625833
0.0063024
0.00630248
0.00630191
0.00630358
0.00630303
0.00630297
0.0063026
0.00630318
0.00630291
0.00630373
0.00630346
0.00630285
0.00617303
0.00616897
0.0056148
0.00629789
0.00627852
0.0062787
0.00627812
0.0062789
0.00629843
0.00630316
0.00630427
0.006304
0.0063048
0.00630453
0.00630323
0.00630462
0.00630463
0.0063049
0.00522607
0.00517796
0.00484255
0.00605398
0.00580942
0.0057452
0.00581768
0.00581246
0.00605355
0.00625025
0.00611681
0.00610213
0.00615059
0.00618054
0.0062529
0.00444829
0.00538298
0.00556741
0.00631461
0.00631441
0.00631439
0.00631446
0.00631445
0.00631464
0.00631402
0.00631435
0.00631428
0.00631417
0.00631415
0.00631404
0.00631463
0.00631443
0.00631446
0.00631439
0.0063144
0.0063146
0.00631123
0.00631105
0.00631028
0.00631138
0.00631129
0.00631143
0.006311
0.00631115
0.00631125
0.0063106
0.00630896
0.00630859
0.00630796
0.00630784
0.00630303
0.00630933
0.00630902
0.00630914
0.00630878
0.0063089
0.00630921
0.00630983
0.00630953
0.00630967
0.00630926
0.00630939
0.0063097
0.00630367
0.00630824
0.00630809
0.00624952
0.00625148
0.00628714
0.00629953
0.00629971
0.00630259
0.0062723
0.00629043
0.00628944
0.00629208
0.00629131
0.00627431
0.00628969
0.00621408
0.00617648
0.00621408
0.00621427
0.00628948
0.0053047
0.00594404
0.00593969
0.0063136
0.00631375
0.00631378
0.00631369
0.00631371
0.00631356
0.00631402
0.00631387
0.00631378
0.00631132
0.00631117
0.00631171
0.00631262
0.00631275
0.00631271
0.00631284
0.0063128
0.00631267
0.00631307
0.00631293
0.00631298
0.00631232
0.00631227
0.00631214
0.00631253
0.0063124
0.00631245
0.00631226
0.00631235
0.00631248
0.00630949
0.00630925
0.00630591
0.00631034
0.0063101
0.00631025
0.00630981
0.00630995
0.00631021
0.00631086
0.00631071
0.00631086
0.0063104
0.00631056
0.00631073
0.0063077
0.00630997
0.00630973
0.00628283
0.00628776
0.00630191
0.00616344
0.00625142
0.00623673
0.00627559
0.00626667
0.00621081
0.00606871
0.00619729
0.00619516
0.00620207
0.0061996
0.00607402
0.00629021
0.00626174
0.0062632
0.00625089
0.00628285
0.00628016
0.00628649
0.00628481
0.00625417
0.00630633
0.00629971
0.00630072
0.00630852
0.00630913
0.00630713
0.00631052
0.00631039
0.00631013
0.00630947
0.00630858
0.00630849
0.00630877
0.00630867
0.00630955
0.00630885
0.00630854
0.00630866
0.00630831
0.00630843
0.00630873
0.00630274
0.0063073
0.00630721
0.00625437
0.00625293
0.00628574
0.0060099
0.0061803
0.00618516
0.00616988
0.00617476
0.00598835
0.00625455
0.00625561
0.00628684
0.00604766
0.00618875
0.00618647
0.00619315
0.00619107
0.00605455
0.00595594
0.0061651
0.00616666
0.00616618
0.00616471
0.00596054
0.00628408
0.00624821
0.00624815
0.0063083
0.00630735
0.00630731
0.00630743
0.00630739
0.00630834
0.00630714
0.00630714
0.00630789
0.00629961
0.00630545
0.00630534
0.00630917
0.00630824
0.00630816
0.0063084
0.00630832
0.00630924
0.00630848
0.00630752
0.00630747
0.00630761
0.00630756
0.00630853
0.00628901
0.00629032
0.00630123
0.00623167
0.00626826
0.00626532
0.0062739
0.00627122
0.00623768
0.00629399
0.00627054
0.00627253
0.00630653
0.00630662
0.0063051
0.00630711
0.006307
0.00630689
0.00630722
0.00630711
0.00630723
0.00630661
0.00630654
0.00630642
0.00630677
0.00630666
0.00630675
0.00630514
0.00630635
0.00630644
0.00628103
0.00627965
0.00629848
0.00600781
0.00620951
0.00621572
0.00619531
0.00620272
0.00599429
0.00612972
0.00623066
0.00623476
0.00622122
0.00622617
0.00612081
0.00629907
0.0062834
0.00628228
0.00554628
0.00536302
0.00535509
0.00538506
0.00537237
0.00555693
0.00628821
0.0062876
0.00629961
0.00615984
0.00624486
0.00624763
0.00623849
0.00624183
0.0061533
0.00534771
0.00534059
0.00551844
0.00631377
0.00631372
0.00631363
0.0061452
0.00615261
0.00621074
0.00619417
0.00612971
0.00613805
0.00631368
0.00631378
0.00631382
0.00631394
0.00631383
0.00631379
0.00631353
0.00631345
0.00631356
0.00576506
0.00574876
0.00594412
0.00534376
0.00553972
0.00555425
0.00539844
0.00560629
0.00563093
0.0055689
0.00558568
0.00537718
0.00598547
0.00579718
0.00578071
0.00589702
0.00588408
0.00604215
0.00551278
0.00569928
0.00571433
0.00565675
0.00568029
0.0054923
0.00631326
0.00631318
0.00631309
0.00631337
0.00631328
0.00631334
0.00631286
0.00631265
0.00631251
0.00631298
0.0063128
0.00631297
0.00630836
0.00630816
0.00630996
0.00624621
0.00619856
0.00620667
0.00618482
0.00619086
0.0062421
0.00626027
0.00622335
0.00622786
0.00621365
0.00621891
0.00625739
0.00620213
0.00620781
0.0062473
0.00606417
0.00615245
0.00614387
0.00616631
0.00615976
0.00607572
0.00613453
0.00612525
0.0060133
0.00623494
0.00618983
0.00619608
0.00631027
0.00630645
0.00630739
0.00630386
0.00630548
0.00630968
0.00631232
0.00631131
0.00631191
0.0063086
0.00631007
0.0063119
0.00629528
0.0062725
0.00627487
0.00630439
0.00629025
0.00629999
0.00627797
0.00628293
0.00630111
0.00631277
0.00631225
0.00631031
0.00631306
0.00631287
0.00631306
0.00631229
0.0063126
0.00631293
0.0063121
0.00631175
0.00631151
0.00631261
0.0063125
0.00631261
0.00631181
0.00631227
0.00631244
0.00631193
0.00631209
0.00631149
0.0061052
0.00621714
0.00621407
0.00622694
0.0062211
0.00611037
0.00629764
0.00627558
0.00627868
0.00626471
0.00626623
0.0062927
0.00608943
0.00620686
0.00620457
0.00621145
0.00620909
0.00609297
0.00630168
0.00630262
0.00630781
0.00626189
0.00628965
0.00628808
0.00629271
0.00629119
0.00626428
0.00631014
0.00630946
0.00630932
0.00630987
0.00630964
0.00631024
0.00630332
0.00630752
0.00630792
0.00630666
0.00630677
0.00630258
0.00630979
0.00630898
0.00630887
0.0063092
0.00630908
0.00630988
0.00604396
0.00619223
0.00619343
0.00618861
0.00619077
0.00604211
0.00628708
0.00625645
0.00625555
0.00602234
0.00618015
0.00617772
0.00618435
0.00618232
0.00602906
0.00628539
0.00625267
0.00625357
0.00624846
0.00624895
0.00628404
0.00598992
0.00617097
0.00616855
0.00617534
0.00617314
0.00599739
0.00630813
0.00630721
0.00630718
0.00630727
0.00630724
0.00630817
0.00629739
0.00630504
0.00630507
0.00630522
0.0063051
0.00629747
0.00630798
0.00630713
0.00630713
0.00630715
0.00630714
0.00630802
0.00630891
0.00630795
0.00630789
0.00630809
0.00630802
0.00630897
0.00630868
0.00630772
0.00630766
0.00630783
0.00630777
0.00630874
0.00607439
0.00584051
0.00581285
0.00588181
0.00586314
0.00608795
0.00602168
0.0057292
0.00571105
0.00578218
0.00575298
0.00603414
0.00571517
0.00574696
0.00544306
0.00615938
0.00599216
0.00597344
0.00612093
0.00591573
0.00589863
0.00595377
0.00593401
0.00613086
0.0052848
0.00564729
0.00568047
0.0054249
0.00541974
0.00585314
0.00597624
0.00566114
0.00563049
0.00569605
0.00568087
0.00598904
0.0058927
0.00547605
0.00544223
0.00558373
0.00552723
0.00591508
0.00629996
0.00628641
0.00628772
0.00627435
0.00627643
0.00629651
0.00556686
0.00554459
0.00578348
0.00584486
0.00562437
0.00559346
0.00530386
0.00526823
0.00555994
0.00566187
0.00540263
0.00535119
0.0062709
0.00624206
0.00624583
0.00623273
0.00623762
0.00626844
0.00627993
0.006256
0.00625935
0.00624924
0.00625262
0.00627786
0.00615269
0.00621373
0.00620873
0.00560439
0.00542882
0.00540378
0.00545784
0.00545398
0.0056224
0.00606603
0.00596625
0.0059679
0.00594234
0.00595466
0.00605588
0.00631458
0.00631512
0.00631535
0.00631517
0.00631516
0.00631461
0.00630263
0.00630279
0.00630307
0.00630222
0.00630251
0.00630234
0.00631428
0.00631416
0.00631415
0.0063142
0.00631419
0.00631431
0.00631392
0.00631407
0.00631409
0.00631404
0.006314
0.00631391
0.00631429
0.00631416
0.00631417
0.00631415
0.00631414
0.00631427
0.00631494
0.00631496
0.00631526
0.00631438
0.00631467
0.00631477
0.00631117
0.00631157
0.0063114
0.00630294
0.0063066
0.00630652
0.00624934
0.00627797
0.00627611
0.0062814
0.00627969
0.00625203
0.00630265
0.00629539
0.00629614
0.00631246
0.00631233
0.00631223
0.0063044
0.00630899
0.00630842
0.00630999
0.0063095
0.00630529
0.00631264
0.00631278
0.00631288
0.00631257
0.00631268
0.0063125
0.00631285
0.0063128
0.00631271
0.00630924
0.00631005
0.00631058
0.00629637
0.00630547
0.00630327
0.00630775
0.00630685
0.00630019
0.00630879
0.0063101
0.00631023
0.00630711
0.00630702
0.00630275
0.00630837
0.00630808
0.0063082
0.00630786
0.00630797
0.00630824
0.0060599
0.00620532
0.00620878
0.00620022
0.00620244
0.00605187
0.00629012
0.00626297
0.00626194
0.00610179
0.0062196
0.00622262
0.00621244
0.00621589
0.00609363
0.0063057
0.00630567
0.00630037
0.00630575
0.00630585
0.00630505
0.0063063
0.00630618
0.00630624
0.00618179
0.00625462
0.00625657
0.00625017
0.00625249
0.00617695
0.00629972
0.00628925
0.00628876
0.00627922
0.00629332
0.00629275
0.00629417
0.00629379
0.00628047
0.00555966
0.00575215
0.00576633
0.00572717
0.00573938
0.00554745
0.00606529
0.00591946
0.00590856
0.00631471
0.00631454
0.00631456
0.00631449
0.00631451
0.00631468
0.00631418
0.00631434
0.00631432
0.0063136
0.00631356
0.00631347
0.00631375
0.00631365
0.00631369
0.00631353
0.00631358
0.00631368
0.00629685
0.00629752
0.00630319
0.00626193
0.00628484
0.00628314
0.00628779
0.00628641
0.00626511
0.00631319
0.0063133
0.00631333
0.00631284
0.00631314
0.00631299
0.00627164
0.00629604
0.00629429
0.00630059
0.0062981
0.00627549
0.00630981
0.00630726
0.00630827
0.00631092
0.00631137
0.00631148
0.00631036
0.00631051
0.00630928
0.00626104
0.00626021
0.00628888
0.00604277
0.00619707
0.0061985
0.00619459
0.00619578
0.00604235
0.00612075
0.00623008
0.0062327
0.00622526
0.00622777
0.00611655
0.00630094
0.00630579
0.00630573
0.00630604
0.00630602
0.00630256
0.0059227
0.00594763
0.00568493
0.00557339
0.00587356
0.00589876
0.00624495
0.00623987
0.0061946
0.00626247
0.00626528
0.00628508
0.00621471
0.00625357
0.00624949
0.00598259
0.00597298
0.0060969
0.00563732
0.00581284
0.00582639
0.00578188
0.00579771
0.00561722
0.00569118
0.00586936
0.00588155
0.00584262
0.00585664
0.00567977
0.00610623
0.006179
0.00617266
0.00619098
0.00618522
0.006117
0.00626048
0.0062299
0.00623352
0.00555926
0.00538747
0.00541218
0.00539806
0.00539097
0.00556405
0.00483907
0.00517192
0.00517518
0.00528406
0.00531932
0.00445534
0.00607702
0.00587243
0.00577736
0.00595329
0.00592823
0.00607206
0.00631436
0.00631426
0.00631427
0.00631421
0.00631423
0.00631434
0.006314
0.00631412
0.00631409
0.00632125
0.00632124
0.00632235
0.00632124
0.00632124
0.00632234
0.00632124
0.00632124
0.00632234
0.00632125
0.00632125
0.00632235
0.00631905
0.00631905
0.00632015
0.00631905
0.00631905
0.00632015
0.00631684
0.00631684
0.00631795
0.00631788
0.00631788
0.00631845
0.00631787
0.00631787
0.00631844
0.00631688
0.00631688
0.00631797
0.00631466
0.00631466
0.00631575
0.00631566
0.00631566
0.00631622
0.00631611
0.0063161
0.00631641
0.00631472
0.00631472
0.0063158
0.00631249
0.0063125
0.00631358
0.00631393
0.00631397
0.00631424
0.0063126
0.00631259
0.00631365
0.00631035
0.00631037
0.00631143
0.00631187
0.0063119
0.00631214
0.00631051
0.00631048
0.00631153
0.00630821
0.00630824
0.00630931
0.00630996
0.00630997
0.0063102
0.00630843
0.00630838
0.00630943
0.00630606
0.00630611
0.00630718
0.00630806
0.00630805
0.00630829
0.00630635
0.00630627
0.00630733
0.00630392
0.00630397
0.00630505
0.00630512
0.00630516
0.00630569
0.00630607
0.00630606
0.00630632
0.00630424
0.00630415
0.00630521
0.00630175
0.00630181
0.0063029
0.00630297
0.006303
0.00630355
0.00630353
0.00630354
0.00630381
0.0063021
0.00630201
0.00630308
0.00629955
0.0062996
0.00630072
0.00630073
0.00630076
0.00630131
0.00516357
0.00584404
0.0058391
0.00630116
0.00630121
0.00630177
0.00629995
0.00629986
0.00630093
0.00629734
0.00629741
0.0062985
0.00629845
0.00629757
0.00629833
0.00598069
0.00628757
0.00628804
0.00629894
0.006299
0.00629956
0.00629775
0.00629764
0.00629873
0.00629527
0.00629524
0.00629633
0.00629563
0.00629566
0.00629675
0.00629308
0.006293
0.00629411
0.0062883
0.00597354
0.00597298
0.00615366
0.00629316
0.00629429
0.00629345
0.0062935
0.0062946
0.00630409
0.00630436
0.00630435
0.0063026
0.00630258
0.00630229
0.00631438
0.00631467
0.00631468
0.00631641
0.00631611
0.00631611
0.00631253
0.00631256
0.0063123
0.0063124
0.00631265
0.00631261
0.00631049
0.00631051
0.00631026
0.00631204
0.00631178
0.00631175
0.00631044
0.00631068
0.00631067
0.0063085
0.0063085
0.00630825
0.00631001
0.00630976
0.00630975
0.00630853
0.00630877
0.00630877
0.00630799
0.00630774
0.00630775
0.00630315
0.00630628
0.0063062
0.00630657
0.00630682
0.00630683
0.00550548
0.00550623
0.0050399
0.006302
0.00630172
0.00630173
0.00631301
0.00631287
0.00631283
0.00631196
0.00631203
0.00631198
0.00631157
0.00631178
0.00631187
0.00630379
0.0063061
0.00630609
0.00630609
0.00630607
0.0063032
0.0063053
0.00630542
0.00630484
0.00629968
0.00629077
0.00629046
0.0062901
0.0062897
0.00629973
0.00630007
0.00630013
0.00630227
0.00631325
0.00631329
0.00631315
0.00631416
0.00631401
0.00631398
0.00630409
0.00630462
0.00630459
0.00630347
0.00630479
0.00630469
0.0063054
0.00630531
0.00630353
0.00630283
0.00630288
0.00630234
0.00630396
0.00630343
0.00630337
0.00631398
0.00631402
0.00631417
0.00631315
0.00631329
0.00631325
0.00630348
0.00630559
0.0063055
0.00630611
0.00630603
0.0063033
0.00630462
0.00630507
0.00630519
0.00630431
0.00630444
0.00630415
0.00630382
0.00630405
0.00630418
0.00631531
0.00631514
0.00631514
0.00631422
0.00631438
0.00631439
0.00631514
0.00631514
0.00631531
0.00631392
0.00631396
0.00631405
0.00623492
0.00626572
0.00626314
0.00627688
0.00627541
0.00625272
0.00591578
0.00608396
0.00609413
0.00600505
0.00601987
0.00580187
0.00630189
0.00630246
0.00630243
0.00630299
0.00630326
0.00630326
0.00631408
0.00631418
0.00631419
0.00626081
0.00627946
0.00627825
0.00631351
0.00631356
0.00631347
0.00631407
0.00631398
0.00631396
0.00603394
0.00614852
0.00615453
0.00610357
0.00611203
0.00596639
0.00631626
0.00631571
0.00631572
0.00630314
0.00630286
0.00630287
0.00631528
0.00631499
0.006315
0.00631432
0.00631448
0.00631445
0.0063119
0.00631185
0.00631198
0.00631157
0.00631171
0.00631177
0.00630788
0.00630763
0.00630774
0.0063074
0.00630752
0.00630776
0.00631242
0.00631238
0.00631252
0.00631212
0.00631225
0.00631229
0.00630611
0.00630606
0.00630594
0.00630216
0.00630017
0.00630017
0.00631414
0.00631423
0.00631422
0.00631734
0.00631734
0.00631676
0.00631673
0.00631731
0.00631731
0.0063173
0.0063173
0.00631671
0.00631844
0.00631787
0.00631787
0.0063167
0.00631729
0.0063173
0.00631732
0.00631731
0.00631674
0.00631845
0.00631788
0.00631789
0.00631678
0.00631734
0.00631735
0.00631455
0.0063151
0.00631511
0.00631531
0.00631507
0.00631452
0.00631619
0.00631563
0.00631561
0.00631584
0.00631583
0.00631553
0.00631548
0.00631579
0.0063158
0.00631581
0.00631581
0.0063155
0.0063164
0.00631611
0.00631612
0.00631343
0.0063137
0.00631366
0.00631141
0.00631165
0.00631162
0.00630949
0.00630973
0.00630972
0.00630756
0.00630781
0.00630781
0.00630554
0.0063058
0.00630581
0.00630013
0.00630022
0.00629966
0.00630133
0.00630077
0.00630069
0.00629997
0.00630082
0.00630054
0.00630138
0.0063011
0.00630025
0.00586691
0.00585564
0.00520924
0.00621942
0.00609806
0.00610439
0.00609749
0.00609704
0.00621974
0.00630013
0.00630067
0.00630062
0.00630064
0.0063007
0.00630015
0.00630179
0.00630125
0.0063012
0.00629911
0.00629856
0.00629848
0.0062959
0.00629675
0.0062979
0.00567092
0.00623615
0.00623319
0.00624399
0.00623995
0.00566672
0.00628654
0.00628707
0.00598666
0.00629837
0.00629812
0.00629756
0.00629924
0.00629868
0.00629893
0.0063123
0.00631243
0.0063124
0.00631054
0.00631059
0.00631071
0.00631036
0.00631047
0.00631042
0.00631201
0.00631205
0.00631218
0.0063118
0.00631193
0.00631188
0.00630869
0.00630873
0.00630884
0.00630849
0.00630861
0.00630857
0.00631006
0.00631012
0.00631024
0.00630989
0.00631001
0.00630995
0.00630822
0.00630825
0.00630837
0.00630801
0.00630813
0.00630811
0.00630121
0.00630197
0.00630166
0.00630263
0.00630234
0.00630181
0.00630241
0.00630242
0.00630271
0.00517707
0.00517852
0.00484845
0.00458404
0.00530605
0.00528141
0.00631477
0.00631464
0.00631435
0.00631523
0.00631493
0.00631493
0.00631497
0.00631496
0.00631526
0.00631612
0.00631611
0.00631642
0.0063155
0.00631581
0.00631581
0.00631579
0.0063158
0.00631548
0.00631616
0.00631616
0.00631645
0.00631556
0.00631586
0.00631586
0.00631587
0.00631587
0.00631558
0.00631309
0.00631283
0.00631279
0.00631361
0.00631364
0.00631336
0.00631307
0.00631313
0.00631321
0.00631297
0.00631305
0.00631298
0.00631287
0.00631291
0.00631317
0.00631102
0.00631076
0.00631074
0.0063115
0.00631153
0.00631127
0.0063109
0.00631092
0.00631116
0.00630901
0.00630876
0.00630875
0.0063095
0.00630951
0.00630926
0.00630901
0.00630901
0.00630925
0.00630697
0.00630671
0.00630673
0.00630749
0.00630748
0.00630723
0.00630644
0.00630636
0.00630309
0.00630739
0.00630718
0.00630729
0.00630695
0.00630706
0.00630726
0.00630708
0.00630707
0.00630732
0.00628093
0.00629482
0.00629394
0.00629629
0.0062956
0.0062826
0.00593495
0.0059309
0.00533085
0.00628861
0.00621139
0.00621301
0.0060584
0.00582421
0.00582158
0.00582577
0.00582589
0.00605931
0.00504581
0.00550583
0.00550523
0.00627909
0.00627942
0.00629722
0.00568155
0.00617955
0.00617658
0.00630141
0.00630165
0.00630193
0.00630106
0.00630135
0.00630103
0.00631265
0.00631279
0.00631282
0.00631269
0.00631273
0.0063126
0.00631256
0.00631275
0.00631264
0.00631293
0.00631285
0.00631274
0.00631102
0.00631107
0.00631119
0.00631083
0.00631095
0.0063109
0.00631158
0.00631168
0.00631139
0.00631151
0.00631155
0.00631168
0.00631131
0.00631143
0.00631138
0.00630914
0.00630919
0.00630931
0.00630896
0.00630908
0.00630903
0.0063096
0.00630966
0.00630977
0.00630943
0.00630954
0.00630949
0.00619146
0.00625985
0.00626184
0.00625581
0.00625787
0.00618638
0.00617155
0.00625162
0.00625378
0.00624676
0.00624931
0.00616604
0.00630727
0.00630728
0.0063074
0.0063061
0.0063061
0.00630395
0.00630302
0.00630606
0.00630605
0.00630775
0.00630777
0.00630789
0.00630753
0.00630765
0.00630763
0.00628703
0.00629749
0.00629692
0.00629844
0.00629799
0.0062883
0.00630559
0.00630556
0.00630544
0.00630581
0.00630569
0.00630573
0.00630491
0.00630553
0.00630564
0.00629119
0.00629103
0.00629963
0.00619782
0.00626138
0.00626245
0.00625834
0.00625995
0.00619429
0.00617412
0.00624678
0.00624719
0.00626099
0.00625066
0.00617881
0.00630013
0.00629998
0.00630179
0.00628181
0.00629421
0.00629437
0.00629433
0.00629418
0.00628202
0.00631357
0.00631343
0.00631339
0.00631383
0.00631386
0.00631372
0.006305
0.0063049
0.0063035
0.00630353
0.00630521
0.00630511
0.00631372
0.00631387
0.00631383
0.00631338
0.00631335
0.00631321
0.00631363
0.00631349
0.00631352
0.00631339
0.00631343
0.00631358
0.00630577
0.00630569
0.00630345
0.00630334
0.00630595
0.00630586
0.00630482
0.00630495
0.00630453
0.00630425
0.00630458
0.0063047
0.00631516
0.00631516
0.00631532
0.00631482
0.00631499
0.00631499
0.00631497
0.00631497
0.0063148
0.00631502
0.00631502
0.00631485
0.00631432
0.00631435
0.00631418
0.00631469
0.00631452
0.0063145
0.00631455
0.00631454
0.00631471
0.00631518
0.00631518
0.00631535
0.00631485
0.00631502
0.00631502
0.00631504
0.00631504
0.00631488
0.00631479
0.00631497
0.00631497
0.00631499
0.00631499
0.00631481
0.00631532
0.00631516
0.00631516
0.00631342
0.00631344
0.00631352
0.00631329
0.00631337
0.00631333
0.00631377
0.00631386
0.00631382
0.00627248
0.00629061
0.00628924
0.00629295
0.00629182
0.00627477
0.00627015
0.00626809
0.00623916
0.00624964
0.00627378
0.00627207
0.00631149
0.0063122
0.006312
0.00631251
0.00631236
0.0063118
0.00630836
0.00631096
0.00631048
0.00631175
0.0063114
0.00630955
0.00626375
0.00626554
0.00620675
0.0061448
0.00624097
0.00624398
0.00623515
0.00623813
0.00613742
0.00606001
0.00607242
0.00589424
0.00582421
0.0060335
0.00604707
0.00573619
0.0059136
0.00592467
0.00589241
0.00590371
0.00572471
0.0057912
0.00595403
0.0059561
0.00593459
0.00594534
0.00577745
0.00614295
0.00620347
0.00619759
0.00621124
0.00620829
0.0061498
0.00627156
0.00629342
0.0062944
0.00590766
0.00588682
0.00572506
0.00615104
0.0062075
0.0062075
0.00631441
0.00631452
0.00631452
0.0063145
0.0063145
0.00631439
0.00631413
0.00631415
0.00631405
0.00631436
0.00631425
0.00631424
0.00631444
0.00631454
0.00631454
0.00631439
0.0063145
0.0063145
0.00631451
0.0063145
0.0063144
0.00624793
0.00624855
0.00617767
0.00631373
0.00631364
0.0063136
0.00631387
0.0063139
0.00631381
0.00613491
0.00614186
0.0060212
0.00598053
0.00612007
0.00612764
0.00632344
0.00632344
0.00632454
0.00632344
0.00632344
0.00632454
0.00632344
0.00632344
0.00632454
0.00632345
0.00632345
0.00632454
0.00632125
0.00632125
0.00632235
0.00632125
0.00632125
0.00632235
0.00631904
0.00631906
0.00632016
0.00631906
0.00631906
0.00632015
0.00631791
0.00631791
0.00631847
0.00631576
0.00631576
0.00631631
0.00631361
0.00631362
0.00631415
0.00631154
0.00631154
0.00631206
0.00630953
0.00630951
0.00631001
0.00630751
0.00630746
0.00630797
0.00630545
0.00630537
0.00630589
0.00630395
0.00630391
0.00630417
0.00630333
0.00630323
0.00630376
0.00630123
0.00630123
0.00630151
0.00629853
0.00629856
0.00629911
0.00629516
0.00629523
0.00629632
0.00629557
0.00629544
0.00629653
0.00629308
0.00629305
0.00629414
0.00629344
0.00629346
0.00629456
0.0062909
0.00629075
0.00629188
0.00628527
0.00597566
0.00597396
0.00615569
0.00629088
0.00629202
0.00629125
0.00629129
0.00629239
0.00630179
0.0063021
0.0063021
0.00631419
0.00631391
0.00631388
0.00630647
0.00630644
0.00630619
0.00630446
0.00630472
0.00630476
0.00533915
0.00592848
0.00592777
0.00618407
0.00618207
0.00570019
0.00628336
0.00628331
0.00629652
0.00630164
0.00629985
0.00629978
0.00630434
0.00630431
0.00630404
0.00630592
0.00630566
0.00630568
0.00630324
0.00630337
0.00630322
0.00630301
0.00630385
0.00630373
0.00630457
0.00630446
0.00630334
0.00631451
0.00631479
0.00631477
0.00631901
0.00631957
0.00631957
0.00631957
0.00631957
0.00631901
0.00631901
0.00631957
0.00631957
0.00631957
0.00631957
0.00631901
0.00631679
0.00631735
0.00631735
0.00631847
0.0063179
0.0063179
0.006317
0.006317
0.00631671
0.00631671
0.00631701
0.00631701
0.00631737
0.00631737
0.00631681
0.00631515
0.00631515
0.00631461
0.00631473
0.00631475
0.00631447
0.00631556
0.00631585
0.00631585
0.00631644
0.00631614
0.00631614
0.00631468
0.00631522
0.00631521
0.00631298
0.00631299
0.00631245
0.00631406
0.00631352
0.00631352
0.00631257
0.00631309
0.00631308
0.00631087
0.00631087
0.00631034
0.00631192
0.00631139
0.00631139
0.00631172
0.00631169
0.00631145
0.00631219
0.00631194
0.00631197
0.00631052
0.00631103
0.00631103
0.00630879
0.00630877
0.00630825
0.00630982
0.00630929
0.00630931
0.00630976
0.00630975
0.00630951
0.00631023
0.00630999
0.00631
0.00630849
0.006309
0.00630902
0.0063067
0.00630666
0.00630613
0.00630772
0.00630719
0.00630723
0.00630779
0.00630781
0.00630757
0.0063083
0.00630806
0.00630805
0.00630642
0.00630694
0.006307
0.00630559
0.00630506
0.00630512
0.00630431
0.00630483
0.00630493
0.00630336
0.00630362
0.00630368
0.00629966
0.00630021
0.00630018
0.00630067
0.00630095
0.00630095
0.00629793
0.00629801
0.00629746
0.00629788
0.00629844
0.00629839
0.00631254
0.00631256
0.00631268
0.00630678
0.00630679
0.00630691
0.00631445
0.00631446
0.00631431
0.00631273
0.0063127
0.00631245
0.00631322
0.00631296
0.00631298
0.00631073
0.00631071
0.00631047
0.0063112
0.00631096
0.00631098
0.00630878
0.00630879
0.00630855
0.00630927
0.00630903
0.00630903
0.00630678
0.00630681
0.00630656
0.00630732
0.00630707
0.00630704
0.00630503
0.006305
0.00630526
0.00630026
0.00629998
0.00629912
0.00620659
0.00620944
0.00628818
0.00629701
0.00627966
0.00627986
0.0063002
0.00630051
0.00630079
0.00630145
0.00630144
0.00630115
0.00631296
0.00631293
0.00631306
0.00630704
0.00630715
0.00630715
0.00629734
0.00628534
0.00629052
0.0063135
0.00631349
0.00631363
0.0063132
0.00631335
0.00631337
0.00630485
0.00630458
0.00630461
0.00630542
0.00630538
0.00630512
0.00631395
0.00631393
0.00631378
0.00631423
0.00631407
0.00631409
0.00630639
0.00630625
0.00630636
0.0063069
0.00630672
0.00630683
0.00630648
0.0063066
0.00630677
0.00630507
0.00630505
0.00630492
0.00630531
0.00630518
0.00630521
0.00630479
0.00630466
0.00630468
0.00630378
0.00630391
0.00630371
0.00630335
0.00630351
0.00630364
0.00631487
0.00631503
0.00631503
0.00631534
0.00631518
0.00631518
0.0063041
0.00630398
0.00630309
0.00630329
0.00630434
0.00630422
0.00631506
0.00631508
0.00631536
0.00631461
0.00631463
0.00631478
0.00631671
0.00631701
0.00631701
0.006317
0.006317
0.0063167
0.00631532
0.00631503
0.00631502
0.00631477
0.00631462
0.00631461
0.00632345
0.00632345
0.00632454
0.00632345
0.00632345
0.00632454
0.00632125
0.00632125
0.00632235
0.00631906
0.00631906
0.00632015
0.00631685
0.00631685
0.00631794
0.00631791
0.00631792
0.00631848
0.00631689
0.00631688
0.00631797
0.00631467
0.00631467
0.00631576
0.00631615
0.00631615
0.00631645
0.00631472
0.00631472
0.0063158
0.0063125
0.00631251
0.00631359
0.00631258
0.00631257
0.00631364
0.00631033
0.00631035
0.00631143
0.00631046
0.00631043
0.0063115
0.00630817
0.0063082
0.00630927
0.00630834
0.0063083
0.00630936
0.00630601
0.00630605
0.00630713
0.00630622
0.00630616
0.00630723
0.00630385
0.0063039
0.00630497
0.0063041
0.00630401
0.00630509
0.00630168
0.00630173
0.00630282
0.00630195
0.00630185
0.00630293
0.00630116
0.00630105
0.00630159
0.00629978
0.00629968
0.00630076
0.00629623
0.00629401
0.00629502
0.0060057
0.00628539
0.00628599
0.00629337
0.00629323
0.00629433
0.00631646
0.00631617
0.00631617
0.00630225
0.00630252
0.00630258
0.00630376
0.00630349
0.00630352
0.00631958
0.00631958
0.00631903
0.00631903
0.00631958
0.00631958
0.00631736
0.00631736
0.0063168
0.00631849
0.00631793
0.00631793
0.00631686
0.0063174
0.0063174
0.00631625
0.0063157
0.0063157
0.00631564
0.00631592
0.00631592
0.00631377
0.00631376
0.00631349
0.0063143
0.00631403
0.00631404
0.00630458
0.00630452
0.00630399
0.00630574
0.00630579
0.00630553
0.0063063
0.00630605
0.00630601
0.00630242
0.00630235
0.0063018
0.00630344
0.0063029
0.00630297
0.00630214
0.00630268
0.00630279
0.00629959
0.00629903
0.00629897
0.00623169
0.00623082
0.00568753
0.006297
0.00629644
0.0062967
0.00630286
0.00630281
0.00630307
0.00630325
0.00630321
0.00630294
0.0063159
0.0063159
0.00631561
0.00599468
0.00499901
0.00321629
0.00598511
0.00498146
0.00318362
0.00587444
0.00480289
0.00302079
0.00586786
0.0047921
0.0030251
0.00343647
0.00248686
0.00181905
0.00630286
0.00610384
0.00447809
0.00609132
0.00521744
0.00310808
0.0060599
0.00513869
0.00303141
0.00342994
0.00248482
0.00181846
0.00457001
0.00370947
0.00252899
0.0062995
0.00606635
0.00438568
0.0060309
0.00504793
0.00320755
0.00603625
0.00505723
0.003206
0.00594363
0.00491225
0.00314316
0.00594047
0.0049125
0.00315866
0.00579429
0.00468285
0.00296653
0.00580538
0.00469897
0.00298849
0.00443334
0.00335713
0.00207911
0.00446849
0.00352497
0.00214048
0.0043607
0.00365693
0.00251683
0.00631232
0.00626276
0.00537539
0.00617929
0.00542368
0.00331122
0.00619813
0.00548852
0.00335762
0.00617392
0.00540172
0.00329128
0.0060073
0.00501173
0.0031904
0.00597022
0.00495951
0.00318755
0.00590566
0.00485507
0.00309475
0.00583372
0.00474605
0.00298038
0.00555783
0.00436871
0.00281485
0.00630102
0.00604263
0.00441735
0.00340078
0.0024691
0.00181603
0.0043685
0.00343885
0.00213656
0.00446419
0.00355188
0.00216923
0.00482312
0.00355908
0.00230486
0.00438561
0.00299504
0.00194409
0.0044618
0.00305096
0.00196064
0.00455683
0.00312416
0.00197726
0.00449632
0.00307877
0.0019659
0.00469788
0.0032379
0.00200775
0.00458398
0.00314558
0.00198376
0.00467605
0.00322053
0.0020023
0.00436897
0.00298373
0.00194121
0.00429338
0.0029305
0.00192904
0.00420154
0.00287302
0.00191516
0.00427103
0.00291606
0.00192458
0.00400132
0.00276672
0.00188668
0.00407363
0.00280011
0.00189595
0.0041737
0.00285552
0.00190965
0.00410617
0.00282016
0.00190129
0.0039689
0.00274791
0.00188297
0.00345716
0.00247286
0.00181295
0.00340176
0.00245577
0.00181004
0.0043032
0.00327633
0.0020716
0.00620296
0.00550935
0.00337615
0.00622246
0.00558796
0.0034753
0.00622714
0.00561151
0.00351025
0.006014
0.0050267
0.00320498
0.00605549
0.00509525
0.0032438
0.00596422
0.00494787
0.00317547
0.00591069
0.00486161
0.00309062
0.00576841
0.00464606
0.00293392
0.00582568
0.00472926
0.00297248
0.00546216
0.00424357
0.00269454
0.00551239
0.00430394
0.00279491
0.00547364
0.00425796
0.00270943
0.0055439
0.00435381
0.00278162
0.00551872
0.00431237
0.00279959
0.00529224
0.00402333
0.00255011
0.00516973
0.00388473
0.00243234
0.00515094
0.00386801
0.00241018
0.0048021
0.00354387
0.00228816
0.00473719
0.00350329
0.00234023
0.00608527
0.00515628
0.00324006
0.00608938
0.00516112
0.00321975
0.00599785
0.00499917
0.00320186
0.00607979
0.00514417
0.00323666
0.00607188
0.00512442
0.0032106
0.00597865
0.00496802
0.00317183
0.00588231
0.00482003
0.003033
0.00573989
0.00460088
0.00296214
0.00574499
0.00460431
0.00295018
0.00586266
0.00478637
0.00303717
0.00572791
0.00458569
0.00293379
0.00571562
0.00457021
0.00290907
0.00348329
0.00253865
0.00183482
0.0034711
0.00254634
0.00183644
0.00344021
0.00248558
0.00181874
0.00349274
0.00253222
0.00183346
0.00349993
0.00253448
0.00183433
0.00630444
0.00612318
0.00456738
0.00509815
0.00381173
0.00246507
0.00507996
0.0037977
0.00242617
0.00612123
0.00529495
0.00318557
0.00623908
0.00569002
0.00371909
0.00603486
0.00507429
0.00296385
0.00342095
0.00248041
0.00181713
0.00457517
0.00370312
0.00246716
0.00629627
0.00603406
0.00429194
0.00612012
0.00524015
0.00326129
0.0060267
0.00504407
0.00322063
0.00604271
0.00507186
0.0032174
0.0059484
0.00491792
0.00313686
0.00592658
0.00489153
0.0031231
0.00578679
0.00466885
0.0029621
0.00581281
0.00471151
0.00299268
0.0056767
0.00452181
0.00289881
0.00511062
0.00382386
0.0024986
0.0051231
0.00384117
0.0024508
0.0063123
0.00625976
0.0052593
0.00631162
0.00623751
0.00509409
0.00444981
0.00341379
0.00209423
0.00446192
0.00347766
0.00211181
0.00618888
0.00545351
0.00334913
0.00619371
0.00547205
0.00335853
0.00616646
0.00537718
0.00331272
0.00610053
0.0051866
0.00321201
0.00609448
0.00517108
0.00320876
0.0060019
0.00500253
0.00319004
0.00605854
0.00509758
0.00323486
0.0060662
0.00511068
0.00320482
0.00597369
0.0049609
0.00317453
0.00589501
0.00483807
0.00306442
0.00575788
0.00462458
0.00294593
0.00575143
0.00461195
0.00294157
0.00584563
0.00476305
0.00300567
0.00569927
0.00454274
0.00290257
0.0057068
0.00455484
0.00290014
0.00558023
0.00439063
0.00285404
0.00557385
0.00438573
0.00285398
0.00343531
0.00249235
0.00182218
0.00345515
0.00252175
0.00183076
0.00342655
0.00247305
0.00181603
0.0034884
0.00254939
0.00183971
0.00350098
0.00254232
0.00183667
0.0034192
0.00255952
0.00184912
0.00441616
0.00352178
0.0021913
0.00444732
0.00355394
0.00219187
0.00630681
0.00615397
0.00469741
0.00503554
0.00375557
0.00247752
0.00505036
0.00377246
0.0024434
0.00506378
0.00378411
0.00242362
0.00617572
0.00546439
0.0034068
0.00613903
0.00534921
0.00326118
0.00619744
0.00553713
0.00350227
0.0062157
0.00560549
0.00360989
0.00599564
0.00497837
0.00286293
0.00530721
0.00386426
0.00221808
0.00440669
0.0030097
0.00194829
0.00443191
0.00302778
0.00195387
0.00453387
0.00310621
0.00197215
0.00451534
0.00309187
0.00196848
0.00461582
0.0031719
0.00199143
0.00465252
0.00320293
0.00199786
0.00435271
0.00297417
0.00193946
0.00432069
0.00295001
0.00193491
0.00423436
0.00289569
0.00191995
0.00425394
0.00290642
0.00192193
0.00402173
0.00277412
0.0018882
0.00404579
0.00278543
0.00189133
0.00415093
0.00284289
0.00190581
0.00413441
0.00283667
0.00190429
0.00393651
0.00272996
0.00187792
0.0034106
0.0024719
0.00181475
0.00423136
0.00303924
0.00199768
0.00621853
0.00557014
0.00346032
0.00620804
0.00553209
0.00341302
0.00623381
0.00564151
0.00355899
0.00610753
0.00520789
0.00323295
0.00611535
0.00522903
0.00326167
0.00602367
0.00504471
0.00323883
0.00605156
0.0050905
0.00324832
0.00595488
0.00493067
0.00314622
0.00591742
0.00487446
0.0030979
0.00578005
0.00465967
0.00296107
0.00581846
0.00471769
0.00297847
0.00569231
0.00453627
0.0029128
0.00568733
0.00453444
0.00292375
0.00566432
0.00450136
0.00290176
0.00545401
0.00423081
0.00269598
0.00550494
0.00429027
0.0027794
0.00548795
0.00427283
0.00274075
0.00552593
0.0043266
0.00276364
0.00553314
0.00433938
0.00276458
0.00519033
0.00390635
0.00245994
0.00513534
0.00385341
0.00242006
0.0047806
0.00352965
0.00232414
0.00475841
0.00351552
0.00232243
0.00631317
0.00628358
0.00554002
0.00631361
0.00629699
0.00575317
0.0063136
0.00629662
0.00575845
0.00428477
0.00317229
0.00204674
0.00433932
0.00328955
0.00213993
0.00578637
0.00457223
0.00257142
0.00549777
0.00412081
0.00233043
0.0058231
0.00463716
0.00261123
0.0054454
0.0040509
0.00230408
0.0036296
0.00257082
0.00183754
0.00352864
0.00251694
0.00182424
0.00344277
0.00247522
0.00181438
0.00351198
0.00250831
0.00182213
0.00344109
0.00247686
0.00181483
0.00475102
0.00371935
0.00271973
0.00627548
0.00586129
0.00387194
0.00626836
0.00582167
0.00380901
0.00524475
0.0039664
0.00252277
0.00534743
0.00408518
0.00263506
0.00533876
0.00407181
0.00262344
0.00523588
0.00395426
0.00252181
0.00521078
0.0039286
0.00249288
0.00630773
0.00613062
0.00466418
0.0063095
0.00617835
0.00480645
0.00401666
0.00328739
0.00256623
0.00491425
0.00363307
0.00229418
0.00408282
0.00286435
0.00193094
0.00407833
0.0028231
0.00191923
0.00408429
0.00276616
0.00190458
0.00414821
0.00294989
0.00196392
0.00446966
0.00352099
0.00225703
0.006157
0.00534528
0.00328752
0.00558659
0.00439783
0.00285703
0.00559411
0.00441198
0.00282519
0.00562844
0.00445522
0.00289282
0.00477232
0.00364716
0.00233683
0.00627402
0.00585676
0.00402306
0.00385264
0.00310601
0.00204267
0.00630978
0.00620815
0.00494951
0.00630807
0.00618029
0.00480379
0.00499445
0.00371835
0.00242369
0.004889
0.00361062
0.00226623
0.00498069
0.00370634
0.00241213
0.00496495
0.00368661
0.00240103
0.00625162
0.00574636
0.00382352
0.00561688
0.00429658
0.00241724
0.00566112
0.0043639
0.00245013
0.00595971
0.00490436
0.00281249
0.00592558
0.00483415
0.00275762
0.00359501
0.00255076
0.00183311
0.00357653
0.00253958
0.00182996
0.00345202
0.00247385
0.00181355
0.00338221
0.00243817
0.00180575
0.00413456
0.00319344
0.00203492
0.0039955
0.00339842
0.00212828
0.00414906
0.00338833
0.0021653
0.00410959
0.00278639
0.0019122
0.0041482
0.00296668
0.00197233
0.00450579
0.00358085
0.00230862
0.00628648
0.00594538
0.00406353
0.00628893
0.00596564
0.00412581
0.00613329
0.00527744
0.00326122
0.00614841
0.00532172
0.00325199
0.0061251
0.00525483
0.00327607
0.00565678
0.00448781
0.00288837
0.00563592
0.0044635
0.00289824
0.0052797
0.00400934
0.00252913
0.00476714
0.00363518
0.00230372
0.00439879
0.00323669
0.00204523
0.0042255
0.00303657
0.0019911
0.00438796
0.00338319
0.00218802
0.00473498
0.00354214
0.00231618
0.00472628
0.00348969
0.00222957
0.00474453
0.0035881
0.00236028
0.00475026
0.00361517
0.00235814
0.00573842
0.00448384
0.00250924
0.00423841
0.00304092
0.00199046
0.00427213
0.00306942
0.00199823
0.00554074
0.00418056
0.00235698
0.00586773
0.00471556
0.00265572
0.00539842
0.00398815
0.00227793
0.00512529
0.00365662
0.00214341
0.00516777
0.00370445
0.00216355
0.00484086
0.00337053
0.00204287
0.0048653
0.00339139
0.00204938
0.00508874
0.00361463
0.00212581
0.00505914
0.00358455
0.00211214
0.00479981
0.003332
0.00203534
0.00476727
0.00330274
0.00202695
0.00363709
0.00257672
0.00183926
0.00366455
0.00258777
0.00184185
0.00380047
0.0026567
0.00185895
0.00378257
0.00264841
0.00185696
0.00382064
0.0026662
0.0018614
0.00384352
0.00267851
0.00186497
0.00362199
0.00256758
0.00183709
0.00354384
0.0025243
0.0018261
0.00344577
0.00247555
0.00181425
0.00349187
0.00249775
0.00181954
0.00343211
0.00247028
0.00181304
0.00416679
0.0029796
0.00197234
0.00420303
0.00301516
0.00198294
0.00627833
0.00588031
0.00390759
0.00628124
0.0059019
0.00396609
0.00626274
0.00578523
0.00375407
0.00544043
0.00420311
0.00272573
0.00544689
0.00421336
0.002732
0.00525544
0.00398007
0.00252235
0.00543299
0.00419202
0.00271692
0.00541451
0.00417365
0.00267703
0.00535624
0.00409854
0.00264151
0.0053258
0.0040584
0.00259126
0.0047593
0.0037338
0.00259026
0.00441695
0.00328138
0.00205776
0.00435361
0.00316021
0.00202354
0.00437729
0.00319634
0.00203373
0.00631305
0.00628069
0.00555017
0.0063118
0.00625013
0.00524304
0.00631061
0.00622594
0.005072
0.00494062
0.00366023
0.00233828
0.0041145
0.00292731
0.00194867
0.00412806
0.00300153
0.00197069
0.00407508
0.00279445
0.00191139
0.00407335
0.00277199
0.00190533
0.00416479
0.00292206
0.00195702
0.00443084
0.00345738
0.00221998
0.00616288
0.00536758
0.00331864
0.00560149
0.00442467
0.00283112
0.00561295
0.00443893
0.00285524
0.00473736
0.00352402
0.00246344
0.00473276
0.00351073
0.00233752
0.00476576
0.00363437
0.00233647
0.00628413
0.00591932
0.0041503
0.00629551
0.00599117
0.00428637
0.00367636
0.00287204
0.00196624
0.0035325
0.00266384
0.00188827
0.00432825
0.00312748
0.00201434
0.00430113
0.00309733
0.00200593
0.00500901
0.00373117
0.0024406
0.00502296
0.00374384
0.00245319
0.00484742
0.0035812
0.00231672
0.00486651
0.0035944
0.0022776
0.00557652
0.00423466
0.0023858
0.00570825
0.00443499
0.0024815
0.00589552
0.00477083
0.00270417
0.00535878
0.00393541
0.0022551
0.00526814
0.0038183
0.00220406
0.0052159
0.00375914
0.00218493
0.00492595
0.00345061
0.00207014
0.00489282
0.00341847
0.00205852
0.00496452
0.00348858
0.00208394
0.0050091
0.00353359
0.00209895
0.00472387
0.00326037
0.00201209
0.00372266
0.00261661
0.00184966
0.0036937
0.00260127
0.00184529
0.00374921
0.00263243
0.00185374
0.00376792
0.0026423
0.00185573
0.00390187
0.0027099
0.00187189
0.00391641
0.0027169
0.00187325
0.00389005
0.00270683
0.00187158
0.00386908
0.00269468
0.00186926
0.00361411
0.00256444
0.00183655
0.00355958
0.00253158
0.00182793
0.00344876
0.0024756
0.0018141
0.00346012
0.00247846
0.00181492
0.00341044
0.0024519
0.00180837
0.00409687
0.00354668
0.00222536
0.0041455
0.00352082
0.00224269
0.00413755
0.00280427
0.0019309
0.00415064
0.00296162
0.00196664
0.00452983
0.0036201
0.00233822
0.00629165
0.00599532
0.00420955
0.0062521
0.00573028
0.00367076
0.00625969
0.00576794
0.00372714
0.00624801
0.00570551
0.00362019
0.00624211
0.00567549
0.00360696
0.00613728
0.00528645
0.00324443
0.00614241
0.00530125
0.0032395
0.00564956
0.0044758
0.00288601
0.00564216
0.00446788
0.00289058
0.0052672
0.00399458
0.00252264
0.00538469
0.00414363
0.00262085
0.00539829
0.00415807
0.00264122
0.00536447
0.00411121
0.00265089
0.00537436
0.0041307
0.00261927
0.00530988
0.00404437
0.00255736
0.00476354
0.00366938
0.0024076
0.00631349
0.00629283
0.00569857
)
;

boundaryField
{
    topAndBottom
    {
        type            slip;
    }
    inlet
    {
        type            fixedValue;
        value           uniform 0.00633;
    }
    outlet
    {
        type            zeroGradient;
    }
    wing
    {
        type            groovyBC;
        refValue        uniform 0.00154192;
        refGradient     uniform 0;
        valueFraction   uniform 1;
        value           uniform 0.00154192;
        valueExpression "YSat*rh";
        gradientExpression "0";
        fractionExpression "1";
        evaluateDuringConstruction 0;
        cyclicSlave     0;
        variables       "rh=0.7;";
        timelines       (
);
        lookuptables    (
);
        lookuptables2D  (
);
    }
    front
    {
        type            empty;
    }
    back
    {
        type            empty;
    }
}


// ************************************************************************* //
