/*--------------------------------*- C++ -*----------------------------------*\
| =========                 |                                                 |
| \\      /  F ield         | OpenFOAM: The Open Source CFD Toolbox           |
|  \\    /   O peration     | Version:  5.x                                   |
|   \\  /    A nd           | Web:      www.OpenFOAM.org                      |
|    \\/     M anipulation  |                                                 |
\*---------------------------------------------------------------------------*/
FoamFile
{
    version     2.0;
    format      ascii;
    class       volScalarField;
    location    "400";
    object      T;
}
// * * * * * * * * * * * * * * * * * * * * * * * * * * * * * * * * * * * * * //

dimensions      [0 0 0 1 0 0 0];

internalField   nonuniform List<scalar> 
6584
(
275
275
275
275
275
275
275
275
275
275
275
275
275
275
275
275
275
275
275
275
275
275
275
275
275
275
275
275
275
275
275
275
275
275
275
275
275
275
275
275
275
275
275
275
275
275
275
275
275
275
275
275
275
275
275
275
275
275
275
275
275
275
275
275
275
275
275
275
275
275
275
275
275
275
275
275
275
275
275
275
275
275
275
275
275
275
275
275
275
275
275
275
275
275
275
275
275
275
275
275
275
275
275
275
275
275
275
275
275
275
275
275
275
275
275
275
275
275
275
275
275
275
275
275
275
275
275
275
275
275
275
275
275
275
275
275
275
275
275
275
275
275
275
275
275
275
275
275
275
275
275
275
275
275
275
275
275
275
275
275
275
275
275
275
275
275
275
275
275
275
275
275
275
275
275
275
275
275
275
275
275
275
275
275
275
275
275
275
275
275
275
275
275
275
275
275
275
275
275
275
275
275
275
275
275
275
275
275
275
275
275
275
275
275
275
275
275
275
275
275
275
275
275
275
275
275
275
275
275
275
275
275
275
275
275
275
275
275
275
275
275
275
275
275
275
275
275
275
275
275
275
275
275
275
275
275
275
275
275
275
275
275
275
275
275
275
275
275
275
275
275
275
275
275
275
275
275
275
275
275
275
275
275
275
275
275
275
275
275
275
275
275
275
275
275
275
275
275
275
275
275
275
275
275
275
275
275
275
275
275
275
275
275
275
275
275
275
275
274.734
275
275
275
275
275
275
275
275
275
275
275
275
275
275
275
275
275
275
275
275
275
275
275
274.935
275
275
275
275
275
275
275
275
275
275
275
275
275
275
275
275
275
275
275
275
275
275
275
274.94
275
275
275
275
275
275
275
275
275
275
275
275
275
275
275
275
275
275
275
275
275
275
275
274.972
275
275
275
275
275
275
275
275
275
275
275
275
275
275
275
275
275
275
275
275
275
275
274.999
274.973
275
275
275
275
275
275
275
275
275
275
275
275
275
275
275
275
275
275
275
275
275
275
274.986
274.987
275
275
275
275
275
275
275
275
275
275
275
275
275
275
275
275
275
275
275
275
275
275
274.986
274.987
275
275
275
275
275
275
275
275
275
275
275
275
275
275
275
275
275
275
275
275
275
275
274.986
274.987
275
275
275
275
275
275
275
275
275
275
275
275
275
275
275
275
275
275
275
275
275
275
274.986
274.987
275
275
275
275
275
275
275
275
275
275
275
275
275
275
275
275
275
275
275
275
275
275
274.986
274.987
275
275
275
275
275
275
275
275
275
275
275
275
275
275
275
275
275
275
275
275
275
275
274.986
274.987
275
275
275
275
275
275
275
275
275
275
275
275
275
275
275
275
275
275
275
275
275
275
274.986
274.987
275
275
275
275
275
275
275
275
275
275
275
275
275
275
275
275
275
275
275
275
275
275
274.986
274.988
275
275
275
275
275
275
275
275
275
275
275
275
275
275
275
275
275
275
275
275
275
274.999
274.986
274.988
275
275
275
275
275
275
275
275
275
275
275
275
275
275
275
275
275
275
275
275
275
274.999
274.987
274.988
275
275
275
275
275
275
275
275
275
275
275
275
275
275
275
275
275
275
275
275
275
274.999
274.987
274.988
275
275
275
275
275
275
275
275
275
275
275
275
275
275
275
275
275
275
275
275
275
274.999
274.987
274.988
275
275
275
275
275
275
275
275
275
275
275
275
275
275
275
275
275
275
275
275
275
274.999
274.987
274.988
275
275
275
275
275
275
275
275
275
275
275
275
275
275
275
275
275
275
275
275
275
274.999
274.987
274.988
275
275
275
275
275
275
275
275
275
275
275
275
275
275
275
275
275
275
275
275
275
274.999
274.987
274.988
275
275
275
275
275
275
275
275
275
275
275
275
275
275
275
275
275
275
275
275
275
274.999
274.987
274.988
275
275
275
275
275
275
275
275
275
275
275
275
275
275
275
275
275
275
275
275
275
274.999
274.987
274.988
275
275
275
275
275
275
275
275
275
275
275
275
275
275
275
275
275
275
275
275
275
274.999
274.987
274.988
275
275
275
275
275
275
275
275
275
275
275
275
275
275
275
275
275
275
275
275
275
275
275
275
275
275
275
274.868
274.727
275
275
275
275
275
275
275
275
275
275
275
275
275
275
275
275
275
275
275
275
275
275
275
275
275
275
275
275
275
275
275
275
275
275
275
275
275
275
275
275
275
275
275
275
275
275
275
275
275
275
275
275
275
275
275
274.907
274.864
274.875
275
275
275
275
275
275
275
275
275
275
275
275
275
275
275
275
275
275
275
275
275
275
275
275
275
275
275
275
275
275
275
275
275
275
275
275
275
275
275
275
275
275
275
275
275
275
275
275
275
275
275
275
275
275
275
275
275
275
275
275
275
275
275
275
275
275
275
275
275
275
275
275
275
275
275
275
275
275
275
275
275
275
274.999
274.999
275
275
275
275
275
275
275
275
275
275
275
274.999
274.999
275
275
274.999
275
274.999
274.998
275
275
275
275
275
275
275
275
275
275
275
275
275
275
275
275
275
275
275
275
275
275
275
275
275
275
275
274.998
275
275
274.999
274.999
275
275
275
275
275
275
275
275
275
275
275
275
275
275
275
275
275
275
275
275
275
275
275
275
275
275
275
275
275
275
275
275
275
275
275
275
275
275
275
275
275
275
275
275
275
275
275
275
275
275
275
274.999
275
275
274.999
275
275
275
275
275
275
275
275
275
275
275
275
275
275
275
275
275
275
275
275
275
275
275
275
275
274.999
274.999
274.998
274.999
275
274.998
275
275
274.98
275
275
274.896
275
275
275
275
275
275
275
275
275
274.859
275
275
275
275
275
275
274.997
274.997
274.886
275
275
274.997
274.998
274.998
275
274.627
275
275
275
275
275
275
275
275
275
275
275
275
275
275
275
275
275
275
275
275
275
275
274.994
274.992
275
275
275
275
275
274.911
275
275
275
275
275
275
275
275
275
275
275
275
275
275
275
275
275
275
275
275
275
275
275
275
275
275
275
275
275
275
275
275
275
275
275
275
275
275
275
275
275
275
275
275
275
275
275
275
275
275
275
275
275
275
275
275
275
275
275
275
275
275
275
275
275
275
275
275
275
275
275
275
275
275
275
275
275
275
275
274.999
274.999
275
275
275
274.998
274.999
274.995
274.994
275
275
275
274.993
274.999
274.994
274.995
274.995
274.999
275
275
275
275
275
274.999
274.999
274.997
274.997
275
274.998
274.998
274.998
274.998
275
274.999
275
274.998
274.998
275
274.999
274.999
274.998
274.998
275
275
275
275
275
275
275
275
275
275
275
275
274.998
275
275
275
275
274.998
274.999
274.999
275
275
275
274.997
274.997
274.995
274.996
275
274.992
274.993
275
275
275
275
275
275
275
275
275
275
275
275
275
275
275
275
275
275
275
275
275
275
275
275
275
275
275
275
275
275
275
275
275
275
275
275
275
275
275
275
275
275
275
275
275
275
275
275
275
275
275
275
275
275
275
275
275
275
275
275
275
275
275
275
275
275
275
275
275
275
275
275
275
275
275
275
275
275
275
275
275
275
275
275
275
275
275
275
275
275
275
275
275
275
275
275
275
275
274.999
275
275
275
275
275
274.999
275
275
275
275
275
275
275
275
275
275
275
275
275
275
275
275
275
275
275
274.999
274.999
274.999
274.999
274.999
275
274.999
275
275
274.997
274.998
274.998
274.997
275
274.997
275
274.998
275
274.999
275
275
275
275
274.999
274.997
274.997
274.999
274.999
274.998
274.998
274.996
274.996
275
275
275
275
275
275
275
275
275
275
275
275
275
275
275
275
275
275
275
275
275
275
275
275
275
275
275
275
275
275
275
275
275
275
275
275
275
275
275
275
275
275
275
275
275
275
275
275
275
275
275
275
275
275
275
275
275
275
275
275
275
275
275
275
275
275
275
275
275
275
275
275
275
275
275
275
275
275
275
275
275
275
274.994
274.994
275
275
275
274.994
274.994
275
275
275
275
275
274.999
274.999
274.999
274.999
274.999
274.999
274.999
274.999
274.999
275
274.997
274.997
274.998
274.999
274.999
275
275
275
275
275
275
275
275
275
275
275
275
275
275
275
275
275
275
275
275
275
275
275
275
275
275
275
274.999
274.999
274.999
274.999
274.998
274.999
274.999
275
275
275
275
275
275
275
275
275
275
275
275
275
275
275
275
275
275
275
275
275
275
275
275
275
275
275
275
275
275
275
275
275
275
275
275
275
275
275
275
275
275
275
275
275
275
275
275
274.999
275
275
275
275
275
274.999
275
275
275
275
275
275
275
275
275
275
275
275
275
275
275
275
275
275
275
275
275
275
275
275
274.999
275
275
275
275
274.999
274.998
274.999
274.999
274.997
274.997
274.998
274.992
274.995
274.995
274.995
275
274.999
274.999
274.999
274.999
275
274.988
274.988
274.997
274.998
275
275
275
275
274.997
274.997
274.996
274.994
274.833
274.998
274.997
274.997
274.997
274.997
274.998
274.627
274.989
274.996
275
275
275
275
275
275
275
275
275
275
275
275
275
275
275
275
275
275
275
275
274.994
274.99
274.99
274.991
274.991
274.993
275
275
275
275
275
275
275
275
275
275
275
275
275
275
275
275
275
275
275
275
275
275
275
275
275
275
275
275
275
275
275
275
274.994
274.995
274.995
274.994
274.999
274.997
274.997
274.991
274.991
274.995
274.992
274.992
274.99
274.991
274.995
275
275
275
275
275
275
275
275
275
275
274.994
274.997
274.997
274.998
274.997
274.994
274.996
274.996
274.996
274.997
274.997
274.995
275
275
275
275
275
275
275
274.999
274.999
274.999
274.999
274.997
274.997
274.999
274.999
274.998
274.999
274.999
274.999
274.999
274.998
274.999
275
274.999
274.999
274.997
274.997
274.999
274.996
274.996
274.996
274.996
274.998
274.997
274.997
274.998
274.996
274.996
274.996
274.996
274.998
275
275
275
275
275
275
275
275
275
275
275
275
275
275
275
275
275
275
275
275
275
275
275
275
275
275
275
274.999
274.999
274.998
274.999
274.999
274.999
274.999
274.999
274.999
274.999
274.999
275
274.999
274.999
274.999
274.999
275
274.999
274.996
274.998
274.998
274.992
274.992
275
275
275
275
275
275
275
275
275
275
275
275
275
275
275
275
275
275
275
275
275
275
275
275
275
275
275
275
275
275
275
275
275
275
275
275
275
275
275
275
275
275
275
275
275
275
275
275
275
275
275
275
275
275
275
275
275
275
275
275
275
275
275
275
275
275
275
275
275
275
275
275
275
275
275
275
275
275
275
275
275
275
275
275
275
275
275
275
275
275
275
275
275
275
275
275
275
275
275
275
275
275
275
275
275
275
275
275
275
275
275
275
275
275
275
275
274.999
275
275
275
274.999
275
275
275
275
275
275
275
275
275
275
275
275
275
275
275
275
275
275
275
275
275
275
275
275
275
275
274.999
274.999
274.999
274.999
274.999
274.999
274.999
275
275
275
275
274.999
274.997
274.999
274.999
274.999
274.999
274.998
274.998
274.999
274.999
274.999
274.999
274.998
274.997
274.998
274.998
274.998
274.998
274.998
274.999
274.999
274.998
274.998
274.998
274.999
274.999
274.998
274.997
274.998
274.995
274.995
274.998
274.996
274.996
274.997
274.997
274.998
274.995
274.995
274.989
274.99
275
275
275
275
275
275
275
275
275
275
275
275
275
275
275
275
275
275
275
275
275
275
275
275
275
275
275
275
275
275
275
275
275
275
275
275
275
275
275
275
275
275
275
275
275
275
275
275
275
275
275
275
275
275
275
275
275
275
275
275
275
275
275
275
275
275
275
275
275
275
275
275
275
275
275
275
275
275
275
275
275
275
275
275
275
275
275
275
275
275
275
275
275
275
275
275
275
275
275
275
275
275
275
275
275
275
275
275
275
275
275
275
275
275
275
275
275
275
275
275
275
275
275
275
275
275
275
275
275
275
275
275
275
275
275
275
275
275
274.758
274.995
274.996
275
275
275
275
275
275
275
275
275
275
275
275
275
274.948
274.949
274.939
275
275
275
275
275
275
275
275
275
275
275
275
274.973
274.948
274.972
275
275
275
275
275
275
275
275
275
275
275
275
275
275
275
275
275
275
275
275
275
275
275
275
275
275
275
275
275
275
275
275
275
275
275
275
275
275
275
275
275
275
275
275
275
275
275
275
275
275
274.825
274.985
274.983
274.931
274.931
274.627
275
275
275
275
275
275
275
275
275
275
275
275
275
275
275
275
275
275
275
275
275
275
275
275
275
275
275
275
275
275
275
275
275
275
275
275
275
275
275
275
275
275
275
275
275
275
275
275
275
275
275
275
275
275
275
275
275
275
275
275
275
275
275
275
275
275
275
275
275
275
275
275
275
275
275
275
275
275
275
275
275
275
275
275
275
275
275
275
275
275
275
275
275
275
275
275
275
275
275
275
275
275
275
275
275
275
275
275
275
275
275
275
275
275
275
275
275
275
275
275
275
275
275
275
275
275
275
275
275
275
275
275
275
275
275
275
275
275
275
275
275
275
275
275
275
275
275
275
275
275
275
275
275
275
275
274.91
275
275
275
275
274.854
275
275
274.863
275
275
275
275
275
275
275
275
275
275
275
275
275
275
275
275
275
275
275
275
275
275
275
275
275
275
275
275
275
275
275
275
275
275
275
275
275
275
275
275
275
275
275
275
275
275
275
275
275
275
275
275
275
275
275
275
275
275
275
275
275
275
275
275
275
275
275
275
275
275
275
275
275
275
275
275
275
275
275
275
275
275
275
275
275
275
275
275
275
275
275
275
275
275
275
275
275
275
275
275
275
275
275
275
275
275
275
275
275
275
275
275
275
275
275
275
275
275
275
275
275
275
275
275
275
275
275
275
275
275
275
275
275
275
275
275
275
275
275
275
275
275
275
275
275
275
275
275
275
275
275
275
275
275
275
275
275
275
275
275
275
275
275
275
275
275
275
275
275
275
275
275
275
275
275
275
275
275
275
275
275
275
275
275
275
275
275
275
275
275
275
275
275
275
275
275
275
275
275
275
275
275
275
275
274.999
274.999
274.999
274.998
274.998
274.999
275
275
275
275
275
275
275
275
275
275
275
275
275
275
275
275
275
275
275
275
275
275
275
275
275
275
275
275
275
275
275
275
275
274.999
274.997
274.998
275
275
275
275
275
275
275
275
275
275
275
275
275
275
275
275
275
275
275
275
275
275
275
275
275
275
275
275
275
275
275
275
275
275
275
275
275
275
275
275
275
275
275
275
275
275
275
275
275
275
275
275
275
275
275
275
275
275
275
275
275
274.999
274.999
274.999
274.999
274.999
275
275
275
275
275
275
275
275
275
275
275
275
275
275
275
275
275
275
275
275
275
275
275
275
275
275
275
275
275
275
275
275
275
275
275
275
275
275
275
275
275
275
275
275
275
275
275
275
275
275
275
275
275
275
275
275
275
275
275
275
275
275
275
275
275
275
275
275
275
275
275
275
275
275
275
275
275
275
275
275
275
275
275
275
275
275
275
275
275
275
275
275
275
275
275
275
275
275
275
275
275
275
275
275
275
275
275
275
275
275
275
275
275
275
275
275
275
275
275
275
275
275
275
275
275
275
275
275
275
275
275
275
275
275
275
275
275
275
275
275
275
275
275
275
275
275
275
275
275
275
275
275
275
275
275
275
275
275
275
275
274.999
274.999
275
275
275
275
275
275
275
275
275
275
275
275
275
275
275
275
275
275
275
275
275
275
274.999
274.999
274.999
274.999
275
275
275
275
274.999
275
275
275
275
274.999
274.999
274.999
274.999
275
275
275
275
274.999
274.999
274.999
274.999
275
275
275
275
275
274.998
274.998
274.999
274.999
275
275
275
275
275
275
275
275
275
275
275
275
275
274.988
274.988
274.854
275
274.999
274.999
275
274.999
275
275
275
275
275
275
275
275
275
275
274.967
274.946
274.85
275
274.999
274.999
274.998
274.998
275
274.999
274.984
274.981
274.998
274.998
275
274.627
274.824
274.879
275
275
275
275
275
275
275
275
275
275
275
275
275
275
275
275
275
275
275
275
275
275
275
275
275
275
275
275
275
275
275
275
275
275
275
275
275
275
275
275
275
275
275
275
275
275
275
275
275
275
275
275
275
275
275
275
275
275
275
275
275
275
275
275
275
275
274.912
274.997
274.995
275
275
275
275
275
275
275
275
275
275
275
275
275
275
275
275
275
275
275
275
275
275
275
275
275
275
275
275
275
275
275
275
275
275
275
275
275
275
275
275
275
275
275
275
275
275
275
275
275
275
275
275
275
275
275
275
275
275
275
275
275
275
275
275
275
275
275
275
275
275
275
275
275
275
275
275
275
275
275
275
275
275
275
275
275
275
275
275
275
275
275
275
275
275
275
275
275
275
275
275
275
275
275
275
275
275
275
275
275
275
275
275
275
275
275
275
275
275
275
275
275
275
275
275
275
275
275
275
275
275
275
275
275
275
275
275
275
275
275
275
275
275
275
275
275
275
275
275
275
275
275
275
275
275
275
275
275
275
275
275
275
275
275
275
275
275
275
275
275
275
275
275
275
275
275
275
275
275
275
275
275
275
275
275
275
275
275
275
275
275
275
275
275
275
275
274.999
274.997
274.997
274.997
274.997
274.999
275
275
275
275
275
275
275
275
275
274.997
274.997
274.999
275
275
275
274.998
274.998
274.999
274.999
274.998
274.998
275
275
275
275
275
275
275
275
275
275
275
275
274.998
274.999
274.999
274.998
274.999
274.999
274.999
274.999
274.998
275
275
275
275
275
275
274.999
274.999
274.999
274.999
274.999
274.999
275
275
275
275
275
275
275
275
275
275
275
275
275
275
275
275
274.999
274.999
274.999
274.999
275
275
275
275
274.999
274.999
275
274.999
274.999
275
274.997
274.998
274.998
274.999
274.998
274.997
274.998
274.998
274.996
274.999
274.999
274.999
275
275
275
275
275
275
275
275
275
275
275
275
275
275
275
275
275
275
275
275
275
275
275
275
275
275
275
275
275
275
275
275
275
275
275
275
275
275
275
275
275
275
275
275
275
275
275
275
275
275
275
275
275
275
275
275
275
275
275
275
275
275
275
275
275
275
275
275
275
275
275
275
275
275
275
275
275
275
275
275
275
275
275
275
275
275
275
275
275
275
275
275
275
275
275
275
275
275
275
275
275
275
275
275
275
275
275
275
275
275
275
275
275
275
275
275
275
275
275
275
275
275
275
275
275
275
275
275
275
275
275
275
275
275
275
275
275
275
275
275
275
275
275
275
275
275
275
275
275
275
275
275
275
275
275
275
275
275
275
275
275
275
275
275
275
275
275
275
275
275
275
275
275
275
275
275
275
275
275
275
275
275
275
275
275
275
275
275
275
275
275
275
274.999
274.999
275
275
275
275
274.999
274.999
275
275
274.999
274.999
275
275
275
275
275
275
275
275
275
275
275
275
274.999
274.999
274.999
274.999
274.997
274.997
274.998
274.998
274.999
274.996
274.993
274.993
274.993
274.993
274.996
275
275
275
275
275
275
275
275
275
275
275
275
275
275
275
275
275
275
275
275
275
275
275
275
275
275
275
275
275
275
275
275
275
275
275
275
275
275
275
275
275
275
275
275
275
275
275
275
275
275
275
275
275
275
275
275
275
275
275
275
275
275
275
275
275
275
275
275
275
275
275
275
275
275
275
275
275
275
275
275
275
275
275
275
275
275
275
275
275
275
275
275
275
275
275
275
275
275
275
275
275
275
275
275
275
275
275
275
275
275
275
275
275
275
275
275
275
275
275
275
275
275
275
275
275
275
275
275
275
274.999
275
275
274.999
275
274.999
275
275
275
275
275
275
275
275
275
275
275
275
275
275
275
275
275
275
275
275
275
275
275
275
275
275
275
275
275
275
275
275
275
275
275
275
275
275
275
275
275
275
275
275
275
275
275
275
275
275
275
275
275
275
275
275
275
275
275
275
275
275
275
275
275
275
275
275
275
275
275
275
275
275
275
275
275
275
275
275
274.999
275
275
275
274.999
275
275
275
275
275
274.999
275
275
275
275
274.999
274.999
275
275
275
275
274.999
274.997
274.999
274.999
274.999
274.999
274.998
275
274.999
274.999
274.994
274.983
274.99
274.98
274.981
274.994
274.841
274.939
274.934
274.793
274.804
274.627
274.996
274.948
274.918
274.985
274.97
274.996
275
275
275
275
275
275
275
275
275
275
275
275
275
275
275
275
275
275
275
275
275
275
275
275
275
275
275
275
275
275
275
275
275
275
275
275
275
275
275
275
275
275
275
275
275
275
275
275
275
275
275
275
275
275
275
275
275
275
275
275
275
275
275
275
275
275
275
275
275
275
275
275
275
275
275
275
275
275
275
275
275
275
275
275
275
275
275
275
275
275
275
275
275
275
275
275
275
275
275
275
275
275
275
275
275
275
275
275
275
275
275
275
275
275
275
275
275
274.742
274.931
274.931
275
275
275
275
275
275
275
275
275
275
275
275
274.937
275
275
275
275
275
275
275
275
275
275
275
275
275
275
275
275
275
274.999
274.973
274.973
274.973
275
275
275
275
275
275
275
275
275
275
275
275
275
275
275
275
275
275
275
275
275
275
275
275
275
275
275
275
275
275
275
275
275
275
275
275
275
275
275
275
275
275
275
275
275
275
275
275
275
275
274.98
274.977
274.86
275
275
275
275
275
275
275
275
275
275
275
275
275
275
275
275
275
275
275
275
275
275
275
275
275
275
275
275
275
275
275
275
275
275
275
275
275
275
275
275
275
275
275
275
275
275
275
275
275
275
275
275
275
275
275
275
275
275
275
275
275
275
275
275
275
275
275
275
275
275
275
275
275
275
275
275
275
275
275
275
275
275
275
275
275
275
275
275
275
275
275
275
275
275
275
275
275
275
275
275
275
275
275
275
275
275
275
275
275
275
275
275
275
275
275
275
275
275
275
275
275
275
275
275
275
275
275
275
275
275
275
275
275
275
275
275
275
275
275
275
275
275
275
275
275
275
275
275
275
275
275
275
275
275
275
275
275
275
275
275
275
275
275
275
275
275
275
275
275
275
275
275
275
275
275
275
275
275
275
275
275
275
275
275
275
275
275
275
275
275
275
275
275
275
275
275
275
275
275
275
275
275
275
275
275
275
275
275
275
275
275
275
275
275
275
275
275
275
275
275
275
275
275
275
275
275
275
275
275
275
275
274.935
274.933
274.75
274.994
274.979
274.98
274.979
274.979
274.995
275
275
275
275
275
275
275
275
275
275
275
275
275
275
275
274.949
274.998
274.997
274.999
274.998
274.949
275
275
274.938
275
275
275
275
275
275
275
275
275
275
275
275
275
275
275
275
275
275
275
275
275
275
275
275
275
275
275
275
275
275
275
275
275
275
275
275
275
275
275
275
275
275
275
275
275
275
275
275
274.93
274.927
274.818
274.635
274.794
274.791
275
275
275
275
275
275
275
275
275
275
275
275
275
275
275
275
275
275
275
275
275
275
275
275
275
275
275
275
275
275
275
275
275
275
275
275
275
275
275
275
275
275
275
275
275
275
275
275
275
275
275
275
275
275
275
275
275
275
275
275
275
275
275
275
275
275
275
275
275
275
275
275
275
275
275
275
275
275
275
275
275
275
275
275
274.993
274.992
274.909
275
275
275
275
274.998
274.998
274.997
274.997
275
274.857
274.975
274.972
274.999
274.999
275
274.867
274.989
274.989
275
275
275
275
275
275
275
275
275
275
275
275
275
275
275
275
275
275
275
275
275
275
275
275
275
275
275
275
275
275
275
275
275
275
275
275
275
275
275
275
275
275
275
275
275
275
275
275
275
275
275
275
275
275
275
275
275
275
275
275
275
275
275
275
275
275
275
275
275
275
275
275
275
275
275
275
275
275
275
275
275
275
275
275
275
275
275
275
275
275
275
275
275
275
275
275
275
275
275
275
275
275
275
275
275
275
275
275
275
275
275
275
275
275
275
275
275
275
275
275
275
275
275
275
275
275
275
275
275
275
275
275
275
275
275
275
275
275
275
275
275
275
275
275
275
275
275
275
275
275
275
275
275
275
275
275
275
275
275
275
275
275
275
275
275
275
275
275
275
275
275
275
275
275
275
275
275
275
275
275
275
275
275
275
275
275
275
275
275
275
275
275
275
275
275
275
275
275
275
275
275
275
275
275
275
275
275
275
275
275
275
275
275
275
275
275
275
275
275
275
275
275
275
275
275
275
275
275
275
275
275
275
275
275
274.999
275
275
275
275
274.999
274.999
275
275
275
275
274.999
274.998
274.999
274.999
274.999
274.999
274.998
274.999
275
275
274.999
274.999
274.998
274.998
274.999
274.999
275
275
275
275
275
275
275
275
275
275
275
275
275
275
275
275
275
275
275
275
275
275
275
275
275
275
275
275
275
275
275
275
275
275
275
275
275
275
275
275
275
275
275
275
275
275
275
275
275
275
275
275
275
275
275
275
275
275
275
275
275
275
275
275
275
275
275
275
275
275
275
275
275
275
275
275
275
275
275
275
275
275
275
275
275
275
275
275
275
275
275
275
275
275
275
275
275
275
275
275
275
275
275
275
275
275
275
275
274.999
274.973
274.973
274.973
275
275
275
275
275
275
275
275
275
275
275
275
275
275
275
275
275
274.908
274.991
274.99
274.99
274.989
274.871
275
275
275
275
275
275
275
275
275
275
275
275
275
275
275
275
275
275
275
275
275
275
275
275
275
275
275
275
275
275
275
275
275
275
275
275
275
275
275
275
275
275
275
275
275
275
275
275
275
275
275
275
275
275
275
275
275
275
275
275
275
275
275
275
275
275
275
275
275
275
275
275
275
275
275
275
275
275
275
275
275
275
275
275
275
275
275
275
275
275
275
275
275
275
275
275
275
275
275
275
275
275
275
275
275
275
275
275
275
275
275
275
275
275
275
275
275
275
275
275
275
275
275
275
275
275
275
275
275
275
275
275
275
275
275
275
275
275
275
275
275
275
275
275
275
275
275
275
275
275
275
275
275
275
275
275
275
275
275
275
275
275
275
275
275
275
275
275
275
275
275
275
275
275
275
275
275
275
275
275
274.999
275
275
275
274.999
274.999
275
275
275
275
275
275
275
275
275
275
275
275
275
275
275
275
275
275
275
275
275
275
275
275
275
275
275
275
275
275
275
275
275
275
275
275
275
275
275
275
275
275
275
275
275
275
275
275
275
275
275
275
275
275
275
275
275
275
275
275
275
275
275
275
275
275
275
275
275
275
275
275
275
275
275
275
275
275
275
275
275
275
275
275
275
275
275
275
275
275
275
275
275
275
275
275
275
275
275
275
275
275
275
275
275
275
275
275
275
275
275
275
275
275
275
275
275
275
275
275
275
275
275
275
275
275
275
275
275
275
275
275
275
275
275
275
275
275
275
275
275
275
275
275
275
275
275
275
275
275
275
275
275
275
275
275
275
275
275
275
275
275
274.942
275
275
275
275
275
275
275
275
275
275
275
275
275
275
275
275
275
275
275
275
275
275
275
275
275
275
275
275
275
275
275
275
275
275
275
275
275
275
275
275
275
275
275
275
275
275
275
275
275
275
275
275
275
275
275
275
275
275
275
275
275
275
274.997
274.997
274.948
275
275
275
275
275
275
275
275
275
275
275
275
275
274.985
274.679
274.999
274.983
274.674
274.999
274.973
274.612
274.999
274.973
274.607
274.988
274.909
274.36
275
275
274.933
275
274.999
274.89
275
274.998
274.884
274.989
274.91
274.366
274.932
274.766
274.001
275
274.999
274.928
275
274.988
274.705
275
274.988
274.71
274.999
274.981
274.645
274.999
274.981
274.643
274.998
274.964
274.572
274.998
274.966
274.577
274.966
274.828
274.127
274.967
274.831
274.144
274.806
274.608
273.998
275
275
274.971
275
274.995
274.817
275
274.996
274.83
275
274.995
274.812
275
274.985
274.69
274.999
274.983
274.663
274.999
274.977
274.626
274.998
274.968
274.595
274.992
274.927
274.444
275
275
274.949
274.987
274.902
274.344
274.969
274.835
274.169
274.968
274.832
274.15
274.946
274.784
274.145
274.999
274.982
274.652
274.999
274.983
274.667
275
274.985
274.684
275
274.985
274.672
275
274.988
274.708
275
274.985
274.689
275
274.988
274.704
274.999
274.982
274.648
274.999
274.98
274.634
274.999
274.977
274.616
274.999
274.98
274.629
274.999
274.972
274.579
274.999
274.973
274.593
274.999
274.977
274.611
274.999
274.975
274.598
274.998
274.97
274.574
274.993
274.932
274.432
274.99
274.915
274.382
274.969
274.835
274.174
275
274.996
274.834
275
274.996
274.85
275
274.996
274.854
275
274.986
274.695
275
274.99
274.723
274.999
274.983
274.658
274.999
274.977
274.629
274.997
274.96
274.56
274.998
274.967
274.59
274.988
274.909
274.398
274.99
274.918
274.418
274.988
274.911
274.402
274.991
274.924
274.439
274.99
274.919
274.422
274.979
274.876
274.315
274.973
274.855
274.27
274.972
274.852
274.264
274.944
274.778
274.139
274.935
274.758
274.121
275
274.991
274.745
275
274.991
274.749
275
274.985
274.682
275
274.991
274.741
275
274.99
274.736
274.999
274.983
274.67
274.999
274.974
274.616
274.997
274.957
274.54
274.997
274.957
274.544
274.999
274.973
274.604
274.996
274.955
274.535
274.996
274.952
274.531
274.984
274.892
274.32
274.985
274.895
274.325
274.988
274.908
274.354
274.984
274.89
274.314
274.983
274.888
274.308
275
275
274.937
274.968
274.841
274.24
274.967
274.837
274.234
275
274.999
274.895
275
275
274.922
275
274.998
274.88
274.989
274.912
274.371
274.949
274.791
274.007
275
274.999
274.922
275
274.993
274.771
275
274.988
274.702
275
274.988
274.715
274.999
274.981
274.649
274.999
274.978
274.638
274.998
274.963
274.568
274.998
274.966
274.582
274.995
274.947
274.509
274.969
274.843
274.246
274.97
274.847
274.254
275
275
274.974
275
275
274.969
274.967
274.828
274.132
274.967
274.83
274.138
275
274.996
274.822
275
274.996
274.826
275
274.995
274.806
275
274.992
274.758
275
274.991
274.753
275
274.985
274.685
275
274.99
274.726
275
274.99
274.732
274.999
274.983
274.665
274.999
274.975
274.621
274.997
274.958
274.553
274.997
274.957
274.549
274.998
274.969
274.6
274.996
274.95
274.521
274.996
274.951
274.526
274.992
274.93
274.453
274.992
274.93
274.449
274.986
274.899
274.336
274.986
274.897
274.331
274.987
274.905
274.349
274.982
274.883
274.297
274.983
274.886
274.302
274.982
274.881
274.292
274.968
274.834
274.162
274.968
274.833
274.156
275
275
274.944
274.963
274.826
274.215
274.964
274.831
274.224
274.965
274.834
274.229
275
274.999
274.907
275
274.999
274.899
275
274.999
274.912
275
274.999
274.917
275
274.998
274.873
275
274.994
274.786
274.999
274.982
274.656
274.999
274.983
274.661
275
274.985
274.679
275
274.985
274.676
275
274.986
274.695
275
274.987
274.7
274.999
274.982
274.644
274.999
274.98
274.639
274.999
274.98
274.621
274.999
274.98
274.626
274.999
274.972
274.582
274.999
274.972
274.588
274.999
274.976
274.606
274.999
274.976
274.603
274.998
274.968
274.57
274.989
274.913
274.377
274.969
274.835
274.179
275
274.996
274.846
275
274.996
274.839
275
274.997
274.859
275
274.992
274.763
275
274.993
274.767
275
274.988
274.699
275
274.99
274.72
274.999
274.981
274.653
274.999
274.977
274.634
274.998
274.963
274.564
274.998
274.966
274.586
274.996
274.95
274.516
274.996
274.949
274.513
274.995
274.944
274.502
274.987
274.907
274.393
274.99
274.917
274.413
274.989
274.914
274.408
274.99
274.92
274.43
274.991
274.922
274.434
274.974
274.859
274.275
274.971
274.849
274.259
274.941
274.772
274.133
274.938
274.766
274.127
275
275
274.981
275
275
274.986
275
275
274.985
274.953
274.79
274.037
274.953
274.79
274.033
275
274.996
274.843
275
274.995
274.807
275
274.996
274.848
275
274.994
274.802
274.996
274.948
274.491
274.994
274.939
274.454
274.992
274.926
274.41
274.994
274.938
274.449
274.992
274.925
274.405
274.865
274.679
274.061
275
274.999
274.893
275
274.998
274.888
274.977
274.868
274.293
274.982
274.886
274.338
274.981
274.885
274.332
274.976
274.867
274.289
274.975
274.862
274.281
275
275
274.957
275
275
274.962
274.543
274.342
274.031
274.954
274.803
274.172
274.973
274.85
274.224
274.973
274.85
274.217
274.972
274.845
274.199
274.953
274.79
274.043
274.953
274.791
274.019
275
274.994
274.799
274.992
274.931
274.457
274.993
274.932
274.464
274.994
274.94
274.478
274.927
274.741
274.064
275
275
274.934
274.98
274.873
274.272
275
275
274.955
275
275
274.948
274.96
274.818
274.198
274.952
274.798
274.166
274.959
274.815
274.193
274.958
274.813
274.184
275
275
274.927
275
274.995
274.822
275
274.995
274.827
275
274.997
274.868
275
274.997
274.863
274.995
274.945
274.476
274.995
274.943
274.47
274.992
274.93
274.427
274.99
274.918
274.39
274.976
274.862
274.244
274.979
274.87
274.266
274.977
274.864
274.249
274.971
274.843
274.193
274.954
274.794
274.049
274.953
274.791
274.018
275
274.999
274.908
275
274.999
274.912
275
274.993
274.781
275
274.994
274.794
275
274.993
274.775
274.994
274.942
274.497
274.994
274.94
274.483
274.978
274.874
274.31
274.924
274.736
274.057
274.965
274.823
274.112
274.952
274.789
274.039
274.953
274.791
274.028
274.93
274.745
274.093
274.93
274.745
274.098
274.929
274.745
274.086
274.929
274.744
274.08
275
274.996
274.837
274.96
274.81
274.076
274.961
274.813
274.082
275
274.995
274.812
275
274.997
274.854
275
274.994
274.797
275
274.992
274.766
275
274.992
274.771
275
274.99
274.729
275
274.99
274.733
275
274.992
274.762
275
274.992
274.758
275
274.988
274.724
275
274.988
274.719
274.996
274.95
274.498
274.996
274.951
274.503
274.997
274.959
274.533
274.997
274.958
274.528
274.997
274.96
274.538
274.997
274.962
274.543
274.996
274.948
274.486
274.994
274.94
274.46
274.992
274.927
274.416
274.994
274.938
274.444
274.991
274.923
274.4
274.955
274.796
274.062
274.959
274.806
274.07
275
274.999
274.896
275
274.999
274.901
275
274.998
274.881
274.987
274.904
274.381
274.987
274.905
274.386
274.977
274.87
274.299
274.986
274.904
274.376
274.985
274.9
274.37
274.982
274.888
274.343
274.981
274.883
274.327
274.922
274.736
274.071
274.966
274.826
274.118
274.964
274.819
274.1
274.964
274.821
274.106
275
275
274.978
275
275
274.967
275
275
274.96
274.956
274.808
274.178
274.974
274.854
274.23
274.975
274.857
274.235
274.973
274.849
274.211
274.972
274.847
274.205
274.952
274.787
274.036
274.953
274.791
274.022
275
274.995
274.804
274.993
274.934
274.469
274.993
274.936
274.473
274.934
274.755
274.111
274.932
274.751
274.105
274.928
274.742
274.07
275
275
274.939
275
275
274.945
274.98
274.876
274.278
274.981
274.878
274.284
274.963
274.817
274.094
274.962
274.815
274.088
274.961
274.82
274.204
274.962
274.823
274.21
274.949
274.791
274.155
274.951
274.794
274.16
275
274.995
274.817
275
274.996
274.832
275
274.997
274.858
275
274.994
274.792
275
274.994
274.782
275
274.993
274.777
275
274.99
274.742
275
274.99
274.737
275
274.99
274.747
275
274.991
274.753
275
274.988
274.712
274.997
274.955
274.513
274.996
274.953
274.508
274.997
274.957
274.518
274.997
274.958
274.523
274.998
274.966
274.558
274.998
274.966
274.563
274.998
274.965
274.554
274.998
274.964
274.549
274.996
274.948
274.481
274.994
274.941
274.465
274.992
274.928
274.421
274.993
274.935
274.439
274.991
274.921
274.394
274.978
274.868
274.26
274.978
274.866
274.255
274.97
274.84
274.188
274.955
274.794
274.056
274.952
274.792
274.013
275
274.999
274.917
275
274.997
274.873
275
274.998
274.878
275
274.997
274.869
275
274.997
274.863
275
274.993
274.785
275
274.993
274.789
274.994
274.941
274.493
274.994
274.94
274.488
274.978
274.872
274.304
274.984
274.895
274.36
274.985
274.897
274.365
274.983
274.89
274.348
274.983
274.893
274.356
274.98
274.88
274.323
274.923
274.736
274.051
275
275
274.983
)
;

boundaryField
{
    topAndBottom
    {
        type            zeroGradient;
    }
    inlet
    {
        type            fixedValue;
        value           uniform 275;
    }
    outlet
    {
        type            zeroGradient;
    }
    wing
    {
        type            groovyBC;
        refValue        uniform 269.981;
        refGradient     uniform 0;
        valueFraction   uniform 1;
        value           uniform 269.981;
        valueExpression "Twall+hc*(T-Twall)/(rho_p*cp_p)+sigma*emiss*(pow(Tinf,4)-pow(Twall,4))/(rho_p*cp_p)";
        gradientExpression "0";
        fractionExpression "1";
        evaluateDuringConstruction 0;
        cyclicSlave     0;
        variables       
10
(
"rho_p=1.25;"
"cp_p=1004;"
"Twall=270;"
"hc=12;"
"sigma=5.67*pow(10,-8);"
"emiss=0.2;"
"rh=0.7;"
"pv=pSat*rh;"
"Kn=0.;"
"Tinf=T*pow((1-(0.5-0.006*sqrt(pv))*(1-Kn)),0.25);"
)
;
        timelines       (
);
        lookuptables    (
);
        lookuptables2D  (
);
    }
    front
    {
        type            empty;
    }
    back
    {
        type            empty;
    }
}


// ************************************************************************* //
