/*--------------------------------*- C++ -*----------------------------------*\
| =========                 |                                                 |
| \\      /  F ield         | OpenFOAM: The Open Source CFD Toolbox           |
|  \\    /   O peration     | Version:  5.x                                   |
|   \\  /    A nd           | Web:      www.OpenFOAM.org                      |
|    \\/     M anipulation  |                                                 |
\*---------------------------------------------------------------------------*/
FoamFile
{
    version     2.0;
    format      ascii;
    class       volScalarField;
    location    "600";
    object      T;
}
// * * * * * * * * * * * * * * * * * * * * * * * * * * * * * * * * * * * * * //

dimensions      [0 0 0 1 0 0 0];

internalField   nonuniform List<scalar> 
6584
(
275
275
275
275
275
275
275
275
275
275
275
275
275
275
275
275
275
275
275
275
275
275
275
275
275
275
275
275
275
275
275
275
275
275
275
275
275
275
275
275
275
275
275
275
275
275
275
275
275
275
275
275
275
275
275
275
275
275
275
275
275
275
275
275
275
275
275
275
275
275
275
275
275
275
275
275
275
275
275
275
275
275
275
275
275
275
275
275
275
275
275
275
275
275
275
275
275
275
275
275
275
275
275
275
275
275
275
275
275
275
275
275
275
275
275
275
275
275
275
275
275
275
275
275
275
275
275
275
275
275
275
275
275
275
275
275
275
275
275
275
275
275
275
275
275
275
275
275
275
275
275
275
275
275
275
275
275
275
275
275
275
275
275
275
275
275
275
275
275
275
275
275
275
275
275
275
275
275
275
275
275
275
275
275
275
275
275
275
275
275
275
275
275
275
275
275
275
275
275
275
275
275
275
275
275
275
275
275
275
275
275
275
275
275
275
275
275
275
275
275
275
275
275
275
275
275
275
275
275
275
275
275
275
275
275
275
275
275
275
275
275
275
275
275
275
275
275
275
275
275
275
275
275
275
275
275
275
275
275
275
275
275
275
275
275
275
275
275
275
275
275
275
275
275
275
275
275
275
275
275
275
275
275
275
275
275
275
275
275
275
275
275
275
275
275
275
275
275
275
275
275
275
275
275
275
275
275
275
275
275
275
275
275
275
275
275
275
275
272.884
275
275
275
275
275
275
275
275
275
275
275
275
275
275
275
275
275
275
275
275
275
275
275
274.441
275
275
275
275
275
275
275
275
275
275
275
275
275
275
275
275
275
275
275
275
275
275
275
274.489
275
275
275
275
275
275
275
275
275
275
275
275
275
275
275
275
275
275
275
275
275
275
274.991
274.756
275
275
275
275
275
275
275
275
275
275
275
275
275
275
275
275
275
275
275
275
275
275
274.985
274.763
275
275
275
275
275
275
275
275
275
275
275
275
275
275
275
275
275
275
275
275
275
274.998
274.71
274.886
275
275
275
275
275
275
275
275
275
275
275
275
275
275
275
275
275
275
275
275
275
274.997
274.711
274.887
275
275
275
275
275
275
275
275
275
275
275
275
275
275
275
275
275
275
275
275
275
274.996
274.712
274.887
275
275
275
275
275
275
275
275
275
275
275
275
275
275
275
275
275
275
275
275
275
274.995
274.713
274.888
275
275
275
275
275
275
275
275
275
275
275
275
275
275
275
275
275
275
275
275
275
274.994
274.714
274.888
275
275
275
275
275
275
275
275
275
275
275
275
275
275
275
275
275
275
275
275
275
274.992
274.715
274.889
275
275
275
275
275
275
275
275
275
275
275
275
275
275
275
275
275
275
275
275
275
274.992
274.716
274.889
275
275
275
275
275
275
275
275
275
275
275
275
275
275
275
275
275
275
275
275
275
274.99
274.716
274.89
275
275
275
275
275
275
275
275
275
275
275
275
275
275
275
275
275
275
275
275
275
274.989
274.717
274.89
275
275
275
275
275
275
275
275
275
275
275
275
275
275
275
275
275
275
275
275
275
274.988
274.718
274.891
275
275
275
275
275
275
275
275
275
275
275
275
275
275
275
275
275
275
275
275
275
274.987
274.719
274.891
275
275
275
275
275
275
275
275
275
275
275
275
275
275
275
275
275
275
275
275
275
274.986
274.72
274.891
275
275
275
275
275
275
275
275
275
275
275
275
275
275
275
275
275
275
275
275
275
274.985
274.72
274.892
275
275
275
275
275
275
275
275
275
275
275
275
275
275
275
275
275
275
275
275
275
274.984
274.721
274.892
275
275
275
275
275
275
275
275
275
275
275
275
275
275
275
275
275
275
275
275
274.999
274.983
274.722
274.893
275
275
275
275
275
275
275
275
275
275
275
275
275
275
275
275
275
275
275
275
274.999
274.982
274.723
274.893
275
275
275
275
275
275
275
275
275
275
275
275
275
275
275
275
275
275
275
275
274.999
274.982
274.723
274.893
275
275
275
275
275
275
275
275
275
275
275
275
275
275
275
275
275
275
275
275
274.999
274.981
274.724
274.894
275
275
275
275
275
275
275
275
275
275
275
275
275
275
275
275
275
275
275
275
275
275
275
275
275
275
275
272.606
272.782
275
275
275
275
275
275
275
275
275
275
275
275
275
275
275
275
275
275
274.997
274.999
274.99
274.999
275
275
275
275
275
275
275
274.989
274.99
274.886
274.943
275
275
275
275
275
275
275
274.993
274.991
274.968
274.915
275
275
275
274.994
274.993
275
275
275
274.999
274.998
275
273.263
272.621
274.006
275
275
275
275
275
275
274.998
275
275
274.999
275
275
275
275
274.99
274.996
275
274.987
274.96
274.998
274.988
274.948
274.99
275
274.995
274.985
274.999
274.995
275
274.99
274.989
275
274.956
274.969
274.959
274.955
274.913
274.883
275
274.98
274.985
274.984
274.981
275
274.965
274.977
274.97
274.963
274.992
274.971
275
274.993
274.998
274.985
274.993
275
274.986
274.991
274.978
274.986
274.997
274.995
274.998
274.999
275
274.994
274.99
274.991
274.994
274.999
274.999
275
275
275
275
275
275
275
275
275
274.997
274.995
274.853
274.773
275
275
275
275
275
275
275
275
274.995
274.993
275
272.596
272.981
274.22
274.404
273.003
273.466
274.758
274.614
275
274.999
274.999
274.427
274.543
274.999
275
275
275
275
275
275
275
275
275
275
275
275
275
275
274.993
274.996
274.921
274.924
274.95
274.944
274.992
274.613
274.996
274.914
274.862
274.868
274.916
274.998
274.962
275
274.884
274.987
274.86
275
274.99
275
275
274.999
274.973
275
275
274.971
274.969
274.995
274.994
274.965
274.967
274.985
275
275
275
275
274.985
274.998
275
275
275
275
274.997
274.962
274.963
274.954
274.954
274.843
274.849
274.978
275
275
275
275
274.978
274.983
275
275
275
275
274.983
272.632
274.97
273.063
272.64
273.561
273.091
274.972
274.955
272.686
274.957
274.985
274.984
274.989
275
275
275
275
274.989
273.937
274.181
274.982
273.971
273.595
274.293
274.014
274.983
273.514
273.897
274.996
274.775
274.859
274.63
274.758
274.996
274.579
274.531
274.575
272.914
274.556
274.514
273.291
274.916
274.919
275
275
275
275
275
274.999
274.999
273.848
274.995
274.998
275
274.998
274.997
275
272.916
272.951
272.364
274.522
274.518
273.022
273.141
274.902
274.915
271.567
275
275
275
275
275
275
274.998
275
275
274.991
274.987
274.997
274.988
275
275
275
275
274.989
274.903
274.936
274.96
274.921
274.355
274.24
274.998
274.921
274.954
274.977
274.978
273.157
275
275
275
274.999
274.992
274.988
275
275
275
275
275
275
274.992
275
275
275
275
274.993
274.979
274.654
274.847
274.545
274.568
274.963
274.867
274.887
274.991
274.955
274.975
274.989
274.999
274.999
274.998
274.999
274.985
275
275
274.989
274.959
274.511
274.412
274.956
274.511
274.539
274.394
274.406
274.954
274.885
274.862
274.979
274.998
274.998
274.998
274.999
274.982
274.984
274.998
274.998
274.998
274.998
274.982
274.99
274.854
274.885
274.811
274.795
274.977
274.997
275
275
275
275
274.997
274.989
274.49
274.323
274.667
274.617
274.989
273.51
273.581
274.992
274.722
274.682
273.429
273.49
274.497
274.385
275
275
275
274.234
274.823
274.287
274.351
274.323
274.813
275
275
275
275
275
272.645
272.771
272.976
272.935
274.308
273.176
273.13
273.301
273.189
274.332
273.124
273.213
274.704
274.68
274.484
273.48
273.363
273.152
273.212
274.999
275
275
275
275
274.999
274.991
274.997
274.906
274.933
274.958
274.924
274.646
274.901
274.878
274.925
274.908
274.64
274.827
274.806
274.871
274.839
274.895
274.528
274.599
274.4
274.493
274.888
274.179
274.212
274.936
274.997
274.993
274.999
274.998
274.949
274.97
274.961
274.991
274.974
274.998
275
275
274.997
274.995
274.998
274.993
274.999
274.994
274.999
275
274.995
274.998
275
274.999
274.998
274.6
274.627
274.977
274.32
274.204
274.673
274.343
274.043
273.94
274.17
274.09
274.965
274.577
274.594
274.837
274.794
274.957
274.874
274.75
274.713
274.787
274.76
274.992
274.892
274.906
274.957
274.974
274.999
274.999
274.987
274.985
274.999
274.999
274.541
274.529
274.96
273.854
273.862
273.387
273.796
273.828
273.971
273.854
273.829
274.471
274.502
274.955
273.776
273.669
273.917
273.808
273.464
273.361
273.627
273.517
274.954
274.422
274.459
274.866
274.857
274.999
274.998
274.979
274.981
274.999
274.999
274.998
274.998
274.984
274.982
274.998
274.998
272.687
272.827
274.569
274.633
274.484
274.546
272.681
273.376
274.719
274.613
274.651
274.703
273.277
274.199
274.237
274.054
274.184
272.824
274.4
274.466
274.258
274.365
272.826
274.827
274.846
274.989
274.748
274.785
274.796
274.746
274.785
274.979
274.783
274.81
274.038
272.878
272.88
273.092
272.898
274.073
272.979
273.658
272.881
273.721
274.697
274.943
274.93
274.96
274.948
274.708
274.522
274.542
273.614
273.695
273.261
273.404
274.577
274.523
275
275
275
275
275
275
275
275
275
275
275
275
275
275
275
275
275
274.999
274.991
274.976
274.974
274.89
274.941
275
275
274.992
274.851
274.841
274.917
274.892
274.908
274.994
275
275
275
274.983
274.989
274.999
275
274.999
275
274.997
274.953
274.981
274.95
274.972
274.969
274.989
274.993
274.993
274.985
274.999
274.999
274.996
274.99
275
275
274.592
274.552
274.966
274.91
274.864
274.86
274.88
274.98
274.993
274.992
274.984
274.993
274.993
274.992
274.992
274.981
274.952
274.654
274.613
274.986
274.998
274.998
274.998
275
275
272.799
272.802
274.766
274.734
274.993
272.799
272.798
274.957
274.965
274.999
275
275
272.57
272.616
272.645
272.95
273.026
272.556
272.585
272.941
272.876
273.402
274.51
274.489
274.636
273.575
273.5
274.5
275
275
275
274.999
275
275
275
274.998
274.999
275
275
275
274.985
274.984
274.992
274.996
274.993
274.991
274.914
274.926
274.876
274.883
274.954
274.936
274.844
274.861
274.672
274.676
274.761
274.749
274.614
274.684
274.693
274.994
274.914
274.932
274.953
274.909
274.969
274.962
274.995
274.993
274.981
274.754
274.716
274.943
274.89
274.814
275
275
274.999
274.999
274.996
274.997
274.981
274.996
274.998
274.911
274.937
274.997
274.668
274.622
274.963
274.97
275
275
274.999
274.996
275
275
274.966
274.547
274.542
274.843
274.851
274.992
274.992
274.983
274.983
274.992
274.992
272.668
273.029
273.677
273.716
273.258
273.29
272.598
274.684
274.662
274.954
272.841
272.786
273.124
273.129
272.735
273.225
273.24
272.743
272.754
274.999
274.998
274.986
274.991
274.999
274.999
273.788
274.682
274.704
274.636
274.659
273.724
274.814
274.953
274.963
274.961
274.957
274.827
274.657
274.793
274.777
274.541
274.517
274.581
272.961
273.003
273.031
272.815
274.593
273.729
273.614
273.83
273.757
274.496
274.205
274.212
274.619
274.68
274.931
275
275
275
272.902
272.908
273.61
273.604
272.282
273.091
272.945
272.948
272.895
272.924
273.125
271.604
274.564
274.577
275
275
275
274.979
274.978
274.991
274.983
274.99
274.994
274.988
274.989
274.897
274.938
274.805
274.816
274.817
274.805
274.919
274.834
274.829
274.328
274.154
274.153
274.177
274.173
274.296
274.991
274.996
274.996
274.996
274.996
274.99
274.952
274.985
274.967
274.961
274.985
274.993
274.993
274.863
274.865
274.902
274.869
274.993
274.993
274.979
274.992
274.993
274.984
274.981
274.992
274.992
274.813
274.85
274.834
274.864
274.859
274.81
272.81
272.827
272.814
272.804
273.45
273.082
273.065
274.211
274.208
274.463
274.251
274.297
274.168
274.204
274.423
275
275
275
275
275
275
275
275
275
275
274.275
274.562
274.544
274.614
274.587
274.297
274.392
274.476
274.439
274.529
274.51
274.363
275
275
275
274.999
274.998
275
275
272.572
272.89
272.663
272.654
272.966
272.952
273.463
273.494
273.151
272.554
272.537
273.062
272.701
272.697
272.685
273.314
272.758
272.634
274.533
274.567
274.726
274.449
274.458
274.424
274.431
274.657
274.482
274.497
273.163
272.831
272.863
272.802
272.805
273.18
275
275
274.999
274.998
274.999
275
274.977
274.991
274.983
274.981
274.985
274.986
274.981
274.983
274.909
274.929
274.829
274.832
274.82
274.825
274.956
274.887
274.89
274.828
274.834
274.929
274.832
274.704
274.68
274.626
274.739
274.726
274.819
274.703
274.7
274.739
274.718
274.812
274.863
274.759
274.772
274.713
274.737
274.852
274.696
274.43
274.656
274.637
274.159
274.177
274.93
274.974
274.972
274.923
274.96
274.985
274.979
274.815
274.784
274.909
274.917
274.965
274.876
274.847
274.989
274.992
274.998
274.994
274.984
274.97
274.984
274.997
274.998
274.999
274.997
274.997
274.994
274.989
274.993
274.999
274.998
274.997
274.999
274.998
274.999
274.996
274.996
274.994
274.997
274.292
274.245
274.577
274.142
274.184
274.052
274.364
274.002
273.968
274.14
274.117
274.814
274.611
274.658
274.522
274.564
274.802
274.947
274.874
274.898
274.686
274.821
274.925
274.579
274.496
274.741
274.285
274.318
274.232
274.258
274.73
274.78
274.456
274.486
274.358
274.404
274.77
274.961
274.972
273.873
273.44
273.5
273.316
273.375
273.871
273.497
273.528
273.522
273.656
273.849
272.999
273.054
273.108
273.008
273.897
273.845
273.213
273.262
273.118
273.17
273.837
273.75
273.719
273.893
273.846
273.419
273.378
273.592
273.564
274.852
274.854
274.984
274.992
274.992
274.992
274.992
274.982
272.694
273.536
273.62
272.963
272.597
273.348
273.437
272.959
272.898
274.21
273.487
273.491
274.12
273.406
273.264
273.489
273.467
274.161
273.092
273.023
273.132
273.196
272.785
272.839
272.992
274.835
274.911
274.905
274.92
274.916
274.841
274.76
274.778
274.778
274.746
274.746
274.758
274.782
274.876
274.869
274.896
274.886
274.793
272.874
273.135
273.166
273.085
273.11
272.877
273.02
273.353
273.418
273.213
273.279
272.949
272.967
272.683
272.722
272.686
272.678
272.878
272.996
273.052
272.803
272.899
272.859
274.818
274.807
274.682
274.519
274.567
272.868
272.935
273.317
272.923
272.842
273.041
273.001
273.368
272.831
272.826
274.203
274.202
275
275
275
275
275
275
275
275
275
275
275
275
275
275
275
275
275
275
275
275
275
275
275
275
275
275
275
275
275
275
275
275
275
275
275
275
275
275
275
275
275
275
275
275
275
275
275
275
275
275
275
275
275
275
275
275
275
275
275
275
275
275
275
275
275
275
275
275
275
275
275
275
275
275
275
275
275
275
275
275
275
275
275
275
275
275
275
275
275
275
275
275
275
275
275
275
275
275
275
275
275
275
275
275
275
275
275
275
275
275
275
275
275
275
275
275
275
275
275
275
275
275
275
275
275
275
275
275
275
275
275
275
275
275
275
275
274.998
274.998
273.17
274.868
274.877
275
275
275
275
275
275
275
275
275
275
275
275
275
273.853
273.816
274.478
275
275
275
275
275
275
275
275
275
275
275
274.994
274.4
273.865
274.753
275
275
275
275
275
275
275
275
275
275
275
275
275
275
275
275
275
275
275
275
275
275
275
275
275
275
275
275
275
275
275
275
275
275
275
275
275
275
275
275
275
275
275
275
275
275
275
274.998
274.999
275
272.279
273.458
273.47
274.167
274.169
271.647
275
275
275
275
275
275
275
275
275
275
275
275
275
275
275
275
275
275
275
275
275
275
275
275
275
275
275
275
275
275
275
275
275
275
275
275
275
275
275
275
275
275
275
275
275
275
275
275
275
275
275
275
275
275
275
275
274.998
274.999
274.999
275
275
274.999
274.997
274.996
274.998
275
275
275
275
275
275
275
275
275
275
275
275
275
275
275
275
275
275
275
275
275
274.988
274.997
274.997
274.997
274.997
274.989
275
275
275
275
275
275
275
275
275
275
275
275
275
275
275
275
275
275
275
275
275
274.992
275
275
274.998
274.998
274.991
274.965
274.903
274.911
275
275
275
275
275
275
275
275
275
274.994
274.953
274.962
274.977
274.979
274.993
275
275
275
275
275
275
275
275
275
274.998
274.994
274.995
274.99
274.991
274.998
274.999
274.998
275
273.183
274.978
274.976
274.523
274.53
272.688
274.996
274.995
273.891
275
275
275
275
275
275
275
275
275
275
275
275
275
275
275
275
274.999
275
275
275
275
275
275
275
274.999
274.998
274.998
275
275
275
275
275
275
275
275
275
275
275
275
274.991
274.998
274.998
274.999
274.999
274.995
275
275
275
274.985
274.962
274.968
274.903
274.905
274.961
274.972
274.975
274.989
275
275
275
274.994
274.997
274.997
274.999
275
275
274.998
274.998
274.995
275
275
275
274.99
274.998
274.998
274.997
274.997
274.989
275
275
275
274.957
274.896
274.893
274.923
274.921
274.968
274.958
274.9
274.902
274.891
274.89
274.954
275
275
275
274.995
274.995
274.984
275
275
275
274.967
274.804
274.778
274.905
274.899
274.975
274.971
274.928
274.926
274.77
274.742
274.961
274.991
274.973
274.975
274.92
274.928
274.974
275
275
275
274.994
274.999
274.999
274.999
274.999
274.997
274.985
274.995
274.995
274.999
274.999
274.991
275
275
275
274.987
274.948
274.945
274.963
274.961
274.99
274.979
274.915
274.91
274.942
274.938
274.985
274.997
274.988
274.989
274.965
274.972
274.995
274.998
274.999
274.999
275
275
274.998
275
275
275
274.995
274.797
274.775
274.752
274.786
274.994
274.992
274.966
274.965
274.999
274.966
274.968
275
275
275
275
275
275
275
275
275
275
275
275
275
275
275
275
275
275
275
275
275
274.996
275
275
275
275
274.996
274.843
274.74
274.756
274.634
274.659
274.788
275
275
275
275
275
275
274.999
275
275
275
275
275
275
275
275
275
275
275
274.994
275
275
275
275
274.994
275
275
275
274.253
273.88
273.846
274.057
274.022
274.38
274.742
274.589
274.61
275
275
275
274.999
275
275
275
275
274.999
274.448
274.125
274.092
274.269
274.247
274.529
275
275
275
275
275
275
275
275
275
275
275
275
275
275
275
275
275
275
275
275
275
275
275
275
275
275
275
275
275
275
275
275
275
275
275
275
275
275
275
274.936
274.949
274.993
274.995
274.986
274.987
274.908
274.839
274.848
274.77
274.783
274.87
274.892
274.968
274.965
274.973
274.971
274.899
274.998
274.992
274.992
274.997
274.999
275
274.999
274.99
274.996
274.992
274.998
274.996
275
275
275
275
275
275
274.999
274.999
275
275
275
275
274.923
274.927
274.972
274.967
274.918
274.92
274.988
274.989
274.996
274.994
274.984
274.986
274.993
274.994
274.985
275
275
275
275
275
275
275
274.999
274.999
275
275
275
274.985
274.993
274.993
274.999
274.999
274.998
275
275
275
275
275
275
275
275
275
275
275
275
274.997
274.999
274.999
274.909
274.907
274.962
274.964
274.912
274.91
274.892
274.893
274.954
274.954
274.89
274.891
274.993
274.993
274.978
275
274.999
274.999
274.999
274.999
275
275
275
275
274.999
275
275
274.978
274.993
274.993
275
274.999
274.999
274.999
274.999
275
275
274.999
274.999
274.999
274.999
275
274.88
274.813
274.969
273.519
274.059
274.103
273.75
273.787
273.127
274.974
274.893
274.886
274.959
274.729
274.693
274.957
274.96
274.987
274.982
274.949
274.953
274.996
274.996
274.988
275
275
275
275
275
275
275
275
275
275
275
275
274.99
274.997
274.997
273.972
273.534
273.498
273.805
273.756
274.147
274.925
274.921
274.98
273.919
274.374
274.407
274.139
274.176
273.629
274.177
274.76
274.777
274.724
274.743
274.134
274.984
274.934
274.93
273.557
273.016
272.981
273.455
273.394
273.847
274.985
274.987
274.997
274.789
274.875
274.866
274.923
274.917
274.849
274.857
274.846
274.739
274.996
274.982
274.984
274.548
273.928
273.853
274.022
273.956
274.563
274.569
274.314
274.292
274.911
274.697
274.734
274.857
274.865
274.923
275
275
275
275
275
275
274.999
275
275
275
275
274.999
274.783
274.774
273.797
274.995
274.964
274.964
274.962
274.964
274.995
274.998
275
275
275
275
274.997
275
275
275
272.93
272.851
272.296
274.515
274.057
273.932
274.075
274.064
274.515
274.914
274.673
274.649
274.729
274.787
274.916
271.575
273.315
273.65
275
275
275
275
275
275
275
275
275
275
275
275
275
275
275
275
275
275
275
274.999
274.998
275
275
275
275
275
275
274.998
274.995
274.994
274.997
274.997
274.988
275
274.999
274.999
274.999
274.999
275
275
274.999
274.999
274.999
274.999
275
274.989
274.997
274.997
274.893
274.897
274.962
274.993
274.994
274.998
274.946
274.978
274.976
274.981
274.98
274.95
274.978
274.83
274.755
274.83
274.831
274.978
273.13
274.312
274.302
275
275
275
275
275
275
275
275
275
274.998
274.998
274.999
275
275
275
275
275
275
275
275
275
275
275
275
275
275
275
275
275
275
274.998
274.998
274.992
275
274.999
275
274.999
274.999
275
275
275
275
275
275
275
274.994
274.999
274.998
274.945
274.954
274.982
274.712
274.882
274.854
274.928
274.911
274.8
274.552
274.787
274.784
274.794
274.79
274.56
274.962
274.908
274.91
274.876
274.942
274.937
274.949
274.946
274.882
274.99
274.977
274.979
274.996
274.997
274.993
274.999
274.999
274.999
274.998
274.997
274.997
274.997
274.997
274.998
275
274.999
274.999
274.999
274.999
275
274.989
274.997
274.997
274.902
274.899
274.958
274.481
274.77
274.779
274.751
274.76
274.444
274.897
274.898
274.957
274.521
274.774
274.771
274.781
274.777
274.532
274.387
274.742
274.745
274.742
274.741
274.392
274.954
274.889
274.889
274.998
274.997
274.997
274.997
274.997
274.998
274.997
274.997
274.999
274.983
274.994
274.994
274.998
274.997
274.997
274.997
274.997
274.998
274.998
274.997
274.997
274.996
274.997
274.998
274.968
274.971
274.99
274.864
274.931
274.925
274.941
274.936
274.875
274.976
274.933
274.937
274.999
274.999
274.996
275
275
275
275
275
275
275
275
275
275
275
275
274.997
274.999
274.999
274.954
274.951
274.988
274.423
274.817
274.828
274.791
274.804
274.399
274.651
274.855
274.863
274.837
274.846
274.635
274.99
274.959
274.957
273.531
273.152
273.134
273.202
273.174
273.553
274.969
274.968
274.992
274.71
274.883
274.888
274.87
274.876
274.697
273.116
273.099
273.47
275
275
275
274.71
274.724
274.833
274.801
274.68
274.696
275
275
275
275
275
275
275
275
275
273.935
273.908
274.282
273.164
273.519
273.541
273.247
273.628
273.673
273.564
273.592
273.21
274.356
273.991
273.962
274.18
274.154
274.467
273.455
273.801
273.83
273.721
273.766
273.417
275
275
275
275
275
275
275
274.999
274.999
275
275
275
274.994
274.993
274.997
274.893
274.807
274.822
274.781
274.792
274.886
274.919
274.852
274.861
274.834
274.844
274.914
274.819
274.83
274.902
274.558
274.726
274.709
274.753
274.74
274.58
274.691
274.674
274.459
274.879
274.795
274.807
274.996
274.989
274.99
274.984
274.987
274.995
274.999
274.997
274.998
274.992
274.995
274.998
274.967
274.922
274.927
274.985
274.958
274.977
274.933
274.943
274.979
274.999
274.999
274.995
275
275
275
274.999
274.999
275
275
274.999
274.999
275
275
275
274.999
274.999
275
274.999
274.999
274.998
274.607
274.819
274.814
274.836
274.826
274.615
274.974
274.931
274.937
274.913
274.915
274.966
274.583
274.802
274.798
274.809
274.805
274.588
274.981
274.982
274.993
274.897
274.955
274.952
274.961
274.958
274.902
274.999
274.998
274.997
274.998
274.998
274.999
274.986
274.994
274.995
274.993
274.993
274.985
274.999
274.997
274.997
274.997
274.997
274.999
274.54
274.792
274.795
274.785
274.79
274.537
274.961
274.906
274.904
274.484
274.762
274.758
274.768
274.765
274.494
274.955
274.894
274.895
274.889
274.889
274.954
274.436
274.749
274.745
274.755
274.752
274.447
274.999
274.997
274.997
274.997
274.997
274.998
274.978
274.993
274.993
274.994
274.993
274.979
274.999
274.997
274.997
274.997
274.997
274.999
274.998
274.996
274.996
274.997
274.997
274.998
274.998
274.996
274.996
274.996
274.996
274.998
274.59
274.184
274.137
274.252
274.221
274.613
274.502
273.997
273.968
274.086
274.037
274.523
273.948
274.001
273.46
274.734
274.436
274.405
274.668
274.308
274.28
274.372
274.338
274.685
273.188
273.833
273.889
273.493
273.485
274.222
274.427
273.887
273.836
273.944
273.919
274.448
274.288
273.577
273.521
273.757
273.663
274.325
274.988
274.963
274.966
274.94
274.944
274.981
273.605
273.568
274.005
274.11
273.701
273.649
273.126
273.061
273.603
273.787
273.311
273.214
274.939
274.887
274.894
274.87
274.879
274.935
274.956
274.913
274.919
274.901
274.907
274.952
274.722
274.836
274.827
273.653
273.297
273.243
273.363
273.351
273.69
274.566
274.374
274.378
274.325
274.35
274.546
275
275
275
275
275
275
275
275
275
275
275
275
275
275
275
275
275
275
275
275
275
275
275
275
275
275
275
275
275
275
275
275
275
275
275
275
274.999
275
275
274.991
274.998
274.998
274.897
274.949
274.945
274.955
274.952
274.902
274.994
274.981
274.982
275
275
275
274.985
274.994
274.993
274.996
274.995
274.987
275
275
275
275
275
275
275
275
275
274.995
274.997
274.998
274.969
274.988
274.983
274.992
274.99
274.977
274.995
274.998
274.998
274.997
274.997
274.99
275
274.999
274.999
274.999
274.999
275
274.574
274.817
274.824
274.808
274.812
274.56
274.967
274.919
274.917
274.644
274.843
274.848
274.83
274.836
274.631
274.995
274.995
274.985
275
275
274.998
275
275
275
274.756
274.903
274.907
274.894
274.899
274.746
274.993
274.972
274.971
274.96
274.984
274.983
274.986
274.985
274.962
273.543
273.905
273.933
273.855
273.879
273.52
274.514
274.225
274.203
275
275
275
275
275
275
275
275
275
275
275
275
275
275
275
275
275
275
274.983
274.985
274.995
274.921
274.962
274.959
274.968
274.965
274.927
275
275
275
274.999
275
275
274.917
274.968
274.965
274.978
274.972
274.925
274.996
274.991
274.993
274.999
274.999
274.999
274.998
274.998
274.996
274.915
274.913
274.965
274.545
274.802
274.805
274.797
274.799
274.543
274.676
274.862
274.867
274.853
274.858
274.669
274.987
274.996
274.996
274.997
274.997
274.99
274.293
274.336
273.857
273.67
274.21
274.253
274.894
274.885
274.801
274.925
274.93
274.966
274.839
274.91
274.903
274.356
274.336
274.582
273.696
274.027
274.055
273.964
273.996
273.656
273.807
274.146
274.171
274.089
274.119
273.783
274.64
274.777
274.765
274.801
274.789
274.661
274.927
274.872
274.879
273.574
273.237
273.281
273.261
273.245
273.585
272.285
272.84
272.846
273.144
273.203
271.588
274.592
274.219
274.049
274.354
274.314
274.581
275
275
275
275
275
275
275
275
275
275
275
275
275
275
275
275
275
275
275
275
275
275
275
275
275
275
275
275
275
275
275
275
275
275
275
275
275
275
275
275
275
275
275
275
275
275
275
275
275
275
275
275
275
275
275
275
275
275
275
275
275
275
275
275
275
275
275
275
275
275
275
275
275
275
275
275
275
275
275
275
275
275
275
275
275
275
275
275
275
275
275
275
275
275
275
275
275
275
275
275
275
275
275
275
275
275
275
275
275
275
275
275
275
275
275
275
275
272.982
274.178
274.165
275
275
275
275
275
275
275
275
275
275
274.998
274.999
274.455
274.983
274.983
275
275
275
275
275
275
275
275
275
275
275
275
275
275
275
274.987
274.409
274.404
274.76
275
275
275
275
275
275
275
275
275
275
275
275
275
275
275
275
275
275
275
275
275
275
275
275
275
275
275
275
275
275
275
275
275
275
275
275
275
275
275
275
275
275
275
275
274.992
274.998
274.998
275
275
275
273.474
273.472
272.639
275
275
275
275
275
275
275
275
275
274.999
275
275
274.994
274.998
274.998
274.998
274.997
274.992
275
275
274.999
274.994
274.976
274.975
274.974
274.973
274.993
274.995
274.995
274.999
275
275
275
275
275
275
275
275
275
274.997
274.999
274.999
274.999
274.999
274.996
275
275
275
275
275
275
275
275
275
275
275
275
274.995
274.999
274.999
274.998
274.998
274.993
274.999
275
275
275
275
274.999
274.999
275
275
275
275
275
275
275
275
275
275
275
275
275
275
274.877
274.933
274.928
274.954
274.951
274.91
274.258
274.577
274.596
274.435
274.461
274.054
275
275
275
275
275
275
275
275
275
274.926
274.959
274.956
275
275
275
275
275
275
274.468
274.694
274.704
274.613
274.628
274.35
275
275
275
275
275
275
275
275
275
275
275
275
275
275
275
275
275
275
275
274.999
274.999
274.999
274.999
275
275
275
275
275
275
275
275
275
275
274.999
274.996
274.996
275
275
275
275
275
275
275
275
275
275
275
275
275
275
275
275
275
275
275
275
275
275
275
275
275
275
275
275
275
275
275
275
275
275
275
275
275
275
275
275
275
275
275
275
275
275
275
275
275
275
275
275
275
275
275
275
275
275
275
275
275
275
275
275
275
275
275
275
275
274.998
275
275
275
275
274.998
274.228
274.203
273.074
274.863
274.646
274.658
274.643
274.642
274.864
275
275
275
275
275
275
275
275
275
275
275
275
274.996
274.997
275
273.842
274.872
274.866
274.889
274.88
273.829
274.983
274.983
274.467
275
275
275
275
275
275
275
275
275
275
275
275
275
275
275
275
275
275
275
275
275
275
275
275
275
275
275
275
275
275
275
275
275
275
275
275
275
275
275
274.998
275
275
275
275
274.999
275
275
275
272.849
272.852
272.293
271.872
273.196
273.14
275
275
275
275
275
275
275
275
275
275
275
275
275
275
275
275
275
275
275
275
275
275
275
275
275
275
275
275
275
275
275
275
275
275
275
275
275
275
275
275
275
275
275
275
275
275
275
275
275
275
275
275
275
275
275
275
275
275
275
275
275
275
275
275
275
275
274.998
274.998
274.992
275
275
274.999
275
275
275
275
275
275
274.956
274.981
274.979
274.984
274.983
274.959
274.292
274.282
273.208
274.978
274.824
274.828
274.526
274.089
274.084
274.091
274.092
274.528
272.66
273.468
273.468
274.966
274.967
274.995
273.929
274.796
274.79
275
275
275
275
275
275
275
275
275
275
275
275
275
275
275
275
275
275
275
275
275
275
275
275
275
275
274.999
275
275
275
275
275
275
275
275
275
275
275
275
275
275
275
275
275
275
274.795
274.915
274.918
274.908
274.911
274.787
274.762
274.9
274.904
274.892
274.896
274.752
275
275
275
274.998
274.998
274.994
274.992
274.997
274.997
275
275
275
275
275
275
274.968
274.986
274.985
274.988
274.987
274.97
275
275
275
275
275
275
274.999
275
275
274.978
274.977
274.994
274.791
274.918
274.921
274.911
274.915
274.783
274.75
274.892
274.894
274.919
274.899
274.758
274.996
274.996
274.999
274.966
274.987
274.987
274.988
274.987
274.967
275
275
275
275
275
275
274.999
274.999
274.996
274.996
274.999
274.999
275
275
275
275
275
275
275
275
275
275
275
275
274.999
274.999
274.995
274.994
274.998
274.998
275
275
274.999
274.999
275
275
275
275
275
275
275
275
275
275
275
275
275
275
275
275
275
275
275
275
275
275
275
275
275
275
275
275
275
275
275
275
275
275
275
275
275
275
275
275
275
275
275
275
275
275
275
275
275
275
274.94
274.973
274.97
274.977
274.975
274.945
274.941
274.937
274.885
274.905
274.948
274.945
274.998
274.999
274.999
275
275
274.999
274.993
274.998
274.997
274.999
274.998
274.995
274.922
274.925
274.821
274.716
274.881
274.887
274.871
274.876
274.704
274.533
274.556
274.219
274.092
274.485
274.51
273.901
274.239
274.262
274.194
274.218
273.877
274.015
274.322
274.328
274.282
274.304
273.987
274.712
274.825
274.813
274.84
274.834
274.725
274.951
274.987
274.988
274.24
274.203
273.895
274.73
274.835
274.834
275
275
275
275
275
275
275
275
275
275
275
275
275
275
275
275
275
275
275
275
275
274.895
274.897
274.758
275
275
275
275
275
275
274.669
274.682
274.446
274.375
274.643
274.656
275
275
275
275
275
275
275
275
275
275
275
275
275
275
275
275
275
275
275
275
275
275
275
275
275
275
275
275
275
275
275
275
275
275
275
275
275
275
275
275
275
275
275
275
275
275
275
275
275
275
275
275
275
275
275
275
275
275
275
275
275
275
275
275
275
275
275
275
275
275
275
275
274.985
274.417
274.412
274.766
275
275
275
275
275
275
275
275
275
275
275
275
275
275
275
275
275
273.232
274.276
274.276
274.806
274.802
273.965
274.964
274.964
274.99
274.999
274.996
274.996
275
275
275
275
275
275
275
275
275
274.998
274.999
274.999
274.999
274.999
274.997
275
275
275
275
275
275
275
275
275
275
275
275
275
275
275
275
275
275
275
275
275
275
275
275
275
275
275
275
275
275
275
275
275
275
275
275
275
275
275
275
275
275
275
275
275
275
275
275
275
275
275
275
275
275
275
275
275
275
275
275
275
275
275
275
275
275
275
275
275
275
275
275
275
275
275
275
275
275
275
275
275
275
275
275
275
275
275
275
275
275
275
275
275
275
275
275
275
275
275
275
275
275
275
275
275
275
275
275
275
275
275
275
275
275
275
275
275
275
275
275
275
275
275
275
275
275
275
275
275
275
275
275
275
275
275
275
275
275
275
275
275
275
275
275
275
275
275
275
275
275
275
275
275
275
275
275
275
275
274.998
274.815
274.82
274.977
274.996
274.968
274.969
275
275
275
275
275
275
275
275
275
275
275
275
274.991
274.967
274.977
275
275
275
275
275
275
275
275
275
275
275
275
275
275
275
275
275
275
275
275
275
275
275
275
275
275
275
275
275
275
275
275
275
275
275
275
275
275
275
275
275
275
275
275
275
275
275
275
274.999
274.999
274.998
274.997
274.999
274.999
275
275
275
275
275
275
275
275
275
275
275
275
275
275
275
275
275
275
275
275
275
275
275
275
275
275
275
275
275
275
275
275
275
275
275
275
275
275
275
275
275
275
275
275
275
275
275
275
275
275
275
275
275
275
275
275
275
275
275
275
275
275
275
275
275
275
275
275
275
275
275
275
275
275
275
275
275
275
275
275
275
275
275
275
275
275
275
275
275
275
275
274.994
274.995
274.502
274.983
274.983
275
275
275
275
275
275
275
275
275
275
275
275
275
275
275
275
275
275
275
275
275
275
275
275
275
275
275
275
275
275
275
275
275
275
275
275
275
275
275
275
275
275
275
275
275
275
275
275
275
275
275
275
275
275
275
275
275
275
275
275
274.862
274.862
273.883
275
275
275
275
275
275
275
275
275
275
275
275
274.403
272.52
269.146
274.385
272.487
269.084
274.18
272.153
268.779
274.168
272.133
268.787
269.773
267.909
266.554
274.98
274.603
271.53
274.584
272.927
268.932
274.524
272.777
268.788
269.766
267.906
266.553
271.761
270.313
268.09
274.974
274.531
271.356
274.471
272.611
269.128
274.481
272.628
269.125
274.308
272.358
269.009
274.303
272.359
269.039
274.031
271.929
268.676
274.052
271.959
268.717
271.059
268.743
266.807
271.23
268.888
266.847
271.458
270.258
268.101
274.997
274.904
273.226
274.748
273.318
269.323
274.783
273.44
269.41
274.738
273.276
269.285
274.427
272.543
269.096
274.358
272.446
269.092
274.238
272.251
268.918
274.104
272.047
268.702
273.597
271.347
268.392
274.978
274.492
271.4
269.708
267.887
266.55
271.39
269.16
266.924
271.277
268.949
266.864
272.168
269.786
267.367
271.452
268.846
266.796
271.569
268.927
266.82
271.713
269.038
266.844
271.624
268.971
266.829
271.93
269.205
266.885
271.755
269.069
266.853
271.898
269.182
266.879
271.429
268.83
266.793
271.31
268.746
266.772
271.169
268.66
266.752
271.277
268.726
266.767
270.853
268.501
266.71
270.967
268.551
266.723
271.125
268.635
266.744
271.02
268.582
266.732
270.8
268.471
266.704
269.889
267.961
266.566
269.735
267.872
266.543
271.413
269.209
266.938
274.792
273.479
269.445
274.829
273.627
269.633
274.838
273.672
269.699
274.439
272.571
269.124
274.516
272.7
269.196
274.347
272.425
269.07
274.247
272.263
268.91
273.983
271.861
268.613
274.089
272.015
268.687
273.419
271.112
268.159
273.513
271.226
268.351
273.441
271.139
268.189
273.571
271.319
268.328
273.525
271.242
268.359
273.093
270.69
267.859
272.844
270.407
267.649
272.806
270.37
267.608
272.126
269.754
267.332
271.992
269.669
267.453
274.572
272.814
269.189
274.58
272.823
269.15
274.409
272.52
269.119
274.562
272.791
269.183
274.547
272.754
269.133
274.373
272.462
269.062
274.194
272.185
268.802
273.931
271.777
268.667
273.94
271.783
268.644
274.158
272.123
268.81
273.909
271.748
268.613
273.886
271.719
268.566
269.83
267.998
266.581
269.815
268.036
266.591
269.776
267.908
266.554
269.84
267.967
266.573
269.845
267.953
266.569
274.983
274.639
271.699
272.706
270.27
267.743
272.671
270.244
267.655
274.641
273.074
269.077
274.863
273.823
270.081
274.477
272.655
268.661
269.756
267.9
266.551
271.767
270.246
267.907
274.968
274.471
271.178
274.637
272.972
269.228
274.463
272.604
269.153
274.493
272.656
269.147
274.317
272.368
268.997
274.277
272.319
268.972
274.017
271.903
268.667
274.066
271.983
268.725
273.815
271.63
268.548
272.73
270.292
267.825
272.753
270.322
267.713
274.997
274.898
273.002
274.996
274.858
272.686
271.119
268.785
266.819
271.177
268.834
266.832
274.766
273.374
269.394
274.775
273.409
269.412
274.724
273.23
269.325
274.601
272.871
269.135
274.589
272.842
269.129
274.417
272.526
269.096
274.522
272.704
269.179
274.536
272.728
269.122
274.364
272.449
269.067
274.218
272.219
268.861
273.964
271.82
268.635
273.952
271.797
268.627
274.126
272.079
268.75
273.856
271.668
268.554
273.87
271.69
268.55
273.638
271.388
268.465
273.627
271.379
268.465
269.764
267.928
266.562
269.793
268
266.582
269.75
267.89
266.55
269.818
267.94
266.565
269.839
267.947
266.567
269.767
267.938
266.566
271.357
269.093
266.904
271.32
269.018
266.883
274.988
274.697
271.946
272.587
270.17
267.784
272.615
270.199
267.716
272.641
270.22
267.662
274.743
273.395
269.493
274.674
273.177
269.219
274.784
273.533
269.673
274.819
273.663
269.876
274.402
272.473
268.471
272.967
270.21
267.206
271.484
268.867
266.802
271.522
268.892
266.809
271.679
269.012
266.838
271.653
268.992
266.833
271.804
269.108
266.864
271.863
269.156
266.874
271.405
268.814
266.79
271.353
268.776
266.782
271.222
268.696
266.761
271.252
268.713
266.763
270.885
268.513
266.712
270.923
268.529
266.717
271.09
268.617
266.739
271.066
268.608
266.737
270.746
268.444
266.696
269.744
267.889
266.548
271.43
269.278
266.962
274.822
273.594
269.604
274.802
273.522
269.515
274.85
273.729
269.791
274.614
272.911
269.175
274.628
272.951
269.229
274.457
272.605
269.188
274.509
272.691
269.205
274.329
272.392
269.014
274.26
272.287
268.924
274.005
271.886
268.665
274.076
271.994
268.699
273.843
271.657
268.574
273.835
271.654
268.595
273.792
271.592
268.552
273.404
271.088
268.161
273.499
271.2
268.322
273.467
271.167
268.25
273.538
271.268
268.292
273.551
271.292
268.295
272.886
270.454
267.698
272.775
270.343
267.629
272.082
269.724
267.407
272.037
269.695
267.398
274.999
274.943
273.537
274.999
274.969
273.953
274.999
274.968
273.962
271.082
269.134
266.977
271.22
269.401
267.158
273.998
271.696
267.921
273.385
270.755
267.445
274.07
271.821
267.997
273.271
270.605
267.389
270.228
268.162
266.621
270.033
268.049
266.59
269.834
267.925
266.557
270
268.031
266.586
269.824
267.922
266.556
272.073
270.172
268.319
274.929
274.144
270.384
274.915
274.069
270.265
272.996
270.579
267.797
273.202
270.811
268.04
273.185
270.786
268.019
272.978
270.556
267.801
272.927
270.501
267.755
274.989
274.658
271.868
274.992
274.748
272.138
270.739
269.401
268.067
272.345
269.925
267.362
271.392
270.029
267.27
271.496
270.072
267.274
271.554
269.802
267.11
270.646
268.385
266.706
271.516
269.84
267.362
274.706
273.17
269.277
273.65
271.401
268.47
273.664
271.426
268.41
273.727
271.508
268.538
272.089
269.974
267.515
274.928
274.139
270.655
269.929
268.12
266.621
274.993
274.8
272.423
274.99
274.748
272.146
272.504
270.098
267.621
272.297
269.887
267.313
272.476
270.075
267.594
272.443
270.035
267.569
274.886
273.93
270.278
273.65
271.139
267.624
273.744
271.28
267.689
274.334
272.332
268.376
274.268
272.198
268.273
270.162
268.117
266.61
270.127
268.097
266.604
269.873
267.95
266.563
269.709
267.854
266.539
270.755
269.27
266.993
270.019
268.228
266.655
270.566
268.948
266.886
271.523
269.619
267.058
270.6
268.402
266.709
271.594
269.951
267.471
274.95
274.302
270.747
274.954
274.34
270.865
274.662
273.042
269.228
274.69
273.125
269.211
274.647
272.999
269.256
273.778
271.566
268.527
273.741
271.523
268.548
273.067
270.663
267.808
272.081
269.976
267.485
270.976
268.665
266.785
270.92
268.771
266.838
271.336
269.59
267.247
271.984
269.698
267.367
271.966
269.597
267.197
272.006
269.795
267.48
272.022
269.857
267.481
273.902
271.522
267.803
270.69
268.494
266.737
270.749
268.525
266.746
273.481
270.887
267.501
274.157
271.972
268.081
273.167
270.471
267.331
272.614
269.827
267.06
272.691
269.908
267.094
272.153
269.402
266.933
272.189
269.43
266.939
272.55
269.759
267.033
272.501
269.715
267.016
272.087
269.342
266.923
272.035
269.298
266.91
270.241
268.178
266.625
270.287
268.196
266.63
270.519
268.317
266.662
270.489
268.302
266.658
270.553
268.334
266.666
270.592
268.354
266.672
270.214
268.152
266.618
270.063
268.065
266.595
269.847
267.933
266.559
269.961
268.012
266.581
269.802
267.91
266.553
270.585
268.428
266.717
270.624
268.463
266.728
274.934
274.179
270.452
274.94
274.22
270.563
274.905
274
270.16
273.379
271.035
268.217
273.391
271.055
268.228
273.018
270.606
267.791
273.365
271.014
268.201
273.33
270.979
268.127
273.219
270.836
268.052
273.16
270.76
267.958
272.078
270.199
268.097
271.016
268.695
266.794
270.89
268.608
266.769
270.934
268.636
266.777
274.999
274.938
273.557
274.997
274.881
272.976
274.995
274.835
272.652
272.396
269.98
267.447
271.265
269.987
267.242
271.095
269.734
267.113
271.553
270.04
267.254
271.57
269.948
267.193
270.739
268.394
266.722
271.432
269.726
267.295
274.717
273.212
269.336
273.677
271.45
268.422
273.698
271.477
268.468
271.993
269.687
267.7
271.982
269.653
267.383
272.067
269.925
267.476
274.947
274.258
270.895
274.968
274.394
271.152
269.863
268.045
266.598
269.819
267.979
266.578
270.845
268.58
266.761
270.799
268.552
266.753
272.534
270.124
267.668
272.562
270.148
267.713
272.217
269.832
267.453
272.254
269.857
267.39
273.562
271.007
267.561
273.84
271.423
267.749
274.21
272.078
268.172
273.08
270.358
267.281
272.886
270.118
267.175
272.783
270.006
267.135
272.281
269.511
266.961
272.23
269.467
266.948
272.342
269.565
266.978
272.416
269.634
266.999
271.969
269.236
266.892
270.386
268.244
266.644
270.336
268.218
266.636
270.432
268.27
266.651
270.464
268.289
266.655
270.692
268.411
266.686
270.715
268.424
266.689
270.672
268.403
266.685
270.636
268.381
266.68
270.198
268.141
266.616
270.094
268.081
266.599
269.86
267.942
266.561
269.903
267.982
266.573
269.76
267.883
266.546
270.165
268.382
266.705
270.364
268.601
266.78
271.478
269.468
267.016
270.558
268.409
266.71
271.653
270.039
267.577
274.959
274.397
271.023
274.885
273.896
270.003
274.899
273.967
270.109
274.877
273.849
269.907
274.866
273.793
269.881
274.669
273.059
269.196
274.679
273.087
269.187
273.765
271.544
268.523
273.752
271.53
268.532
273.041
270.634
267.791
273.273
270.921
268.018
273.299
270.948
268.061
273.235
270.86
268.07
273.254
270.897
268.013
273.129
270.73
267.896
272.084
270.065
267.738
274.999
274.961
273.839
)
;

boundaryField
{
    topAndBottom
    {
        type            zeroGradient;
    }
    inlet
    {
        type            fixedValue;
        value           uniform 275;
    }
    outlet
    {
        type            zeroGradient;
    }
    wing
    {
        type            groovyBC;
        refValue        uniform 265.981;
        refGradient     uniform 0;
        valueFraction   uniform 1;
        value           uniform 265.981;
        valueExpression "Twall+hc*(T-Twall)/(rho_p*cp_p)+sigma*emiss*(pow(Tinf,4)-pow(Twall,4))/(rho_p*cp_p)";
        gradientExpression "0";
        fractionExpression "1";
        evaluateDuringConstruction 0;
        cyclicSlave     0;
        variables       
10
(
"rho_p=1.25;"
"cp_p=1004;"
"Twall=266;"
"hc=12;"
"sigma=5.67*pow(10,-8);"
"emiss=0.2;"
"rh=0.7;"
"pv=pSat*rh;"
"Kn=0.;"
"Tinf=T*pow((1-(0.5-0.006*sqrt(pv))*(1-Kn)),0.25);"
)
;
        timelines       (
);
        lookuptables    (
);
        lookuptables2D  (
);
    }
    front
    {
        type            empty;
    }
    back
    {
        type            empty;
    }
}


// ************************************************************************* //
