/*--------------------------------*- C++ -*----------------------------------*\
| =========                 |                                                 |
| \\      /  F ield         | OpenFOAM: The Open Source CFD Toolbox           |
|  \\    /   O peration     | Version:  5.x                                   |
|   \\  /    A nd           | Web:      www.OpenFOAM.org                      |
|    \\/     M anipulation  |                                                 |
\*---------------------------------------------------------------------------*/
FoamFile
{
    version     2.0;
    format      ascii;
    class       volScalarField;
    location    "600";
    object      Y;
}
// * * * * * * * * * * * * * * * * * * * * * * * * * * * * * * * * * * * * * //

dimensions      [0 0 0 0 0 0 0];

internalField   nonuniform List<scalar> 
6584
(
0.00632781
0.00632781
0.00632781
0.00632781
0.00632781
0.00632781
0.00632781
0.00632782
0.00632782
0.00632782
0.00632782
0.00632782
0.00632782
0.00632782
0.00632782
0.00632782
0.00632782
0.00632781
0.00632781
0.00632781
0.00632781
0.00632781
0.00632781
0.00632781
0.00632561
0.00632561
0.00632561
0.00632562
0.00632562
0.00632562
0.00632562
0.00632563
0.00632563
0.00632563
0.00632563
0.00632563
0.00632564
0.00632564
0.00632563
0.00632563
0.00632563
0.00632563
0.00632562
0.00632562
0.00632562
0.00632561
0.00632561
0.00632561
0.00632341
0.00632342
0.00632342
0.00632342
0.00632342
0.00632342
0.00632343
0.00632344
0.00632345
0.00632454
0.00632454
0.00632454
0.00632454
0.00632454
0.00632454
0.00632345
0.00632344
0.00632344
0.00632343
0.00632343
0.00632342
0.00632342
0.00632342
0.00632341
0.00632122
0.00632122
0.00632122
0.00632122
0.00632123
0.00632123
0.00632124
0.00632125
0.00632126
0.00632235
0.00632235
0.00632234
0.00632234
0.00632235
0.00632235
0.00632235
0.00632125
0.00632124
0.00632124
0.00632123
0.00632123
0.00632123
0.00632122
0.00632122
0.00631902
0.00631902
0.00631903
0.00631903
0.00631903
0.00631904
0.00631904
0.00631904
0.00632015
0.00632015
0.00632014
0.00632013
0.00632013
0.00632014
0.00632016
0.00632016
0.00632016
0.00631906
0.00631905
0.00631904
0.00631904
0.00631903
0.00631903
0.00631903
0.00631683
0.00631683
0.00631683
0.00631684
0.00631684
0.00631685
0.00631685
0.00631794
0.00631793
0.00631793
0.00631847
0.00631845
0.00631844
0.00631847
0.00631795
0.00631797
0.00631798
0.00631689
0.00631687
0.00631686
0.00631685
0.00631684
0.00631684
0.00631683
0.00631464
0.00631464
0.00631464
0.00631465
0.00631465
0.00631466
0.00631467
0.00631576
0.00631574
0.00631573
0.00631621
0.00631644
0.00631641
0.00631621
0.00631631
0.00631581
0.00631581
0.00631473
0.0063147
0.00631468
0.00631466
0.00631465
0.00631465
0.00631464
0.00631244
0.00631245
0.00631245
0.00631246
0.00631247
0.00631248
0.0063125
0.00631357
0.00631356
0.00631356
0.006314
0.0063141
0.00631422
0.00631415
0.00631367
0.00631366
0.00631257
0.00631253
0.0063125
0.00631248
0.00631247
0.00631246
0.00631245
0.00631025
0.00631026
0.00631026
0.00631027
0.00631028
0.0063103
0.00631033
0.00631141
0.00631141
0.00631143
0.00631187
0.00631196
0.00631213
0.00631207
0.00631157
0.00631153
0.00631043
0.00631036
0.00631033
0.0063103
0.00631028
0.00631027
0.00631026
0.00630806
0.00630807
0.00630807
0.00630809
0.0063081
0.00630812
0.00630816
0.00630924
0.00630926
0.00630932
0.00630978
0.00630996
0.00631022
0.00631005
0.00630949
0.00630941
0.00630828
0.0063082
0.00630815
0.00630812
0.0063081
0.00630808
0.00630807
0.00630587
0.00630588
0.00630589
0.0063059
0.00630592
0.00630594
0.00630599
0.00630708
0.00630712
0.0063072
0.00630771
0.00630797
0.00630833
0.00630805
0.00630742
0.0063073
0.00630614
0.00630604
0.00630598
0.00630594
0.00630591
0.00630589
0.00630588
0.00630368
0.00630369
0.0063037
0.00630372
0.00630374
0.00630377
0.00630382
0.00630491
0.00630497
0.00630507
0.00630561
0.00630591
0.00630637
0.00630601
0.00630532
0.00630518
0.00630399
0.00630388
0.00630381
0.00630376
0.00630372
0.0063037
0.00630368
0.00630149
0.0063015
0.00630151
0.00630153
0.00630156
0.00630159
0.00630165
0.00630274
0.00630281
0.00630292
0.00630347
0.00630377
0.00630428
0.0063039
0.0063032
0.00630304
0.00630183
0.00630171
0.00630163
0.00630157
0.00630153
0.00630151
0.00630149
0.0062993
0.00629931
0.00629932
0.00629934
0.00629937
0.00629941
0.00629947
0.0062995
0.00630063
0.00630072
0.00630125
0.00630147
0.00518806
0.00630176
0.00630174
0.00630106
0.00630089
0.00629966
0.00629953
0.00629945
0.00629938
0.00629934
0.00629931
0.00629929
0.00629711
0.00629712
0.00629713
0.00629716
0.00629719
0.00629722
0.00629727
0.0062973
0.00629841
0.0062985
0.00629904
0.00629896
0.00600636
0.00629955
0.00629895
0.00629887
0.00629756
0.00629747
0.00629734
0.00629726
0.0062972
0.00629715
0.00629711
0.00629709
0.00629492
0.00629493
0.00629494
0.00629497
0.006295
0.00629503
0.00629508
0.0062951
0.00629622
0.00629631
0.0062963
0.00629672
0.0060299
0.00629679
0.00629676
0.00629669
0.00629538
0.00629528
0.00629514
0.00629505
0.00629499
0.00629494
0.00629491
0.00629488
0.00629272
0.00629274
0.00629275
0.00629278
0.00629281
0.00629284
0.00629288
0.00629292
0.00629297
0.00629413
0.00629412
0.00628909
0.00616708
0.00629458
0.00629457
0.00629449
0.00629318
0.00629308
0.00629294
0.00629285
0.00629278
0.00629273
0.0062927
0.00629267
0.00629053
0.00629055
0.00629056
0.00629059
0.00629062
0.00629065
0.00629069
0.00629074
0.00629079
0.00629084
0.00629193
0.00628404
0.00616829
0.00629238
0.00629128
0.00629112
0.00629098
0.00629088
0.00629074
0.00629064
0.00629058
0.00629052
0.00629049
0.00629045
0.00628834
0.00628836
0.00628837
0.0062884
0.00628843
0.00628846
0.00628851
0.00628855
0.00628861
0.00628865
0.00628783
0.0061388
0.00622934
0.0062891
0.00628908
0.00628892
0.00628878
0.00628868
0.00628853
0.00628844
0.00628837
0.00628831
0.00628828
0.00628824
0.00628615
0.00628616
0.00628618
0.00628621
0.00628624
0.00628627
0.00628632
0.00628637
0.00628643
0.00628647
0.00628496
0.00613728
0.00622762
0.0062869
0.00628688
0.00628672
0.00628658
0.00628647
0.00628632
0.00628623
0.00628615
0.0062861
0.00628606
0.00628602
0.00628396
0.00628397
0.00628399
0.00628402
0.00628405
0.00628408
0.00628414
0.0062842
0.00628426
0.00628428
0.00628214
0.00613569
0.00622582
0.0062847
0.00628469
0.00628453
0.00628438
0.00628427
0.00628412
0.00628402
0.00628394
0.00628388
0.00628385
0.0062838
0.00628177
0.00628178
0.0062818
0.00628183
0.00628187
0.0062819
0.00628196
0.00628202
0.00628208
0.0062821
0.00627935
0.00613405
0.00622398
0.00628251
0.00628249
0.00628233
0.00628218
0.00628206
0.00628191
0.0062818
0.00628173
0.00628167
0.00628163
0.00628159
0.00627957
0.00627959
0.00627961
0.00627964
0.00627968
0.00627971
0.00627978
0.00627984
0.00627991
0.00627991
0.0062766
0.00613237
0.0062221
0.00628031
0.0062803
0.00628014
0.00627997
0.00627985
0.0062797
0.00627959
0.00627951
0.00627945
0.00627941
0.00627937
0.00627738
0.0062774
0.00627742
0.00627746
0.0062775
0.00627753
0.0062776
0.00627766
0.00627774
0.00627773
0.00627388
0.00613067
0.00622018
0.00627812
0.00627811
0.00627794
0.00627777
0.00627765
0.00627749
0.00627738
0.0062773
0.00627723
0.00627719
0.00627715
0.00627519
0.00627521
0.00627524
0.00627527
0.00627531
0.00627535
0.00627542
0.00627549
0.00627557
0.00627555
0.0062712
0.00612893
0.00621825
0.00627593
0.00627592
0.00627575
0.00627557
0.00627544
0.00627528
0.00627516
0.00627508
0.00627501
0.00627497
0.00627493
0.006273
0.00627302
0.00627305
0.00627308
0.00627313
0.00627317
0.00627325
0.00627331
0.0062734
0.00627336
0.00626848
0.0061272
0.00621631
0.00627373
0.00627373
0.00627356
0.00627337
0.00627324
0.00627307
0.00627295
0.00627286
0.0062728
0.00627275
0.00627271
0.00627082
0.00627083
0.00627086
0.0062709
0.00627094
0.00627099
0.00627107
0.00627114
0.00627123
0.00627117
0.00626574
0.0061255
0.00621439
0.00627155
0.00627155
0.00627137
0.00627117
0.00627103
0.00627086
0.00627074
0.00627065
0.00627058
0.00627054
0.00627049
0.00626863
0.00626865
0.00626867
0.00626871
0.00626876
0.00626881
0.00626889
0.00626897
0.00626906
0.00626899
0.00626303
0.00612379
0.00621245
0.00626936
0.00626936
0.00626918
0.00626898
0.00626883
0.00626865
0.00626853
0.00626844
0.00626837
0.00626832
0.00626827
0.00626644
0.00626646
0.00626649
0.00626653
0.00626658
0.00626663
0.00626672
0.0062668
0.00626689
0.0062668
0.00626033
0.00612205
0.0062105
0.00626718
0.00626718
0.00626699
0.00626678
0.00626663
0.00626644
0.00626632
0.00626623
0.00626615
0.00626611
0.00626606
0.00626425
0.00626427
0.0062643
0.00626434
0.00626439
0.00626445
0.00626454
0.00626463
0.00626473
0.00626461
0.00625765
0.00612031
0.00620855
0.00626499
0.006265
0.0062648
0.00626458
0.00626443
0.00626424
0.00626411
0.00626401
0.00626394
0.00626389
0.00626384
0.00626206
0.00626208
0.00626212
0.00626216
0.00626221
0.00626227
0.00626237
0.00626246
0.00626256
0.00626242
0.00625499
0.00611855
0.00620658
0.0062628
0.00626281
0.00626261
0.00626239
0.00626222
0.00626203
0.0062619
0.0062618
0.00626172
0.00626167
0.00626162
0.00625988
0.0062599
0.00625993
0.00625997
0.00626003
0.00626009
0.0062602
0.00626029
0.0062604
0.00626023
0.00625233
0.00611679
0.00620461
0.00626062
0.00626063
0.00626042
0.00626019
0.00626002
0.00625982
0.00625969
0.00625958
0.0062595
0.00625945
0.00625941
0.00625769
0.00625771
0.00625774
0.00625779
0.00625785
0.00625792
0.00625803
0.00625812
0.00625823
0.00625804
0.00624968
0.00611503
0.00620264
0.00625843
0.00625845
0.00625823
0.00625799
0.00625782
0.00625761
0.00625747
0.00625737
0.00625729
0.00625723
0.00625719
0.0062555
0.00625553
0.00625556
0.0062556
0.00625567
0.00625574
0.00625585
0.00625595
0.00625607
0.00625584
0.00624703
0.00611326
0.00620067
0.00625625
0.00625626
0.00625604
0.00625579
0.00625561
0.0062554
0.00625526
0.00625515
0.00625507
0.00625502
0.00625497
0.00625332
0.00625334
0.00625338
0.00625342
0.00625349
0.00625356
0.00625368
0.00625379
0.0062539
0.00625365
0.00624437
0.0061115
0.00619869
0.00625406
0.00625408
0.00625385
0.0062536
0.00625341
0.00625319
0.00625305
0.00625294
0.00625285
0.0062528
0.00625275
0.00625113
0.00625116
0.00625119
0.00625124
0.00625131
0.00625139
0.00625151
0.00625162
0.00625174
0.00625145
0.0062417
0.00610974
0.00619672
0.00625188
0.0062519
0.00625166
0.0062514
0.00625121
0.00625099
0.00625084
0.00625072
0.00625063
0.00625058
0.00625053
0.00631222
0.00631235
0.00631416
0.00631021
0.00631045
0.00631211
0.00630822
0.00630858
0.00631022
0.00630617
0.00630663
0.00630834
0.00630404
0.00630456
0.00630638
0.00630175
0.00506566
0.0051343
0.00630237
0.00630429
0.00631439
0.00631641
0.00631444
0.00631647
0.00631239
0.00631225
0.00631416
0.00631308
0.00631409
0.00631238
0.00631255
0.00631411
0.0063103
0.00631022
0.00631199
0.0063112
0.00630941
0.00631161
0.00630599
0.00631125
0.00631046
0.00631054
0.00631204
0.00630823
0.00630822
0.00630997
0.00630921
0.00630299
0.00630437
0.00624873
0.00628019
0.00630857
0.00630856
0.00631005
0.00630614
0.00630617
0.00630797
0.00630721
0.0063033
0.00630303
0.00629051
0.00626359
0.00630662
0.00630655
0.00630806
0.00630237
0.00630244
0.00630454
0.00630447
0.00630604
0.00630261
0.00630299
0.00629952
0.00540307
0.00507219
0.00577855
0.0063001
0.00630207
0.00631184
0.00631295
0.006313
0.00631291
0.00631118
0.00631407
0.00631305
0.00631145
0.00631301
0.0063131
0.00631299
0.00631188
0.00630479
0.00630889
0.00631095
0.00630384
0.00628843
0.00631064
0.00630469
0.0062824
0.00630573
0.00631116
0.00630834
0.00630198
0.00631174
0.00630853
0.00631139
0.00630298
0.00630295
0.00630897
0.00628545
0.00629181
0.00628782
0.00628514
0.00626254
0.00624713
0.00630929
0.00629883
0.0063003
0.00630184
0.00629901
0.00630952
0.00628867
0.00629379
0.00629226
0.00628781
0.00630217
0.00629204
0.00630738
0.00630374
0.00630522
0.00630039
0.00630354
0.00630762
0.00629779
0.0062991
0.00629437
0.00629749
0.00630299
0.00630253
0.0063052
0.00630486
0.00630561
0.00629953
0.00629631
0.00629921
0.00629954
0.00630167
0.00630252
0.00631327
0.00631309
0.00631412
0.00631324
0.00631398
0.00630401
0.00630403
0.00630591
0.00630512
0.00630337
0.00630352
0.00622631
0.00618476
0.00630235
0.00630233
0.00630394
0.006314
0.0063133
0.00631414
0.00631312
0.00631336
0.00630351
0.00630334
0.00630695
0.00506179
0.00526547
0.00590827
0.00600184
0.00527718
0.00551947
0.00617673
0.00610122
0.00630535
0.00630479
0.00630413
0.00601321
0.00607174
0.00630402
0.00630318
0.00630348
0.00631531
0.00631519
0.00631423
0.00631425
0.0063152
0.00631531
0.00631311
0.0063135
0.00631323
0.00631403
0.00631333
0.00631364
0.00630798
0.00630915
0.00626784
0.00626926
0.00628128
0.00627816
0.00630168
0.00610131
0.00630364
0.00625794
0.00623097
0.00623493
0.0062596
0.00630289
0.00629289
0.00631243
0.00625099
0.00630609
0.00623831
0.00631221
0.00630763
0.00631325
0.00631348
0.00631292
0.0062985
0.00631235
0.00631244
0.00629482
0.00629387
0.00630892
0.00630849
0.00629216
0.0062934
0.00630282
0.00631071
0.00631108
0.00631022
0.00631058
0.00630272
0.00631046
0.00631171
0.00631208
0.00631121
0.00631158
0.00631002
0.00628858
0.00628894
0.00628495
0.00628474
0.00622562
0.00622881
0.00629725
0.00630885
0.00630919
0.00630841
0.00630874
0.00629717
0.00630081
0.00630975
0.0063101
0.0063093
0.00630964
0.00630065
0.00508066
0.0062911
0.0053064
0.00508231
0.0055672
0.00532108
0.00629182
0.00628408
0.00510631
0.006285
0.0062992
0.00629851
0.00630188
0.00630796
0.0063083
0.0063075
0.00630784
0.00630223
0.00576324
0.00588826
0.00629592
0.00578006
0.00558496
0.00594507
0.00580225
0.00629637
0.00554432
0.00574238
0.00630292
0.00618635
0.00623016
0.00610999
0.00617753
0.00630286
0.00608274
0.00606529
0.00608704
0.0052354
0.00607854
0.00605674
0.00540081
0.00625845
0.00626045
0.00631382
0.00630183
0.00630177
0.00630376
0.00630294
0.00630229
0.00630303
0.00569574
0.00629844
0.00630071
0.00631382
0.00630284
0.00630333
0.00630485
0.00523586
0.00525438
0.00494052
0.00605992
0.00605717
0.00529181
0.00535442
0.00625098
0.00625811
0.00449401
0.00631459
0.00631464
0.00631409
0.00631408
0.00631464
0.0063146
0.00631055
0.00631149
0.0063111
0.00630633
0.00630502
0.00631034
0.00630331
0.00630944
0.00630907
0.00630993
0.00630956
0.00630349
0.00625821
0.00627602
0.00628663
0.00626615
0.00596342
0.00590295
0.00630283
0.00626221
0.00627897
0.00628973
0.00628908
0.00535096
0.00631362
0.0063134
0.00631405
0.00631184
0.00630817
0.00630583
0.00631258
0.00631272
0.00631312
0.00631221
0.00631259
0.00631243
0.00630635
0.00631045
0.00631006
0.00631097
0.00631058
0.00630693
0.00629975
0.00612671
0.00622915
0.00606849
0.00608083
0.00629053
0.00623973
0.00625102
0.00630653
0.00628635
0.00629776
0.00630521
0.00631045
0.00631061
0.00630941
0.00630964
0.00630231
0.00630895
0.00630859
0.00630291
0.00628702
0.00605177
0.00599948
0.00628628
0.00605079
0.00606521
0.00598979
0.00599587
0.00628455
0.00624776
0.00623602
0.0062979
0.00630828
0.00630841
0.00630748
0.00630795
0.00629911
0.00630144
0.00630912
0.00630933
0.00630846
0.0063086
0.00629981
0.00630111
0.00622938
0.00624555
0.0062076
0.00619856
0.00629526
0.00630521
0.00630703
0.00630738
0.00630654
0.00630691
0.00630523
0.00629851
0.00604557
0.00596035
0.00613492
0.00610993
0.00629869
0.00554588
0.00558185
0.00629945
0.00616251
0.00614261
0.0055045
0.00553567
0.00603848
0.00597949
0.00631357
0.00631383
0.00631368
0.00589996
0.00621099
0.005928
0.00596177
0.00594713
0.00620563
0.00631372
0.00631356
0.00631389
0.00631335
0.00631362
0.0050884
0.00515464
0.00526647
0.00524537
0.00595306
0.00537141
0.0053471
0.00543681
0.0053786
0.00596499
0.0053411
0.00538786
0.00614872
0.00613601
0.00604223
0.00552969
0.00546891
0.00536015
0.0053919
0.00631269
0.00631318
0.00631344
0.00631276
0.00631309
0.00631248
0.00630648
0.00631014
0.00625975
0.00627455
0.00628567
0.00626783
0.006119
0.00625336
0.00624171
0.00626558
0.00625701
0.0061155
0.00621502
0.00620394
0.00623806
0.00622125
0.00624846
0.00605488
0.00609262
0.00598753
0.00603645
0.00624448
0.00587068
0.00588828
0.00627868
0.00631083
0.0063089
0.00631259
0.00631138
0.00628569
0.00629627
0.00629145
0.00630742
0.00629822
0.00631211
0.00631315
0.00631277
0.00631152
0.0063102
0.00631106
0.00630866
0.00631197
0.00630943
0.00631192
0.00631262
0.00630991
0.00631164
0.00631271
0.00631217
0.00631127
0.0060976
0.00611234
0.00629825
0.00594958
0.00588822
0.0061364
0.00596146
0.00580321
0.00574909
0.00586993
0.00582819
0.00629133
0.00608541
0.0060943
0.0062247
0.00620153
0.00628883
0.00624446
0.00617791
0.00615797
0.00619766
0.00618323
0.00630705
0.00625366
0.00626128
0.00628769
0.00629707
0.00631006
0.00631035
0.00630393
0.00630243
0.00630972
0.00630998
0.006068
0.00606102
0.00628748
0.00570804
0.00571331
0.00546188
0.00567745
0.00569704
0.00577237
0.00570902
0.00569718
0.0060299
0.00604614
0.00628586
0.00566341
0.00560799
0.00573729
0.00568007
0.0055015
0.00544791
0.00558599
0.00552892
0.00628462
0.00600422
0.00602332
0.00623757
0.00623331
0.00630812
0.00630824
0.00629771
0.00629832
0.00630798
0.00630808
0.00630887
0.00630906
0.0063013
0.00629998
0.00630865
0.00630882
0.00510826
0.00518192
0.00608473
0.00611798
0.0060407
0.00607283
0.00510469
0.00547056
0.00616191
0.00610769
0.00612704
0.00615364
0.00541917
0.00589172
0.00591222
0.00581539
0.00588397
0.00517733
0.00599706
0.0060317
0.0059232
0.00597878
0.00517788
0.00621522
0.0062254
0.00630072
0.00617323
0.00619326
0.00619877
0.00617223
0.00619298
0.00629604
0.00619249
0.00620668
0.00581522
0.00521471
0.00521541
0.00532703
0.00522541
0.00583319
0.00526813
0.0056189
0.00521596
0.00565188
0.00614522
0.00627527
0.00626821
0.00628364
0.00627762
0.00615108
0.00605278
0.00606368
0.00559865
0.00563931
0.00541727
0.0054912
0.00608049
0.00605233
0.0063145
0.00631464
0.00631628
0.00630321
0.00630298
0.00630212
0.00631427
0.0063143
0.00631396
0.00631391
0.0063143
0.00631428
0.0063153
0.00631525
0.0063143
0.00631201
0.00631162
0.00631086
0.00630611
0.00629828
0.00629721
0.00625118
0.00627876
0.00630798
0.00630761
0.00630313
0.00622928
0.00622398
0.00626434
0.00624914
0.00625746
0.00630307
0.00631238
0.00631254
0.00631214
0.0063031
0.00630606
0.00631158
0.00631279
0.00631235
0.00631279
0.00631032
0.0062869
0.00630173
0.00628371
0.00629608
0.00629467
0.00630499
0.0063063
0.00630638
0.0063021
0.00631081
0.00631098
0.00630892
0.00630291
0.00630846
0.0063081
0.00609518
0.00607399
0.00629046
0.00626062
0.0062362
0.00623433
0.00624552
0.00629865
0.0063052
0.00630524
0.00630171
0.00630613
0.00630621
0.00630528
0.00630532
0.00629922
0.00628232
0.0061276
0.00610579
0.00630062
0.00630734
0.00630741
0.0063051
0.00630603
0.00630641
0.00517699
0.00517891
0.00618393
0.00616847
0.00629948
0.00517678
0.00517626
0.00628054
0.0062841
0.00630222
0.00631333
0.00631326
0.00504845
0.00507427
0.00508905
0.00524879
0.00528981
0.00504325
0.00505834
0.00524592
0.00521185
0.00548619
0.00604608
0.00603535
0.00611293
0.00557881
0.00554009
0.00605017
0.00631472
0.00631467
0.00631413
0.00631283
0.00631302
0.00631318
0.00631331
0.00631205
0.00631227
0.00631353
0.00631378
0.00631363
0.00630364
0.00630309
0.00630716
0.00630969
0.00630775
0.00630671
0.00626394
0.00627069
0.00624216
0.00624608
0.00628332
0.00627428
0.00622541
0.00623422
0.00613283
0.00613488
0.0061795
0.00617323
0.00610151
0.0061392
0.00614392
0.00630324
0.00626076
0.00626979
0.00628781
0.00626452
0.00629581
0.00629204
0.00631026
0.00630882
0.0063028
0.00618155
0.00616121
0.00628233
0.00625407
0.00621405
0.00631339
0.00631324
0.00631261
0.00631253
0.00631117
0.00631191
0.00630287
0.00631085
0.00631158
0.00626388
0.00627804
0.00631004
0.00613549
0.0061112
0.00629093
0.0062946
0.00631151
0.00631167
0.00631108
0.00630907
0.00631115
0.00631133
0.00629007
0.00607149
0.00606818
0.00622555
0.00623028
0.00630571
0.00630577
0.00630096
0.00630039
0.00630558
0.00630565
0.00509919
0.00528794
0.00562558
0.00564625
0.00540608
0.00542309
0.00506065
0.00614321
0.00613171
0.0062832
0.00518394
0.00515533
0.00532991
0.00533274
0.00513157
0.00538805
0.00539634
0.00513367
0.00513962
0.0063072
0.00630727
0.0063008
0.00630285
0.00630706
0.00630713
0.00568556
0.00614313
0.00615434
0.00611959
0.00613134
0.00565236
0.00620664
0.00627976
0.00628527
0.00628395
0.00628197
0.00621339
0.00612449
0.00619609
0.00618758
0.00606271
0.00604993
0.00608429
0.00526031
0.00528319
0.00529715
0.005184
0.00609697
0.0056582
0.005599
0.00570959
0.00567255
0.00604766
0.00588389
0.00588801
0.00610288
0.00613499
0.00626663
0.00631374
0.00631382
0.00631362
0.00522843
0.00523185
0.00559553
0.00559171
0.00489347
0.00532759
0.00525113
0.00525251
0.00522533
0.00524026
0.00534547
0.0045134
0.00607336
0.00608025
0.00631437
0.00631433
0.00631396
0.00630035
0.00629933
0.00630621
0.00630306
0.00630645
0.00630881
0.00630535
0.00630599
0.00625507
0.00627737
0.00620451
0.00621046
0.00621039
0.0062041
0.00626511
0.00622011
0.00621779
0.00594967
0.00585765
0.00585711
0.00586977
0.00586732
0.00593247
0.00630759
0.00631008
0.00631023
0.00630961
0.00630993
0.00630694
0.00628501
0.00630297
0.00629334
0.00629006
0.00630221
0.00630647
0.00630656
0.00623583
0.00623712
0.00625656
0.00623999
0.00630513
0.00630516
0.00629824
0.00630599
0.00630606
0.00630158
0.00629955
0.00630537
0.00630542
0.00620839
0.00622823
0.00621974
0.00623534
0.00623266
0.00620668
0.00518272
0.00519164
0.00518428
0.00517905
0.00551537
0.00532475
0.00531552
0.00588745
0.00588591
0.00602041
0.00590846
0.00593263
0.00586461
0.00588366
0.00599952
0.00631351
0.00631342
0.00631348
0.00631347
0.00631375
0.00631379
0.00631388
0.00631359
0.00631367
0.00631365
0.00592156
0.00607337
0.0060636
0.00610041
0.00608639
0.00593345
0.00598362
0.00602784
0.00600844
0.00605574
0.00604567
0.0059685
0.00631365
0.00631372
0.00631361
0.00631285
0.00631233
0.00631344
0.00631331
0.00505
0.00521718
0.00509846
0.00509343
0.00526154
0.00525419
0.00551971
0.00553605
0.00535806
0.00504269
0.00503333
0.0053089
0.00512027
0.00511792
0.00511129
0.0054404
0.00514956
0.00508461
0.00605829
0.00607626
0.00615985
0.00601382
0.00601865
0.00600042
0.00600425
0.00612363
0.00603145
0.00603951
0.00536604
0.00519223
0.00520888
0.00517695
0.00517869
0.00537532
0.00631296
0.00631307
0.00631286
0.00631198
0.00631243
0.00631282
0.00629914
0.00630671
0.00630233
0.00630134
0.00630354
0.00630437
0.00630163
0.00630264
0.00626134
0.00627219
0.00621706
0.00621903
0.00621264
0.00621494
0.00628465
0.00624817
0.00624962
0.00621732
0.00622015
0.00627056
0.00621903
0.00614944
0.00613677
0.00610805
0.00616796
0.00616118
0.00621044
0.00614933
0.00614766
0.00616834
0.00615747
0.00620719
0.00623371
0.00617874
0.00618533
0.00615462
0.00616721
0.00622794
0.00614532
0.0060037
0.00612274
0.00611283
0.00586047
0.00586981
0.00627585
0.00629897
0.00629742
0.00627168
0.00629163
0.00630494
0.00630139
0.00621422
0.00619754
0.00626388
0.0062678
0.00629322
0.00624646
0.00623104
0.00630719
0.00630906
0.00631205
0.00631039
0.00630468
0.00629707
0.00630434
0.00631065
0.00631152
0.00631177
0.0063105
0.00631093
0.00630901
0.0063067
0.00630885
0.00631213
0.00631145
0.006311
0.0063123
0.00631166
0.00631235
0.00631033
0.0063106
0.00630961
0.00631078
0.00593436
0.00590961
0.00608589
0.00585489
0.00587738
0.00580739
0.00597266
0.00578194
0.00576399
0.00585454
0.00584205
0.00621281
0.00610461
0.00612961
0.00605709
0.00607955
0.00620612
0.00628382
0.0062451
0.0062575
0.00614502
0.00621641
0.00627163
0.00608839
0.00604402
0.00617269
0.00593095
0.00594869
0.0059027
0.00591643
0.00616695
0.00619386
0.00602217
0.00603803
0.00596964
0.00599417
0.00618867
0.00628969
0.0062961
0.00571835
0.00549121
0.00552262
0.00542658
0.00545721
0.00571739
0.00551997
0.00553687
0.00553361
0.00560381
0.00570834
0.00526283
0.00529159
0.0053208
0.00526777
0.00573331
0.00570486
0.00537376
0.00539885
0.00532475
0.00535135
0.00570085
0.00565029
0.00563418
0.00572466
0.00570038
0.00547776
0.00545689
0.00556781
0.00555326
0.00623011
0.00623172
0.00630112
0.00630584
0.00630591
0.00630547
0.00630552
0.00630015
0.0051121
0.00555224
0.00559582
0.005253
0.00506041
0.005454
0.00550052
0.00524462
0.00521346
0.00589795
0.00552158
0.0055233
0.00585029
0.00547736
0.00540302
0.005522
0.00551003
0.00587182
0.00531403
0.0052779
0.00533857
0.00537251
0.00515759
0.00518433
0.00526528
0.00621976
0.00625973
0.0062565
0.00626447
0.00626218
0.00622258
0.00617999
0.00618933
0.00618912
0.00617236
0.00617202
0.00617862
0.00619163
0.00624163
0.00623795
0.00625198
0.00624664
0.00619745
0.0052128
0.00534875
0.00536506
0.00532264
0.00533594
0.005214
0.00528953
0.00546262
0.00549607
0.00538968
0.0054242
0.00525193
0.00526142
0.0051116
0.00513179
0.00511237
0.00510855
0.00521385
0.00527585
0.00530484
0.0051744
0.00522495
0.00520382
0.00620895
0.00620341
0.00613771
0.0060514
0.00607645
0.00521288
0.00524781
0.00544646
0.00524086
0.00519817
0.00530325
0.00528175
0.00547249
0.00519282
0.0051902
0.00588335
0.00588255
0.00631903
0.00631903
0.00632014
0.00631901
0.00631901
0.00632013
0.00631901
0.00631901
0.00632013
0.00631903
0.00631905
0.00632015
0.00631682
0.0063168
0.00631792
0.00631678
0.00631676
0.00631846
0.00631673
0.00631671
0.00631844
0.00631671
0.00631675
0.00631845
0.00631678
0.00631682
0.00631849
0.00631686
0.00631688
0.00631796
0.00631464
0.00631459
0.00631624
0.00631455
0.00631444
0.00631618
0.00631555
0.00631553
0.00631644
0.00631548
0.00631551
0.00631641
0.00631564
0.00631568
0.00631622
0.00631468
0.00631474
0.0063158
0.00631249
0.00631243
0.00631405
0.00631346
0.00631345
0.00631399
0.00631382
0.0063138
0.00631408
0.0063134
0.00631352
0.00631432
0.00631258
0.00631264
0.00631368
0.00631037
0.00631033
0.0063119
0.00631134
0.00631134
0.00631186
0.00631171
0.00631171
0.00631196
0.0063114
0.00631149
0.00631224
0.00631055
0.00631059
0.00631161
0.00630826
0.00630825
0.00630981
0.00630927
0.00630929
0.0063098
0.00630971
0.00630971
0.00630996
0.00630952
0.00630955
0.00631027
0.00630855
0.00630854
0.00630956
0.00630614
0.00630615
0.00630772
0.00630719
0.00630723
0.00630774
0.00630771
0.00630772
0.00630797
0.00630761
0.00630758
0.00630832
0.00630652
0.00630647
0.00630751
0.006304
0.00630401
0.00630562
0.00630565
0.00630566
0.00630592
0.0063056
0.00630553
0.0063063
0.00630443
0.00630437
0.00630543
0.00630183
0.00630184
0.00630347
0.00630346
0.00630345
0.00630398
0.00630229
0.00630224
0.00630331
0.0062996
0.00629957
0.00630067
0.00629959
0.00629954
0.0063012
0.00630063
0.00629963
0.00630047
0.00533891
0.00623234
0.00623739
0.00630011
0.00630014
0.00630179
0.00630006
0.00630008
0.00630116
0.00629741
0.00629738
0.00629847
0.0062974
0.00629733
0.00629898
0.00629729
0.00570653
0.00568903
0.00602475
0.00629786
0.00629954
0.00629787
0.00629793
0.00629956
0.00629786
0.00629788
0.00629898
0.00629521
0.00629516
0.00629627
0.00629193
0.00598585
0.0057116
0.00616622
0.00629549
0.00629729
0.00629569
0.00629573
0.00629683
0.00631221
0.00631247
0.00631248
0.0063126
0.00631269
0.00631229
0.00631414
0.00631387
0.00631389
0.0063102
0.00631045
0.00631045
0.00631069
0.00631068
0.00631032
0.00631216
0.00631178
0.00631187
0.00630823
0.00630847
0.00630847
0.00630882
0.00630883
0.00630849
0.00631021
0.00630986
0.00630999
0.00630618
0.00630644
0.00630643
0.00630688
0.00630695
0.00630658
0.00630837
0.00630802
0.0063081
0.00630483
0.0063048
0.00630454
0.00630634
0.00630609
0.00630613
0.00630075
0.00630204
0.00630265
0.0048916
0.00551591
0.00552156
0.00586393
0.00586514
0.00453598
0.00630428
0.00630401
0.00630402
0.00631428
0.00631522
0.00631526
0.006314
0.006314
0.0063139
0.00631641
0.0063155
0.00631547
0.00631399
0.00631401
0.00631472
0.00631471
0.00631442
0.00631645
0.00631556
0.00631559
0.00631238
0.00631291
0.00631292
0.00631305
0.0063129
0.00631237
0.00631396
0.00631343
0.00631332
0.00631322
0.00631317
0.00631289
0.00631406
0.0063139
0.00631394
0.00631249
0.00631326
0.00631314
0.00631306
0.00631306
0.00631256
0.00631409
0.00631357
0.00631358
0.00631031
0.00631083
0.00631082
0.00631097
0.00631083
0.00631032
0.00631185
0.00631134
0.00631123
0.0063112
0.00631145
0.00631145
0.00630984
0.00631083
0.00631063
0.00631187
0.00631171
0.00631138
0.00631045
0.00630957
0.00631093
0.00631051
0.00631124
0.00631117
0.00631104
0.00631107
0.00631058
0.00631206
0.00631156
0.00631154
0.00630826
0.00630877
0.00630875
0.00630897
0.0063088
0.00630829
0.00630981
0.00630931
0.00630922
0.00630922
0.00630946
0.00630946
0.00630307
0.00630774
0.00630763
0.00630859
0.00630841
0.00630401
0.00630857
0.0063093
0.00630928
0.00630906
0.00630911
0.00630862
0.00631009
0.0063096
0.00630955
0.00630618
0.0063067
0.00630667
0.00630695
0.00630674
0.00630621
0.00630777
0.00630726
0.00630721
0.00630722
0.00630747
0.00630746
0.00630317
0.00630748
0.00630711
0.00630679
0.0063067
0.00630306
0.006289
0.0062561
0.00626045
0.00630657
0.00630732
0.00630736
0.00630706
0.00630713
0.00630662
0.00630813
0.00630763
0.00630756
0.00630217
0.00628069
0.00628558
0.00629436
0.00629521
0.00630267
0.00630451
0.00630503
0.00630534
0.006305
0.00630507
0.00630454
0.00630611
0.00630559
0.00630552
0.00630269
0.00630036
0.00630047
0.00629901
0.00629934
0.00630296
0.00629892
0.00629935
0.00630007
0.00536372
0.00628878
0.0062871
0.00605925
0.00606201
0.00510412
0.00629763
0.00629824
0.00571835
0.00630065
0.00630062
0.0062999
0.00630183
0.00630089
0.00630122
0.00631204
0.00631217
0.00631202
0.00631308
0.00631267
0.00631253
0.00631274
0.00631273
0.00631299
0.00631277
0.00631234
0.00631288
0.00631392
0.00631389
0.00631405
0.00631299
0.00631315
0.00631319
0.0063116
0.00631103
0.00631083
0.00631299
0.0063129
0.00631294
0.00631308
0.00631282
0.00631284
0.00631286
0.0063129
0.00631303
0.00631209
0.00631223
0.00631211
0.00630527
0.006309
0.00630879
0.00631041
0.00631018
0.00630823
0.0063107
0.0063107
0.00631095
0.00630273
0.00629078
0.00629397
0.00625849
0.00625962
0.00628907
0.00629605
0.00629753
0.00630538
0.00631116
0.0063108
0.00631092
0.00630799
0.00630949
0.00630971
0.00631123
0.00631182
0.00631196
0.00630986
0.00630999
0.00630866
0.00631163
0.00631165
0.00631128
0.00630295
0.00630696
0.00630688
0.00630753
0.00630743
0.00630293
0.00630872
0.00630872
0.00630897
0.006286
0.0062536
0.00625221
0.00626757
0.00626632
0.00629133
0.00628726
0.00625647
0.00625746
0.00625121
0.00625057
0.00628479
0.00630929
0.00630895
0.00630905
0.00630565
0.00630559
0.00630012
0.00630975
0.00630974
0.0063094
0.00628952
0.0062054
0.0061921
0.00625681
0.00625398
0.00629317
0.00629271
0.00627003
0.00626883
0.00618789
0.00617319
0.00628691
0.00630185
0.00629227
0.00629339
0.0062651
0.00626898
0.00629337
0.00630743
0.00630707
0.00630713
0.0063042
0.00630675
0.00630683
0.00630621
0.00630631
0.00630523
0.00630045
0.0063057
0.00630568
0.00630691
0.00630699
0.006303
0.00630786
0.00630791
0.00630755
0.00629806
0.00627817
0.00627666
0.0062848
0.00628392
0.00629898
0.00629492
0.00626209
0.0062595
0.00627502
0.00627322
0.00629715
0.00630299
0.00629817
0.00629862
0.006287
0.00629065
0.00630267
0.00630518
0.00630601
0.00630611
0.00630552
0.0063059
0.00630505
0.00630587
0.00630584
0.00630558
0.0062994
0.00619922
0.00618838
0.00617555
0.00619322
0.00629908
0.00629931
0.00628633
0.0062856
0.00630209
0.00628463
0.00628527
0.00631326
0.00631353
0.00631354
0.00631352
0.00631363
0.00631322
0.00631405
0.00631377
0.00631367
0.00631394
0.00631384
0.00631388
0.00630484
0.00630462
0.00630408
0.00630569
0.00630515
0.00630511
0.00630513
0.00630539
0.00630538
0.00630347
0.00630528
0.00630502
0.00630579
0.00630553
0.00630349
0.0062213
0.00616698
0.00617533
0.00611152
0.00612452
0.00619259
0.00630236
0.00630291
0.00630318
0.00631391
0.00631388
0.00631398
0.00631307
0.0063133
0.00631343
0.00631369
0.00631382
0.00631425
0.00631326
0.00631368
0.00631354
0.00631362
0.00631361
0.00631334
0.00630346
0.00630648
0.00630604
0.00630699
0.00630661
0.00630344
0.00630669
0.0063067
0.00630696
0.00592522
0.00573426
0.00571696
0.00582537
0.00580749
0.00598935
0.00616871
0.00608794
0.00609884
0.00630532
0.00630507
0.00630509
0.00630453
0.006305
0.00630538
0.00630447
0.00630486
0.00630444
0.00602407
0.00586012
0.00584324
0.00593307
0.00592175
0.00606473
0.00630367
0.00630394
0.0063042
0.0063034
0.00630367
0.00630355
0.00630375
0.00630374
0.00630347
0.00631532
0.00631481
0.00631478
0.00631487
0.00631484
0.00631534
0.00631415
0.00631467
0.00631471
0.0063144
0.00631438
0.00631422
0.00631535
0.00631485
0.00631489
0.00631479
0.00631482
0.00631532
0.00631351
0.00631326
0.00631336
0.00631373
0.00631386
0.00631402
0.0063134
0.00631349
0.00631342
0.00631378
0.00631375
0.0063136
0.00627209
0.0062787
0.00630194
0.00630352
0.00629862
0.00629914
0.00625517
0.00621905
0.00622366
0.00618305
0.00618979
0.00623519
0.00624729
0.00628727
0.00628571
0.00628988
0.00628865
0.00625065
0.00630293
0.00629962
0.00629986
0.0063111
0.00631208
0.00631261
0.00631192
0.00630712
0.00631051
0.00630893
0.00631164
0.00631101
0.00631337
0.00631325
0.00631306
0.00631333
0.0063133
0.00631344
0.00631215
0.00631199
0.00631224
0.00631253
0.00631239
0.00631227
0.0062696
0.00627151
0.00629582
0.006293
0.0062664
0.00626793
0.00630484
0.00630586
0.00630933
0.00630803
0.00630286
0.00630385
0.00630709
0.00630726
0.00630298
0.00631083
0.00631067
0.00631053
0.00631095
0.00631081
0.00631096
0.00631034
0.00631014
0.00631001
0.0063104
0.00631027
0.00631046
0.00630264
0.00630686
0.00630697
0.0063111
0.00631126
0.00631074
0.00631183
0.00631177
0.00631164
0.00631203
0.0063119
0.00631196
0.00631133
0.00631123
0.0063111
0.00631151
0.00631137
0.00631146
0.00630959
0.00631071
0.00631091
0.00626019
0.00625946
0.00628823
0.00628931
0.00626169
0.00626093
0.00625177
0.00625241
0.00628519
0.00628471
0.00625074
0.0062512
0.00630503
0.00630505
0.00629738
0.00630897
0.00630875
0.00630864
0.00630896
0.00630886
0.00630908
0.00630852
0.00630833
0.00630822
0.00630854
0.00630843
0.00630863
0.00629725
0.00630507
0.00630504
0.00630987
0.00630964
0.00630952
0.00630988
0.00630976
0.00630999
0.00630941
0.00630918
0.00630907
0.00630941
0.0063093
0.00630953
0.00624434
0.00620993
0.00629035
0.00554534
0.00582398
0.00584675
0.00566391
0.00568326
0.00534063
0.00629251
0.00625083
0.00624759
0.00628596
0.00616686
0.00614792
0.00628416
0.00628584
0.00629979
0.0062977
0.00627977
0.00628209
0.00630597
0.0063059
0.00630147
0.00630807
0.00630791
0.0063078
0.00630812
0.00630801
0.00630818
0.00630762
0.00630748
0.00630737
0.00630769
0.00630759
0.00630773
0.0063025
0.00630606
0.00630602
0.0057813
0.00555556
0.00553704
0.00569582
0.00567038
0.00587082
0.00626698
0.0062646
0.00629544
0.00575326
0.00598627
0.00600306
0.00586544
0.00588461
0.0056032
0.00588559
0.00618271
0.00619088
0.00616441
0.00617379
0.00586364
0.00629678
0.00627126
0.0062692
0.00556654
0.00528581
0.00526711
0.00551426
0.0054828
0.00571686
0.00629707
0.00629765
0.00630296
0.00619337
0.00623889
0.00623447
0.00626359
0.00626059
0.00622514
0.0062294
0.00622392
0.00616753
0.00630278
0.00629564
0.0062964
0.00607346
0.00575883
0.00572135
0.00580577
0.00577304
0.00608125
0.00608508
0.00595586
0.00594455
0.00625611
0.00614369
0.00616317
0.00622797
0.00623208
0.00626272
0.00630236
0.00630244
0.00630186
0.00630354
0.00630299
0.00630293
0.00630254
0.00630315
0.00630287
0.00630369
0.00630342
0.00630279
0.00618726
0.00618313
0.00566928
0.00629872
0.00628217
0.00628238
0.00628187
0.00628253
0.00629913
0.00630308
0.00630423
0.00630396
0.00630476
0.00630449
0.00630315
0.00630458
0.00630459
0.00630486
0.00524336
0.00520036
0.00490197
0.00605597
0.00582279
0.00575989
0.00583132
0.00582609
0.00605556
0.00625715
0.00613058
0.00611772
0.00616031
0.00619059
0.00625859
0.00449812
0.00541521
0.00559136
0.00631461
0.00631441
0.00631439
0.00631446
0.00631445
0.00631463
0.00631401
0.00631435
0.00631428
0.00631418
0.00631416
0.00631405
0.00631464
0.00631444
0.00631447
0.00631439
0.00631441
0.00631461
0.00631121
0.00631102
0.00631021
0.00631136
0.00631127
0.00631141
0.00631098
0.00631113
0.00631123
0.0063106
0.00630894
0.00630857
0.00630798
0.00630786
0.00630318
0.00630932
0.00630901
0.00630913
0.00630877
0.00630889
0.00630919
0.00630981
0.00630952
0.00630965
0.00630926
0.00630938
0.00630968
0.00630371
0.00630825
0.00630811
0.00625106
0.006253
0.00628769
0.00630007
0.00630023
0.00630277
0.0062753
0.00629189
0.00629095
0.00629344
0.00629272
0.00627722
0.00628957
0.00621445
0.00617703
0.00621393
0.00621459
0.00628935
0.00533772
0.00595011
0.00594449
0.00631359
0.00631374
0.00631377
0.00631368
0.00631371
0.00631355
0.00631402
0.00631386
0.00631377
0.00631132
0.00631117
0.00631172
0.00631263
0.00631276
0.00631272
0.00631286
0.00631281
0.00631268
0.00631308
0.00631295
0.00631299
0.00631234
0.00631229
0.00631216
0.00631255
0.00631242
0.00631247
0.00631227
0.00631236
0.0063125
0.00630945
0.00630922
0.0063058
0.00631032
0.00631008
0.00631023
0.00630979
0.00630994
0.00631019
0.00631084
0.00631069
0.00631084
0.00631038
0.00631054
0.00631071
0.00630755
0.00630993
0.00630969
0.0062811
0.00628614
0.00630132
0.00615717
0.00624774
0.00623302
0.00627249
0.00626322
0.00620422
0.00607213
0.00619653
0.00619477
0.00620059
0.00619848
0.00607628
0.00628979
0.00626085
0.00626217
0.00624491
0.00628017
0.00627731
0.00628405
0.00628225
0.00624825
0.00630597
0.00629872
0.0062998
0.00630852
0.00630913
0.00630712
0.00631054
0.0063104
0.00631014
0.00630948
0.00630859
0.0063085
0.00630878
0.00630868
0.00630956
0.00630883
0.00630854
0.00630865
0.00630831
0.00630842
0.00630871
0.00630292
0.00630733
0.00630723
0.00625657
0.00625513
0.00628649
0.00603579
0.00618737
0.00619206
0.00617731
0.00618203
0.0060163
0.00625461
0.0062555
0.00628674
0.00605604
0.0061896
0.00618778
0.00619315
0.00619147
0.00606147
0.00598639
0.00617247
0.00617412
0.00617262
0.00617191
0.00598885
0.00628472
0.00625027
0.00625014
0.00630832
0.00630737
0.00630733
0.00630745
0.00630741
0.00630837
0.00630717
0.00630717
0.00630792
0.00629974
0.00630549
0.00630538
0.00630919
0.00630825
0.00630817
0.00630841
0.00630833
0.00630926
0.0063085
0.00630753
0.00630749
0.00630763
0.00630758
0.00630855
0.00628977
0.00629105
0.0063015
0.00623479
0.00626987
0.00626701
0.00627536
0.00627275
0.0062406
0.00629442
0.00627167
0.00627364
0.00630658
0.00630667
0.00630519
0.00630715
0.00630704
0.00630693
0.00630726
0.00630715
0.00630727
0.00630666
0.00630659
0.00630647
0.00630682
0.0063067
0.00630679
0.00630523
0.0063064
0.00630649
0.00628079
0.00627953
0.0062983
0.00601129
0.00621092
0.00621646
0.00619822
0.00620486
0.00599922
0.00612688
0.00622997
0.00623381
0.00622137
0.00622585
0.00611865
0.00629885
0.00628296
0.00628192
0.00555652
0.00536167
0.00535198
0.00538739
0.00537277
0.00556813
0.00628763
0.00628701
0.00629938
0.00615627
0.00624361
0.0062464
0.00623737
0.00624061
0.00614968
0.00534277
0.00533372
0.00552556
0.00631378
0.00631373
0.00631363
0.00615134
0.00615881
0.00621616
0.00619964
0.00613568
0.00614411
0.00631367
0.00631377
0.00631381
0.00631394
0.00631383
0.00631378
0.00631353
0.00631344
0.00631355
0.00576284
0.00574901
0.0059396
0.00536525
0.00554867
0.0055601
0.00540864
0.00560564
0.00562887
0.00557214
0.00558677
0.00538971
0.00597765
0.0057913
0.00577647
0.00588784
0.00587492
0.00603366
0.00551649
0.00569467
0.00570943
0.00565355
0.00567623
0.00549698
0.00631327
0.00631319
0.0063131
0.00631338
0.00631329
0.00631335
0.00631287
0.00631266
0.00631252
0.00631299
0.00631281
0.00631298
0.00630834
0.00630814
0.00630995
0.00624935
0.00620367
0.0062115
0.00619037
0.00619623
0.00624538
0.00626291
0.00622764
0.00623201
0.00621824
0.00622334
0.00626013
0.00620835
0.006214
0.00625203
0.00607067
0.0061594
0.00615072
0.00617346
0.00616681
0.00608254
0.00614127
0.00613186
0.00601872
0.00624
0.00619609
0.00620234
0.00631029
0.00630652
0.00630746
0.0063039
0.00630554
0.00630971
0.00631233
0.00631134
0.00631193
0.00630866
0.00631012
0.00631192
0.00629471
0.00627066
0.00627344
0.00630432
0.00628989
0.00629996
0.0062769
0.00628222
0.00630092
0.00631278
0.00631227
0.00631039
0.00631305
0.00631287
0.00631306
0.00631231
0.00631261
0.00631292
0.00631211
0.00631175
0.00631151
0.00631262
0.00631251
0.00631262
0.00631181
0.00631228
0.00631245
0.00631193
0.0063121
0.00631149
0.00610135
0.00621396
0.00621114
0.00622334
0.00621769
0.00610588
0.00629696
0.00627385
0.00627692
0.00626356
0.00626496
0.00629214
0.00608861
0.00620476
0.00620276
0.00620879
0.0062067
0.00609135
0.00630084
0.00630186
0.00630755
0.00625628
0.00628745
0.00628576
0.00629082
0.00628914
0.00625885
0.00631015
0.00630947
0.00630933
0.00630988
0.00630965
0.00631025
0.00630329
0.00630751
0.00630792
0.00630666
0.00630676
0.00630255
0.00630981
0.00630898
0.00630888
0.00630921
0.00630909
0.00630989
0.00606727
0.00619908
0.00620032
0.00619543
0.00619758
0.00606534
0.00628786
0.00625867
0.00625775
0.00603679
0.00618294
0.00618107
0.00618613
0.00618459
0.0060419
0.00628551
0.00625309
0.00625381
0.00625018
0.00625039
0.00628457
0.0060118
0.00617609
0.00617432
0.00617928
0.00617766
0.00601744
0.00630816
0.00630723
0.00630721
0.0063073
0.00630727
0.0063082
0.00629754
0.00630507
0.0063051
0.00630525
0.00630514
0.00629763
0.00630801
0.00630716
0.00630716
0.00630718
0.00630717
0.00630805
0.00630893
0.00630797
0.0063079
0.0063081
0.00630803
0.00630899
0.0063087
0.00630773
0.00630768
0.00630785
0.00630779
0.00630876
0.0060959
0.00588698
0.00586292
0.00592256
0.00590653
0.00610764
0.0060503
0.00579021
0.00577466
0.00583618
0.00581078
0.00606104
0.00576669
0.00579439
0.00551428
0.00616954
0.00601763
0.0060014
0.00613612
0.00595156
0.00593692
0.00598437
0.00596728
0.00614471
0.00537264
0.00570731
0.00573633
0.00552553
0.0055208
0.00590432
0.00601133
0.00573199
0.00570534
0.0057619
0.00574897
0.00602234
0.0059387
0.0055702
0.00554066
0.00566445
0.00561499
0.00595819
0.00630027
0.00628724
0.00628851
0.00627543
0.00627748
0.0062969
0.00559227
0.00557307
0.00579819
0.00585211
0.00564234
0.00561532
0.00534317
0.00530909
0.00559042
0.0056859
0.00543937
0.00538928
0.00627315
0.00624572
0.00624937
0.00623671
0.00624143
0.00627078
0.0062818
0.0062592
0.00626242
0.00625267
0.00625593
0.00627983
0.00615821
0.00621857
0.00621369
0.00561829
0.00543591
0.00540836
0.00546933
0.00546355
0.00563715
0.00607475
0.00597326
0.00597565
0.00594784
0.00596091
0.00606408
0.00631459
0.00631513
0.00631536
0.00631518
0.00631516
0.00631462
0.0063027
0.00630285
0.00630313
0.00630228
0.00630257
0.00630241
0.00631428
0.00631416
0.00631415
0.0063142
0.00631419
0.0063143
0.00631392
0.00631407
0.00631409
0.00631404
0.006314
0.00631391
0.00631429
0.00631416
0.00631418
0.00631415
0.00631415
0.00631428
0.00631494
0.00631496
0.00631526
0.00631439
0.00631468
0.00631478
0.00631114
0.00631155
0.00631138
0.0063031
0.00630662
0.00630654
0.00625191
0.00627931
0.0062775
0.00628265
0.00628098
0.00625454
0.00630288
0.00629597
0.0062967
0.00631245
0.00631231
0.00631222
0.00630416
0.0063089
0.00630831
0.00630995
0.00630944
0.00630511
0.00631265
0.00631279
0.00631289
0.00631258
0.00631269
0.0063125
0.00631286
0.00631281
0.00631272
0.00630909
0.00630996
0.00631052
0.00629528
0.00630513
0.00630267
0.0063076
0.00630663
0.00629956
0.00630879
0.00631011
0.00631023
0.00630714
0.00630705
0.00630292
0.00630834
0.00630807
0.00630819
0.00630785
0.00630796
0.00630822
0.00608546
0.00621205
0.00621531
0.00620717
0.00620931
0.00607834
0.0062909
0.0062652
0.00626419
0.0061224
0.00622547
0.0062283
0.00621876
0.00622199
0.0061152
0.00630575
0.00630572
0.00630051
0.0063058
0.00630591
0.00630514
0.00630635
0.00630623
0.00630629
0.00617915
0.00625358
0.00625563
0.00624898
0.00625137
0.00617402
0.00629952
0.00628872
0.0062882
0.00628193
0.00629461
0.00629407
0.00629541
0.00629506
0.00628313
0.00556265
0.00574758
0.00576212
0.00572221
0.00573454
0.00555034
0.00605761
0.00591071
0.00589954
0.00631472
0.00631455
0.00631456
0.0063145
0.00631452
0.00631469
0.00631419
0.00631435
0.00631432
0.00631361
0.00631357
0.00631347
0.00631376
0.00631366
0.0063137
0.00631353
0.00631359
0.00631368
0.00629739
0.00629803
0.00630339
0.00626412
0.00628598
0.00628433
0.00628882
0.00628749
0.00626719
0.00631319
0.00631329
0.00631332
0.00631286
0.00631313
0.00631299
0.00626703
0.00629453
0.00629258
0.00629966
0.00629686
0.00627142
0.0063097
0.00630693
0.00630803
0.00631092
0.00631138
0.00631149
0.00631037
0.00631052
0.00630928
0.0062633
0.00626247
0.00628968
0.00606992
0.00620405
0.00620549
0.00620152
0.00620275
0.00606873
0.00613909
0.00623525
0.00623766
0.00623077
0.0062331
0.00613541
0.00630109
0.00630584
0.00630578
0.0063061
0.00630608
0.00630269
0.0059449
0.0059669
0.00572102
0.00562442
0.00590218
0.00592411
0.00624886
0.00624397
0.00619986
0.00626541
0.00626811
0.0062867
0.00621966
0.00625716
0.00625324
0.0059772
0.00596685
0.00609133
0.00564117
0.00581011
0.00582427
0.0057781
0.00579443
0.00562077
0.00569757
0.00587007
0.00588302
0.00584153
0.00585645
0.00568539
0.0061139
0.00618631
0.00617989
0.00619839
0.00619257
0.00612491
0.0062648
0.00623593
0.00623948
0.00557692
0.00540334
0.00542673
0.00541519
0.00540729
0.00558206
0.00489584
0.00519417
0.00519703
0.00532502
0.00535616
0.00450495
0.00608809
0.00589157
0.00580208
0.00596295
0.00594193
0.00608242
0.00631437
0.00631426
0.00631428
0.00631421
0.00631423
0.00631434
0.00631401
0.00631412
0.00631409
0.00632125
0.00632124
0.00632234
0.00632124
0.00632124
0.00632234
0.00632124
0.00632124
0.00632234
0.00632125
0.00632125
0.00632235
0.00631905
0.00631904
0.00632015
0.00631905
0.00631905
0.00632015
0.00631684
0.00631684
0.00631794
0.00631788
0.00631788
0.00631845
0.00631788
0.00631787
0.00631844
0.00631689
0.00631689
0.00631797
0.00631465
0.00631465
0.00631574
0.00631565
0.00631565
0.00631621
0.00631611
0.0063161
0.00631641
0.00631473
0.00631473
0.0063158
0.00631248
0.00631249
0.00631357
0.00631394
0.00631398
0.00631425
0.00631262
0.0063126
0.00631366
0.00631033
0.00631035
0.00631142
0.00631189
0.00631191
0.00631216
0.00631053
0.00631049
0.00631154
0.00630819
0.00630822
0.00630929
0.00630999
0.00630999
0.00631023
0.00630845
0.00630839
0.00630944
0.00630604
0.00630609
0.00630716
0.00630809
0.00630809
0.00630833
0.00630637
0.00630629
0.00630734
0.00630389
0.00630394
0.00630502
0.00630508
0.00630512
0.00630565
0.00630611
0.0063061
0.00630636
0.00630427
0.00630418
0.00630524
0.00630172
0.00630178
0.00630287
0.00630293
0.00630296
0.00630351
0.00630349
0.0063035
0.00630377
0.00630213
0.00630204
0.00630311
0.00629952
0.00629957
0.00630068
0.00630069
0.00630071
0.00630127
0.00523974
0.00586981
0.00586279
0.00630121
0.00630126
0.00630181
0.00629998
0.00629988
0.00630096
0.00629731
0.00629737
0.00629846
0.00629841
0.00629726
0.00629815
0.00601344
0.00628971
0.00629017
0.00629899
0.00629905
0.00629961
0.00629778
0.00629766
0.00629876
0.00629522
0.00629519
0.00629628
0.00629567
0.00629569
0.00629679
0.00629302
0.0062929
0.00629403
0.00628637
0.00598788
0.00598689
0.00616773
0.00629323
0.00629436
0.00629348
0.00629353
0.00629463
0.00630405
0.00630432
0.00630431
0.00630265
0.00630263
0.00630235
0.00631437
0.00631466
0.00631467
0.00631641
0.00631611
0.00631611
0.00631252
0.00631255
0.00631229
0.00631241
0.00631267
0.00631263
0.00631047
0.00631049
0.00631024
0.00631202
0.00631177
0.00631174
0.00631047
0.00631071
0.00631069
0.00630847
0.00630847
0.00630822
0.00630999
0.00630974
0.00630972
0.00630857
0.00630881
0.00630881
0.00630796
0.00630771
0.00630772
0.00630326
0.00630629
0.0063062
0.00630661
0.00630686
0.00630687
0.00552325
0.00552163
0.00508062
0.00630206
0.00630178
0.00630178
0.006313
0.00631286
0.00631282
0.00631197
0.00631204
0.006312
0.00631158
0.0063118
0.00631189
0.00630392
0.00630616
0.00630615
0.00630615
0.00630613
0.00630334
0.00630536
0.00630547
0.00630493
0.00629951
0.00629035
0.00629001
0.00628963
0.00628919
0.00629953
0.00630054
0.00630059
0.00630243
0.00631323
0.00631328
0.00631314
0.00631415
0.006314
0.00631397
0.00630405
0.00630459
0.00630455
0.00630341
0.00630475
0.00630464
0.00630538
0.00630528
0.00630351
0.00630287
0.00630293
0.00630239
0.00630401
0.00630347
0.00630341
0.00631399
0.00631403
0.00631418
0.00631317
0.0063133
0.00631326
0.0063035
0.00630557
0.00630548
0.00630611
0.00630603
0.00630338
0.00630471
0.00630513
0.00630524
0.00630437
0.0063045
0.00630424
0.00630391
0.00630411
0.00630424
0.0063153
0.00631514
0.00631514
0.00631421
0.00631437
0.00631439
0.00631515
0.00631515
0.00631531
0.00631393
0.00631396
0.00631405
0.00623946
0.00626882
0.00626636
0.00627947
0.00627808
0.00625678
0.00592746
0.00608985
0.00609934
0.00601748
0.00603072
0.0058225
0.00630185
0.00630241
0.00630239
0.00630295
0.00630322
0.00630322
0.00631408
0.00631418
0.00631419
0.00626458
0.00628193
0.00628078
0.0063135
0.00631355
0.00631346
0.00631406
0.00631398
0.00631396
0.00603467
0.00614882
0.00615426
0.00610805
0.00611584
0.00597415
0.00631626
0.00631571
0.00631572
0.00630319
0.00630291
0.00630293
0.00631529
0.006315
0.00631501
0.00631433
0.00631448
0.00631446
0.00631188
0.00631183
0.00631196
0.00631155
0.00631169
0.00631175
0.00630786
0.00630762
0.00630773
0.00630739
0.0063075
0.00630773
0.00631241
0.00631237
0.0063125
0.0063121
0.00631223
0.00631227
0.00630615
0.00630611
0.00630599
0.00630232
0.00630062
0.00630061
0.00631415
0.00631424
0.00631423
0.00631733
0.00631733
0.00631676
0.00631673
0.0063173
0.00631731
0.00631729
0.0063173
0.00631671
0.00631844
0.00631787
0.00631787
0.00631671
0.00631729
0.0063173
0.00631732
0.00631731
0.00631675
0.00631845
0.00631788
0.00631789
0.00631679
0.00631735
0.00631735
0.00631454
0.00631509
0.0063151
0.00631531
0.00631506
0.00631451
0.00631619
0.00631562
0.0063156
0.00631584
0.00631583
0.00631553
0.00631548
0.0063158
0.0063158
0.00631582
0.00631581
0.0063155
0.00631641
0.00631611
0.00631612
0.00631344
0.00631371
0.00631367
0.00631143
0.00631167
0.00631164
0.00630952
0.00630976
0.00630975
0.0063076
0.00630785
0.00630785
0.00630559
0.00630585
0.00630586
0.00630009
0.00630017
0.00629961
0.00630128
0.00630072
0.00630064
0.00629991
0.00630078
0.0063005
0.00630134
0.00630106
0.00630019
0.00589587
0.00588309
0.00528834
0.00623021
0.00611607
0.00612254
0.00611474
0.00611432
0.0062305
0.00630018
0.00630072
0.00630066
0.00630068
0.00630074
0.0063002
0.00630184
0.00630129
0.00630125
0.00629906
0.00629851
0.00629843
0.00629529
0.00629629
0.00629785
0.00570118
0.00623203
0.00622814
0.00624173
0.00623674
0.00569541
0.00628871
0.00628922
0.0060194
0.00629842
0.00629822
0.00629765
0.00629934
0.00629878
0.00629898
0.00631232
0.00631245
0.00631242
0.00631056
0.00631062
0.00631073
0.00631038
0.0063105
0.00631044
0.00631203
0.00631207
0.00631219
0.00631182
0.00631194
0.0063119
0.00630872
0.00630876
0.00630887
0.00630853
0.00630864
0.0063086
0.00631009
0.00631015
0.00631027
0.00630992
0.00631003
0.00630997
0.00630826
0.00630829
0.0063084
0.00630805
0.00630817
0.00630814
0.00630115
0.00630193
0.00630162
0.00630259
0.0063023
0.00630176
0.00630237
0.00630237
0.00630267
0.00519849
0.00519953
0.00489806
0.0046546
0.00535235
0.00532265
0.00631476
0.00631463
0.00631434
0.00631523
0.00631493
0.00631492
0.00631496
0.00631496
0.00631526
0.00631611
0.00631611
0.00631641
0.0063155
0.00631581
0.00631581
0.00631579
0.0063158
0.00631548
0.00631616
0.00631616
0.00631646
0.00631556
0.00631586
0.00631586
0.00631588
0.00631588
0.00631558
0.00631308
0.00631281
0.00631278
0.0063136
0.00631363
0.00631335
0.00631308
0.00631314
0.00631322
0.00631298
0.00631306
0.00631299
0.00631288
0.00631292
0.00631318
0.006311
0.00631074
0.00631072
0.00631148
0.00631151
0.00631125
0.00631093
0.00631095
0.00631119
0.00630898
0.00630873
0.00630872
0.00630947
0.00630949
0.00630923
0.00630904
0.00630905
0.00630928
0.00630693
0.00630668
0.00630669
0.00630746
0.00630745
0.0063072
0.00630645
0.00630637
0.00630322
0.00630736
0.00630716
0.00630727
0.00630693
0.00630704
0.00630724
0.00630712
0.00630711
0.00630736
0.00628247
0.00629558
0.00629474
0.00629698
0.00629632
0.00628408
0.00593848
0.00593316
0.00537595
0.00628835
0.00621018
0.0062123
0.00606065
0.00583752
0.00583509
0.00583788
0.00583847
0.00606147
0.00509042
0.00551908
0.00551856
0.00628275
0.00628305
0.00629805
0.00573852
0.00619392
0.00619087
0.00630151
0.00630171
0.00630199
0.00630113
0.00630142
0.00630117
0.00631264
0.00631277
0.00631281
0.00631268
0.00631272
0.00631259
0.00631256
0.00631274
0.00631263
0.00631292
0.00631284
0.00631274
0.00631104
0.00631109
0.00631121
0.00631085
0.00631097
0.00631092
0.00631159
0.0063117
0.0063114
0.00631153
0.00631158
0.0063117
0.00631133
0.00631145
0.00631141
0.00630917
0.00630923
0.00630934
0.00630899
0.00630911
0.00630906
0.00630963
0.00630969
0.0063098
0.00630946
0.00630957
0.00630952
0.00620082
0.00626243
0.00626424
0.00625878
0.00626065
0.00619639
0.0061835
0.00625498
0.00625694
0.00625056
0.00625288
0.0061787
0.00630731
0.00630732
0.00630744
0.00630616
0.00630616
0.00630407
0.00630316
0.00630612
0.00630611
0.00630779
0.00630781
0.00630793
0.00630757
0.00630768
0.00630767
0.00628833
0.00629812
0.00629758
0.00629901
0.0062986
0.00628955
0.00630564
0.00630561
0.00630549
0.00630586
0.00630574
0.00630578
0.00630499
0.00630559
0.0063057
0.00629082
0.00629064
0.00629946
0.0061963
0.0062607
0.00626184
0.00625749
0.00625919
0.00619252
0.00617451
0.00624681
0.00624727
0.00626059
0.00625052
0.00617889
0.00630057
0.00630044
0.00630195
0.00628459
0.0062955
0.00629561
0.00629564
0.0062955
0.00628486
0.00631356
0.00631342
0.00631338
0.00631382
0.00631385
0.00631371
0.00630497
0.00630486
0.00630345
0.00630351
0.00630518
0.00630508
0.00631373
0.00631388
0.00631384
0.0063134
0.00631336
0.00631322
0.00631364
0.0063135
0.00631354
0.0063134
0.00631344
0.00631359
0.00630576
0.00630567
0.00630348
0.00630341
0.00630594
0.00630585
0.00630488
0.00630501
0.00630462
0.00630434
0.00630464
0.00630476
0.00631516
0.00631516
0.00631532
0.00631482
0.00631499
0.00631499
0.00631497
0.00631497
0.00631479
0.00631501
0.00631501
0.00631485
0.00631432
0.00631434
0.00631418
0.00631468
0.00631451
0.0063145
0.00631455
0.00631454
0.0063147
0.00631519
0.00631519
0.00631535
0.00631486
0.00631502
0.00631502
0.00631505
0.00631504
0.00631488
0.00631479
0.00631497
0.00631497
0.00631499
0.00631499
0.00631482
0.00631532
0.00631516
0.00631516
0.00631343
0.00631345
0.00631353
0.0063133
0.00631338
0.00631334
0.00631378
0.00631387
0.00631383
0.00627433
0.00629154
0.00629023
0.00629379
0.0062927
0.00627654
0.00627306
0.00627109
0.00624359
0.0062538
0.00627653
0.00627489
0.0063115
0.00631219
0.006312
0.0063125
0.00631236
0.00631181
0.00630832
0.00631095
0.00631045
0.00631174
0.00631139
0.00630954
0.00626597
0.00626759
0.00621421
0.00616012
0.00624525
0.00624802
0.00623991
0.00624266
0.00615366
0.00606749
0.0060791
0.00590731
0.00584245
0.00604302
0.00605551
0.00574555
0.00591694
0.0059284
0.00589461
0.00590648
0.00573338
0.00580248
0.00595865
0.00596129
0.00593869
0.00594968
0.00578832
0.00615155
0.00621089
0.00620502
0.00621888
0.00621576
0.00615861
0.00627628
0.00629498
0.00629572
0.00591631
0.00589724
0.00574072
0.00616112
0.00621609
0.00621573
0.00631441
0.00631451
0.00631451
0.00631449
0.00631449
0.00631439
0.00631413
0.00631415
0.00631404
0.00631435
0.00631425
0.00631424
0.00631444
0.00631454
0.00631454
0.00631439
0.0063145
0.0063145
0.00631451
0.00631451
0.0063144
0.00624803
0.00624867
0.00617827
0.00631372
0.00631363
0.00631359
0.00631386
0.00631389
0.00631381
0.00613654
0.00614285
0.00602327
0.0059869
0.00612313
0.00613002
0.00632344
0.00632344
0.00632454
0.00632344
0.00632344
0.00632454
0.00632344
0.00632344
0.00632454
0.00632345
0.00632345
0.00632454
0.00632125
0.00632125
0.00632235
0.00632125
0.00632125
0.00632235
0.00631904
0.00631906
0.00632016
0.00631906
0.00631906
0.00632016
0.00631791
0.00631791
0.00631847
0.00631576
0.00631577
0.00631632
0.00631362
0.00631363
0.00631416
0.00631156
0.00631156
0.00631207
0.00630955
0.00630953
0.00631004
0.00630754
0.00630749
0.006308
0.00630549
0.0063054
0.00630592
0.006304
0.00630396
0.00630422
0.00630337
0.00630326
0.00630379
0.00630119
0.00630119
0.00630147
0.00629849
0.00629851
0.00629906
0.00629512
0.00629519
0.00629628
0.00629559
0.00629546
0.00629655
0.00629304
0.006293
0.0062941
0.00629347
0.00629349
0.00629459
0.00629084
0.00629062
0.00629176
0.00628285
0.0059901
0.00598872
0.00616916
0.00629095
0.00629209
0.00629128
0.00629132
0.00629242
0.00630175
0.00630206
0.00630206
0.00631418
0.0063139
0.00631387
0.00630643
0.00630641
0.00630615
0.0063045
0.00630477
0.00630481
0.00538771
0.00592937
0.00592872
0.00619863
0.00619651
0.00575729
0.00628323
0.00628317
0.0062964
0.0063018
0.00630031
0.00630024
0.0063043
0.00630427
0.006304
0.00630588
0.00630562
0.00630564
0.0063033
0.00630343
0.0063033
0.00630293
0.00630381
0.00630369
0.00630453
0.00630441
0.00630327
0.00631452
0.0063148
0.00631478
0.00631901
0.00631957
0.00631957
0.00631957
0.00631957
0.00631901
0.00631901
0.00631957
0.00631957
0.00631957
0.00631958
0.00631901
0.00631678
0.00631735
0.00631734
0.00631846
0.0063179
0.0063179
0.006317
0.006317
0.00631671
0.00631671
0.00631701
0.00631701
0.00631737
0.00631737
0.00631682
0.00631514
0.00631515
0.0063146
0.00631473
0.00631474
0.00631446
0.00631555
0.00631585
0.00631585
0.00631643
0.00631613
0.00631614
0.00631469
0.00631523
0.00631522
0.00631297
0.00631297
0.00631244
0.00631405
0.00631351
0.0063135
0.00631259
0.00631311
0.0063131
0.00631085
0.00631085
0.00631032
0.00631191
0.00631138
0.00631138
0.00631174
0.00631171
0.00631147
0.00631221
0.00631196
0.00631199
0.00631054
0.00631105
0.00631106
0.00630877
0.00630875
0.00630822
0.0063098
0.00630927
0.00630929
0.00630979
0.00630978
0.00630954
0.00631026
0.00631002
0.00631003
0.00630852
0.00630902
0.00630905
0.00630667
0.00630663
0.0063061
0.00630769
0.00630717
0.0063072
0.00630783
0.00630785
0.0063076
0.00630834
0.00630809
0.00630808
0.00630645
0.00630697
0.00630703
0.00630556
0.00630503
0.00630508
0.00630434
0.00630486
0.00630496
0.00630341
0.00630367
0.00630373
0.00629961
0.00630016
0.00630014
0.00630063
0.00630091
0.00630091
0.00629788
0.00629796
0.00629741
0.00629792
0.00629848
0.00629843
0.00631255
0.00631257
0.0063127
0.00630682
0.00630683
0.00630695
0.00631444
0.00631445
0.0063143
0.00631274
0.00631272
0.00631246
0.00631324
0.00631298
0.006313
0.00631076
0.00631074
0.0063105
0.00631122
0.00631098
0.006311
0.00630881
0.00630882
0.00630858
0.0063093
0.00630906
0.00630906
0.00630681
0.00630685
0.0063066
0.00630736
0.00630711
0.00630708
0.00630508
0.00630505
0.00630531
0.00630022
0.00629994
0.00629906
0.00620449
0.00620776
0.00628777
0.00629783
0.00628327
0.00628343
0.00630034
0.00630058
0.00630085
0.0063015
0.00630149
0.0063012
0.00631294
0.00631291
0.00631305
0.00630708
0.0063072
0.00630719
0.0062972
0.00628513
0.00629022
0.00631349
0.00631348
0.00631362
0.00631319
0.00631333
0.00631335
0.00630481
0.00630454
0.00630457
0.00630538
0.00630534
0.00630508
0.00631396
0.00631394
0.00631379
0.00631424
0.00631408
0.0063141
0.00630636
0.00630622
0.00630634
0.00630686
0.00630669
0.00630681
0.00630646
0.00630657
0.00630673
0.00630512
0.0063051
0.00630497
0.00630536
0.00630523
0.00630526
0.00630484
0.00630471
0.00630473
0.00630384
0.00630397
0.00630379
0.00630343
0.00630357
0.0063037
0.00631487
0.00631503
0.00631503
0.00631534
0.00631518
0.00631518
0.00630405
0.00630394
0.00630301
0.00630322
0.00630429
0.00630418
0.00631507
0.00631509
0.00631537
0.00631462
0.00631464
0.00631479
0.00631671
0.00631701
0.006317
0.006317
0.006317
0.0063167
0.00631531
0.00631502
0.00631501
0.00631477
0.00631461
0.0063146
0.00632344
0.00632345
0.00632454
0.00632345
0.00632345
0.00632454
0.00632126
0.00632125
0.00632235
0.00631907
0.00631906
0.00632016
0.00631685
0.00631685
0.00631794
0.00631791
0.00631791
0.00631848
0.00631689
0.00631689
0.00631797
0.00631466
0.00631467
0.00631576
0.00631614
0.00631614
0.00631644
0.00631473
0.00631472
0.0063158
0.00631249
0.0063125
0.00631358
0.00631259
0.00631257
0.00631365
0.00631032
0.00631034
0.00631142
0.00631047
0.00631044
0.00631151
0.00630816
0.00630819
0.00630926
0.00630836
0.00630831
0.00630937
0.006306
0.00630603
0.00630711
0.00630624
0.00630618
0.00630724
0.00630383
0.00630388
0.00630496
0.00630411
0.00630403
0.0063051
0.00630166
0.00630171
0.0063028
0.00630197
0.00630187
0.00630294
0.0063012
0.00630109
0.00630162
0.0062998
0.0062997
0.00630078
0.00629616
0.00629307
0.00629425
0.0060363
0.00628761
0.00628818
0.00629339
0.00629324
0.00629434
0.00631647
0.00631617
0.00631617
0.0063023
0.00630257
0.00630263
0.00630372
0.00630345
0.00630348
0.00631958
0.00631958
0.00631902
0.00631903
0.00631958
0.00631958
0.00631736
0.00631736
0.0063168
0.00631849
0.00631793
0.00631793
0.00631686
0.00631741
0.00631741
0.00631625
0.00631569
0.00631569
0.00631565
0.00631593
0.00631593
0.00631378
0.00631377
0.0063135
0.00631431
0.00631404
0.00631405
0.00630455
0.00630449
0.00630395
0.00630578
0.00630583
0.00630557
0.00630635
0.00630609
0.00630605
0.00630239
0.00630231
0.00630177
0.0063034
0.00630286
0.00630293
0.00630218
0.00630271
0.00630283
0.00629964
0.00629908
0.00629901
0.00622556
0.00622472
0.00572047
0.00629709
0.00629653
0.00629674
0.00630291
0.00630285
0.00630312
0.00630321
0.00630317
0.0063029
0.00631589
0.00631589
0.0063156
0.00599442
0.00499859
0.0032149
0.0059849
0.00498111
0.00318224
0.00587553
0.00480407
0.00302035
0.00586907
0.0047935
0.00302469
0.00356962
0.00257341
0.00184858
0.00630286
0.00610281
0.00447707
0.00609255
0.00521576
0.00310232
0.00606097
0.00513666
0.00302609
0.00356612
0.00257183
0.00184806
0.00461935
0.00384407
0.00266195
0.00629936
0.00606501
0.00438513
0.00603033
0.00504694
0.00320563
0.00603564
0.00505617
0.00320399
0.00594389
0.00491269
0.00314226
0.00594081
0.00491309
0.0031579
0.00579654
0.00468537
0.00296583
0.00580746
0.00470144
0.00298791
0.00424933
0.00301541
0.00198266
0.00433938
0.00309219
0.0020038
0.00445586
0.00381402
0.00266843
0.00631233
0.00626292
0.00537505
0.00617833
0.00542175
0.00330886
0.00619719
0.00548657
0.00335512
0.00617297
0.00539979
0.00328881
0.00600689
0.00501103
0.00318873
0.00597019
0.00495949
0.00318641
0.00590639
0.00485609
0.00309421
0.00583532
0.00474774
0.00298003
0.00556568
0.00437668
0.00281552
0.00630152
0.00604429
0.0044084
0.00353516
0.00256171
0.00184645
0.00442357
0.00323576
0.00204441
0.00436431
0.00312444
0.00201267
0.00480874
0.00355056
0.00227335
0.00443346
0.00305723
0.00197318
0.00449391
0.00309909
0.00198539
0.00456935
0.00315672
0.00199784
0.00452311
0.00312227
0.0019903
0.00468284
0.00324362
0.00201928
0.00459094
0.00317259
0.00200232
0.00466625
0.00323172
0.00201618
0.00442126
0.00304897
0.00197134
0.00435998
0.00300589
0.00196095
0.00428709
0.00296167
0.00195065
0.00434258
0.00299555
0.00195792
0.00412438
0.0028801
0.0019292
0.00418304
0.00290549
0.00193586
0.00426441
0.00294842
0.00194629
0.00421058
0.00292146
0.00194047
0.00409671
0.00286469
0.0019259
0.00362914
0.00260098
0.00185514
0.00354909
0.0025537
0.00184261
0.00443571
0.00326188
0.00205183
0.00620202
0.00550738
0.00337374
0.00622168
0.00558598
0.00347302
0.00622636
0.00560951
0.00350817
0.00601355
0.00502592
0.00320328
0.00605481
0.00509403
0.00324168
0.00596426
0.00494797
0.00317438
0.00591133
0.00486246
0.00309
0.00577097
0.00464905
0.00293284
0.00582742
0.00473101
0.00297204
0.00547133
0.0042523
0.00269217
0.00552099
0.00431289
0.00279386
0.00548271
0.00426662
0.00270796
0.00555199
0.00436188
0.00278169
0.00552724
0.00432108
0.00279828
0.00529839
0.00402925
0.00253352
0.00516672
0.00387969
0.00242233
0.00514649
0.0038598
0.00240107
0.00478651
0.00353371
0.00225448
0.00471525
0.00348871
0.00231851
0.00608448
0.00515482
0.00323784
0.00608856
0.00515961
0.00321739
0.00599754
0.00499866
0.00320038
0.00607902
0.00514275
0.00323446
0.00607111
0.00512307
0.00320838
0.0059785
0.00496777
0.0031705
0.00588327
0.00482114
0.00303257
0.00574318
0.00460472
0.00296108
0.00574805
0.00460789
0.00294897
0.00586399
0.00478798
0.00303682
0.0057314
0.00458957
0.00293269
0.00571933
0.00457415
0.00290795
0.00359971
0.00262105
0.00186292
0.00359181
0.0026415
0.00186809
0.00357124
0.00257322
0.00184868
0.00360486
0.00260418
0.00185836
0.00360733
0.00259677
0.00185628
0.00630444
0.00612208
0.00456667
0.00509338
0.0038069
0.00247242
0.0050749
0.00379329
0.00242578
0.00612256
0.00529357
0.00317938
0.00624038
0.00569029
0.00371057
0.00603575
0.00507194
0.00295891
0.00356061
0.00256874
0.00184706
0.00462334
0.00380912
0.00256462
0.00629613
0.00603283
0.00429072
0.00611926
0.00523839
0.00325877
0.00602617
0.00504315
0.00321883
0.00604207
0.00507075
0.00321534
0.00594858
0.00491822
0.00313586
0.00592701
0.00489214
0.00312244
0.00578908
0.00467161
0.00296132
0.00581485
0.00471374
0.00299215
0.00568143
0.00452684
0.00289796
0.00510608
0.00381837
0.00251597
0.00511817
0.00383411
0.00245661
0.00631228
0.00625943
0.00525641
0.00631161
0.00623821
0.00508928
0.0042809
0.00303754
0.00198873
0.00431138
0.00306326
0.00199586
0.00618798
0.0054516
0.00334662
0.00619279
0.00547013
0.00335603
0.00616553
0.00537528
0.00331008
0.00609966
0.00518501
0.00320945
0.00609363
0.00516953
0.00320628
0.00600154
0.00500193
0.00318846
0.00605783
0.00509632
0.00323262
0.00606545
0.00510936
0.00320263
0.0059736
0.00496077
0.00317329
0.00589585
0.00483915
0.0030639
0.00576067
0.00462762
0.00294448
0.00575426
0.00461525
0.00294023
0.00584709
0.00476466
0.00300542
0.00570327
0.0045471
0.00290158
0.00571074
0.00455884
0.00289905
0.00558739
0.00439847
0.00285393
0.00558145
0.00439392
0.00285421
0.00356482
0.00258387
0.00185275
0.00358019
0.002622
0.0018634
0.00355752
0.00256358
0.00184643
0.00359268
0.00258928
0.00185443
0.00360423
0.00259345
0.00185534
0.00356555
0.00258785
0.00185476
0.0044062
0.0032003
0.00203403
0.00438667
0.00316064
0.00202281
0.00630682
0.00615273
0.00469753
0.00503051
0.00375369
0.00249374
0.00504555
0.00376941
0.00245835
0.00505882
0.00378029
0.00242976
0.00617714
0.00546371
0.00339951
0.00614041
0.00534807
0.00325456
0.00619885
0.00553676
0.00349454
0.00621706
0.00560541
0.00360173
0.00599615
0.00497543
0.0028585
0.00523404
0.00377569
0.00218888
0.00444961
0.00306786
0.00197594
0.00446951
0.00308101
0.00197981
0.00455154
0.00314347
0.00199446
0.00453768
0.00313285
0.0019921
0.00461698
0.00319309
0.00200834
0.0046479
0.00321846
0.00201366
0.00440916
0.00304115
0.00197014
0.00438215
0.00302101
0.00196581
0.00431479
0.00298013
0.00195499
0.00433
0.00298878
0.00195638
0.00414054
0.00288612
0.00193021
0.00416006
0.00289449
0.00193239
0.0042465
0.00293958
0.00194378
0.00423423
0.00293511
0.00194311
0.00406893
0.00285073
0.00192171
0.00355409
0.00256289
0.00184534
0.0044448
0.00329863
0.00206431
0.00621777
0.00556819
0.00345797
0.00620717
0.00553001
0.00341078
0.0062331
0.00563956
0.00355673
0.00610667
0.00520623
0.0032304
0.00611451
0.0052273
0.00325918
0.00602318
0.00504387
0.00323713
0.0060509
0.00508933
0.00324628
0.005955
0.00493083
0.00314515
0.00591796
0.00487513
0.00309725
0.00578251
0.00466261
0.0029602
0.00582035
0.00471969
0.00297796
0.00569661
0.00454097
0.00291196
0.00569191
0.00453942
0.00292305
0.00566934
0.00450645
0.00290042
0.00546324
0.0042396
0.00269317
0.00551374
0.00429927
0.00277851
0.0054969
0.0042814
0.0027405
0.00553439
0.00433483
0.00276291
0.00554143
0.00434754
0.00276417
0.00518899
0.00390448
0.00244829
0.00513031
0.00384563
0.00241203
0.00476335
0.00351797
0.00229454
0.00473922
0.00350214
0.00228978
0.00631316
0.0062835
0.00553923
0.00631362
0.00629734
0.00575954
0.00631361
0.00629694
0.00576441
0.00426572
0.00322697
0.00207365
0.00433861
0.00336762
0.00216887
0.0057823
0.00456434
0.00256772
0.00545665
0.00406546
0.00231573
0.00582037
0.00463067
0.00260763
0.0053958
0.00398589
0.00228565
0.0038035
0.00270576
0.00188339
0.00370386
0.0026473
0.0018678
0.0036014
0.00258233
0.00185025
0.00368696
0.00263815
0.00186545
0.00359643
0.00258063
0.00184992
0.00475724
0.00375291
0.00277538
0.00627504
0.00585944
0.00387067
0.00626781
0.00581971
0.00380792
0.0052473
0.00397059
0.0025007
0.0053563
0.00409331
0.00262945
0.00534745
0.00407993
0.00261802
0.00523767
0.00395812
0.00250277
0.00521084
0.00392937
0.00247871
0.0063079
0.00613247
0.00465613
0.0063095
0.00618001
0.00479916
0.00405852
0.00335076
0.00264527
0.00490204
0.00362435
0.00227048
0.00442422
0.003698
0.00222857
0.00447947
0.00372093
0.00223025
0.0045108
0.00357734
0.00214304
0.00403425
0.00282761
0.00192978
0.00449317
0.00359594
0.00227562
0.00615609
0.00534341
0.00328489
0.00559356
0.0044053
0.0028566
0.00560101
0.00441882
0.00282513
0.00563463
0.00446202
0.00289277
0.00476614
0.00364885
0.00235104
0.00627505
0.00585778
0.00401394
0.00365044
0.00268281
0.00188332
0.0063098
0.00620741
0.00494962
0.00630808
0.0061797
0.0048032
0.0049865
0.00371593
0.00240747
0.00487679
0.00360386
0.00224501
0.00497156
0.00370331
0.00239333
0.00495433
0.0036824
0.00237982
0.00625282
0.00574686
0.0038147
0.00559766
0.00426935
0.00241033
0.00564721
0.00434366
0.00244464
0.00595987
0.004901
0.00280833
0.00592529
0.00483026
0.0027537
0.00377013
0.00268266
0.00187776
0.00375208
0.00267225
0.00187454
0.00362104
0.0025953
0.0018536
0.00353604
0.00254466
0.0018404
0.00408628
0.00329359
0.00208031
0.00369743
0.00273979
0.00190108
0.00398653
0.00312194
0.0020237
0.004494
0.00348009
0.00211582
0.00400924
0.00283632
0.00193131
0.00453371
0.0036538
0.00233313
0.00628622
0.00594367
0.00406266
0.00628867
0.00596387
0.00412526
0.00613239
0.00527564
0.00325885
0.00614747
0.00531983
0.00324951
0.00612423
0.00525306
0.00327353
0.00566202
0.00449296
0.00288716
0.00564187
0.00446989
0.00289783
0.0052848
0.00401489
0.00250676
0.00476171
0.00364962
0.00233509
0.00420586
0.00297431
0.00197112
0.00417969
0.00303409
0.0020003
0.00439906
0.00346652
0.00221537
0.0047108
0.0035036
0.00227275
0.00470142
0.00345039
0.00218303
0.00472234
0.00355471
0.00233264
0.00473074
0.00358725
0.00233291
0.00573118
0.00447215
0.00250513
0.00405565
0.00288451
0.001946
0.00408688
0.00290075
0.0019505
0.00550772
0.0041352
0.00234543
0.00586607
0.00471013
0.0026521
0.00534072
0.00391419
0.00225529
0.00504558
0.00357174
0.00211088
0.00508697
0.00361497
0.00212921
0.00480068
0.00334701
0.00204447
0.00481967
0.0033619
0.00204747
0.00501157
0.00353591
0.00209694
0.00498549
0.00351229
0.00208811
0.00476555
0.00331546
0.00203881
0.00473851
0.00329227
0.00203214
0.00380993
0.00271409
0.00188565
0.00383371
0.00272355
0.00188812
0.00395308
0.00278581
0.00190447
0.00393766
0.00277797
0.00190249
0.00397055
0.00279419
0.00190668
0.00399051
0.00280459
0.0019098
0.00379654
0.00270049
0.00188221
0.00371945
0.00265578
0.00187007
0.00360775
0.00258628
0.00185122
0.00366693
0.00262802
0.00186296
0.003585
0.00257449
0.00184831
0.00400042
0.00284998
0.00193551
0.00402096
0.00286796
0.00194107
0.00627788
0.0058784
0.00390655
0.00628079
0.00589994
0.0039654
0.00626219
0.00578333
0.00375228
0.00544985
0.004212
0.00272275
0.00545621
0.00422225
0.00272863
0.0052587
0.00398466
0.00249765
0.00544253
0.00420088
0.00271438
0.00542409
0.00418218
0.00267545
0.00536523
0.00410666
0.00263572
0.00533417
0.00406651
0.00258581
0.00475982
0.00376733
0.0026581
0.00422669
0.00299012
0.00197551
0.00416049
0.00294416
0.00196258
0.00418352
0.00295914
0.00196677
0.00631306
0.00628078
0.00554989
0.00631182
0.00625032
0.00524254
0.00631064
0.00622617
0.00507102
0.00492908
0.00365345
0.00231539
0.00435666
0.00367574
0.00221349
0.00426676
0.00354094
0.00214448
0.00450973
0.00370384
0.00221989
0.00451901
0.00365517
0.00218729
0.00408386
0.00283321
0.00193838
0.00444934
0.0035373
0.00224015
0.00616197
0.0053657
0.00331606
0.00560819
0.00443144
0.00283122
0.0056194
0.00444562
0.00285556
0.0047159
0.0034981
0.00244881
0.00470994
0.00347989
0.00228132
0.00475446
0.00362306
0.00233045
0.006285
0.00592061
0.0041411
0.0062962
0.00599273
0.00427723
0.00361595
0.00264392
0.00187146
0.00359241
0.00260946
0.00186091
0.00413706
0.00292947
0.00195845
0.00411278
0.00291506
0.00195442
0.00500226
0.0037293
0.00243267
0.00501726
0.00374219
0.00245644
0.00483458
0.003575
0.00231886
0.0048543
0.00358812
0.00228559
0.00555086
0.00419894
0.00237687
0.00569836
0.00441989
0.00247688
0.00589463
0.00476627
0.00270044
0.00529426
0.00385449
0.00222843
0.00519093
0.00372684
0.00217215
0.00513591
0.00366735
0.00215104
0.00486844
0.00340451
0.00205894
0.00484139
0.00338116
0.00205225
0.00490096
0.00343313
0.00206788
0.00494007
0.00346936
0.00207887
0.00470378
0.00326012
0.00202281
0.00388488
0.00274796
0.0018952
0.00385917
0.00273491
0.00189124
0.00390875
0.00276186
0.00189903
0.00392521
0.00277146
0.00190109
0.00404125
0.00283409
0.0019169
0.00405314
0.00284024
0.00191831
0.00403164
0.00282998
0.00191631
0.00401316
0.00281852
0.00191383
0.00378881
0.00269509
0.00188113
0.00373531
0.00266394
0.00187227
0.00361427
0.0025909
0.00185244
0.00363667
0.00261232
0.00185876
0.00356275
0.00256025
0.00184426
0.00377425
0.00282103
0.00192755
0.00387925
0.00293737
0.00196716
0.00447016
0.00339941
0.00209333
0.003987
0.00284006
0.00193181
0.00456372
0.00369918
0.0023891
0.00629139
0.0059939
0.00420869
0.00625147
0.00572833
0.00366901
0.00625915
0.00576607
0.00372521
0.00624737
0.00570357
0.00361814
0.00624148
0.00567358
0.00360453
0.00613637
0.00528462
0.003242
0.00614148
0.00529938
0.00323701
0.00565486
0.00448135
0.00288494
0.00564773
0.00447384
0.00288979
0.00527129
0.00399965
0.00249728
0.00539415
0.00415168
0.00261806
0.00540785
0.00416601
0.00264037
0.00537358
0.00411933
0.00264509
0.00538368
0.00413883
0.00261509
0.00531761
0.00405066
0.00255312
0.00476318
0.00369651
0.00246864
0.00631349
0.00629294
0.00569933
)
;

boundaryField
{
    topAndBottom
    {
        type            slip;
    }
    inlet
    {
        type            fixedValue;
        value           uniform 0.00633;
    }
    outlet
    {
        type            zeroGradient;
    }
    wing
    {
        type            groovyBC;
        refValue        uniform 0.00154192;
        refGradient     uniform 0;
        valueFraction   uniform 1;
        value           uniform 0.00154192;
        valueExpression "YSat*rh";
        gradientExpression "0";
        fractionExpression "1";
        evaluateDuringConstruction 0;
        cyclicSlave     0;
        variables       "rh=0.7;";
        timelines       (
);
        lookuptables    (
);
        lookuptables2D  (
);
    }
    front
    {
        type            empty;
    }
    back
    {
        type            empty;
    }
}


// ************************************************************************* //
