/*--------------------------------*- C++ -*----------------------------------*\
| =========                 |                                                 |
| \\      /  F ield         | OpenFOAM: The Open Source CFD Toolbox           |
|  \\    /   O peration     | Version:  5.x                                   |
|   \\  /    A nd           | Web:      www.OpenFOAM.org                      |
|    \\/     M anipulation  |                                                 |
\*---------------------------------------------------------------------------*/
FoamFile
{
    version     2.0;
    format      ascii;
    class       volScalarField;
    location    "200";
    object      massFlux;
}
// * * * * * * * * * * * * * * * * * * * * * * * * * * * * * * * * * * * * * //

dimensions      [0 0 0 0 0 0 0];

internalField   nonuniform List<scalar> 
6584
(
0.0241908
0.0241908
0.0241908
0.0241908
0.0241908
0.0241908
0.0241908
0.0241908
0.0241908
0.0241908
0.0241908
0.0241908
0.0241908
0.0241908
0.0241908
0.0241908
0.0241908
0.0241908
0.0241908
0.0241908
0.0241908
0.0241908
0.0241908
0.0241908
0.0241902
0.0241902
0.0241902
0.0241902
0.0241902
0.0241902
0.0241903
0.0241903
0.0241903
0.0241903
0.0241903
0.0241903
0.0241903
0.0241903
0.0241903
0.0241903
0.0241903
0.0241903
0.0241902
0.0241902
0.0241902
0.0241902
0.0241902
0.0241902
0.0241897
0.0241897
0.0241897
0.0241897
0.0241897
0.0241897
0.0241897
0.0241897
0.0241897
0.02419
0.02419
0.02419
0.02419
0.02419
0.02419
0.0241897
0.0241897
0.0241897
0.0241897
0.0241897
0.0241897
0.0241897
0.0241897
0.0241897
0.0241891
0.0241891
0.0241891
0.0241891
0.0241891
0.0241891
0.0241891
0.0241891
0.0241891
0.0241894
0.0241894
0.0241894
0.0241894
0.0241894
0.0241894
0.0241894
0.0241891
0.0241891
0.0241891
0.0241891
0.0241891
0.0241891
0.0241891
0.0241891
0.0241885
0.0241885
0.0241885
0.0241885
0.0241885
0.0241885
0.0241885
0.0241885
0.0241888
0.0241888
0.0241888
0.0241888
0.0241888
0.0241888
0.0241888
0.0241888
0.0241888
0.0241885
0.0241885
0.0241885
0.0241885
0.0241885
0.0241885
0.0241885
0.0241879
0.0241879
0.0241879
0.0241879
0.0241879
0.0241879
0.0241879
0.0241882
0.0241882
0.0241882
0.0241883
0.0241883
0.0241883
0.0241883
0.0241882
0.0241882
0.0241882
0.0241879
0.0241879
0.0241879
0.0241879
0.0241879
0.0241879
0.0241879
0.0241873
0.0241873
0.0241873
0.0241873
0.0241873
0.0241873
0.0241873
0.0241876
0.0241876
0.0241876
0.0241877
0.0241878
0.0241878
0.0241877
0.0241878
0.0241876
0.0241876
0.0241873
0.0241873
0.0241873
0.0241873
0.0241873
0.0241873
0.0241873
0.0241867
0.0241867
0.0241867
0.0241867
0.0241867
0.0241867
0.0241868
0.024187
0.024187
0.024187
0.0241872
0.0241872
0.0241872
0.0241872
0.0241871
0.0241871
0.0241868
0.0241868
0.0241868
0.0241867
0.0241867
0.0241867
0.0241867
0.0241862
0.0241862
0.0241862
0.0241862
0.0241862
0.0241862
0.0241862
0.0241865
0.0241865
0.0241865
0.0241866
0.0241866
0.0241866
0.0241866
0.0241865
0.0241865
0.0241862
0.0241862
0.0241862
0.0241862
0.0241862
0.0241862
0.0241862
0.0241856
0.0241856
0.0241856
0.0241856
0.0241856
0.0241856
0.0241856
0.0241859
0.0241859
0.0241859
0.024186
0.0241861
0.0241861
0.0241861
0.0241859
0.0241859
0.0241856
0.0241856
0.0241856
0.0241856
0.0241856
0.0241856
0.0241856
0.024185
0.024185
0.024185
0.024185
0.024185
0.024185
0.024185
0.0241853
0.0241853
0.0241853
0.0241855
0.0241856
0.0241856
0.0241855
0.0241854
0.0241854
0.0241851
0.024185
0.024185
0.024185
0.024185
0.024185
0.024185
0.0241844
0.0241844
0.0241844
0.0241844
0.0241844
0.0241844
0.0241844
0.0241847
0.0241847
0.0241848
0.0241849
0.024185
0.0241851
0.024185
0.0241848
0.0241848
0.0241845
0.0241844
0.0241844
0.0241844
0.0241844
0.0241844
0.0241844
0.0241838
0.0241838
0.0241838
0.0241838
0.0241838
0.0241838
0.0241839
0.0241842
0.0241842
0.0241842
0.0241843
0.0241844
0.0241845
0.0241844
0.0241843
0.0241842
0.0241839
0.0241839
0.0241839
0.0241838
0.0241838
0.0241838
0.0241838
0.0241832
0.0241832
0.0241832
0.0241832
0.0241832
0.0241833
0.0241833
0.0241833
0.0241836
0.0241836
0.0241838
0.0241838
0.0225434
0.0241839
0.0241839
0.0241837
0.0241836
0.0241833
0.0241833
0.0241833
0.0241833
0.0241832
0.0241832
0.0241832
0.0241826
0.0241826
0.0241827
0.0241827
0.0241827
0.0241827
0.0241827
0.0241827
0.024183
0.024183
0.0241832
0.0241832
0.023765
0.0241833
0.0241831
0.0241831
0.0241828
0.0241827
0.0241827
0.0241827
0.0241827
0.0241827
0.0241827
0.0241826
0.0241821
0.0241821
0.0241821
0.0241821
0.0241821
0.0241821
0.0241821
0.0241821
0.0241824
0.0241824
0.0241824
0.0241826
0.0237918
0.0241826
0.0241825
0.0241825
0.0241822
0.0241822
0.0241821
0.0241821
0.0241821
0.0241821
0.0241821
0.0241821
0.0241815
0.0241815
0.0241815
0.0241815
0.0241815
0.0241815
0.0241815
0.0241815
0.0241815
0.0241819
0.0241819
0.0241795
0.0239957
0.024182
0.024182
0.0241819
0.0241816
0.0241816
0.0241815
0.0241815
0.0241815
0.0241815
0.0241815
0.0241815
0.0241809
0.0241809
0.0241809
0.0241809
0.0241809
0.0241809
0.0241809
0.0241809
0.024181
0.024181
0.0241813
0.0241774
0.0239993
0.0241814
0.0241811
0.0241811
0.024181
0.024181
0.024181
0.0241809
0.0241809
0.0241809
0.0241809
0.0241809
0.0241803
0.0241803
0.0241803
0.0241803
0.0241803
0.0241803
0.0241804
0.0241804
0.0241804
0.0241804
0.0241799
0.024092
0.0240942
0.0241805
0.0241805
0.0241805
0.0241804
0.0241804
0.0241804
0.0241803
0.0241803
0.0241803
0.0241803
0.0241803
0.0241797
0.0241797
0.0241797
0.0241797
0.0241798
0.0241798
0.0241798
0.0241798
0.0241798
0.0241798
0.024179
0.0240911
0.0240939
0.0241799
0.0241799
0.0241799
0.0241799
0.0241798
0.0241798
0.0241798
0.0241797
0.0241797
0.0241797
0.0241797
0.0241791
0.0241791
0.0241792
0.0241792
0.0241792
0.0241792
0.0241792
0.0241792
0.0241792
0.0241792
0.024178
0.0240902
0.0240935
0.0241794
0.0241793
0.0241793
0.0241793
0.0241792
0.0241792
0.0241792
0.0241791
0.0241791
0.0241791
0.0241791
0.0241786
0.0241786
0.0241786
0.0241786
0.0241786
0.0241786
0.0241786
0.0241786
0.0241786
0.0241786
0.0241771
0.0240893
0.0240931
0.0241788
0.0241788
0.0241787
0.0241787
0.0241786
0.0241786
0.0241786
0.0241786
0.0241785
0.0241785
0.0241785
0.024178
0.024178
0.024178
0.024178
0.024178
0.024178
0.024178
0.024178
0.0241781
0.0241781
0.0241762
0.0240883
0.0240925
0.0241782
0.0241782
0.0241781
0.0241781
0.0241781
0.024178
0.024178
0.024178
0.024178
0.0241779
0.0241779
0.0241774
0.0241774
0.0241774
0.0241774
0.0241774
0.0241774
0.0241774
0.0241775
0.0241775
0.0241775
0.0241753
0.0240874
0.024092
0.0241776
0.0241776
0.0241776
0.0241775
0.0241775
0.0241774
0.0241774
0.0241774
0.0241774
0.0241774
0.0241773
0.0241768
0.0241768
0.0241768
0.0241768
0.0241768
0.0241768
0.0241769
0.0241769
0.0241769
0.0241769
0.0241744
0.0240865
0.0240914
0.024177
0.024177
0.024177
0.0241769
0.0241769
0.0241768
0.0241768
0.0241768
0.0241768
0.0241768
0.0241768
0.0241762
0.0241762
0.0241762
0.0241762
0.0241763
0.0241763
0.0241763
0.0241763
0.0241763
0.0241763
0.0241735
0.0240856
0.0240908
0.0241764
0.0241764
0.0241764
0.0241763
0.0241763
0.0241763
0.0241762
0.0241762
0.0241762
0.0241762
0.0241762
0.0241756
0.0241756
0.0241757
0.0241757
0.0241757
0.0241757
0.0241757
0.0241757
0.0241758
0.0241757
0.0241725
0.0240847
0.0240902
0.0241759
0.0241759
0.0241758
0.0241758
0.0241757
0.0241757
0.0241756
0.0241756
0.0241756
0.0241756
0.0241756
0.0241751
0.0241751
0.0241751
0.0241751
0.0241751
0.0241751
0.0241751
0.0241752
0.0241752
0.0241751
0.0241716
0.0240838
0.0240897
0.0241753
0.0241753
0.0241752
0.0241752
0.0241751
0.0241751
0.0241751
0.024175
0.024175
0.024175
0.024175
0.0241745
0.0241745
0.0241745
0.0241745
0.0241745
0.0241745
0.0241745
0.0241746
0.0241746
0.0241745
0.0241707
0.0240829
0.0240891
0.0241747
0.0241747
0.0241746
0.0241746
0.0241746
0.0241745
0.0241745
0.0241744
0.0241744
0.0241744
0.0241744
0.0241739
0.0241739
0.0241739
0.0241739
0.0241739
0.0241739
0.024174
0.024174
0.024174
0.0241739
0.0241698
0.024082
0.0240885
0.0241741
0.0241741
0.0241741
0.024174
0.024174
0.0241739
0.0241739
0.0241739
0.0241738
0.0241738
0.0241738
0.0241733
0.0241733
0.0241733
0.0241733
0.0241733
0.0241734
0.0241734
0.0241734
0.0241735
0.0241734
0.0241689
0.0240811
0.0240878
0.0241735
0.0241735
0.0241735
0.0241734
0.0241734
0.0241733
0.0241733
0.0241733
0.0241732
0.0241732
0.0241732
0.0241727
0.0241727
0.0241727
0.0241727
0.0241728
0.0241728
0.0241728
0.0241728
0.0241729
0.0241728
0.024168
0.0240802
0.0240872
0.024173
0.024173
0.0241729
0.0241728
0.0241728
0.0241727
0.0241727
0.0241727
0.0241727
0.0241726
0.0241726
0.0241721
0.0241721
0.0241722
0.0241722
0.0241722
0.0241722
0.0241722
0.0241723
0.0241723
0.0241722
0.0241671
0.0240793
0.0240866
0.0241724
0.0241724
0.0241723
0.0241723
0.0241722
0.0241722
0.0241721
0.0241721
0.0241721
0.0241721
0.024172
0.0241716
0.0241716
0.0241716
0.0241716
0.0241716
0.0241716
0.0241717
0.0241717
0.0241717
0.0241716
0.0241662
0.0240783
0.0240859
0.0241718
0.0241718
0.0241717
0.0241717
0.0241716
0.0241716
0.0241715
0.0241715
0.0241715
0.0241715
0.0241715
0.024171
0.024171
0.024171
0.024171
0.024171
0.024171
0.0241711
0.0241711
0.0241711
0.024171
0.0241653
0.0240774
0.0240853
0.0241712
0.0241712
0.0241712
0.0241711
0.024171
0.024171
0.0241709
0.0241709
0.0241709
0.0241709
0.0241709
0.0241704
0.0241704
0.0241704
0.0241704
0.0241704
0.0241705
0.0241705
0.0241705
0.0241706
0.0241704
0.0241645
0.0240765
0.0240847
0.0241706
0.0241706
0.0241706
0.0241705
0.0241705
0.0241704
0.0241704
0.0241703
0.0241703
0.0241703
0.0241703
0.0241867
0.0241867
0.0241872
0.0241862
0.0241862
0.0241866
0.0241856
0.0241857
0.0241861
0.0241851
0.0241852
0.0241856
0.0241845
0.0241846
0.0241851
0.0241839
0.0233725
0.0225036
0.024184
0.0241845
0.0241873
0.0241878
0.0241873
0.0241878
0.0241867
0.0241867
0.0241872
0.0241869
0.0241872
0.0241867
0.0241868
0.0241872
0.0241862
0.0241862
0.0241866
0.0241864
0.0241864
0.0241866
0.0241864
0.0241866
0.0241862
0.0241862
0.0241866
0.0241856
0.0241856
0.0241861
0.0241859
0.0241859
0.0241861
0.0241855
0.024186
0.0241857
0.0241857
0.0241861
0.0241851
0.0241851
0.0241856
0.0241853
0.0241853
0.0241856
0.0241852
0.0241851
0.0241852
0.0241851
0.0241855
0.0241848
0.024185
0.0241846
0.0241846
0.024185
0.0241842
0.0241845
0.0241833
0.023605
0.0233466
0.0233844
0.0241834
0.0241839
0.0241866
0.0241869
0.0241869
0.0241869
0.0241866
0.0241872
0.0241869
0.0241866
0.0241869
0.0241869
0.0241869
0.0241866
0.0241861
0.0241864
0.0241864
0.0241864
0.0241861
0.0241866
0.0241864
0.0241861
0.0241863
0.0241864
0.0241863
0.0241861
0.0241866
0.0241864
0.0241864
0.0241856
0.0241858
0.0241858
0.0241858
0.0241856
0.0241861
0.0241859
0.0241851
0.0241854
0.0241859
0.0241858
0.0241856
0.0241861
0.0241858
0.0241859
0.0241853
0.0241851
0.0241856
0.0241853
0.0241851
0.0241852
0.0241854
0.0241853
0.0241851
0.0241856
0.0241853
0.0241854
0.0241847
0.0241845
0.024185
0.0241848
0.0241845
0.0241847
0.0241851
0.0241848
0.0241849
0.0241841
0.0241838
0.0241844
0.0241842
0.0241839
0.0241842
0.024187
0.0241869
0.0241872
0.024187
0.0241871
0.0241845
0.0241845
0.024185
0.0241848
0.0241848
0.024185
0.0241789
0.0241756
0.024184
0.024184
0.0241844
0.0241872
0.024187
0.0241872
0.0241869
0.024187
0.0241851
0.0241853
0.0241853
0.0241801
0.0241813
0.0241837
0.0241838
0.0241813
0.0241826
0.024175
0.0241687
0.0241848
0.0241848
0.0241845
0.0241838
0.0241838
0.0241845
0.0241843
0.0241843
0.0241875
0.0241875
0.0241872
0.0241872
0.0241875
0.0241875
0.024187
0.024187
0.024187
0.0241872
0.024187
0.024187
0.0241865
0.0241865
0.0241858
0.0241859
0.0241852
0.0241852
0.0241849
0.0241701
0.0241849
0.0241812
0.0241792
0.0241801
0.0241817
0.0241844
0.0241869
0.0241868
0.0241867
0.0241869
0.0241867
0.0241867
0.0241869
0.024187
0.024187
0.024187
0.0241869
0.0241867
0.0241868
0.0241862
0.0241862
0.0241865
0.0241865
0.0241862
0.0241862
0.0241862
0.0241863
0.0241864
0.0241861
0.0241862
0.0241862
0.0241865
0.0241865
0.0241866
0.0241864
0.0241865
0.0241865
0.0241857
0.0241857
0.024186
0.024186
0.0241849
0.024185
0.0241857
0.0241858
0.0241859
0.0241857
0.0241857
0.0241857
0.024186
0.024186
0.0241861
0.0241859
0.024186
0.024186
0.0241804
0.0241852
0.0241827
0.024182
0.0241836
0.0241828
0.0241852
0.0241855
0.0241821
0.0241854
0.0241851
0.0241851
0.0241855
0.0241855
0.0241856
0.0241854
0.0241855
0.0241855
0.0241834
0.0241837
0.0241849
0.024184
0.0241837
0.0241842
0.0241841
0.0241849
0.0241827
0.0241833
0.0241846
0.0241767
0.0241798
0.0241708
0.024176
0.0241846
0.0241671
0.0241835
0.0241834
0.0240653
0.0241838
0.0241835
0.0235709
0.0241807
0.0241813
0.0241871
0.0241839
0.0241839
0.0241844
0.0241842
0.0241842
0.0241844
0.0232998
0.0241831
0.0241838
0.0241871
0.0241845
0.0241847
0.0241847
0.0241685
0.024169
0.0234761
0.0241826
0.0241821
0.02417
0.0241716
0.02417
0.0241806
0.0219231
0.0241873
0.0241873
0.0241872
0.0241872
0.0241873
0.0241873
0.0241865
0.0241865
0.0241864
0.0241864
0.0241866
0.0241865
0.024186
0.024186
0.0241859
0.0241861
0.024186
0.024186
0.0241857
0.024186
0.0241852
0.0241851
0.0241445
0.0241371
0.0241843
0.0241819
0.0241829
0.0241837
0.0241835
0.0236353
0.0241871
0.024187
0.0241872
0.0241867
0.0241867
0.0241866
0.0241868
0.0241868
0.0241869
0.0241867
0.0241868
0.0241867
0.0241862
0.0241862
0.0241861
0.0241864
0.0241863
0.0241863
0.0241863
0.0241863
0.0241863
0.0241861
0.0241861
0.0241862
0.0241864
0.0241864
0.0241864
0.0241861
0.0241863
0.0241863
0.0241863
0.0241864
0.0241861
0.0241862
0.0241862
0.0241858
0.0241857
0.0241857
0.0241858
0.0241858
0.0241858
0.024186
0.024186
0.0241861
0.0241858
0.0241859
0.0241859
0.0241849
0.0241852
0.0241858
0.0241858
0.0241859
0.0241856
0.0241857
0.0241856
0.024186
0.0241861
0.0241861
0.0241859
0.0241859
0.0241859
0.0241851
0.0241824
0.0241831
0.024182
0.0241812
0.0241852
0.0241852
0.0241853
0.0241854
0.0241851
0.0241852
0.0241852
0.0241846
0.0241842
0.0241842
0.0241842
0.0241843
0.0241846
0.0241749
0.0241752
0.0241843
0.0241841
0.0241842
0.0241746
0.0241749
0.0241535
0.0241463
0.024187
0.0241871
0.0241871
0.0241425
0.0241777
0.0241482
0.0241505
0.0241507
0.0241773
0.0241871
0.0241871
0.0241871
0.0241871
0.0241871
0.0241799
0.0241804
0.02417
0.024169
0.0241838
0.0241738
0.0241734
0.0241752
0.024174
0.0241838
0.0241817
0.0241819
0.0241727
0.0241716
0.0241839
0.0241771
0.0241759
0.0241716
0.0241722
0.0241869
0.0241869
0.024187
0.0241869
0.0241869
0.0241869
0.0241864
0.0241865
0.0241857
0.0241859
0.0241852
0.0241851
0.024172
0.0241829
0.0241823
0.0241834
0.0241831
0.0241716
0.0241809
0.0241802
0.0241822
0.0241812
0.0241805
0.0241597
0.0241634
0.0241531
0.0241579
0.0241802
0.0241329
0.0241399
0.0241868
0.0241868
0.0241867
0.0241869
0.0241868
0.0241868
0.0241867
0.0241866
0.0241867
0.0241867
0.0241869
0.024187
0.0241869
0.0241869
0.0241869
0.0241867
0.0241867
0.0241867
0.0241867
0.0241868
0.0241868
0.0241867
0.0241868
0.0241868
0.0241868
0.0241867
0.0241862
0.0241863
0.0241863
0.0241863
0.0241862
0.0241863
0.0241863
0.0241861
0.024186
0.0241862
0.0241861
0.0241862
0.0241862
0.0241862
0.0241865
0.0241865
0.0241866
0.0241865
0.0241864
0.0241863
0.0241865
0.0241864
0.0241864
0.0241864
0.0241865
0.0241861
0.0241863
0.0241863
0.0241863
0.0241863
0.0241862
0.0241862
0.0241862
0.0241857
0.0241858
0.0241858
0.0241855
0.0241855
0.0241855
0.0241855
0.0241854
0.0241854
0.0241855
0.0241854
0.024186
0.024186
0.024186
0.0241859
0.0241858
0.024186
0.0241859
0.0241856
0.0241855
0.0241858
0.0241857
0.0241859
0.0241859
0.0241859
0.0241848
0.0241851
0.0241858
0.0241858
0.0241858
0.0241857
0.0241857
0.0241857
0.024186
0.0241861
0.024186
0.0241859
0.0241859
0.024186
0.0241812
0.0241821
0.0241852
0.0241851
0.0241852
0.0241852
0.0241817
0.0241833
0.024185
0.0241849
0.0241851
0.0241851
0.0241831
0.0241854
0.0241853
0.0241854
0.0241854
0.0241827
0.0241853
0.0241852
0.0241853
0.0241853
0.0241828
0.0241817
0.0241822
0.0241851
0.0241785
0.0241803
0.0241799
0.0241783
0.0241803
0.0241852
0.0241807
0.0241812
0.0241835
0.02417
0.0241714
0.0241729
0.0241699
0.0241835
0.0241699
0.0241829
0.0241716
0.024183
0.0241735
0.0241837
0.0241835
0.024184
0.0241838
0.024174
0.0241652
0.0241663
0.0241754
0.0241756
0.0241728
0.0241744
0.0241579
0.0241551
0.0241873
0.0241873
0.0241878
0.0241842
0.0241842
0.0241839
0.0241872
0.0241872
0.0241872
0.0241871
0.0241872
0.0241872
0.0241875
0.0241875
0.0241872
0.0241866
0.0241865
0.0241865
0.0241864
0.0241864
0.0241863
0.0241855
0.024186
0.0241856
0.0241855
0.0241855
0.0241843
0.0241841
0.0241851
0.0241832
0.0241835
0.024185
0.0241867
0.0241868
0.0241867
0.0241866
0.0241867
0.0241867
0.0241869
0.0241868
0.0241868
0.0241866
0.0241865
0.0241866
0.0241861
0.0241863
0.0241863
0.0241863
0.0241861
0.0241861
0.0241861
0.0241864
0.0241864
0.0241864
0.0241857
0.0241857
0.0241856
0.0241856
0.0241856
0.0241856
0.0241851
0.0241846
0.0241845
0.0241854
0.0241858
0.0241858
0.0241858
0.0241861
0.0241861
0.0241861
0.0241859
0.0241859
0.0241859
0.0241855
0.0241855
0.0241856
0.0241855
0.0241856
0.0241856
0.024185
0.024185
0.0241851
0.0241534
0.0241532
0.024184
0.0241841
0.0241843
0.0241538
0.0241536
0.024183
0.024183
0.0241841
0.024187
0.024187
0.02418
0.024178
0.0241785
0.0241811
0.0241814
0.0241769
0.0241774
0.0241788
0.0241785
0.0241824
0.0241636
0.0241621
0.0241697
0.0241778
0.0241772
0.0241839
0.0241873
0.0241873
0.0241872
0.024187
0.024187
0.024187
0.024187
0.0241869
0.0241869
0.024187
0.0241871
0.0241871
0.0241865
0.0241864
0.0241864
0.0241865
0.0241865
0.0241865
0.0241858
0.0241859
0.0241842
0.0241843
0.0241852
0.0241851
0.0241838
0.024184
0.0241735
0.0241737
0.0241768
0.0241763
0.0241702
0.0241741
0.0241746
0.024185
0.0241837
0.0241839
0.0241868
0.0241868
0.0241868
0.0241867
0.0241869
0.0241868
0.0241868
0.0241866
0.0241866
0.0241867
0.0241867
0.0241867
0.024187
0.024187
0.0241869
0.024187
0.024187
0.024187
0.0241869
0.0241868
0.0241868
0.0241865
0.0241865
0.0241866
0.0241866
0.0241866
0.0241862
0.0241862
0.0241865
0.0241865
0.0241865
0.0241864
0.0241864
0.0241865
0.0241857
0.0241856
0.0241857
0.0241848
0.024185
0.024186
0.024186
0.024186
0.0241859
0.024186
0.024186
0.0241808
0.0241826
0.0241843
0.0241844
0.0241839
0.0241839
0.0241818
0.0241854
0.0241855
0.0241855
0.0241834
0.0241833
0.0241844
0.0241844
0.0241823
0.0241839
0.0241839
0.0241832
0.0241833
0.0241855
0.0241855
0.0241855
0.0241854
0.0241854
0.0241855
0.0241839
0.0241848
0.0241848
0.0241849
0.0241849
0.0241838
0.0241782
0.0241836
0.024184
0.0241837
0.0241837
0.0241786
0.0241719
0.0241781
0.0241774
0.0241655
0.0241642
0.0241685
0.0241396
0.0241559
0.0241557
0.0241575
0.0241838
0.0241789
0.0241781
0.0241793
0.024179
0.0241835
0.0241155
0.0241162
0.0241643
0.0241674
0.0241817
0.0241871
0.0241871
0.0241871
0.0241682
0.0241683
0.0241605
0.0241458
0.0231633
0.024171
0.024168
0.0241685
0.0241661
0.0241671
0.0241714
0.0219073
0.0241149
0.024156
0.0241873
0.0241872
0.0241871
0.0241864
0.0241864
0.0241864
0.0241866
0.0241866
0.0241866
0.0241865
0.0241866
0.0241856
0.024186
0.0241822
0.0241826
0.0241822
0.0241821
0.0241851
0.0241839
0.0241837
0.0241429
0.0241261
0.0241266
0.024132
0.0241302
0.0241409
0.0241866
0.0241866
0.0241866
0.0241866
0.0241866
0.0241866
0.0241861
0.0241863
0.0241863
0.0241863
0.0241861
0.0241861
0.0241862
0.0241846
0.0241846
0.024185
0.0241853
0.0241858
0.0241858
0.0241858
0.024186
0.0241861
0.0241861
0.0241859
0.0241859
0.0241859
0.0241819
0.0241829
0.0241826
0.0241832
0.0241831
0.0241819
0.0241531
0.0241532
0.0241555
0.0241539
0.0241747
0.0241663
0.0241662
0.02413
0.0241301
0.0241513
0.0241338
0.0241369
0.0241281
0.0241307
0.0241488
0.024187
0.024187
0.024187
0.024187
0.0241871
0.0241871
0.0241871
0.0241871
0.0241871
0.0241871
0.0241469
0.0241634
0.0241625
0.0241659
0.0241646
0.0241477
0.0241558
0.0241592
0.0241574
0.0241618
0.0241608
0.0241535
0.0241871
0.0241871
0.0241871
0.024187
0.024187
0.024187
0.024187
0.0241797
0.0241809
0.024179
0.0241792
0.0241697
0.0241694
0.0241791
0.0241793
0.0241736
0.0241764
0.0241764
0.0241815
0.024176
0.0241754
0.0241762
0.0241822
0.0241777
0.0241768
0.0241633
0.024165
0.0241736
0.0241584
0.0241592
0.0241567
0.0241572
0.0241705
0.0241613
0.0241617
0.0241717
0.0241639
0.024165
0.0241622
0.024163
0.0241719
0.0241869
0.0241869
0.0241869
0.0241869
0.0241869
0.0241869
0.0241865
0.0241864
0.0241864
0.0241864
0.0241865
0.0241865
0.0241865
0.0241865
0.0241857
0.0241859
0.024183
0.0241832
0.0241828
0.0241829
0.0241852
0.0241843
0.0241843
0.0241837
0.0241838
0.0241851
0.0241833
0.0241745
0.0241735
0.0241708
0.024176
0.0241755
0.0241806
0.0241757
0.0241754
0.0241776
0.0241766
0.0241804
0.0241819
0.0241776
0.024178
0.0241758
0.0241767
0.0241816
0.0241749
0.0241546
0.024168
0.0241671
0.0241333
0.0241362
0.0241868
0.0241868
0.0241868
0.0241868
0.0241868
0.0241868
0.0241868
0.0241867
0.0241866
0.0241866
0.0241866
0.0241866
0.0241867
0.0241867
0.0241869
0.0241869
0.024187
0.024187
0.0241869
0.0241869
0.0241869
0.0241867
0.0241867
0.0241867
0.0241867
0.0241867
0.0241867
0.0241867
0.0241867
0.0241868
0.0241868
0.0241868
0.0241868
0.0241868
0.0241868
0.0241867
0.0241868
0.0241868
0.0241868
0.0241862
0.0241862
0.0241863
0.0241863
0.0241863
0.0241863
0.0241863
0.0241861
0.024186
0.0241862
0.0241861
0.0241865
0.0241865
0.0241865
0.0241865
0.0241865
0.0241865
0.0241866
0.0241866
0.0241866
0.0241865
0.0241866
0.0241866
0.0241866
0.0241865
0.0241864
0.0241864
0.0241864
0.0241863
0.0241863
0.0241864
0.0241864
0.0241864
0.0241865
0.0241864
0.0241864
0.0241864
0.0241862
0.0241863
0.0241855
0.0241852
0.0241853
0.024185
0.0241851
0.0241855
0.0241854
0.0241853
0.0241853
0.0241855
0.0241854
0.0241844
0.0241845
0.0241844
0.0241843
0.0241854
0.0241854
0.0241848
0.0241849
0.0241847
0.0241848
0.0241854
0.0241859
0.0241859
0.024186
0.0241859
0.0241855
0.0241855
0.0241858
0.0241857
0.0241848
0.024185
0.024186
0.024186
0.024186
0.0241859
0.0241859
0.0241859
0.0241811
0.0241842
0.0241843
0.0241824
0.0241816
0.024184
0.0241841
0.0241838
0.0241836
0.0241854
0.0241847
0.0241847
0.0241854
0.0241847
0.0241845
0.0241847
0.0241847
0.0241854
0.0241843
0.024184
0.0241837
0.0241838
0.0241825
0.0241832
0.0241835
0.0241819
0.024184
0.0241839
0.0241842
0.0241841
0.024182
0.0241792
0.02418
0.0241793
0.024178
0.0241779
0.0241786
0.0241805
0.0241834
0.0241833
0.0241838
0.0241836
0.0241807
0.0241704
0.0241768
0.024177
0.0241765
0.0241767
0.0241709
0.0241718
0.0241784
0.0241788
0.0241773
0.0241778
0.0241706
0.0241692
0.0241736
0.0241735
0.0241746
0.0241741
0.0241725
0.0241759
0.0241763
0.024174
0.024175
0.024173
0.024179
0.0241786
0.024173
0.0241648
0.0241676
0.024154
0.0241544
0.0241735
0.0241639
0.0241623
0.024166
0.0241653
0.024174
0.0241573
0.0241571
0.0241214
0.0241247
0.0241885
0.0241885
0.0241888
0.0241885
0.0241885
0.0241888
0.0241885
0.0241885
0.0241888
0.0241885
0.0241885
0.0241888
0.0241879
0.0241879
0.0241882
0.0241879
0.0241879
0.0241883
0.0241879
0.0241879
0.0241883
0.0241879
0.0241879
0.0241883
0.0241879
0.0241879
0.0241883
0.0241879
0.0241879
0.0241882
0.0241873
0.0241873
0.0241878
0.0241873
0.0241873
0.0241877
0.0241876
0.0241876
0.0241878
0.0241875
0.0241876
0.0241878
0.0241876
0.0241876
0.0241877
0.0241873
0.0241873
0.0241876
0.0241868
0.0241867
0.0241872
0.024187
0.024187
0.0241872
0.0241871
0.0241871
0.0241872
0.024187
0.024187
0.0241872
0.0241868
0.0241868
0.0241871
0.0241862
0.0241862
0.0241866
0.0241865
0.0241865
0.0241866
0.0241866
0.0241866
0.0241866
0.0241864
0.0241865
0.0241867
0.0241862
0.0241862
0.0241865
0.0241856
0.0241856
0.024186
0.0241859
0.0241859
0.024186
0.024186
0.024186
0.0241861
0.0241859
0.0241859
0.0241861
0.0241857
0.0241857
0.024186
0.0241851
0.0241851
0.0241855
0.0241853
0.0241854
0.0241855
0.0241855
0.0241855
0.0241856
0.0241854
0.0241854
0.0241856
0.0241851
0.0241851
0.0241854
0.0241845
0.0241845
0.0241849
0.0241849
0.0241849
0.024185
0.0241849
0.0241849
0.0241851
0.0241846
0.0241846
0.0241849
0.0241839
0.0241839
0.0241843
0.0241843
0.0241843
0.0241845
0.024184
0.024184
0.0241843
0.0241833
0.0241833
0.0241836
0.0241833
0.0241833
0.0241837
0.0241836
0.0241836
0.0241838
0.0226796
0.0241507
0.024157
0.0241834
0.0241834
0.0241839
0.0241834
0.0241834
0.0241837
0.0241827
0.0241827
0.024183
0.0241827
0.0241827
0.0241832
0.0241827
0.0238561
0.0238636
0.0237862
0.0241828
0.0241833
0.0241828
0.0241829
0.0241833
0.0241828
0.0241828
0.0241831
0.0241821
0.0241821
0.0241824
0.0241808
0.0240078
0.0238541
0.0239938
0.0241822
0.0241827
0.0241823
0.0241823
0.0241826
0.0241867
0.0241868
0.0241868
0.0241868
0.0241868
0.0241867
0.0241872
0.0241871
0.0241871
0.0241862
0.0241862
0.0241862
0.0241863
0.0241863
0.0241862
0.0241866
0.0241865
0.0241866
0.0241856
0.0241857
0.0241857
0.0241857
0.0241858
0.0241857
0.0241861
0.024186
0.0241861
0.0241851
0.0241851
0.0241851
0.0241852
0.0241852
0.0241851
0.0241856
0.0241855
0.0241856
0.0241847
0.0241847
0.0241846
0.0241851
0.024185
0.024185
0.0241839
0.0241841
0.0241841
0.0231119
0.0240931
0.0240789
0.0237555
0.023757
0.0219018
0.0241845
0.0241845
0.0241845
0.0241872
0.0241875
0.0241875
0.0241872
0.0241872
0.0241871
0.0241878
0.0241876
0.0241875
0.0241872
0.0241872
0.0241873
0.0241873
0.0241873
0.0241878
0.0241876
0.0241876
0.0241867
0.0241869
0.0241869
0.0241869
0.0241869
0.0241867
0.0241871
0.024187
0.024187
0.0241869
0.0241869
0.0241869
0.0241872
0.0241871
0.0241871
0.0241867
0.0241869
0.0241869
0.0241869
0.0241869
0.0241868
0.0241872
0.024187
0.024187
0.0241862
0.0241863
0.0241863
0.0241864
0.0241863
0.0241862
0.0241866
0.0241865
0.0241864
0.0241864
0.0241865
0.0241865
0.0241864
0.0241864
0.0241864
0.0241866
0.0241866
0.0241866
0.0241866
0.0241866
0.0241866
0.0241862
0.0241864
0.0241864
0.0241863
0.0241864
0.0241862
0.0241866
0.0241865
0.0241865
0.0241856
0.0241858
0.0241858
0.0241858
0.0241858
0.0241856
0.024186
0.0241859
0.0241859
0.0241859
0.024186
0.024186
0.0241859
0.0241859
0.0241859
0.0241861
0.0241861
0.0241861
0.0241857
0.0241859
0.0241859
0.0241858
0.0241858
0.0241857
0.0241861
0.024186
0.0241859
0.0241851
0.0241852
0.0241852
0.0241853
0.0241852
0.0241851
0.0241855
0.0241854
0.0241853
0.0241854
0.0241854
0.0241854
0.0241854
0.0241854
0.0241853
0.0241856
0.0241855
0.0241855
0.0241852
0.0241844
0.0241845
0.0241851
0.0241853
0.0241854
0.0241853
0.0241853
0.0241852
0.0241856
0.0241854
0.0241854
0.0241848
0.0241842
0.0241843
0.0241849
0.0241849
0.024185
0.0241846
0.0241847
0.0241848
0.0241847
0.0241847
0.0241846
0.024185
0.0241849
0.0241849
0.0241843
0.0241842
0.0241842
0.0241844
0.0241843
0.0241844
0.0241833
0.0241835
0.0241834
0.0236262
0.0241834
0.0241831
0.024182
0.0241815
0.0232829
0.0241828
0.024183
0.0233243
0.0241836
0.0241835
0.0241833
0.0241839
0.0241836
0.0241837
0.0241867
0.0241867
0.0241867
0.0241869
0.0241868
0.0241868
0.0241868
0.0241868
0.0241869
0.0241868
0.0241868
0.0241869
0.0241871
0.0241871
0.0241872
0.0241869
0.0241869
0.024187
0.0241866
0.0241866
0.0241866
0.0241869
0.0241869
0.0241869
0.0241869
0.0241868
0.0241868
0.0241868
0.0241868
0.0241869
0.0241866
0.0241867
0.0241867
0.0241862
0.0241862
0.0241861
0.0241864
0.0241863
0.0241863
0.0241863
0.0241863
0.0241864
0.0241863
0.0241863
0.0241864
0.0241861
0.0241861
0.0241861
0.0241864
0.0241864
0.0241864
0.0241864
0.0241863
0.0241863
0.0241863
0.0241863
0.0241863
0.0241866
0.0241866
0.0241866
0.0241864
0.0241864
0.0241864
0.0241865
0.0241865
0.0241864
0.0241856
0.0241856
0.0241856
0.0241858
0.0241858
0.0241858
0.0241858
0.0241858
0.0241858
0.0241858
0.0241858
0.0241858
0.0241856
0.0241856
0.0241856
0.0241861
0.0241861
0.0241861
0.0241858
0.0241859
0.0241859
0.0241859
0.0241858
0.0241858
0.0241856
0.0241856
0.0241856
0.024186
0.024186
0.0241859
0.0241853
0.0241852
0.0241853
0.024185
0.0241851
0.0241851
0.0241856
0.0241856
0.0241856
0.0241853
0.0241853
0.0241854
0.0241851
0.0241849
0.0241849
0.0241846
0.0241847
0.0241852
0.0241854
0.0241853
0.0241853
0.0241853
0.0241853
0.0241853
0.0241851
0.0241851
0.0241851
0.0241856
0.0241856
0.0241856
0.0241854
0.0241854
0.0241854
0.0241855
0.0241855
0.0241854
0.0241847
0.0241847
0.0241847
0.0241845
0.0241845
0.0241845
0.024185
0.024185
0.024185
0.0241847
0.0241848
0.0241848
0.0241845
0.0241844
0.0241844
0.0241843
0.0241844
0.0241847
0.024185
0.024185
0.0241851
0.0241849
0.024185
0.0241849
0.024185
0.0241849
0.0241849
0.024184
0.0241838
0.024184
0.0241833
0.0241837
0.024184
0.0241844
0.0241844
0.0241844
0.024184
0.024183
0.0241829
0.024187
0.024187
0.024187
0.024187
0.0241871
0.024187
0.0241872
0.0241871
0.0241871
0.0241871
0.0241871
0.0241871
0.0241847
0.0241847
0.0241845
0.0241849
0.0241848
0.0241848
0.0241848
0.0241849
0.0241849
0.0241849
0.0241849
0.0241848
0.024185
0.0241849
0.0241849
0.0241785
0.0241731
0.0241739
0.0241682
0.0241694
0.0241762
0.024184
0.0241842
0.0241842
0.0241871
0.0241871
0.0241872
0.024187
0.024187
0.024187
0.0241871
0.0241871
0.0241872
0.0241869
0.0241871
0.024187
0.024187
0.024187
0.024187
0.0241852
0.0241852
0.0241851
0.0241853
0.0241852
0.0241852
0.0241852
0.0241852
0.0241853
0.0241837
0.0241823
0.0241822
0.0241827
0.0241827
0.0241838
0.0241743
0.024166
0.024167
0.0241848
0.0241847
0.0241847
0.0241847
0.0241847
0.0241848
0.0241846
0.0241847
0.0241847
0.0241838
0.0241829
0.0241828
0.0241831
0.0241831
0.0241839
0.0241844
0.0241844
0.0241845
0.0241843
0.0241844
0.0241844
0.0241844
0.0241844
0.0241843
0.0241875
0.0241874
0.0241874
0.0241874
0.0241874
0.0241875
0.0241872
0.0241873
0.0241873
0.0241873
0.0241873
0.0241872
0.0241875
0.0241874
0.0241874
0.0241874
0.0241874
0.0241875
0.024187
0.024187
0.024187
0.0241871
0.0241871
0.0241872
0.024187
0.024187
0.024187
0.0241871
0.0241871
0.024187
0.024184
0.0241842
0.0241848
0.0241849
0.0241849
0.0241849
0.024181
0.0241775
0.0241779
0.0241745
0.0241751
0.0241795
0.024181
0.0241838
0.0241838
0.0241838
0.0241838
0.0241812
0.0241844
0.0241843
0.0241843
0.0241868
0.0241868
0.0241868
0.0241867
0.0241867
0.0241867
0.0241869
0.0241869
0.0241869
0.024187
0.024187
0.024187
0.024187
0.024187
0.024187
0.0241867
0.0241867
0.0241867
0.0241868
0.0241868
0.0241867
0.0241862
0.0241862
0.0241863
0.0241862
0.0241862
0.0241862
0.0241865
0.0241865
0.0241865
0.0241865
0.0241865
0.0241865
0.0241862
0.0241862
0.0241862
0.0241863
0.0241863
0.0241863
0.0241864
0.0241863
0.0241863
0.0241862
0.0241862
0.0241861
0.0241862
0.0241862
0.0241862
0.0241862
0.0241862
0.0241862
0.0241865
0.0241865
0.0241865
0.0241866
0.0241866
0.0241865
0.0241866
0.0241866
0.0241866
0.0241864
0.0241864
0.0241864
0.0241865
0.0241865
0.0241865
0.0241865
0.0241865
0.0241865
0.0241857
0.0241857
0.0241857
0.0241857
0.0241857
0.0241857
0.024186
0.024186
0.024186
0.024186
0.0241859
0.024186
0.0241857
0.0241858
0.0241857
0.0241858
0.0241858
0.0241858
0.0241859
0.0241858
0.0241858
0.0241857
0.0241857
0.0241856
0.0241857
0.0241857
0.0241857
0.0241857
0.0241857
0.0241857
0.0241861
0.024186
0.024186
0.0241861
0.0241861
0.0241861
0.0241859
0.0241859
0.0241859
0.024186
0.024186
0.024186
0.0241852
0.0241852
0.0241852
0.0241836
0.0241846
0.0241846
0.0241844
0.0241844
0.0241828
0.0241851
0.0241851
0.0241851
0.0241854
0.0241854
0.0241854
0.0241849
0.0241849
0.0241851
0.0241852
0.0241848
0.0241849
0.0241855
0.0241855
0.0241855
0.0241856
0.0241856
0.0241855
0.0241856
0.0241856
0.0241856
0.0241854
0.0241854
0.0241854
0.0241855
0.0241855
0.0241855
0.0241854
0.0241855
0.0241855
0.0241834
0.0241812
0.0241811
0.0241821
0.024182
0.0241836
0.0241849
0.0241849
0.0241849
0.024184
0.0241846
0.0241846
0.0241846
0.0241846
0.0241837
0.0241842
0.0241847
0.0241847
0.0241848
0.0241847
0.0241841
0.0241848
0.0241848
0.0241849
0.0241827
0.0241791
0.024179
0.024181
0.0241808
0.0241832
0.0241845
0.0241844
0.0241846
0.0241772
0.024181
0.0241807
0.0241824
0.0241822
0.0241795
0.0241804
0.02418
0.0241752
0.0241847
0.0241845
0.0241845
0.0241834
0.0241796
0.0241794
0.0241797
0.0241797
0.0241834
0.0241838
0.0241832
0.0241831
0.0241806
0.0241682
0.0241699
0.0241782
0.0241785
0.0241815
0.024184
0.0241841
0.0241839
0.0241844
0.0241842
0.0241842
0.0241843
0.0241843
0.0241842
0.0241844
0.0241844
0.0241843
0.02411
0.0241074
0.0232715
0.0241832
0.0241785
0.0241785
0.0241807
0.0241786
0.0241833
0.0241846
0.0241846
0.0241845
0.0241847
0.0241846
0.0241846
0.0241846
0.0241846
0.0241847
0.0239763
0.0238481
0.0232637
0.0241823
0.0241746
0.0241746
0.0241734
0.0241742
0.0241821
0.0241772
0.0240843
0.0240625
0.024169
0.0241711
0.0241805
0.021918
0.0231103
0.023451
0.0241873
0.0241873
0.0241873
0.0241873
0.0241873
0.0241873
0.0241872
0.0241873
0.0241872
0.0241872
0.0241872
0.0241872
0.0241873
0.0241873
0.0241873
0.0241873
0.0241873
0.0241873
0.0241865
0.0241865
0.0241865
0.0241865
0.0241865
0.0241865
0.0241864
0.0241864
0.0241864
0.0241866
0.0241866
0.0241865
0.024186
0.0241859
0.0241859
0.0241859
0.0241859
0.024186
0.0241859
0.0241859
0.0241859
0.0241861
0.0241861
0.0241861
0.024186
0.024186
0.024186
0.024186
0.024186
0.024186
0.0241843
0.0241844
0.0241852
0.0241843
0.0241842
0.0241843
0.0241828
0.0241839
0.0241838
0.0241838
0.0241838
0.0241828
0.0241836
0.0241833
0.0241833
0.0241828
0.0241831
0.0241836
0.0236454
0.024165
0.0241563
0.0241871
0.0241871
0.0241871
0.0241871
0.0241871
0.024187
0.0241872
0.0241871
0.0241871
0.0241867
0.0241866
0.0241866
0.0241868
0.0241868
0.0241868
0.0241868
0.0241868
0.0241868
0.0241869
0.0241869
0.0241869
0.0241867
0.0241867
0.0241867
0.0241868
0.0241867
0.0241867
0.0241867
0.0241867
0.0241867
0.0241862
0.0241862
0.0241862
0.0241862
0.0241862
0.0241862
0.0241861
0.0241862
0.0241862
0.0241863
0.0241863
0.0241864
0.0241863
0.0241863
0.0241863
0.0241863
0.0241863
0.0241863
0.0241863
0.0241863
0.0241863
0.0241863
0.0241863
0.0241863
0.0241863
0.0241863
0.0241863
0.0241861
0.0241861
0.0241861
0.0241861
0.0241861
0.0241861
0.0241861
0.0241861
0.0241862
0.0241864
0.0241864
0.0241864
0.0241864
0.0241864
0.0241864
0.0241864
0.0241864
0.0241864
0.0241863
0.0241863
0.0241863
0.0241863
0.0241863
0.0241863
0.0241861
0.0241861
0.0241861
0.0241862
0.0241862
0.0241862
0.0241858
0.0241858
0.0241858
0.0241857
0.0241858
0.0241858
0.0241858
0.0241858
0.0241857
0.0241858
0.0241858
0.0241858
0.0241858
0.0241858
0.0241858
0.0241858
0.0241858
0.0241858
0.024186
0.0241861
0.0241861
0.024186
0.024186
0.024186
0.0241861
0.0241861
0.0241861
0.0241858
0.0241859
0.0241858
0.0241859
0.0241859
0.0241859
0.0241859
0.0241859
0.0241859
0.0241858
0.0241858
0.0241858
0.0241859
0.0241858
0.0241858
0.0241857
0.0241857
0.0241857
0.0241856
0.0241856
0.0241857
0.0241861
0.0241861
0.0241861
0.0241861
0.0241861
0.0241861
0.0241859
0.0241859
0.0241859
0.0241859
0.0241859
0.0241859
0.0241849
0.0241849
0.0241851
0.0241826
0.0241843
0.0241842
0.0241844
0.0241844
0.0241829
0.0241852
0.0241847
0.0241847
0.0241852
0.0241853
0.0241853
0.0241853
0.0241853
0.0241853
0.0241854
0.0241853
0.0241853
0.0241852
0.0241852
0.0241851
0.0241852
0.0241852
0.0241852
0.0241852
0.0241852
0.0241852
0.0241846
0.0241846
0.0241847
0.0241842
0.0241846
0.0241845
0.0241846
0.0241846
0.0241842
0.0241843
0.0241844
0.0241844
0.0241845
0.0241845
0.0241843
0.0241845
0.0241845
0.0241846
0.024175
0.0241664
0.0241664
0.0241667
0.0241665
0.0241751
0.0241843
0.0241843
0.0241844
0.0241842
0.0241843
0.0241843
0.0241844
0.0241843
0.0241842
0.0241664
0.0241664
0.0241748
0.0241871
0.0241871
0.0241871
0.0241718
0.0241724
0.0241781
0.0241768
0.0241704
0.0241711
0.0241871
0.0241871
0.0241871
0.0241871
0.0241871
0.0241871
0.024187
0.024187
0.0241871
0.0241825
0.0241824
0.0241837
0.0241737
0.0241795
0.0241796
0.0241746
0.02418
0.0241803
0.0241797
0.0241798
0.0241742
0.0241838
0.0241826
0.0241825
0.024183
0.0241829
0.0241839
0.0241768
0.0241809
0.024181
0.0241805
0.0241807
0.0241765
0.024187
0.0241869
0.0241869
0.024187
0.024187
0.024187
0.0241869
0.0241869
0.0241869
0.0241869
0.0241869
0.0241869
0.0241865
0.0241865
0.0241865
0.0241827
0.0241793
0.0241798
0.0241784
0.0241788
0.0241825
0.0241833
0.0241809
0.0241811
0.0241803
0.0241806
0.0241832
0.0241767
0.0241771
0.0241807
0.0241613
0.0241714
0.0241706
0.0241726
0.0241721
0.0241624
0.0241697
0.0241689
0.0241561
0.0241799
0.0241756
0.0241762
0.0241868
0.0241868
0.0241868
0.0241867
0.0241868
0.0241868
0.0241869
0.0241868
0.0241869
0.0241868
0.0241868
0.0241868
0.0241866
0.0241866
0.0241867
0.0241867
0.0241867
0.0241867
0.0241867
0.0241867
0.0241867
0.0241869
0.0241869
0.0241869
0.0241869
0.0241869
0.0241869
0.0241869
0.0241869
0.0241869
0.0241867
0.0241867
0.0241867
0.0241868
0.0241868
0.0241868
0.0241868
0.0241868
0.0241868
0.0241867
0.0241867
0.0241867
0.0241862
0.0241862
0.0241862
0.0241863
0.0241863
0.0241862
0.0241863
0.0241863
0.0241863
0.0241862
0.0241862
0.0241862
0.0241862
0.0241862
0.0241862
0.0241862
0.0241862
0.0241862
0.0241864
0.0241865
0.0241865
0.0241864
0.0241864
0.0241864
0.0241865
0.0241865
0.0241865
0.0241863
0.0241863
0.0241862
0.0241863
0.0241863
0.0241863
0.0241863
0.0241863
0.0241863
0.0241862
0.0241862
0.0241862
0.0241862
0.0241862
0.0241862
0.0241862
0.0241862
0.0241862
0.0241857
0.0241857
0.0241857
0.0241858
0.0241857
0.0241857
0.0241858
0.0241858
0.0241858
0.024186
0.024186
0.024186
0.024186
0.024186
0.024186
0.024186
0.024186
0.024186
0.0241859
0.0241859
0.0241859
0.0241859
0.0241859
0.0241859
0.024186
0.0241859
0.0241859
0.0241858
0.0241858
0.0241857
0.0241858
0.0241858
0.0241858
0.0241857
0.0241858
0.0241858
0.0241857
0.0241857
0.0241857
0.0241857
0.0241857
0.0241857
0.0241857
0.0241857
0.0241857
0.024186
0.024186
0.024186
0.024186
0.024186
0.024186
0.024186
0.024186
0.0241859
0.024186
0.024186
0.024186
0.0241852
0.0241849
0.0241849
0.0241849
0.0241849
0.0241851
0.0241852
0.0241849
0.0241849
0.0241849
0.0241849
0.0241852
0.0241845
0.0241845
0.0241835
0.024185
0.0241849
0.0241849
0.0241851
0.0241849
0.0241849
0.0241849
0.0241849
0.0241851
0.024183
0.0241844
0.0241845
0.0241847
0.0241847
0.0241853
0.0241853
0.0241849
0.0241849
0.0241849
0.0241849
0.0241852
0.0241853
0.0241847
0.0241847
0.0241848
0.0241848
0.0241853
0.0241851
0.0241849
0.0241849
0.0241848
0.0241848
0.0241852
0.0241815
0.0241813
0.0241834
0.0241836
0.0241818
0.0241816
0.0241796
0.0241793
0.0241828
0.0241831
0.0241804
0.02418
0.0241837
0.0241819
0.0241821
0.0241814
0.0241817
0.0241836
0.0241839
0.0241826
0.0241828
0.0241823
0.0241825
0.0241839
0.0241745
0.0241796
0.0241793
0.0241757
0.0241679
0.0241672
0.0241683
0.0241685
0.0241759
0.0241575
0.0241413
0.0241404
0.0241386
0.02414
0.0241564
0.0241873
0.0241874
0.0241875
0.0241875
0.0241875
0.0241873
0.0241841
0.0241841
0.0241842
0.024184
0.0241841
0.024184
0.0241872
0.0241872
0.0241872
0.0241872
0.0241872
0.0241872
0.0241871
0.0241872
0.0241872
0.0241872
0.0241872
0.0241871
0.0241872
0.0241872
0.0241872
0.0241872
0.0241872
0.0241872
0.0241874
0.0241874
0.0241875
0.0241873
0.0241873
0.0241874
0.0241865
0.0241866
0.0241865
0.0241855
0.0241855
0.0241855
0.0241833
0.0241845
0.0241845
0.0241846
0.0241845
0.0241834
0.024185
0.0241849
0.0241849
0.0241868
0.0241867
0.0241867
0.0241866
0.0241866
0.0241866
0.0241867
0.0241867
0.0241867
0.0241868
0.0241868
0.0241869
0.0241868
0.0241868
0.0241868
0.0241868
0.0241868
0.0241868
0.0241866
0.0241866
0.0241866
0.0241866
0.0241866
0.0241866
0.0241866
0.0241866
0.0241866
0.0241864
0.0241864
0.0241864
0.0241857
0.0241857
0.0241857
0.0241857
0.0241857
0.0241857
0.0241856
0.0241856
0.0241856
0.0241856
0.0241856
0.0241856
0.0241856
0.0241856
0.0241856
0.0241856
0.0241856
0.0241856
0.0241855
0.0241855
0.0241855
0.0241856
0.0241855
0.0241855
0.0241855
0.0241856
0.0241855
0.024185
0.024185
0.024185
0.0241851
0.0241851
0.0241851
0.024184
0.0241841
0.0241841
0.0241842
0.0241842
0.0241841
0.0241842
0.0241842
0.0241843
0.024183
0.0241838
0.0241838
0.0241838
0.0241838
0.024183
0.0241775
0.0241813
0.0241814
0.0241811
0.0241812
0.0241774
0.0241839
0.024183
0.024183
0.0241873
0.0241873
0.0241873
0.0241873
0.0241873
0.0241873
0.0241872
0.0241872
0.0241872
0.024187
0.024187
0.024187
0.0241871
0.0241871
0.0241871
0.024187
0.024187
0.0241871
0.0241849
0.0241849
0.024185
0.0241838
0.0241846
0.0241846
0.0241846
0.0241846
0.0241839
0.024187
0.024187
0.024187
0.024187
0.024187
0.0241869
0.0241865
0.0241865
0.0241865
0.0241865
0.0241865
0.0241865
0.0241865
0.0241865
0.0241866
0.0241865
0.0241865
0.0241865
0.0241864
0.0241864
0.0241864
0.0241857
0.0241857
0.0241857
0.0241857
0.0241857
0.0241856
0.0241857
0.0241857
0.0241857
0.0241855
0.0241855
0.0241854
0.0241855
0.0241855
0.0241855
0.0241855
0.0241855
0.0241855
0.0241854
0.0241854
0.0241854
0.0241846
0.0241846
0.0241839
0.0241837
0.0241846
0.0241846
0.0241816
0.0241813
0.0241777
0.0241829
0.0241831
0.0241841
0.0241791
0.024182
0.0241818
0.0241832
0.0241832
0.0241838
0.0241787
0.0241817
0.0241818
0.0241815
0.0241816
0.0241784
0.0241792
0.024182
0.024182
0.0241819
0.0241819
0.0241791
0.0241654
0.0241737
0.0241732
0.0241748
0.0241743
0.0241665
0.0241816
0.0241788
0.0241791
0.0241483
0.0240761
0.0241182
0.0240578
0.0240648
0.0241463
0.0232078
0.0238053
0.0237777
0.0229158
0.0229853
0.0219127
0.0241561
0.0238691
0.0236852
0.0240917
0.0240048
0.0241558
0.0241872
0.0241872
0.0241872
0.0241872
0.0241872
0.0241872
0.0241872
0.0241872
0.0241872
0.0241891
0.0241891
0.0241894
0.0241891
0.0241891
0.0241894
0.0241891
0.0241891
0.0241894
0.0241891
0.0241891
0.0241894
0.0241885
0.0241885
0.0241888
0.0241885
0.0241885
0.0241888
0.0241879
0.0241879
0.0241882
0.0241882
0.0241882
0.0241883
0.0241882
0.0241882
0.0241883
0.0241879
0.0241879
0.0241882
0.0241873
0.0241873
0.0241876
0.0241876
0.0241876
0.0241877
0.0241877
0.0241877
0.0241878
0.0241873
0.0241873
0.0241876
0.0241867
0.0241868
0.024187
0.0241871
0.0241871
0.0241872
0.0241868
0.0241868
0.0241871
0.0241862
0.0241862
0.0241865
0.0241866
0.0241866
0.0241866
0.0241862
0.0241862
0.0241865
0.0241856
0.0241856
0.0241859
0.0241861
0.0241861
0.0241861
0.0241857
0.0241856
0.0241859
0.024185
0.024185
0.0241853
0.0241856
0.0241856
0.0241856
0.0241851
0.0241851
0.0241854
0.0241845
0.0241845
0.0241848
0.0241848
0.0241848
0.0241849
0.024185
0.024185
0.0241851
0.0241845
0.0241845
0.0241848
0.0241839
0.0241839
0.0241842
0.0241842
0.0241842
0.0241844
0.0241844
0.0241844
0.0241844
0.024184
0.024184
0.0241842
0.0241833
0.0241833
0.0241836
0.0241836
0.0241836
0.0241838
0.0225892
0.0237569
0.023754
0.0241837
0.0241837
0.0241839
0.0241834
0.0241834
0.0241837
0.0241827
0.0241827
0.024183
0.024183
0.0241829
0.0241831
0.0237733
0.0241806
0.0241807
0.0241831
0.0241832
0.0241833
0.0241828
0.0241828
0.0241831
0.0241821
0.0241821
0.0241824
0.0241823
0.0241823
0.0241826
0.0241816
0.0241815
0.0241818
0.0241783
0.0240058
0.0240068
0.0239975
0.0241816
0.0241819
0.0241817
0.0241817
0.024182
0.0241845
0.0241846
0.0241846
0.0241841
0.0241841
0.024184
0.0241873
0.0241873
0.0241873
0.0241878
0.0241877
0.0241877
0.0241868
0.0241868
0.0241867
0.0241867
0.0241868
0.0241868
0.0241862
0.0241862
0.0241862
0.0241866
0.0241866
0.0241866
0.0241862
0.0241863
0.0241863
0.0241857
0.0241857
0.0241856
0.0241861
0.024186
0.024186
0.0241857
0.0241857
0.0241857
0.0241856
0.0241855
0.0241855
0.0241854
0.0241854
0.0241853
0.0241852
0.0241852
0.0241852
0.0240641
0.0240491
0.0233231
0.0241839
0.0241839
0.0241839
0.0241869
0.0241869
0.0241869
0.0241866
0.0241866
0.0241866
0.0241866
0.0241866
0.0241866
0.0241853
0.0241853
0.0241853
0.0241854
0.0241854
0.0241854
0.0241848
0.0241849
0.0241849
0.0241841
0.0241841
0.0241841
0.0241841
0.0241842
0.0241842
0.0241841
0.0241841
0.0241841
0.024187
0.024187
0.0241869
0.0241872
0.0241872
0.0241872
0.0241845
0.0241846
0.0241846
0.0241848
0.0241848
0.0241848
0.024185
0.024185
0.024185
0.0241842
0.0241842
0.024184
0.0241845
0.0241843
0.0241843
0.0241871
0.0241872
0.0241872
0.0241869
0.024187
0.0241869
0.0241851
0.0241851
0.0241851
0.0241853
0.0241853
0.0241853
0.0241848
0.0241848
0.0241848
0.0241846
0.0241846
0.0241846
0.0241845
0.0241845
0.0241845
0.0241875
0.0241875
0.0241875
0.0241872
0.0241873
0.0241873
0.0241875
0.0241875
0.0241875
0.0241871
0.0241871
0.0241872
0.0241804
0.0241827
0.0241826
0.0241832
0.0241831
0.0241816
0.0241842
0.0241846
0.0241846
0.0241846
0.0241846
0.0241841
0.0241839
0.0241841
0.0241841
0.0241842
0.0241843
0.0241843
0.0241872
0.0241872
0.0241872
0.024182
0.0241833
0.0241833
0.024187
0.024187
0.024187
0.0241872
0.0241872
0.0241872
0.0241842
0.0241845
0.0241845
0.0241846
0.0241845
0.0241842
0.0241878
0.0241876
0.0241876
0.0241842
0.0241842
0.0241842
0.0241875
0.0241874
0.0241874
0.0241872
0.0241873
0.0241873
0.0241866
0.0241866
0.0241866
0.0241865
0.0241866
0.0241866
0.0241855
0.0241855
0.0241856
0.0241855
0.0241855
0.0241855
0.0241867
0.0241867
0.0241868
0.0241867
0.0241867
0.0241867
0.024185
0.024185
0.024185
0.0241841
0.024184
0.024184
0.0241872
0.0241872
0.0241872
0.024188
0.024188
0.0241879
0.0241879
0.024188
0.024188
0.024188
0.024188
0.0241879
0.0241883
0.0241882
0.0241882
0.0241879
0.024188
0.024188
0.024188
0.024188
0.0241879
0.0241883
0.0241882
0.0241882
0.0241879
0.024188
0.024188
0.0241873
0.0241874
0.0241874
0.0241875
0.0241874
0.0241873
0.0241877
0.0241876
0.0241876
0.0241876
0.0241876
0.0241876
0.0241875
0.0241876
0.0241876
0.0241876
0.0241876
0.0241876
0.0241878
0.0241877
0.0241877
0.024187
0.0241871
0.0241871
0.0241865
0.0241865
0.0241865
0.0241859
0.024186
0.024186
0.0241854
0.0241855
0.0241855
0.0241849
0.024185
0.024185
0.0241834
0.0241835
0.0241833
0.0241838
0.0241836
0.0241836
0.0241836
0.0241837
0.0241836
0.0241838
0.0241837
0.0241837
0.023779
0.0237676
0.0226347
0.0241498
0.0240536
0.0240576
0.0240542
0.0240537
0.02415
0.0241834
0.0241836
0.0241836
0.0241836
0.0241836
0.0241835
0.0241839
0.0241837
0.0241837
0.0241832
0.024183
0.024183
0.0241824
0.0241826
0.0241829
0.0238584
0.0241714
0.0241684
0.0241781
0.0241747
0.0238609
0.0241803
0.0241805
0.0237802
0.024183
0.0241829
0.0241827
0.0241832
0.024183
0.0241831
0.0241867
0.0241867
0.0241867
0.0241862
0.0241862
0.0241863
0.0241862
0.0241862
0.0241862
0.0241866
0.0241866
0.0241867
0.0241866
0.0241866
0.0241866
0.0241857
0.0241857
0.0241858
0.0241857
0.0241857
0.0241857
0.0241861
0.0241861
0.0241861
0.024186
0.0241861
0.0241861
0.0241856
0.0241856
0.0241856
0.0241855
0.0241856
0.0241856
0.0241839
0.024184
0.0241839
0.0241841
0.024184
0.024184
0.0241841
0.0241841
0.0241841
0.0237534
0.0237344
0.0230664
0.021947
0.0229124
0.0228961
0.0241874
0.0241873
0.0241873
0.0241875
0.0241874
0.0241874
0.0241874
0.0241874
0.0241875
0.0241877
0.0241877
0.0241878
0.0241876
0.0241876
0.0241876
0.0241876
0.0241876
0.0241875
0.0241877
0.0241877
0.0241878
0.0241876
0.0241876
0.0241876
0.0241876
0.0241876
0.0241876
0.0241869
0.0241868
0.0241868
0.0241871
0.0241871
0.024187
0.0241869
0.0241869
0.0241869
0.0241869
0.0241869
0.0241869
0.0241868
0.0241869
0.0241869
0.0241864
0.0241863
0.0241863
0.0241865
0.0241865
0.0241864
0.0241863
0.0241863
0.0241864
0.0241858
0.0241858
0.0241858
0.024186
0.024186
0.0241859
0.0241858
0.0241858
0.0241859
0.0241853
0.0241852
0.0241852
0.0241854
0.0241854
0.0241853
0.0241854
0.0241854
0.0241854
0.0241854
0.0241854
0.0241854
0.0241853
0.0241854
0.0241854
0.0241853
0.0241853
0.0241854
0.0241843
0.0241847
0.0241847
0.0241847
0.0241847
0.0241843
0.0241476
0.0241393
0.0236184
0.0241833
0.0241818
0.0241823
0.0241819
0.0241704
0.0241721
0.0241657
0.0241683
0.0241817
0.023302
0.0240341
0.0240208
0.0241786
0.0241787
0.0241829
0.023346
0.0241142
0.0241123
0.0241838
0.0241838
0.0241839
0.0241837
0.0241838
0.0241837
0.0241868
0.0241868
0.0241868
0.0241868
0.0241868
0.0241868
0.0241869
0.0241869
0.0241868
0.0241869
0.0241869
0.0241869
0.0241863
0.0241864
0.0241864
0.0241863
0.0241863
0.0241863
0.0241866
0.0241866
0.0241866
0.0241865
0.0241865
0.0241865
0.0241864
0.0241865
0.0241864
0.0241858
0.0241859
0.0241859
0.0241858
0.0241858
0.0241858
0.024186
0.024186
0.024186
0.0241859
0.024186
0.0241859
0.0241852
0.0241853
0.0241852
0.0241853
0.0241853
0.0241853
0.0241853
0.0241853
0.0241853
0.0241854
0.0241853
0.0241853
0.0241853
0.0241853
0.0241854
0.0241853
0.0241853
0.0241853
0.0241854
0.0241854
0.0241854
0.0241855
0.0241855
0.0241855
0.0241854
0.0241854
0.0241854
0.0241844
0.0241846
0.0241847
0.0241846
0.0241846
0.0241844
0.0241849
0.0241849
0.0241849
0.024185
0.0241849
0.0241849
0.0241849
0.0241849
0.0241849
0.024184
0.024184
0.024184
0.0241839
0.024184
0.0241839
0.0241841
0.024184
0.0241839
0.0241834
0.0241837
0.0241837
0.0241839
0.0241838
0.0241835
0.024184
0.0241839
0.024184
0.024183
0.0241837
0.0241837
0.0241836
0.0241836
0.0241829
0.024187
0.024187
0.024187
0.0241871
0.0241871
0.0241871
0.0241849
0.0241848
0.0241849
0.024185
0.024185
0.0241849
0.0241871
0.0241871
0.0241871
0.024187
0.024187
0.0241869
0.0241871
0.024187
0.024187
0.024187
0.024187
0.024187
0.0241852
0.0241851
0.0241851
0.0241852
0.0241852
0.0241852
0.0241847
0.0241847
0.0241847
0.0241846
0.0241846
0.0241847
0.0241875
0.0241875
0.0241875
0.0241874
0.0241874
0.0241874
0.0241874
0.0241874
0.0241874
0.0241874
0.0241874
0.0241874
0.0241872
0.0241873
0.0241872
0.0241873
0.0241873
0.0241873
0.0241873
0.0241873
0.0241873
0.0241875
0.0241875
0.0241875
0.0241874
0.0241874
0.0241874
0.0241874
0.0241874
0.0241874
0.0241874
0.0241874
0.0241874
0.0241874
0.0241874
0.0241874
0.0241875
0.0241875
0.0241875
0.024187
0.024187
0.024187
0.024187
0.024187
0.024187
0.0241871
0.0241871
0.0241871
0.0241841
0.0241847
0.0241846
0.0241847
0.0241847
0.0241841
0.0241829
0.0241828
0.0241807
0.0241814
0.0241831
0.024183
0.0241868
0.0241868
0.0241868
0.0241868
0.0241868
0.0241868
0.0241867
0.0241867
0.0241867
0.0241867
0.0241867
0.0241867
0.0241852
0.0241852
0.0241852
0.0241854
0.0241854
0.0241854
0.0241854
0.0241854
0.0241854
0.0241846
0.0241846
0.0241842
0.0241841
0.0241846
0.0241846
0.0241795
0.0241821
0.0241822
0.0241821
0.0241821
0.0241794
0.0241799
0.0241822
0.0241822
0.0241822
0.0241822
0.0241798
0.0241689
0.0241758
0.0241753
0.0241765
0.0241762
0.0241696
0.0241772
0.0241833
0.0241836
0.0241801
0.0241787
0.0241708
0.0241688
0.0241757
0.0241758
0.0241873
0.0241873
0.0241873
0.0241873
0.0241873
0.0241873
0.0241872
0.0241872
0.0241872
0.0241873
0.0241872
0.0241872
0.0241873
0.0241873
0.0241873
0.0241873
0.0241873
0.0241873
0.0241873
0.0241873
0.0241873
0.0241836
0.0241836
0.0241832
0.0241871
0.0241871
0.0241871
0.0241871
0.0241871
0.0241871
0.0241845
0.0241845
0.0241842
0.0241842
0.0241845
0.0241845
0.0241897
0.0241897
0.02419
0.0241897
0.0241897
0.02419
0.0241897
0.0241897
0.02419
0.0241897
0.0241897
0.02419
0.0241891
0.0241891
0.0241894
0.0241891
0.0241891
0.0241894
0.0241885
0.0241885
0.0241888
0.0241885
0.0241885
0.0241888
0.0241882
0.0241882
0.0241883
0.0241876
0.0241876
0.0241878
0.024187
0.024187
0.0241872
0.0241865
0.0241865
0.0241866
0.0241859
0.0241859
0.0241861
0.0241854
0.0241854
0.0241855
0.0241849
0.0241848
0.024185
0.0241845
0.0241845
0.0241845
0.0241843
0.0241843
0.0241844
0.0241837
0.0241837
0.0241838
0.024183
0.024183
0.0241832
0.0241821
0.0241821
0.0241824
0.0241822
0.0241822
0.0241825
0.0241816
0.0241816
0.0241818
0.0241817
0.0241817
0.024182
0.024181
0.0241809
0.0241812
0.0241771
0.0240043
0.0240047
0.0240021
0.024181
0.0241813
0.0241811
0.0241811
0.0241814
0.0241839
0.024184
0.024184
0.0241872
0.0241871
0.0241871
0.0241851
0.0241851
0.0241851
0.0241846
0.0241847
0.0241847
0.0236114
0.0241314
0.0241242
0.0241174
0.0241159
0.0233654
0.0241838
0.0241838
0.0241839
0.0241839
0.0241839
0.0241838
0.0241846
0.0241846
0.0241845
0.024185
0.0241849
0.0241849
0.0241843
0.0241843
0.0241843
0.0241845
0.0241845
0.0241845
0.0241847
0.0241847
0.0241847
0.0241873
0.0241874
0.0241874
0.0241885
0.0241886
0.0241886
0.0241886
0.0241886
0.0241885
0.0241885
0.0241886
0.0241886
0.0241886
0.0241886
0.0241885
0.0241879
0.024188
0.024188
0.0241883
0.0241882
0.0241882
0.024188
0.024188
0.0241879
0.0241879
0.024188
0.024188
0.024188
0.024188
0.0241879
0.0241875
0.0241875
0.0241873
0.0241874
0.0241874
0.0241873
0.0241876
0.0241876
0.0241876
0.0241878
0.0241877
0.0241877
0.0241873
0.0241875
0.0241875
0.0241869
0.0241869
0.0241867
0.0241872
0.024187
0.024187
0.0241868
0.0241869
0.0241869
0.0241863
0.0241863
0.0241862
0.0241866
0.0241865
0.0241865
0.0241865
0.0241865
0.0241865
0.0241867
0.0241866
0.0241866
0.0241862
0.0241864
0.0241864
0.0241858
0.0241858
0.0241856
0.024186
0.0241859
0.0241859
0.024186
0.024186
0.0241859
0.0241861
0.0241861
0.0241861
0.0241857
0.0241858
0.0241858
0.0241852
0.0241852
0.024185
0.0241855
0.0241853
0.0241853
0.0241855
0.0241855
0.0241854
0.0241856
0.0241856
0.0241856
0.0241851
0.0241853
0.0241853
0.0241849
0.0241848
0.0241848
0.0241846
0.0241847
0.0241847
0.0241843
0.0241844
0.0241844
0.0241833
0.0241835
0.0241835
0.0241836
0.0241837
0.0241837
0.0241829
0.0241829
0.0241827
0.0241829
0.024183
0.024183
0.0241868
0.0241868
0.0241868
0.0241852
0.0241852
0.0241852
0.0241873
0.0241873
0.0241872
0.0241868
0.0241868
0.0241867
0.0241869
0.0241869
0.0241869
0.0241863
0.0241863
0.0241862
0.0241864
0.0241863
0.0241863
0.0241857
0.0241857
0.0241857
0.0241859
0.0241858
0.0241858
0.0241852
0.0241852
0.0241852
0.0241854
0.0241853
0.0241853
0.0241847
0.0241847
0.0241848
0.0241835
0.0241834
0.0241834
0.0241803
0.0241811
0.0241832
0.0241829
0.0241787
0.0241788
0.0241834
0.0241835
0.0241836
0.0241838
0.0241838
0.0241837
0.0241869
0.0241869
0.0241869
0.0241853
0.0241853
0.0241853
0.0241839
0.0241839
0.0241839
0.024187
0.024187
0.0241871
0.024187
0.024187
0.024187
0.0241847
0.0241846
0.0241846
0.0241849
0.0241848
0.0241848
0.0241871
0.0241871
0.0241871
0.0241872
0.0241872
0.0241872
0.0241851
0.0241851
0.0241852
0.0241853
0.0241853
0.0241853
0.0241852
0.0241852
0.0241852
0.0241848
0.0241848
0.0241847
0.0241848
0.0241848
0.0241848
0.0241847
0.0241846
0.0241846
0.0241844
0.0241844
0.0241844
0.0241843
0.0241843
0.0241844
0.0241874
0.0241874
0.0241874
0.0241875
0.0241875
0.0241875
0.0241846
0.0241846
0.0241846
0.0241847
0.0241847
0.0241846
0.0241874
0.0241874
0.0241875
0.0241873
0.0241873
0.0241874
0.0241879
0.024188
0.024188
0.024188
0.024188
0.0241879
0.0241875
0.0241874
0.0241874
0.0241874
0.0241873
0.0241873
0.0241897
0.0241897
0.02419
0.0241897
0.0241897
0.02419
0.0241891
0.0241891
0.0241894
0.0241885
0.0241885
0.0241888
0.0241879
0.0241879
0.0241882
0.0241882
0.0241882
0.0241883
0.0241879
0.0241879
0.0241882
0.0241873
0.0241873
0.0241876
0.0241877
0.0241877
0.0241878
0.0241873
0.0241873
0.0241876
0.0241867
0.0241868
0.024187
0.0241868
0.0241868
0.0241871
0.0241862
0.0241862
0.0241865
0.0241862
0.0241862
0.0241865
0.0241856
0.0241856
0.0241859
0.0241856
0.0241856
0.0241859
0.024185
0.024185
0.0241853
0.0241851
0.0241851
0.0241853
0.0241844
0.0241845
0.0241847
0.0241845
0.0241845
0.0241848
0.0241839
0.0241839
0.0241842
0.0241839
0.0241839
0.0241842
0.0241837
0.0241837
0.0241838
0.0241834
0.0241833
0.0241836
0.0241824
0.0241818
0.0241821
0.0237979
0.02418
0.0241802
0.0241817
0.0241816
0.0241819
0.0241878
0.0241877
0.0241877
0.024184
0.0241841
0.0241841
0.0241844
0.0241843
0.0241843
0.0241886
0.0241886
0.0241885
0.0241885
0.0241886
0.0241886
0.024188
0.024188
0.0241879
0.0241883
0.0241882
0.0241882
0.0241879
0.0241881
0.0241881
0.0241878
0.0241876
0.0241876
0.0241876
0.0241877
0.0241877
0.0241871
0.0241871
0.024187
0.0241872
0.0241872
0.0241872
0.0241846
0.0241846
0.0241845
0.0241849
0.024185
0.0241849
0.0241851
0.024185
0.024185
0.0241841
0.024184
0.0241839
0.0241843
0.0241842
0.0241842
0.024184
0.0241841
0.0241842
0.0241833
0.0241832
0.0241831
0.0241656
0.0241634
0.0238521
0.0241826
0.0241824
0.0241825
0.0241842
0.0241842
0.0241842
0.0241843
0.0241843
0.0241842
0.0241877
0.0241877
0.0241876
0.0241831
0.0240977
0.0223397
0.0241824
0.0240869
0.0223126
0.0241761
0.0240182
0.0219414
0.024176
0.0240174
0.0219144
0.02412
0.0237035
0.020457
0.0241869
0.0241858
0.0238058
0.0241867
0.0241782
0.0235617
0.0241867
0.0241767
0.0235308
0.0241216
0.0237101
0.0204898
0.0237878
0.0228035
0.0183171
0.0241869
0.0241838
0.0237787
0.024184
0.0241127
0.0224954
0.024184
0.0241133
0.0225231
0.024181
0.0240681
0.0221368
0.024181
0.0240685
0.0221245
0.0241695
0.0239659
0.021707
0.0241709
0.0239768
0.0217349
0.0240105
0.0232798
0.0191186
0.0240168
0.0233005
0.0192197
0.0229872
0.0217963
0.0182907
0.0241871
0.0241868
0.0240236
0.024186
0.0241568
0.0231441
0.0241862
0.0241621
0.0232174
0.024186
0.024156
0.0231176
0.0241831
0.0240986
0.0224044
0.0241821
0.0240831
0.0222418
0.0241789
0.0240441
0.0220237
0.0241727
0.0239894
0.0218418
0.0241283
0.0237455
0.0209404
0.024187
0.0241864
0.0239006
0.024113
0.0236718
0.0203651
0.0240234
0.0233225
0.0193633
0.0240189
0.0233076
0.0192556
0.0238667
0.0229573
0.0191635
0.0241821
0.0240817
0.0221859
0.0241825
0.0240891
0.0222742
0.0241832
0.0240996
0.0223784
0.0241832
0.0240993
0.0223039
0.024184
0.0241141
0.0225163
0.0241833
0.0241015
0.0224085
0.024184
0.0241141
0.0224942
0.0241821
0.0240818
0.0221638
0.024181
0.0240664
0.0220825
0.02418
0.0240529
0.0219749
0.024181
0.0240657
0.0220527
0.0241764
0.0240186
0.0217538
0.0241774
0.0240265
0.0218356
0.0241795
0.0240474
0.0219449
0.0241786
0.0240382
0.0218658
0.0241753
0.0240085
0.0217252
0.0241439
0.02382
0.0208798
0.0241273
0.0237373
0.0205852
0.0240241
0.023325
0.0193938
0.0241863
0.0241624
0.0232431
0.0241864
0.0241654
0.0233305
0.0241864
0.0241656
0.0233571
0.0241834
0.0241026
0.0224318
0.0241847
0.0241255
0.0225977
0.024182
0.0240813
0.0222146
0.0241789
0.0240443
0.0220427
0.0241664
0.0239456
0.0216313
0.0241718
0.0239829
0.0218139
0.024103
0.023641
0.020667
0.0241163
0.023695
0.020786
0.0241062
0.0236537
0.020696
0.024125
0.0237306
0.020911
0.0241173
0.0236979
0.0208139
0.0240488
0.0234513
0.0201758
0.0240123
0.0233386
0.01991
0.0240067
0.023322
0.0198766
0.0238541
0.0229261
0.0191271
0.0238071
0.0228123
0.0190132
0.0241852
0.024135
0.0227291
0.0241852
0.024135
0.0227483
0.0241831
0.0240975
0.0223551
0.0241851
0.0241346
0.0227029
0.0241848
0.0241281
0.0226754
0.0241821
0.0240834
0.0222853
0.0241768
0.024024
0.021969
0.0241631
0.0239247
0.0215159
0.0241631
0.0239252
0.0215378
0.024176
0.0240172
0.0218971
0.024161
0.0239111
0.0214877
0.0241589
0.0238981
0.0214593
0.0241009
0.0236189
0.0202214
0.0241036
0.0236304
0.0202547
0.0241188
0.0236999
0.0204244
0.0240982
0.0236075
0.020188
0.0240954
0.0235961
0.0201545
0.024187
0.0241859
0.0238294
0.0239857
0.0232636
0.0197332
0.0239784
0.0232422
0.0196993
0.0241868
0.0241804
0.0235913
0.0241869
0.0241844
0.0237467
0.0241867
0.0241766
0.0235044
0.0241234
0.0237186
0.0205226
0.0238954
0.0229831
0.0183527
0.0241869
0.0241837
0.0237426
0.0241856
0.0241453
0.022878
0.024184
0.0241126
0.0224732
0.0241842
0.0241166
0.0225507
0.024181
0.0240684
0.0221603
0.0241797
0.0240535
0.0220974
0.0241689
0.0239627
0.0216791
0.0241713
0.0239796
0.0217626
0.024153
0.0238647
0.0213292
0.0239903
0.0232757
0.019765
0.023997
0.0232938
0.019815
0.0241871
0.0241869
0.0240394
0.0241871
0.0241868
0.0240147
0.0240124
0.0232858
0.0191495
0.0240146
0.023293
0.0191839
0.0241862
0.0241619
0.0231722
0.0241862
0.024162
0.0231956
0.024186
0.0241557
0.0230831
0.0241852
0.0241364
0.0228013
0.0241852
0.0241353
0.0227733
0.0241831
0.0240976
0.0223769
0.0241847
0.0241256
0.022615
0.0241847
0.024126
0.0226498
0.0241821
0.024083
0.0222593
0.024178
0.0240354
0.0219964
0.0241645
0.023933
0.0215921
0.0241636
0.0239272
0.0215659
0.0241739
0.0239991
0.0218696
0.0241562
0.0238827
0.0214021
0.0241573
0.0238889
0.0214308
0.0241327
0.0237663
0.0209955
0.0241324
0.0237661
0.0209697
0.0241088
0.0236529
0.0203183
0.0241063
0.0236419
0.0202876
0.0241156
0.0236836
0.0203933
0.0240899
0.0235737
0.0200892
0.0240926
0.0235845
0.0201212
0.0240874
0.0235636
0.0200604
0.0240224
0.0233194
0.0193274
0.0240208
0.0233142
0.0192915
0.024187
0.0241861
0.0238681
0.0239569
0.0231826
0.0195842
0.0239661
0.0232078
0.0196357
0.023972
0.0232241
0.0196661
0.0241868
0.0241808
0.0236585
0.0241868
0.0241805
0.0236146
0.0241868
0.0241811
0.0236879
0.0241869
0.0241813
0.0237166
0.0241867
0.0241763
0.0234664
0.0241857
0.0241504
0.0229697
0.0241821
0.024082
0.0222144
0.0241822
0.0240844
0.0222443
0.0241832
0.0240993
0.02235
0.0241832
0.0240993
0.0223274
0.0241835
0.0241054
0.0224386
0.024184
0.0241138
0.0224686
0.0241821
0.0240818
0.0221419
0.0241813
0.0240709
0.0221123
0.024181
0.0240652
0.0220046
0.024181
0.0240656
0.0220309
0.0241765
0.0240193
0.0217746
0.0241767
0.0240204
0.0218052
0.0241794
0.0240467
0.0219152
0.0241794
0.0240465
0.0218956
0.024174
0.0239978
0.0216994
0.0241253
0.0237277
0.020555
0.0240248
0.0233269
0.0194182
0.0241863
0.0241653
0.0233099
0.0241863
0.0241638
0.0232681
0.0241864
0.0241674
0.0233849
0.0241854
0.0241404
0.0228293
0.0241856
0.0241452
0.0228568
0.024184
0.0241128
0.022459
0.0241847
0.0241254
0.0225779
0.0241813
0.0240717
0.0221875
0.0241791
0.0240462
0.0220701
0.0241686
0.0239618
0.0216548
0.0241714
0.0239802
0.0217858
0.0241556
0.0238808
0.0213736
0.0241556
0.0238806
0.0213532
0.0241495
0.0238461
0.0212887
0.0241004
0.0236309
0.0206407
0.0241146
0.0236895
0.0207562
0.0241099
0.0236687
0.0207262
0.0241201
0.0237092
0.020857
0.0241223
0.0237186
0.0208826
0.0240181
0.0233563
0.0199429
0.0240016
0.023307
0.0198444
0.02384
0.0228932
0.019088
0.0238244
0.0228559
0.0190493
0.0241871
0.024187
0.0240781
0.0241871
0.024187
0.0241044
0.0241871
0.024187
0.0241012
0.0239278
0.0230143
0.0185636
0.0239269
0.0230114
0.0185362
0.0241863
0.0241645
0.0232972
0.024186
0.0241567
0.0230906
0.0241863
0.0241655
0.0233261
0.0241858
0.0241522
0.0230599
0.0241593
0.0239036
0.0212304
0.0241506
0.023855
0.0210135
0.0241381
0.0237903
0.0207536
0.0241501
0.0238541
0.0209819
0.0241374
0.0237886
0.0207214
0.023379
0.0222866
0.0186686
0.0241868
0.02418
0.0235792
0.0241867
0.0241762
0.023552
0.0240349
0.0234075
0.0200499
0.0240661
0.0235084
0.0203121
0.024064
0.0235031
0.0202805
0.024033
0.0234037
0.0200216
0.0240241
0.0233756
0.0199736
0.024187
0.0241866
0.0239446
0.024187
0.0241867
0.0239708
0.0214202
0.0202568
0.0184801
0.0239086
0.0230584
0.0193263
0.0240466
0.023407
0.0196675
0.0240462
0.0234047
0.0196367
0.0240392
0.0233809
0.0195316
0.0239342
0.0230341
0.018615
0.0239225
0.0229982
0.0184415
0.0241859
0.0241533
0.0230399
0.0241335
0.0237696
0.0210228
0.024136
0.023781
0.0210647
0.0241442
0.0238226
0.0211463
0.0237584
0.0227081
0.0186802
0.024187
0.0241847
0.0238167
0.0240768
0.0235213
0.0199474
0.024187
0.0241865
0.0239332
0.024187
0.0241864
0.0238947
0.0239396
0.0231371
0.0194816
0.0238992
0.0230343
0.0192892
0.0239347
0.0231252
0.01945
0.0239285
0.0231126
0.019397
0.0241869
0.0241845
0.023772
0.0241861
0.0241575
0.0231753
0.0241861
0.024159
0.0232061
0.0241866
0.0241718
0.0234397
0.0241865
0.0241707
0.0234099
0.0241561
0.0238855
0.0211407
0.0241543
0.023875
0.021109
0.0241422
0.0238109
0.0208501
0.0241307
0.0237539
0.020631
0.0240617
0.023465
0.019783
0.0240732
0.0235072
0.0199133
0.0240647
0.0234759
0.0198124
0.024036
0.02337
0.0194982
0.0239411
0.0230571
0.0186547
0.0239214
0.0229969
0.0184339
0.0241868
0.0241805
0.0236657
0.0241868
0.0241805
0.0236881
0.0241857
0.0241472
0.0229383
0.0241857
0.0241488
0.0230118
0.0241856
0.0241468
0.0229018
0.0241478
0.0238369
0.021262
0.0241449
0.023824
0.0211752
0.0240449
0.0234386
0.0201457
0.0237441
0.0226794
0.0186364
0.0240025
0.0232524
0.0190344
0.0239281
0.0230149
0.018583
0.0239256
0.0230071
0.0185033
0.0237734
0.022737
0.0188445
0.0237759
0.0227404
0.0188715
0.0237707
0.0227318
0.0188116
0.0237674
0.022725
0.0187745
0.0241863
0.0241642
0.0232587
0.0239739
0.0231618
0.018814
0.0239807
0.0231832
0.0188498
0.024186
0.024157
0.0231205
0.0241865
0.0241704
0.0233567
0.0241858
0.0241508
0.0230293
0.0241854
0.0241412
0.0228541
0.0241854
0.0241416
0.0228848
0.0241847
0.024127
0.0226394
0.0241847
0.0241271
0.0226618
0.0241853
0.0241409
0.0228276
0.0241853
0.0241409
0.0228071
0.0241842
0.0241189
0.0226096
0.0241841
0.0241157
0.0225817
0.0241604
0.0239088
0.0212743
0.0241614
0.0239149
0.0213011
0.0241677
0.0239531
0.0214805
0.0241672
0.0239515
0.0214491
0.0241685
0.0239582
0.0215118
0.0241696
0.0239659
0.0215431
0.0241591
0.0239026
0.0212028
0.0241516
0.0238595
0.0210454
0.0241392
0.0237955
0.0207859
0.0241495
0.0238529
0.0209517
0.0241357
0.0237808
0.0206895
0.0239493
0.02308
0.0187284
0.0239659
0.0231352
0.0187814
0.0241868
0.0241801
0.0235988
0.0241868
0.0241802
0.0236224
0.0241867
0.0241759
0.0235136
0.0240952
0.0236122
0.0205677
0.0240968
0.0236174
0.0205963
0.0240377
0.0234155
0.0200811
0.0240939
0.0236097
0.0205372
0.0240883
0.023587
0.0205065
0.0240687
0.023517
0.0203436
0.0240606
0.0234922
0.0202502
0.0237332
0.0226664
0.0187288
0.0240066
0.0232672
0.0190681
0.0239941
0.0232245
0.0189613
0.0239983
0.0232383
0.0189981
0.0241871
0.0241869
0.0240603
0.0241871
0.0241868
0.0239986
0.024187
0.0241866
0.0239592
0.0239184
0.0230842
0.019363
0.0240517
0.0234274
0.019702
0.024056
0.0234437
0.0197341
0.0240444
0.0233988
0.0196016
0.024042
0.0233909
0.0195665
0.0239273
0.0230096
0.0185748
0.023924
0.0230022
0.0184686
0.024186
0.0241557
0.0230665
0.024138
0.0237905
0.0210897
0.0241405
0.023803
0.0211175
0.0237997
0.0227985
0.0189532
0.0237899
0.0227761
0.0189138
0.0237617
0.0227153
0.0187128
0.024187
0.0241849
0.0238444
0.024187
0.0241863
0.0238743
0.02408
0.0235343
0.0199811
0.0240829
0.0235456
0.0200124
0.0239897
0.0232102
0.0189242
0.0239853
0.0231963
0.018887
0.0239452
0.0231516
0.019516
0.0239512
0.0231674
0.0195512
0.0238818
0.0229922
0.0192194
0.0238902
0.0230122
0.0192529
0.024186
0.0241572
0.0231457
0.0241863
0.024164
0.0232354
0.0241865
0.0241705
0.023382
0.0241858
0.0241506
0.0230023
0.0241857
0.02415
0.0229442
0.0241855
0.0241441
0.0229152
0.0241847
0.0241276
0.0227159
0.0241847
0.0241273
0.0226866
0.0241848
0.0241294
0.0227464
0.0241849
0.0241329
0.0227769
0.024184
0.0241144
0.0225401
0.0241645
0.0239342
0.0213623
0.0241628
0.0239229
0.0213311
0.0241664
0.0239471
0.0213934
0.0241671
0.0239503
0.0214246
0.0241725
0.0239874
0.0216285
0.0241729
0.0239894
0.0216571
0.0241724
0.0239863
0.0216052
0.0241712
0.0239779
0.0215741
0.0241586
0.0239015
0.0211721
0.0241528
0.0238663
0.0210773
0.0241406
0.0238027
0.0208182
0.024147
0.0238372
0.0209246
0.0241328
0.023765
0.0206588
0.0240707
0.023498
0.0198791
0.0240677
0.023487
0.0198451
0.0240325
0.0233572
0.0194681
0.0239435
0.0230626
0.018692
0.0239159
0.0229906
0.0184005
0.0241869
0.0241807
0.0237161
0.0241866
0.0241723
0.0234675
0.0241867
0.0241759
0.0234949
0.0241866
0.0241721
0.0234414
0.0241865
0.024172
0.0234098
0.0241857
0.0241473
0.0229579
0.0241857
0.0241476
0.0229835
0.0241463
0.0238294
0.0212333
0.0241453
0.0238244
0.0212042
0.0240411
0.0234263
0.0201136
0.02408
0.0235564
0.0204458
0.0240839
0.0235704
0.0204756
0.0240715
0.0235267
0.0203729
0.0240766
0.0235444
0.0204188
0.0240557
0.0234744
0.0202227
0.0237364
0.0226717
0.0186077
0.0241871
0.024187
0.0240906
)
;

boundaryField
{
    topAndBottom
    {
        type            zeroGradient;
    }
    inlet
    {
        type            fixedValue;
        value           uniform 0;
    }
    outlet
    {
        type            zeroGradient;
    }
    wing
    {
        type            calculated;
        value           uniform -0.00924328;
    }
    front
    {
        type            empty;
    }
    back
    {
        type            empty;
    }
}


// ************************************************************************* //
