/*--------------------------------*- C++ -*----------------------------------*\
| =========                 |                                                 |
| \\      /  F ield         | OpenFOAM: The Open Source CFD Toolbox           |
|  \\    /   O peration     | Version:  5.x                                   |
|   \\  /    A nd           | Web:      www.OpenFOAM.org                      |
|    \\/     M anipulation  |                                                 |
\*---------------------------------------------------------------------------*/
FoamFile
{
    version     2.0;
    format      ascii;
    class       volScalarField;
    location    "300";
    object      pSat;
}
// * * * * * * * * * * * * * * * * * * * * * * * * * * * * * * * * * * * * * //

dimensions      [0 2 -2 0 0 0 0];

internalField   nonuniform List<scalar> 
6584
(
697.948
697.948
697.948
697.948
697.948
697.948
697.948
697.948
697.948
697.948
697.948
697.948
697.948
697.948
697.948
697.948
697.948
697.948
697.948
697.948
697.948
697.948
697.948
697.948
697.948
697.948
697.948
697.948
697.948
697.948
697.948
697.948
697.948
697.948
697.948
697.948
697.948
697.948
697.948
697.948
697.948
697.948
697.948
697.948
697.948
697.948
697.948
697.948
697.948
697.948
697.948
697.948
697.948
697.948
697.948
697.948
697.948
697.948
697.948
697.948
697.948
697.948
697.948
697.948
697.948
697.948
697.948
697.948
697.948
697.948
697.948
697.948
697.948
697.948
697.948
697.948
697.948
697.948
697.948
697.948
697.948
697.948
697.948
697.948
697.948
697.948
697.948
697.948
697.948
697.948
697.948
697.948
697.948
697.948
697.948
697.948
697.948
697.948
697.948
697.948
697.948
697.948
697.948
697.948
697.948
697.948
697.948
697.948
697.948
697.948
697.948
697.948
697.948
697.948
697.948
697.948
697.948
697.948
697.948
697.948
697.948
697.948
697.948
697.948
697.948
697.948
697.948
697.948
697.948
697.948
697.948
697.948
697.948
697.948
697.948
697.948
697.948
697.948
697.948
697.948
697.948
697.948
697.948
697.948
697.948
697.948
697.948
697.948
697.948
697.948
697.948
697.948
697.948
697.948
697.948
697.948
697.948
697.948
697.948
697.948
697.948
697.948
697.948
697.948
697.948
697.948
697.948
697.948
697.948
697.948
697.948
697.948
697.948
697.948
697.948
697.948
697.948
697.948
697.948
697.948
697.948
697.948
697.948
697.948
697.948
697.948
697.948
697.948
697.948
697.948
697.948
697.948
697.948
697.948
697.948
697.948
697.948
697.948
697.948
697.948
697.948
697.948
697.948
697.948
697.948
697.948
697.948
697.948
697.948
697.948
697.948
697.948
697.948
697.948
697.948
697.948
697.948
697.948
697.948
697.948
697.948
697.948
697.948
697.948
697.948
697.948
697.948
697.948
697.948
697.948
697.948
697.948
697.948
697.948
697.948
697.948
697.948
697.948
697.948
697.948
697.948
697.948
697.948
697.948
697.948
697.948
697.948
697.948
697.948
697.948
697.948
697.948
697.948
697.948
697.948
697.948
697.948
697.948
697.948
697.948
697.948
697.948
697.948
697.948
697.948
697.948
697.948
697.948
697.948
697.948
697.948
697.948
697.948
697.948
697.948
697.948
697.948
697.948
697.948
697.948
697.948
697.948
697.948
697.948
697.948
697.948
697.948
697.948
697.948
697.948
697.948
697.948
697.948
697.948
697.948
697.948
697.948
697.948
697.948
697.948
697.948
697.948
697.948
697.948
697.948
697.948
697.948
697.948
697.948
697.948
697.948
697.948
697.948
697.948
697.948
697.948
697.948
697.948
542.964
697.948
697.948
697.948
697.948
697.948
697.948
697.948
697.948
697.948
697.948
697.948
697.948
697.948
697.948
697.948
697.948
697.948
697.948
697.948
697.948
697.948
697.948
697.947
653.779
697.948
697.948
697.948
697.948
697.948
697.948
697.948
697.948
697.948
697.948
697.948
697.948
697.948
697.948
697.948
697.948
697.948
697.948
697.948
697.948
697.948
697.948
697.947
657.185
697.948
697.948
697.948
697.948
697.948
697.948
697.948
697.948
697.948
697.948
697.948
697.948
697.948
697.948
697.948
697.948
697.948
697.948
697.948
697.948
697.948
697.948
697.595
678.664
697.948
697.948
697.948
697.948
697.948
697.948
697.948
697.948
697.948
697.948
697.948
697.948
697.948
697.948
697.948
697.948
697.948
697.948
697.948
697.948
697.948
697.948
697.424
679.175
697.948
697.948
697.948
697.948
697.948
697.948
697.948
697.948
697.948
697.948
697.948
697.948
697.948
697.948
697.948
697.948
697.948
697.948
697.948
697.948
697.948
697.884
677.558
689.085
697.947
697.948
697.948
697.948
697.948
697.948
697.948
697.948
697.948
697.948
697.948
697.948
697.948
697.948
697.948
697.948
697.948
697.948
697.948
697.948
697.948
697.819
677.651
689.145
697.946
697.948
697.948
697.948
697.948
697.948
697.948
697.948
697.948
697.948
697.948
697.948
697.948
697.948
697.948
697.948
697.948
697.948
697.948
697.948
697.947
697.755
677.738
689.196
697.945
697.948
697.948
697.948
697.948
697.948
697.948
697.948
697.948
697.948
697.948
697.948
697.948
697.948
697.948
697.948
697.948
697.948
697.948
697.948
697.947
697.691
677.821
689.24
697.944
697.948
697.948
697.948
697.948
697.948
697.948
697.948
697.948
697.948
697.948
697.948
697.948
697.948
697.948
697.948
697.948
697.948
697.948
697.948
697.946
697.628
677.901
689.279
697.943
697.948
697.948
697.948
697.948
697.948
697.948
697.948
697.948
697.948
697.948
697.948
697.948
697.948
697.948
697.948
697.948
697.948
697.948
697.948
697.945
697.566
677.978
689.315
697.942
697.948
697.948
697.948
697.948
697.948
697.948
697.948
697.948
697.948
697.948
697.948
697.948
697.948
697.948
697.948
697.948
697.948
697.948
697.948
697.943
697.507
678.052
689.348
697.941
697.948
697.948
697.948
697.948
697.948
697.948
697.948
697.948
697.948
697.948
697.948
697.948
697.948
697.948
697.948
697.948
697.948
697.948
697.948
697.942
697.44
678.13
689.381
697.94
697.948
697.948
697.948
697.948
697.948
697.948
697.948
697.948
697.948
697.948
697.948
697.948
697.948
697.948
697.948
697.948
697.948
697.948
697.948
697.94
697.368
678.212
689.418
697.939
697.948
697.948
697.948
697.948
697.948
697.948
697.948
697.948
697.948
697.948
697.948
697.948
697.948
697.948
697.948
697.948
697.948
697.948
697.948
697.937
697.297
678.292
689.453
697.938
697.948
697.948
697.948
697.948
697.948
697.948
697.948
697.948
697.948
697.948
697.948
697.948
697.948
697.948
697.948
697.948
697.948
697.948
697.948
697.935
697.228
678.372
689.487
697.937
697.948
697.948
697.948
697.948
697.948
697.948
697.948
697.948
697.948
697.948
697.948
697.948
697.948
697.948
697.948
697.948
697.948
697.948
697.948
697.932
697.16
678.451
689.521
697.936
697.948
697.948
697.948
697.948
697.948
697.948
697.948
697.948
697.948
697.948
697.948
697.948
697.948
697.948
697.948
697.948
697.948
697.948
697.948
697.929
697.092
678.531
689.554
697.935
697.948
697.948
697.948
697.948
697.948
697.948
697.948
697.948
697.948
697.948
697.948
697.948
697.948
697.948
697.948
697.948
697.948
697.948
697.948
697.925
697.024
678.61
689.586
697.934
697.948
697.948
697.948
697.948
697.948
697.948
697.948
697.948
697.948
697.948
697.948
697.948
697.948
697.948
697.948
697.948
697.948
697.948
697.948
697.922
696.957
678.689
689.619
697.933
697.948
697.948
697.948
697.948
697.948
697.948
697.948
697.948
697.948
697.948
697.948
697.948
697.948
697.948
697.948
697.948
697.948
697.948
697.948
697.918
696.888
678.769
689.652
697.932
697.948
697.948
697.948
697.948
697.948
697.948
697.948
697.948
697.948
697.948
697.948
697.948
697.948
697.948
697.948
697.948
697.948
697.948
697.948
697.914
696.818
678.851
689.686
697.931
697.948
697.948
697.948
697.948
697.948
697.948
697.948
697.948
697.948
697.948
697.948
697.948
697.948
697.948
697.948
697.948
697.948
697.948
697.948
697.909
696.745
678.933
689.72
697.93
697.948
697.948
697.948
697.948
697.948
697.948
697.948
697.948
697.948
697.948
697.948
697.948
697.948
697.948
697.948
697.948
697.948
697.948
697.948
697.948
697.948
697.948
697.948
697.948
697.948
697.948
536.795
537.994
697.948
697.948
697.948
697.948
697.948
697.948
697.948
697.948
697.948
697.948
697.948
697.948
697.948
697.948
697.948
697.948
697.948
697.948
697.685
697.896
697.525
697.891
697.948
697.948
697.948
697.948
697.948
697.948
697.948
696.823
696.996
693.176
695.395
697.948
697.948
697.948
697.948
697.948
697.948
697.948
697.259
697.025
696.613
694.506
697.948
697.948
697.948
697.677
697.615
697.948
697.948
697.948
697.874
697.824
697.947
575.389
537.513
618.954
697.948
697.948
697.913
697.948
697.948
697.946
697.801
697.948
697.947
697.902
697.948
697.948
697.948
697.931
697.059
697.621
697.948
696.867
694.475
697.734
696.984
695.522
697.509
697.948
697.728
697.249
697.926
697.739
697.948
696.993
696.835
697.948
693.748
694.998
694.364
693.696
694.423
693.035
697.948
697.108
697.307
697.243
697.117
697.948
694.838
695.939
695.098
694.642
697.589
696.735
697.948
697.649
697.839
697.318
697.629
697.948
696.79
697.173
696.059
696.718
697.813
697.701
697.847
697.89
697.948
697.461
697.206
697.217
697.439
697.895
697.879
697.948
697.948
697.948
697.931
697.948
697.948
697.948
697.948
697.948
697.656
697.519
690.898
687.243
697.948
697.948
697.948
697.948
697.929
697.948
697.948
697.948
697.495
697.292
697.948
541.074
564.632
641.087
655.592
565.83
590.902
686.537
679.899
697.948
697.894
697.916
657.28
665.954
697.919
697.929
697.948
697.948
697.948
697.948
697.948
697.948
697.948
697.923
697.948
697.937
697.948
697.94
697.948
697.657
697.754
694.385
694.509
695.884
695.642
697.592
680.348
697.745
693.713
691.311
691.794
693.93
697.85
694.282
697.93
687.407
696.677
685.459
697.913
696.949
697.927
697.948
697.869
695.267
697.938
697.94
695.54
695.39
697.534
697.481
696.326
696.437
697.278
697.943
697.945
697.941
697.943
697.276
697.859
697.947
697.948
697.946
697.947
697.828
694.323
694.396
693.772
693.715
691.484
691.691
697.037
697.941
697.941
697.942
697.942
697.035
697.192
697.941
697.941
697.941
697.941
697.184
541.128
695.372
560.03
521.419
595.394
562.765
695.527
693.799
521.512
694.009
697.324
697.266
697.464
697.943
697.942
697.944
697.943
697.496
619.382
637.95
696.377
622.435
597.743
644.383
625.254
696.471
593.503
616.619
697.774
687.673
691.386
681.181
686.927
697.759
678.252
665.823
669.206
556.194
666.971
664.516
575.349
693.711
693.94
697.946
697.948
697.948
697.948
697.948
697.85
697.834
608.966
697.633
697.821
697.947
697.756
697.671
697.948
550.43
555.152
520.82
665.804
665.921
559.618
567.475
692.232
693.624
476.02
697.948
697.948
697.948
697.948
697.948
697.948
697.805
697.946
697.944
697.535
697.381
697.832
696.838
697.93
697.93
697.933
697.93
696.86
693.724
695.028
696.305
694.711
662.987
656.535
697.857
694.159
695.685
696.383
696.442
570.995
697.948
697.942
697.948
697.918
697.618
697.452
697.946
697.948
697.948
697.948
697.948
697.945
697.284
697.938
697.934
697.943
697.939
697.364
696.285
671.926
686.694
660.29
663.232
694.841
688.188
689.78
697.23
695.87
696.795
697.468
697.909
697.912
697.882
697.887
697.263
697.93
697.931
696.888
694.028
650.633
641.336
694.068
655.885
659.412
639.706
642.216
693.602
693.281
692.253
697.071
697.882
697.879
697.873
697.897
697.202
697.223
697.877
697.88
697.879
697.877
697.147
697.492
691.751
693.045
689.986
689.155
696.995
697.8
697.945
697.944
697.946
697.945
697.811
696.979
660.087
646.626
673.57
669.489
697.033
594.663
600.495
697.329
677.942
674.796
587.947
592.957
670.853
664.666
697.945
697.947
697.947
656.624
689.548
660.878
663.993
663.035
689.079
697.948
697.938
697.948
697.91
697.947
547.269
553.547
550.992
550.566
648.158
566.468
561.554
576.609
567.846
650.034
572.078
576.891
684.077
682.955
661.567
589.958
581.18
568.231
572.449
697.903
697.945
697.948
697.931
697.943
697.886
697.542
697.821
693.857
694.901
696.229
694.842
681.908
693.618
692.678
694.609
693.914
681.618
690.525
689.633
692.385
691.029
692.863
673.482
677.247
666.641
671.612
692.508
653.01
655.138
691.907
697.609
697.293
697.888
697.7
693.091
695.26
694.593
697.042
695.553
697.758
697.942
697.91
697.633
697.393
697.833
697.659
697.923
697.692
697.879
697.924
697.733
697.859
697.945
697.906
697.846
667.043
669.718
696.063
646.321
635.316
674.175
648.713
619.171
609.004
631.896
623.441
694.976
664.241
666.335
686.354
683.629
694.247
688.728
680.429
677.328
683.156
681.214
697.298
690.139
691.122
695.989
696.734
697.897
697.906
697.359
697.267
697.888
697.895
652.804
652.247
694.112
591.708
591.074
553.975
587.04
586.679
599.751
590.101
587.201
650.598
654.687
693.982
592.749
582.439
606.444
595.964
563.46
552.852
578.534
567.999
693.619
644.187
648.992
692.495
692.099
697.888
697.884
697.061
697.137
697.895
697.889
697.876
697.877
697.215
697.156
697.876
697.876
538.269
542.114
663.085
669.096
654.384
660.853
532.255
582.838
676.403
668.333
670.686
675.091
576.313
622.252
627.428
607.442
620.452
523.462
644.903
652.39
629.925
641.217
521.725
690.613
691.432
697.456
687.04
688.708
689.213
686.97
688.707
697.06
688.669
689.923
626.801
539.734
540.336
558.15
541.935
629.497
550.733
601.544
541.096
605.393
684.2
695.403
694.824
696.103
695.598
684.69
675.717
676.772
603.045
609.291
575.805
585.961
675.086
672.279
697.948
697.948
697.948
697.948
697.937
697.938
697.948
697.948
697.948
697.948
697.948
697.948
697.948
697.948
697.948
697.948
697.947
697.834
697.529
696.812
696.716
693.324
695.269
697.933
697.935
697.121
691.767
691.382
694.567
693.331
693.993
697.68
697.941
697.948
697.948
696.456
696.892
697.847
697.938
697.917
697.946
697.703
694.295
696.259
695.638
696.615
696.508
697.448
697.628
697.63
697.254
697.919
697.923
697.755
696.91
697.931
697.933
657.368
652.85
694.711
694.272
692.304
692.125
692.895
697.099
697.624
697.623
697.236
697.624
697.626
697.621
697.62
697.127
693.402
664.364
659.59
697.349
697.879
697.876
697.869
697.946
697.946
548.051
548.812
681.355
678.882
697.36
547.102
547.468
695.829
696.164
697.89
697.935
697.924
541.496
546.859
548.384
562.883
567.053
542.868
544.974
558.921
555.94
587.355
674.195
672.994
680.927
597.201
591.511
662.747
697.948
697.948
697.948
697.898
697.921
697.938
697.943
697.86
697.877
697.948
697.948
697.947
697.276
697.229
697.59
697.793
697.633
697.547
694.139
694.634
692.849
693.156
696.043
695.342
691.541
692.231
683.225
683.372
687.263
686.735
680.351
683.737
684.16
697.698
694.257
694.981
693.377
689.542
694.923
694.295
697.455
697.199
696.087
679.206
676.996
692.702
688.23
681.912
697.947
697.945
697.842
697.804
697.53
697.668
696.039
697.766
697.834
691.442
693.181
697.671
674.155
671.581
696.217
696.545
697.937
697.94
697.894
697.763
697.927
697.932
694.629
652.281
652.418
691.496
691.824
697.619
697.619
697.199
697.175
697.618
697.618
541.11
556.75
596.459
600.145
558.801
562.714
521.907
668.268
665.367
693.599
512.2
509.026
529.889
530.528
522.169
552.824
555.804
507.176
509.457
697.886
697.883
697.367
697.557
697.893
697.89
610.455
673.573
675.204
670.117
671.849
606.285
689.383
695.773
696.241
696.14
695.966
689.956
682.431
688.664
687.946
676.455
674.66
678.649
560.919
563.066
564.755
547.024
669.746
608.819
600.113
616.934
611.028
663.142
647.868
648.552
678.257
681.418
694.502
697.945
697.945
697.936
550.691
551.989
603.349
603.418
516.524
564.032
555.846
555.989
552.701
554.548
566.303
477.927
672.517
674.887
697.948
697.948
697.948
696.995
696.905
697.531
697.202
697.497
697.695
697.404
697.459
693.561
695.147
689.727
690.21
690.286
689.733
694.629
691.11
690.936
661.55
650.453
650.346
652.478
652.014
659.724
697.568
697.783
697.79
697.755
697.775
697.513
695.752
697.271
696.387
696.082
697.259
697.631
697.634
692.302
692.411
693.958
692.503
697.628
697.626
697.083
697.622
697.623
697.23
697.138
697.619
697.619
690.003
691.71
691.034
692.275
692.062
689.82
549.789
551.323
547.36
547.028
589.643
564.806
563.448
651.783
651.906
668.969
655.915
658.593
651.126
653.099
666.773
697.941
697.937
697.943
697.934
697.946
697.947
697.948
697.942
697.945
697.941
659.993
676.046
675.106
678.661
677.305
661.062
666.958
671.599
669.662
674.348
673.364
665.347
697.942
697.946
697.944
697.831
697.735
697.929
697.911
542.917
559.648
549.183
548.495
550.925
550.761
586.522
589.23
563.647
540.763
540.958
568.886
542.965
541.289
543.102
582.444
549.981
543.884
675.054
676.79
685.057
670.128
670.651
668.784
669.135
681.864
672.483
673.216
569.026
548.456
550.622
546.307
546.651
570.26
697.929
697.933
697.914
697.84
697.888
697.922
696.867
697.556
697.162
697.082
697.265
697.338
697.097
697.187
693.995
694.765
690.864
691
690.425
690.651
696.148
693.319
693.433
690.862
691.053
695.053
690.952
684.718
683.629
680.947
686.293
685.72
690.156
684.829
684.683
686.553
685.563
689.894
692.036
687.365
687.915
685.328
686.395
691.57
684.276
668.286
680.8
679.855
651.853
652.918
691.287
695.461
695.196
690.728
694.097
696.504
695.88
682.907
680.936
690.488
690.929
694.831
687.161
685.055
696.806
697.154
697.724
697.358
696.378
694.969
696.286
697.803
697.877
697.893
697.807
697.837
697.687
697.512
697.643
697.891
697.827
697.802
697.896
697.843
697.906
697.765
697.767
697.675
697.786
643.384
639.137
666.983
635.632
639.273
627.97
650.807
615.363
611.979
628.868
626.237
684.948
671.898
674.798
666.156
668.923
684.168
693.594
688.3
689.76
676.493
684.856
692.043
669.217
664.672
679.621
648.157
650.998
643.242
645.671
678.71
682.67
661.525
663.693
654.167
657.682
681.976
696.108
696.648
592.761
555.467
560.516
545.352
550.178
592.011
562.276
563.43
563.392
575.414
588.552
519.717
524.391
527.802
520.025
592.877
589.148
536.914
540.946
529.195
533.269
588.216
589.985
586.855
603.798
599.638
559.373
555.643
575.108
572.148
691.825
691.957
697.207
697.62
697.621
697.618
697.618
697.165
540.497
584.359
591.421
551.48
524.817
568.391
576.072
519.37
515.61
623.827
561.688
561.284
613.82
552.777
540.784
560.572
558.311
617.932
528.079
523.502
542.54
549.007
523.044
517.424
530.385
690.979
694.203
693.948
694.577
694.397
691.206
687.614
688.417
688.426
686.852
686.854
687.563
688.638
692.773
692.482
693.591
693.169
689.171
539.345
560.969
563.368
557.533
559.185
539.687
552.294
577.756
582.798
567.019
572.092
546.61
549.614
535.236
535.561
538.993
536.884
541.609
551.994
555.44
539.286
545.67
540.912
689.743
689.28
683.563
675.496
677.95
554.23
558.673
579.727
553.904
548.743
561.762
558.985
583.3
547.759
547.775
649.063
649.788
697.948
697.948
697.948
697.948
697.948
697.948
697.948
697.948
697.948
697.948
697.948
697.948
697.948
697.948
697.948
697.948
697.948
697.948
697.948
697.948
697.948
697.948
697.948
697.948
697.948
697.948
697.948
697.948
697.948
697.948
697.948
697.948
697.948
697.948
697.948
697.948
697.948
697.948
697.948
697.948
697.948
697.948
697.948
697.948
697.948
697.948
697.948
697.948
697.948
697.948
697.948
697.948
697.948
697.948
697.948
697.948
697.948
697.948
697.948
697.948
697.948
697.948
697.948
697.948
697.948
697.948
697.948
697.948
697.948
697.948
697.948
697.948
697.948
697.948
697.948
697.948
697.948
697.948
697.948
697.948
697.948
697.948
697.948
697.948
697.948
697.946
697.946
697.948
697.948
697.948
697.948
697.948
697.948
697.948
697.948
697.948
697.948
697.948
697.948
697.948
697.946
697.946
697.948
697.948
697.948
697.948
697.948
697.948
697.948
697.948
697.948
697.948
697.947
697.947
697.948
697.948
697.948
697.948
697.948
697.948
697.948
697.948
697.948
697.948
697.948
697.948
697.948
697.948
697.948
697.948
697.948
697.948
697.948
697.948
697.948
697.948
697.81
697.806
558.673
689.565
690.345
697.948
697.948
697.948
697.948
697.948
697.948
697.948
697.948
697.948
697.948
697.948
697.948
697.947
617.16
615.353
656.381
697.948
697.948
697.948
697.948
697.948
697.948
697.948
697.948
697.948
697.948
697.948
697.731
655.603
617.701
678.402
697.936
697.948
697.948
697.948
697.948
697.948
697.948
697.948
697.948
697.948
697.948
697.948
697.948
697.948
697.947
697.947
697.948
697.948
697.947
697.946
697.948
697.948
697.948
697.946
697.946
697.948
697.948
697.946
697.947
697.946
697.946
697.948
697.947
697.947
697.948
697.948
697.947
697.948
697.947
697.947
697.948
697.948
697.948
697.948
697.948
697.948
697.948
697.805
697.854
697.948
516.344
593.166
594.221
640.361
640.513
479.012
697.948
697.948
697.948
697.948
697.948
697.948
697.948
697.948
697.947
697.948
697.948
697.948
697.948
697.948
697.948
697.948
697.948
697.948
697.948
697.948
697.948
697.948
697.948
697.948
697.948
697.948
697.948
697.948
697.948
697.948
697.946
697.941
697.948
697.948
697.948
697.948
697.948
697.948
697.948
697.948
697.948
697.948
697.948
697.948
697.948
697.948
697.948
697.948
697.948
697.948
697.948
697.948
697.948
697.948
697.948
697.948
697.732
697.888
697.875
697.936
697.931
697.879
697.827
697.76
697.87
697.948
697.948
697.948
697.948
697.948
697.948
697.948
697.948
697.948
697.948
697.948
697.948
697.948
697.948
697.948
697.948
697.948
697.948
697.946
697.946
697.948
696.818
697.664
697.666
697.703
697.689
696.94
697.948
697.948
697.948
697.948
697.948
697.948
697.948
697.948
697.948
697.948
697.948
697.948
697.948
697.948
697.948
697.948
697.948
697.948
697.946
697.946
697.948
697.155
697.935
697.937
697.713
697.721
697.056
696.493
693.94
694.279
697.948
697.948
697.948
697.948
697.948
697.948
697.948
697.948
697.948
697.651
695.865
696.268
696.962
697.033
697.639
697.948
697.948
697.948
697.948
697.948
697.948
697.948
697.948
697.948
697.869
697.648
697.669
697.467
697.505
697.833
697.871
697.81
697.947
571.98
696.451
696.455
666.369
667.344
540.429
697.666
697.64
611.604
697.948
697.922
697.935
697.938
697.922
697.948
697.925
697.943
697.941
697.948
697.948
697.944
697.948
697.948
697.948
697.944
697.872
697.934
697.948
697.948
697.948
697.942
697.946
697.948
697.908
697.864
697.853
697.947
697.946
697.947
697.948
697.948
697.948
697.948
697.948
697.948
697.945
697.946
697.939
697.13
697.738
697.719
697.859
697.84
697.537
697.948
697.947
697.948
696.713
695.022
695.47
689.878
690.095
694.59
695.76
695.964
697.077
697.948
697.947
697.948
697.703
697.827
697.84
697.901
697.942
697.944
697.847
697.853
697.745
697.948
697.948
697.948
696.962
697.698
697.705
697.668
697.672
696.851
697.948
697.946
697.946
693.845
688.193
687.963
690.714
690.472
694.896
694.261
689.468
689.671
687.803
687.706
693.636
697.946
697.946
697.948
697.725
697.716
697.289
697.948
697.946
697.946
695.026
681.879
679.138
690.475
690.006
695.811
695.195
691.204
690.963
678.211
674.959
694.439
697.56
696.791
696.882
694.641
694.943
696.842
697.947
697.947
697.948
697.699
697.906
697.903
697.92
697.918
697.83
697.327
697.738
697.732
697.9
697.897
697.573
697.948
697.947
697.947
696.857
693.896
693.641
695.091
694.928
697.13
696.172
691.323
690.91
693.368
693.077
696.64
697.802
697.376
697.424
696.386
696.694
697.722
697.855
697.924
697.922
697.947
697.947
697.875
697.948
697.948
697.948
697.514
683.872
682.076
681.281
683.222
697.498
697.257
695.38
695.241
697.893
696.216
696.282
697.948
697.948
697.948
697.948
697.948
697.948
697.948
697.948
697.948
697.948
697.948
697.948
697.948
697.948
697.948
697.948
697.948
697.948
697.947
697.947
697.948
697.604
697.931
697.932
697.929
697.93
697.584
690.455
685.301
686.073
680.139
681.367
687.933
697.948
697.948
697.948
697.948
697.948
697.948
697.886
697.92
697.94
697.948
697.948
697.948
697.948
697.948
697.948
697.948
697.948
697.948
697.416
697.939
697.928
697.937
697.939
697.387
697.948
697.947
697.946
643.756
617.153
614.414
631.208
628.583
653.741
685.834
677.904
678.937
697.948
697.948
697.948
697.905
697.947
697.947
697.946
697.947
697.908
658.878
636.266
633.81
647.008
645.339
664.915
697.924
697.947
697.947
697.947
697.947
697.926
697.948
697.948
697.948
697.948
697.948
697.948
697.948
697.948
697.948
697.948
697.948
697.948
697.948
697.948
697.948
697.948
697.948
697.948
697.948
697.948
697.948
697.948
697.947
697.948
697.948
697.948
697.948
697.945
697.946
697.943
697.948
697.948
697.948
695.167
695.702
697.623
697.731
697.325
697.371
693.464
690.065
690.484
686.783
687.4
691.684
692.858
696.437
696.297
696.675
696.562
693.149
697.842
697.541
697.572
697.693
697.838
697.939
697.885
697.055
697.599
697.18
697.693
697.585
697.943
697.936
697.905
697.948
697.948
697.948
697.923
697.916
697.934
697.942
697.933
697.928
691.85
692.16
695.695
695.249
691.312
691.571
696.943
697.077
697.584
697.423
696.682
696.812
697.652
697.661
697.286
697.944
697.934
697.932
697.938
697.936
697.945
697.942
697.928
697.926
697.93
697.929
697.942
697.273
697.643
697.647
697.909
697.916
697.876
697.948
697.946
697.945
697.947
697.947
697.948
697.946
697.941
697.94
697.944
697.942
697.947
697.797
697.887
697.899
689.31
689.181
694.255
694.47
689.581
689.442
688.377
688.546
693.835
693.672
688.073
688.218
697.639
697.635
697.043
697.941
697.926
697.926
697.925
697.925
697.941
697.942
697.928
697.929
697.927
697.928
697.942
697.046
697.65
697.644
697.941
697.924
697.924
697.926
697.925
697.941
697.941
697.924
697.925
697.924
697.924
697.941
688.335
682.76
695.208
592.496
627.464
630.767
603.261
606.494
565.898
695.674
689.476
688.916
694.225
673.588
669.394
696.137
696.271
697.374
697.198
695.789
695.973
697.787
697.777
697.427
697.943
697.931
697.932
697.93
697.931
697.943
697.944
697.934
697.935
697.933
697.934
697.944
697.521
697.804
697.796
621.872
591.039
588.702
611.157
607.355
635.235
692.093
691.721
696.278
619.027
650.415
652.791
633.435
636.152
600.097
636.104
679.358
680.595
676.665
678.034
633.17
696.558
692.766
692.441
595.815
561.808
560.506
585.971
582.305
613.354
697.265
697.323
697.789
688.265
692.242
691.872
694.337
694.079
690.957
691.447
690.989
686.079
697.741
697.127
697.199
667.074
624.834
618.844
632.201
627.024
668.27
667.946
650.37
648.698
693.5
682.261
684.101
690.875
691.249
694.146
697.948
697.948
697.948
697.948
697.948
697.948
697.845
697.937
697.938
697.936
697.937
697.84
683.552
683.085
605.927
697.634
695.793
695.833
695.809
695.802
697.662
697.725
697.935
697.936
697.933
697.934
697.713
697.948
697.947
697.947
557.344
552.19
517.054
665.469
634.522
625.886
636.155
635.21
665.537
693.238
677.426
675.264
683.674
686.565
693.657
476.451
579.345
603.963
697.948
697.948
697.948
697.948
697.948
697.948
697.948
697.948
697.948
697.948
697.948
697.948
697.948
697.948
697.948
697.948
697.948
697.948
697.909
697.899
697.771
697.946
697.936
697.939
697.929
697.933
697.945
697.848
697.711
697.685
697.665
697.664
696.823
697.93
697.876
697.876
697.876
697.876
697.93
697.932
697.882
697.886
697.877
697.879
697.931
696.895
697.677
697.669
693.546
693.698
696.39
697.6
697.625
697.863
695.348
696.866
696.776
697.018
696.946
695.524
696.41
686.683
681.586
686.916
686.821
696.429
570.005
653.307
653.233
697.948
697.948
697.948
697.948
697.948
697.948
697.948
697.948
697.948
697.877
697.87
697.913
697.948
697.948
697.947
697.948
697.948
697.948
697.948
697.948
697.948
697.948
697.948
697.947
697.948
697.948
697.948
697.942
697.947
697.947
697.778
697.758
697.206
697.936
697.9
697.905
697.89
697.895
697.935
697.942
697.92
697.925
697.91
697.915
697.94
697.448
697.82
697.799
693.621
694.356
696.511
676.387
688.994
686.844
692.523
691.22
683.165
661.213
680.567
680.178
681.406
680.978
662.2
694.714
690.325
690.567
688.921
693.585
693.191
694.112
693.869
689.394
697.157
696.127
696.274
697.755
697.802
697.634
697.911
697.901
697.885
697.883
697.812
697.809
697.818
697.814
697.885
697.931
697.877
697.877
697.879
697.878
697.931
696.869
697.676
697.68
688.69
688.448
693.934
647.782
676.284
677.079
674.592
675.381
644.301
689.071
689.265
694.16
657.158
678.973
678.535
679.803
679.41
658.441
639.247
673.848
674.081
674.277
673.872
640.451
693.628
687.671
687.701
697.881
697.806
697.808
697.804
697.805
697.88
697.834
697.839
697.899
697.256
697.703
697.689
697.878
697.803
697.802
697.807
697.805
697.879
697.878
697.801
697.802
697.8
697.801
697.877
696.587
696.691
697.527
692.185
695.005
694.778
695.441
695.234
692.65
696.926
695.154
695.307
697.911
697.909
697.789
697.945
697.937
697.938
697.936
697.937
697.945
697.946
697.94
697.94
697.939
697.939
697.945
697.821
697.916
697.914
694.356
694.133
696.92
654.539
683.785
684.704
681.736
682.796
652.612
672.276
686.98
687.622
685.53
686.287
670.929
697.083
694.752
694.562
596.434
570.791
569.179
574.791
572.577
598.332
695.631
695.51
697.295
676.958
689.25
689.711
688.214
688.753
675.917
567.651
566.191
591.288
697.948
697.947
697.946
683.86
684.547
690.002
688.553
682.412
683.194
697.947
697.948
697.948
697.948
697.948
697.947
697.944
697.936
697.942
621.741
619.526
646.045
565.161
591.397
593.351
572.55
600.407
603.762
595.332
597.608
569.697
651.964
626.162
623.888
640.33
638.431
660.299
588.011
613.22
615.38
607.297
610.552
585.189
697.946
697.942
697.94
697.946
697.944
697.947
697.935
697.916
697.909
697.936
697.926
697.94
697.672
697.66
697.81
693.294
689.438
690.09
688.333
688.819
692.974
694.392
691.421
691.781
690.648
691.068
694.167
689.092
689.607
693.182
675.072
684.283
683.462
685.601
684.979
676.253
682.563
681.667
669.809
692.109
687.974
688.544
697.523
696.832
696.992
696.388
696.667
697.428
697.852
697.669
697.769
697.2
697.455
697.788
695.037
691.258
691.605
696.53
694.085
695.723
692.079
692.873
695.978
697.885
697.801
697.446
697.936
697.906
697.929
697.827
697.871
697.926
697.929
697.902
697.887
697.941
697.937
697.944
697.88
697.92
697.929
697.901
697.91
697.859
667.793
683.905
683.419
685.396
684.516
668.629
695.87
692.528
692.998
690.815
691.062
695.11
664.997
682.225
681.833
682.993
682.602
665.659
696.413
696.549
697.362
690.485
694.563
694.34
694.999
694.782
690.815
697.9
697.845
697.838
697.869
697.855
697.903
697.307
697.678
697.708
697.637
697.64
697.27
697.89
697.825
697.821
697.833
697.829
697.892
653.139
678.233
678.433
677.642
677.993
652.954
694.184
689.046
688.89
652.234
677.26
676.766
678.115
677.703
653.544
693.907
688.716
688.889
687.81
687.938
693.633
646.009
675.325
674.802
676.273
675.8
647.487
697.886
697.813
697.815
697.809
697.811
697.885
697.051
697.633
697.63
697.675
697.661
697.079
697.892
697.825
697.83
697.818
697.821
697.891
697.876
697.8
697.799
697.801
697.8
697.876
697.876
697.799
697.8
697.799
697.799
697.876
665.146
633.326
629.129
639.607
636.768
667.26
656.418
615.933
612.647
624.446
619.873
658.582
619.127
623.189
588.436
677.595
655.018
652.541
672.227
644.612
642.135
649.894
647.187
673.652
570.316
610.267
614.638
564.215
562.417
625.479
647.88
602.962
597.705
609.703
606.667
650.292
633.192
573.288
567.612
590.208
581.379
637.12
697.417
696.383
696.486
695.448
695.609
697.131
596.075
593.389
624.292
632.365
603.255
599.359
566.871
563.639
598.364
609.504
577.32
571.724
695.229
692.913
693.213
692.169
692.559
695.034
695.947
694.023
694.291
693.484
693.753
695.781
685.289
690.542
690.136
605.955
581.605
577.791
586.345
585.427
608.75
674.558
662.895
662.788
660.231
661.616
673.479
697.948
697.948
697.948
697.948
697.948
697.948
697.938
697.947
697.947
697.947
697.947
697.938
697.948
697.948
697.948
697.948
697.948
697.948
697.948
697.948
697.948
697.948
697.948
697.947
697.948
697.948
697.948
697.948
697.948
697.948
697.948
697.948
697.948
697.948
697.948
697.948
697.858
697.925
697.918
697.088
697.729
697.737
693.552
695.757
695.612
696.026
695.891
693.76
697.66
697.097
697.159
697.947
697.945
697.934
696.61
697.405
697.319
697.557
697.482
696.749
697.932
697.942
697.944
697.935
697.939
697.924
697.947
697.945
697.943
697.513
697.636
697.725
695.37
696.862
696.528
697.216
697.076
695.952
697.75
697.858
697.863
697.686
697.692
696.935
697.932
697.882
697.881
697.886
697.884
697.932
655.326
680.586
681.216
679.65
680.061
653.805
694.803
690.252
690.057
663.162
683.205
683.779
681.883
682.519
661.585
697.751
697.744
697.336
697.927
697.926
697.862
697.941
697.941
697.946
680.584
690.912
691.257
690.141
690.54
679.763
697.388
695.848
695.744
695.959
697.139
697.082
697.23
697.188
696.072
594.854
621.007
623.136
617.266
619.088
593.041
663.851
643.708
642.058
697.948
697.948
697.948
697.948
697.948
697.948
697.948
697.948
697.948
697.948
697.948
697.947
697.948
697.948
697.948
697.946
697.948
697.948
697.218
697.273
697.716
694.527
696.295
696.162
696.528
696.419
694.773
697.938
697.943
697.946
697.878
697.927
697.913
691.826
695.471
695.222
696.132
695.768
692.362
697.631
697.219
697.368
697.887
697.921
697.925
697.869
697.877
697.776
689.886
689.728
694.546
652.075
679.07
679.332
678.63
678.84
652.153
667.244
685.259
685.772
684.297
684.792
666.305
697.394
697.768
697.758
697.816
697.811
697.541
644.596
647.693
614.933
602.78
638.611
641.688
693.081
692.668
688.809
694.541
694.769
696.363
690.49
693.786
693.452
653.546
652.008
668.892
606.262
630.189
632.314
625.472
627.868
603.268
614.995
639.168
641.136
634.865
637.098
613.047
679.345
686.8
686.202
687.928
687.386
680.43
694.335
691.6
691.927
600.981
577.825
580.719
579.691
578.541
601.928
516.639
551.658
552.246
566.166
570.874
477.123
675.476
646.033
631.938
659.943
655.145
675.024
697.948
697.948
697.948
697.948
697.948
697.948
697.948
697.948
697.948
697.948
697.948
697.948
697.948
697.948
697.948
697.948
697.948
697.948
697.948
697.948
697.948
697.948
697.948
697.948
697.948
697.948
697.948
697.948
697.948
697.948
697.948
697.948
697.948
697.948
697.948
697.948
697.948
697.948
697.948
697.948
697.948
697.948
697.948
697.948
697.948
697.948
697.948
697.948
697.948
697.948
697.948
697.948
697.948
697.948
697.948
697.948
697.948
697.948
697.948
697.948
697.948
697.948
697.948
697.948
697.948
697.948
697.948
697.948
697.948
697.948
697.948
697.948
697.948
697.948
697.948
697.948
697.948
697.948
697.948
697.948
697.948
697.948
697.948
697.948
697.948
697.948
697.948
697.948
697.948
697.948
697.948
697.948
697.948
697.948
697.948
697.948
697.948
697.948
697.948
697.948
697.948
697.948
697.948
697.948
697.948
697.948
697.947
697.947
697.948
697.948
697.948
697.948
697.948
697.948
697.948
697.948
697.948
548.083
640.687
640.215
697.948
697.948
697.948
697.948
697.948
697.948
697.948
697.948
697.948
697.947
697.855
697.868
654.753
696.883
696.881
697.948
697.948
697.948
697.948
697.948
697.948
697.948
697.948
697.948
697.948
697.948
697.948
697.948
697.946
697.947
697.476
656.093
655.849
678.915
697.926
697.931
697.948
697.948
697.948
697.947
697.947
697.948
697.948
697.948
697.948
697.948
697.948
697.948
697.948
697.948
697.948
697.948
697.948
697.948
697.948
697.948
697.948
697.948
697.948
697.948
697.948
697.948
697.948
697.948
697.948
697.948
697.948
697.948
697.948
697.948
697.948
697.948
697.948
697.948
697.948
697.948
697.948
697.948
697.225
697.763
697.771
697.948
697.948
697.948
594.952
595.447
538.202
697.948
697.948
697.948
697.948
697.948
697.947
697.938
697.939
697.936
697.918
697.934
697.936
697.668
697.85
697.844
697.839
697.833
697.608
697.932
697.931
697.885
697.482
696.197
696.12
696.037
695.946
697.415
697.687
697.703
697.883
697.948
697.948
697.948
697.948
697.948
697.948
697.948
697.948
697.948
697.639
697.87
697.874
697.838
697.844
697.542
697.948
697.948
697.948
697.948
697.948
697.948
697.948
697.948
697.948
697.948
697.948
697.948
697.47
697.824
697.831
697.779
697.787
697.325
697.898
697.935
697.934
697.939
697.939
697.914
697.921
697.941
697.94
697.948
697.948
697.948
697.948
697.948
697.948
697.948
697.948
697.948
697.948
697.948
697.948
692.183
694.788
694.575
695.724
695.599
693.682
641.872
665.319
666.775
654.817
656.692
627.83
697.948
697.948
697.948
697.947
697.947
697.948
697.948
697.948
697.948
694.371
695.945
695.841
697.946
697.948
697.947
697.948
697.948
697.948
658.314
674.806
675.727
668.132
669.366
648.701
697.948
697.948
697.948
697.948
697.948
697.948
697.948
697.948
697.948
697.948
697.948
697.948
697.948
697.945
697.946
697.941
697.943
697.947
697.934
697.889
697.887
697.893
697.891
697.934
697.948
697.948
697.948
697.947
697.947
697.948
697.946
697.942
697.942
697.887
697.718
697.73
697.948
697.948
697.948
697.948
697.948
697.948
697.948
697.948
697.948
697.948
697.948
697.948
697.948
697.948
697.948
697.948
697.948
697.948
697.948
697.948
697.948
697.948
697.948
697.948
697.948
697.948
697.948
697.948
697.948
697.948
697.948
697.948
697.948
697.948
697.948
697.948
697.948
697.948
697.948
697.948
697.948
697.948
697.948
697.948
697.948
697.948
697.948
697.948
697.948
697.948
697.948
697.948
697.948
697.948
697.948
697.948
697.948
697.948
697.948
697.948
697.948
697.948
697.948
697.948
697.948
697.948
697.948
697.948
697.948
697.809
697.931
697.931
697.93
697.931
697.808
643.362
642.039
553.114
689.337
674.576
675.3
674.51
674.487
689.349
697.948
697.948
697.948
697.948
697.948
697.948
697.948
697.948
697.948
697.948
697.948
697.948
697.811
697.835
697.947
616.594
690.844
690.648
691.442
691.134
615.995
696.88
696.883
655.593
697.948
697.934
697.934
697.935
697.934
697.948
697.948
697.948
697.948
697.947
697.948
697.948
697.948
697.948
697.946
697.948
697.948
697.948
697.948
697.948
697.948
697.946
697.948
697.948
697.948
697.948
697.946
697.946
697.948
697.948
697.948
697.948
697.946
697.947
697.948
697.948
697.948
697.948
697.947
697.82
697.933
697.93
697.938
697.938
697.857
697.948
697.947
697.947
552.727
553.164
517.003
487.64
567.652
565.321
697.948
697.948
697.948
697.948
697.948
697.948
697.948
697.948
697.948
697.948
697.948
697.948
697.948
697.948
697.948
697.948
697.948
697.948
697.948
697.948
697.948
697.948
697.948
697.948
697.948
697.948
697.948
697.948
697.948
697.948
697.948
697.948
697.948
697.945
697.947
697.948
697.945
697.946
697.943
697.948
697.948
697.948
697.948
697.948
697.948
697.948
697.948
697.948
697.948
697.948
697.948
697.948
697.948
697.948
697.948
697.948
697.948
697.948
697.948
697.948
697.948
697.948
697.948
697.948
697.948
697.948
697.745
697.754
697.19
697.936
697.898
697.896
697.902
697.9
697.936
697.948
697.948
697.948
696.011
697.096
697.024
697.219
697.16
696.143
652.985
652.762
572.943
696.456
686.998
686.987
666.736
637.546
636.941
638.406
638.033
667.06
538.989
595.758
595.865
695.896
695.953
697.649
613.999
684.317
683.965
697.933
697.947
697.947
697.946
697.947
697.923
697.948
697.948
697.948
697.946
697.948
697.948
697.901
697.933
697.924
697.941
697.938
697.921
697.947
697.948
697.948
697.948
697.948
697.947
697.928
697.931
697.909
697.948
697.948
697.948
697.948
697.948
697.948
697.946
697.948
697.948
697.948
697.948
697.946
697.946
697.948
697.948
697.948
697.948
697.946
680.965
690.87
691.216
690.143
690.517
680.052
677.234
689.361
689.765
688.447
688.925
676.164
697.947
697.948
697.948
697.859
697.854
697.685
697.59
697.828
697.822
697.947
697.948
697.948
697.948
697.948
697.947
696.498
697.321
697.273
697.405
697.366
696.6
697.947
697.943
697.944
697.943
697.943
697.947
697.88
697.93
697.929
696.323
696.267
697.5
683.37
692.133
692.345
691.575
691.868
682.749
681.033
690.585
690.706
692.256
690.998
681.476
697.739
697.739
697.894
696.213
697.257
697.258
697.288
697.265
696.24
697.948
697.948
697.948
697.948
697.948
697.948
697.861
697.865
697.622
697.564
697.85
697.855
697.948
697.948
697.948
697.948
697.948
697.948
697.948
697.948
697.948
697.948
697.948
697.948
697.81
697.817
697.444
697.357
697.795
697.803
697.936
697.936
697.902
697.911
697.938
697.937
697.948
697.948
697.948
697.948
697.948
697.948
697.948
697.948
697.948
697.948
697.948
697.948
697.948
697.948
697.948
697.948
697.948
697.948
697.948
697.948
697.948
697.948
697.948
697.948
697.948
697.948
697.948
697.948
697.948
697.948
697.948
697.948
697.948
697.948
697.948
697.948
697.948
697.948
697.948
697.948
697.948
697.948
697.948
697.948
697.948
697.948
697.948
697.948
695.347
696.753
696.644
696.942
696.851
695.526
695.157
694.985
692.54
693.422
695.462
695.318
697.754
697.88
697.856
697.913
697.898
697.799
697.244
697.705
697.631
697.822
697.771
697.441
691.544
691.845
683.579
672.128
687.367
687.927
686.259
686.826
670.702
661.987
663.702
639.063
630.396
658.439
660.24
622.747
646.364
648.09
642.93
644.744
620.792
631.494
652.66
653.224
649.657
651.289
629.34
683.017
689.078
688.536
689.792
689.523
683.692
695.086
697.221
697.305
647.138
644.616
623.403
683.709
689.388
689.393
697.948
697.948
697.948
697.948
697.948
697.948
697.948
697.948
697.948
697.948
697.948
697.948
697.948
697.948
697.948
697.948
697.948
697.948
697.948
697.948
697.948
690.87
691.018
681.866
697.948
697.948
697.947
697.948
697.948
697.948
672.757
673.801
656.463
650.672
670.548
671.672
697.948
697.948
697.948
697.948
697.948
697.948
697.948
697.948
697.948
697.948
697.948
697.948
697.948
697.948
697.948
697.948
697.948
697.948
697.948
697.948
697.948
697.948
697.948
697.948
697.948
697.948
697.948
697.948
697.948
697.948
697.948
697.948
697.948
697.948
697.948
697.948
697.948
697.948
697.948
697.948
697.948
697.948
697.948
697.948
697.948
697.948
697.948
697.948
697.948
697.948
697.948
697.948
697.947
697.947
697.948
697.948
697.948
697.948
697.948
697.948
697.948
697.948
697.948
697.948
697.948
697.948
697.948
697.948
697.948
697.949
697.941
697.944
697.41
656.812
656.327
679.567
697.916
697.922
697.948
697.949
697.948
697.947
697.947
697.948
697.948
697.948
697.948
697.948
697.948
697.948
697.948
697.948
697.948
573.883
652.691
652.74
684.859
684.619
616.27
695.47
695.428
697.196
697.894
697.74
697.746
697.948
697.948
697.948
697.948
697.948
697.948
697.943
697.943
697.928
697.746
697.897
697.899
697.878
697.882
697.686
697.948
697.948
697.948
697.948
697.948
697.948
697.948
697.948
697.948
697.948
697.948
697.948
697.948
697.948
697.948
697.948
697.948
697.948
697.948
697.948
697.948
697.948
697.948
697.948
697.948
697.948
697.948
697.948
697.948
697.948
697.948
697.948
697.948
697.948
697.948
697.948
697.948
697.948
697.948
697.948
697.948
697.948
697.948
697.948
697.948
697.948
697.948
697.948
697.948
697.948
697.948
697.948
697.948
697.948
697.948
697.948
697.948
697.948
697.948
697.948
697.948
697.948
697.948
697.948
697.948
697.948
697.948
697.948
697.948
697.948
697.948
697.948
697.948
697.948
697.948
697.948
697.948
697.948
697.948
697.948
697.948
697.948
697.948
697.948
697.948
697.948
697.948
697.948
697.948
697.948
697.948
697.948
697.948
697.948
697.948
697.948
697.948
697.948
697.948
697.948
697.948
697.948
697.948
697.948
697.948
697.948
697.948
697.948
697.948
697.948
697.948
697.947
697.947
697.948
697.948
697.948
697.948
697.948
697.948
697.948
697.948
697.948
697.948
697.948
697.948
697.948
697.948
697.948
697.948
697.948
697.948
697.948
697.948
697.948
697.948
697.948
697.948
697.948
697.948
697.948
697.948
697.948
697.948
697.948
697.948
697.948
697.948
697.948
697.948
697.948
697.948
697.948
697.948
697.948
697.948
697.948
697.931
697.931
697.81
686.785
686.952
696.456
697.657
696.003
696.05
697.923
697.946
697.946
697.948
697.948
697.948
697.948
697.948
697.948
697.948
697.948
697.947
697.276
695.646
696.282
697.948
697.948
697.948
697.948
697.948
697.948
697.948
697.948
697.948
697.948
697.948
697.948
697.948
697.948
697.948
697.948
697.948
697.948
697.94
697.914
697.912
697.938
697.906
697.904
697.91
697.908
697.938
697.947
697.945
697.945
697.944
697.944
697.947
697.945
697.945
697.947
697.942
697.941
697.922
697.927
697.942
697.942
697.948
697.948
697.948
697.948
697.948
697.948
697.891
697.894
697.736
697.7
697.885
697.888
697.948
697.948
697.948
697.948
697.948
697.948
697.948
697.948
697.948
697.948
697.948
697.948
697.948
697.948
697.948
697.948
697.948
697.948
697.948
697.948
697.948
697.948
697.948
697.948
697.948
697.948
697.948
697.948
697.948
697.948
697.948
697.948
697.948
697.948
697.948
697.948
697.948
697.948
697.948
697.948
697.948
697.948
697.948
697.948
697.948
697.948
697.948
697.948
697.948
697.948
697.948
697.948
697.948
697.948
697.948
697.948
697.948
697.948
697.948
697.948
697.948
697.948
697.948
697.948
697.948
697.948
697.948
697.948
697.948
697.948
697.948
697.948
697.948
697.948
697.948
697.948
697.948
697.948
697.948
697.948
697.948
697.948
697.948
697.948
697.948
697.948
697.948
697.948
697.948
697.948
697.947
697.74
697.782
658.293
696.866
696.876
697.948
697.948
697.948
697.948
697.948
697.948
697.948
697.948
697.948
697.948
697.948
697.948
697.948
697.948
697.948
697.948
697.948
697.948
697.948
697.948
697.948
697.948
697.948
697.948
697.948
697.948
697.948
697.948
697.948
697.948
697.948
697.948
697.948
697.948
697.948
697.948
697.948
697.948
697.948
697.948
697.948
697.948
697.948
697.948
697.948
697.948
697.948
697.948
697.948
697.948
697.948
697.948
697.948
697.948
697.948
697.948
697.948
697.948
697.948
697.948
690.622
690.6
618.911
697.934
697.933
697.949
697.948
697.948
697.948
697.948
697.948
697.948
697.948
697.948
697.948
669.084
573.653
412.233
668.351
571.975
410.377
659.567
557.543
400.694
658.994
556.809
400.562
383.365
319.253
276.371
696.717
673.515
500.974
662.608
549.993
357.39
657.879
540.728
351.645
380.7
317.667
276.214
494.125
421.852
326.817
696.45
669.924
491.947
672.249
577.808
412.065
672.741
578.572
412.177
664.763
566.608
407.842
664.495
566.723
408.766
653.034
547.436
393.962
653.848
549.135
395.469
468.693
379.882
291.579
473.234
397.742
296.374
473.725
414.749
325.57
697.774
691.461
586.285
685.813
609.339
417.101
687.356
615.072
420.572
685.289
607.436
415.929
670.245
574.637
410.954
667.011
570.36
410.444
661.838
562.212
404.974
656.486
552.9
396.804
631.93
517.46
374.663
695.858
658.095
472.001
383.816
314.289
275.554
459.57
389.265
299.873
472.575
400.913
299.403
550.63
427.92
313.258
459.209
344.64
281.575
468.563
349.88
282.871
480.491
356.809
284.358
472.551
352.23
283.244
497.98
367.658
286.889
483.883
358.882
284.894
495.115
365.851
286.421
456.963
343.458
281.28
447.957
338.755
280.359
436.841
333.362
279.175
445.2
337.355
279.99
413.394
323.061
276.679
421.914
326.517
277.575
433.619
331.774
278.767
425.487
328.247
277.955
409.816
321.395
276.402
361.778
303.218
272.695
370.371
309.956
274.551
451.002
371.264
293.657
687.832
616.931
421.837
689.531
624.362
425.587
689.995
626.598
427.505
670.851
575.805
411.832
674.35
581.734
414.499
666.483
569.502
409.879
662.259
562.567
404.632
650.981
544.243
391.239
655.708
551.571
395.956
622.935
504.971
363.135
627.576
511.16
371.326
623.927
506.588
364.8
630.769
515.803
372.498
628.237
511.964
372.224
605.996
481.145
347.591
593.472
467.313
334.688
591.471
465.521
332.548
547.623
425.358
311.729
539.206
419.868
313.053
677.089
586.827
413.789
677.481
587.233
412.781
669.374
573.625
411.309
676.582
585.842
413.593
675.916
584.111
412.007
667.772
570.951
409.66
660.289
558.8
401.607
648.317
540.329
391.723
648.792
540.672
391.484
658.547
556.474
400.943
647.416
538.637
389.909
646.488
536.94
388.158
389.763
317.969
276.326
388.925
317.888
276.306
384.777
318.094
276.089
390.441
317.648
276.272
390.935
317.271
276.196
696.892
675.742
509.02
584.945
458.342
330.495
582.722
456.403
328.277
667.142
559.247
363.282
685.712
609.496
407.074
654.079
533.2
346.681
376.957
314.522
275.693
494.296
422.656
323.841
696.094
666.312
485.75
680.258
593.759
415.978
671.858
577.473
412.638
673.323
579.723
412.903
665.184
567.006
407.628
663.564
564.869
406.379
652.277
546.379
393.36
654.532
550.144
396.01
642.948
532.132
384.486
586.506
459.906
332.268
588.271
462.289
330.872
697.753
690.409
562.98
697.662
686.974
544.206
470.895
385.801
292.666
472.464
392.34
293.939
686.444
611.987
420.045
686.917
613.615
420.609
684.53
605.353
418.762
678.533
589.371
412.933
677.966
588.086
412.477
669.75
573.9
410.771
674.602
581.883
414.409
675.389
582.998
411.487
667.324
570.412
409.69
661.068
560.626
403.44
650.041
542.389
392.72
649.387
541.359
391.728
657.28
554.656
398.304
644.839
534.444
386.324
645.651
535.521
387.001
633.92
519.616
377.879
633.328
519.101
377.427
386.68
315.066
275.696
387.901
316.65
276.1
384.553
314.749
275.583
390.198
316.099
275.944
390.933
316.833
276.092
388.17
315.146
275.825
465.988
398.163
303.707
470.235
401.415
302.417
697.153
679.321
519.334
576.876
450.802
327.033
579.009
453.192
325.881
580.695
454.719
326.436
675.712
580.444
380.938
669.97
565.995
369.103
679.125
589.677
388.743
682.055
598.555
397.751
648.176
522.1
339.235
565.35
419.782
299.059
461.903
346.099
281.953
465.011
347.824
282.398
477.533
355.022
283.895
475.042
353.547
283.524
487.74
361.299
285.47
492.087
364.05
285.979
454.801
342.472
281.074
451.167
340.474
280.766
440.495
335.254
279.503
442.942
336.312
279.713
415.916
323.93
276.883
418.747
325.11
277.191
430.849
330.487
278.418
428.669
329.698
278.197
406.26
319.73
276.016
373.104
312.29
275.199
441.882
343.388
286.19
689.14
622.716
425.117
688.299
618.988
424.271
690.491
629.251
431.082
679.18
591.097
414.242
679.821
592.917
415.922
671.578
577.554
413.769
674.007
581.405
414.678
665.754
567.946
408.251
662.832
563.437
405.063
651.708
545.736
393.021
655.055
550.657
395.718
644.163
533.781
386.123
643.7
533.555
386.226
641.986
530.055
385.53
622.116
503.776
362.314
626.732
509.922
369.938
625.19
508.265
367.014
629.173
513.208
370.04
629.921
514.209
370.863
595.572
469.274
337.053
589.701
463.819
331.187
544.52
423
310.47
541.661
421.293
309.816
697.862
693.775
597.387
697.911
695.686
625.296
697.91
695.684
627.472
453.727
362.691
292.24
462.373
379.672
304.97
618.758
478.854
319.492
584.645
439.12
304.927
623.699
485.407
322.084
579.103
433.675
303.545
374.24
306.823
273.22
366.415
304.502
272.825
364.619
306.221
273.516
365.05
304.032
272.722
365.664
306.698
273.641
520.851
412.237
327.179
694.032
649.012
453.057
693.499
645.718
447.129
601.082
474.784
341.988
611.252
487.867
352.541
610.303
486.455
351.53
600.141
473.574
341.399
597.622
471.213
339.645
697.034
670.929
497.403
697.352
677.871
512.3
438.931
376.081
322.794
562.774
437.656
319.725
390.09
316.694
276.83
397.107
320.999
278.161
422.078
349.359
283.963
433.419
338.436
282.278
481.728
408.703
315.209
683.637
602.721
417.055
634.529
520.308
378.668
635.473
521.479
376.467
638.375
525.681
381.757
533.106
413.229
309.714
691.423
632.184
434.441
390.889
317.43
276.341
697.486
685.034
542.953
697.292
681.746
530.181
571.871
446.031
324.555
559.759
435.211
317.545
570.4
444.616
324.493
568.502
442.392
325.162
687.764
617.073
416.146
597.602
453.202
309.817
602.835
459.078
311.794
642.993
513.913
335.745
638.076
506.239
331.946
371.58
306.097
273.129
370.114
305.443
272.996
362.269
304.35
273.038
365.851
308.233
274.206
386.212
314.783
275.901
390.798
317.348
276.339
388.822
316.022
276.071
427.173
348.022
283.888
433.164
340.098
282.648
486.362
414.133
317.44
695.166
657.636
466.004
695.427
659.866
470.535
681.528
596.776
414.824
682.993
600.5
414.96
680.707
594.934
417.224
641.239
528.819
384.102
639.096
526.453
382.44
604.733
479.62
345.673
531.125
411.098
306.955
463.785
367.595
288.953
444.591
343.558
285.817
469.954
392.598
311.393
535.841
417.822
318.855
536.467
417.095
317.393
535.086
417.875
317.948
534.247
417.037
315.706
612.464
470.137
315.342
443.171
347.689
284.531
447.227
350.522
285.156
589.196
443.763
306.358
629.784
493.467
325.026
574.283
428.928
302.208
546.739
404.011
295.612
551.114
407.706
296.615
515.09
379.758
289.522
518.076
381.786
290.07
542.933
400.727
294.7
539.817
398.305
293.948
510.362
376.418
288.97
506.538
373.793
288.413
374.742
306.757
273.255
377.708
307.776
273.412
391.512
313.298
274.499
389.591
312.589
274.348
393.639
314.12
274.69
396.005
315.155
274.947
373.619
306.933
273.297
367.566
304.789
272.882
363.73
305.666
273.373
363.24
302.932
272.54
366.276
306.878
273.738
435.312
342.117
283.163
439.003
345.027
283.917
694.33
651.006
455.688
694.635
653.293
460.107
692.911
642.024
445.211
620.398
501.054
363.126
621.17
502.121
364.209
602.161
476.349
342.924
619.528
499.884
361.973
617.734
498.118
358.857
612.166
489.433
353.653
609.111
484.906
349.643
529.436
413.065
317.831
466.274
372.165
289.863
457.683
359.72
287.215
460.852
363.439
288.042
697.854
693.678
604.677
697.716
689.895
571.987
697.58
686.974
555.514
565.775
440.108
322.258
389.005
315.938
276.329
388.24
315.53
276.049
405.596
327.385
280.007
414.677
337.437
282.218
435.956
333.758
281.853
476.332
401.853
313.546
684.191
604.597
418.924
636.185
522.451
377.381
637.052
524.038
379.168
538.771
419.574
323.551
537.93
418.442
320.879
533.726
414.696
311.977
693.093
640.848
446.271
694.928
650.782
459.24
390.583
317.126
276.272
390.097
316
275.982
454.346
356.376
286.468
450.866
353.325
285.784
573.538
447.608
325.056
575.259
449.245
325.771
554.315
430.98
314.06
556.868
432.84
315.658
593.035
448.035
307.979
608.624
465.533
313.69
633.747
499.378
328.286
570.333
425.033
301.097
561.409
416.375
298.518
556.045
411.881
297.646
525.198
387.154
291.513
521.365
384.281
290.742
529.536
390.431
292.351
534.419
394.161
293.204
501.205
369.793
287.175
383.511
310.141
273.876
380.685
308.922
273.62
386.057
311.336
274.122
387.971
312.086
274.252
402.183
317.694
275.41
403.87
318.403
275.518
400.759
317.368
275.353
398.583
316.425
275.215
373.069
306.997
273.301
368.779
305.078
272.932
362.939
305.059
273.215
360.288
301.797
272.447
366.112
307.179
273.899
390.707
317.355
276.338
390.107
316.89
276.243
430.112
332.837
282.478
433.247
340.729
282.793
489.507
417.398
318.26
695.716
662.605
477.817
692.081
637.251
437.878
692.601
640.287
443.22
691.667
634.802
434.776
691.061
631.925
435.784
681.92
597.519
414.028
682.418
598.781
414.052
640.432
527.764
383.167
639.71
526.967
382.64
603.413
477.987
344.128
614.934
494.761
354.476
616.208
496.415
356.327
613.018
490.941
354.984
614.015
493.27
353.536
607.675
483.465
347.57
530.261
410.397
309.038
697.899
695.193
620.601
)
;

boundaryField
{
    topAndBottom
    {
        type            calculated;
        value           nonuniform List<scalar> 
72
(
697.948
697.948
697.948
697.948
697.948
697.948
697.948
697.948
697.948
697.948
697.948
697.948
697.948
697.948
697.948
697.948
697.948
697.948
697.948
697.948
697.948
697.948
697.948
697.948
697.948
697.948
697.948
697.948
697.948
697.948
697.948
697.948
697.948
697.948
697.948
697.948
697.948
697.948
697.948
697.948
697.948
697.948
697.948
697.948
697.948
697.948
697.948
697.948
697.948
697.948
697.948
697.948
697.948
697.948
697.948
697.948
697.948
697.948
697.948
697.948
697.948
697.948
697.948
697.948
697.948
697.948
697.948
697.948
697.948
697.948
697.948
697.948
)
;
    }
    inlet
    {
        type            calculated;
        value           uniform 697.948;
    }
    outlet
    {
        type            calculated;
        value           nonuniform List<scalar> 
24
(
697.948
697.948
697.948
697.948
697.948
697.948
697.948
697.948
697.948
697.909
696.745
678.933
689.72
697.93
697.948
697.948
697.948
697.948
697.948
697.948
697.948
697.948
697.948
697.948
)
;
    }
    wing
    {
        type            calculated;
        value           uniform 261.412;
    }
    front
    {
        type            empty;
    }
    back
    {
        type            empty;
    }
}


// ************************************************************************* //
