/*--------------------------------*- C++ -*----------------------------------*\
| =========                 |                                                 |
| \\      /  F ield         | OpenFOAM: The Open Source CFD Toolbox           |
|  \\    /   O peration     | Version:  5.x                                   |
|   \\  /    A nd           | Web:      www.OpenFOAM.org                      |
|    \\/     M anipulation  |                                                 |
\*---------------------------------------------------------------------------*/
FoamFile
{
    version     2.0;
    format      ascii;
    class       volScalarField;
    location    "100";
    object      Y;
}
// * * * * * * * * * * * * * * * * * * * * * * * * * * * * * * * * * * * * * //

dimensions      [0 0 0 0 0 0 0];

internalField   nonuniform List<scalar> 
6584
(
0.00632781
0.00632781
0.00632781
0.00632781
0.00632781
0.00632781
0.00632781
0.00632782
0.00632782
0.00632782
0.00632782
0.00632782
0.00632782
0.00632782
0.00632782
0.00632782
0.00632782
0.00632781
0.00632781
0.00632781
0.00632781
0.00632781
0.00632781
0.00632781
0.00632561
0.00632561
0.00632561
0.00632562
0.00632562
0.00632562
0.00632562
0.00632563
0.00632563
0.00632563
0.00632563
0.00632563
0.00632563
0.00632563
0.00632563
0.00632563
0.00632563
0.00632563
0.00632562
0.00632562
0.00632562
0.00632561
0.00632561
0.00632561
0.00632341
0.00632342
0.00632342
0.00632342
0.00632342
0.00632342
0.00632343
0.00632344
0.00632345
0.00632454
0.00632454
0.00632454
0.00632454
0.00632454
0.00632454
0.00632345
0.00632344
0.00632344
0.00632343
0.00632343
0.00632342
0.00632342
0.00632342
0.00632341
0.00632122
0.00632122
0.00632122
0.00632123
0.00632123
0.00632123
0.00632124
0.00632125
0.00632126
0.00632235
0.00632235
0.00632234
0.00632234
0.00632235
0.00632235
0.00632235
0.00632125
0.00632124
0.00632124
0.00632123
0.00632123
0.00632123
0.00632122
0.00632122
0.00631902
0.00631903
0.00631903
0.00631903
0.00631904
0.00631904
0.00631904
0.00631904
0.00632015
0.00632016
0.00632014
0.00632013
0.00632013
0.00632013
0.00632015
0.00632016
0.00632015
0.00631906
0.00631905
0.00631904
0.00631904
0.00631903
0.00631903
0.00631903
0.00631683
0.00631683
0.00631684
0.00631684
0.00631685
0.00631685
0.00631686
0.00631795
0.00631794
0.00631793
0.00631848
0.00631845
0.00631844
0.00631846
0.00631795
0.00631797
0.00631797
0.00631689
0.00631687
0.00631686
0.00631685
0.00631684
0.00631684
0.00631683
0.00631464
0.00631464
0.00631464
0.00631465
0.00631466
0.00631466
0.00631468
0.00631576
0.00631575
0.00631574
0.00631622
0.00631645
0.00631641
0.0063162
0.0063163
0.00631579
0.0063158
0.00631473
0.00631469
0.00631468
0.00631467
0.00631466
0.00631465
0.00631464
0.00631245
0.00631245
0.00631246
0.00631246
0.00631247
0.00631248
0.00631251
0.00631358
0.00631358
0.00631358
0.00631402
0.00631411
0.00631418
0.00631412
0.00631365
0.00631365
0.00631257
0.00631253
0.0063125
0.00631249
0.00631247
0.00631246
0.00631246
0.00631026
0.00631026
0.00631027
0.00631028
0.00631029
0.00631031
0.00631034
0.00631142
0.00631142
0.00631145
0.00631189
0.00631199
0.00631207
0.00631203
0.00631155
0.00631152
0.00631043
0.00631036
0.00631033
0.00631031
0.00631029
0.00631028
0.00631027
0.00630807
0.00630807
0.00630808
0.0063081
0.00630811
0.00630813
0.00630818
0.00630926
0.00630928
0.00630934
0.00630981
0.00631
0.00631013
0.00631
0.00630947
0.0063094
0.00630829
0.0063082
0.00630816
0.00630813
0.00630811
0.00630809
0.00630808
0.00630588
0.00630589
0.0063059
0.00630591
0.00630593
0.00630596
0.00630601
0.0063071
0.00630714
0.00630723
0.00630775
0.00630801
0.00630822
0.00630799
0.00630739
0.00630729
0.00630615
0.00630605
0.00630599
0.00630595
0.00630592
0.0063059
0.00630589
0.00630369
0.0063037
0.00630371
0.00630373
0.00630376
0.00630379
0.00630385
0.00630494
0.006305
0.00630511
0.00630567
0.00630597
0.00630623
0.00630596
0.0063053
0.00630517
0.006304
0.00630389
0.00630382
0.00630377
0.00630374
0.00630372
0.0063037
0.0063015
0.00630151
0.00630153
0.00630155
0.00630158
0.00630162
0.00630168
0.00630278
0.00630285
0.00630297
0.00630355
0.00630382
0.00630411
0.00630387
0.00630319
0.00630305
0.00630185
0.00630173
0.00630165
0.00630159
0.00630155
0.00630153
0.00630151
0.00629932
0.00629933
0.00629934
0.00629937
0.0062994
0.00629944
0.00629951
0.00629956
0.00630068
0.00630078
0.00630135
0.00630149
0.00479599
0.00630156
0.00630173
0.00630106
0.0063009
0.00629969
0.00629956
0.00629948
0.00629941
0.00629937
0.00629934
0.00629932
0.00629713
0.00629714
0.00629716
0.00629718
0.00629722
0.00629726
0.00629732
0.00629736
0.00629848
0.00629858
0.00629916
0.00629888
0.00590597
0.00629927
0.00629896
0.00629889
0.0062976
0.00629751
0.00629737
0.00629729
0.00629723
0.00629718
0.00629715
0.00629712
0.00629494
0.00629495
0.00629497
0.006295
0.00629503
0.00629508
0.00629513
0.00629517
0.00629629
0.00629641
0.00629645
0.00629656
0.00593474
0.0062965
0.00629678
0.00629672
0.00629543
0.00629533
0.00629518
0.0062951
0.00629503
0.00629498
0.00629495
0.00629493
0.00629275
0.00629277
0.00629279
0.00629282
0.00629285
0.00629289
0.00629294
0.006293
0.00629308
0.00629424
0.00629428
0.00628771
0.00611732
0.00629422
0.00629459
0.00629454
0.00629325
0.00629314
0.00629299
0.0062929
0.00629284
0.00629278
0.00629275
0.00629272
0.00629056
0.00629058
0.0062906
0.00629063
0.00629067
0.0062907
0.00629076
0.00629083
0.00629091
0.00629101
0.00629211
0.00628015
0.00611982
0.00629194
0.00629133
0.00629119
0.00629106
0.00629095
0.0062908
0.00629071
0.00629064
0.00629058
0.00629055
0.00629051
0.00628837
0.00628839
0.00628841
0.00628845
0.00628848
0.00628852
0.00628858
0.00628866
0.00628875
0.00628884
0.0062877
0.00609134
0.00620374
0.00628877
0.00628915
0.00628901
0.00628888
0.00628876
0.00628861
0.00628851
0.00628844
0.00628838
0.00628834
0.0062883
0.00628619
0.0062862
0.00628623
0.00628626
0.0062863
0.00628634
0.00628641
0.00628649
0.00628658
0.00628667
0.00628469
0.00609013
0.00620226
0.0062865
0.00628696
0.00628683
0.00628669
0.00628657
0.00628641
0.00628631
0.00628624
0.00628617
0.00628614
0.0062861
0.006284
0.00628402
0.00628404
0.00628408
0.00628412
0.00628416
0.00628423
0.00628432
0.00628442
0.0062845
0.00628176
0.00608885
0.0062007
0.00628423
0.00628477
0.00628465
0.00628451
0.00628437
0.00628422
0.00628411
0.00628403
0.00628397
0.00628393
0.00628389
0.00628181
0.00628183
0.00628186
0.00628189
0.00628194
0.00628198
0.00628206
0.00628216
0.00628227
0.00628233
0.00627891
0.00608752
0.00619908
0.00628196
0.00628259
0.00628247
0.00628232
0.00628218
0.00628202
0.00628191
0.00628183
0.00628176
0.00628172
0.00628168
0.00627962
0.00627964
0.00627967
0.00627971
0.00627976
0.0062798
0.00627989
0.00628
0.00628011
0.00628016
0.00627612
0.00608614
0.00619742
0.00627969
0.0062804
0.00628029
0.00628013
0.00627999
0.00627983
0.00627971
0.00627963
0.00627956
0.00627952
0.00627947
0.00627744
0.00627746
0.00627749
0.00627753
0.00627758
0.00627763
0.00627772
0.00627784
0.00627796
0.00627799
0.0062734
0.00608473
0.00619573
0.00627741
0.00627821
0.00627811
0.00627795
0.00627779
0.00627763
0.00627751
0.00627742
0.00627735
0.00627731
0.00627726
0.00627525
0.00627527
0.0062753
0.00627535
0.0062754
0.00627545
0.00627554
0.00627568
0.0062758
0.00627581
0.00627075
0.00608326
0.00619402
0.00627513
0.00627602
0.00627593
0.00627576
0.0062756
0.00627543
0.00627531
0.00627522
0.00627514
0.0062751
0.00627505
0.00627306
0.00627309
0.00627312
0.00627316
0.00627322
0.00627328
0.00627338
0.00627352
0.00627365
0.00627363
0.00626807
0.00608181
0.0061923
0.00627285
0.00627382
0.00627375
0.00627358
0.00627341
0.00627323
0.00627311
0.00627302
0.00627294
0.00627289
0.00627284
0.00627088
0.0062709
0.00627094
0.00627098
0.00627104
0.00627111
0.00627121
0.00627136
0.0062715
0.00627145
0.00626538
0.00608037
0.00619061
0.00627057
0.00627163
0.00627157
0.0062714
0.00627122
0.00627104
0.00627091
0.00627081
0.00627073
0.00627069
0.00627063
0.00626869
0.00626872
0.00626875
0.0062688
0.00626886
0.00626893
0.00626904
0.0062692
0.00626935
0.00626927
0.00626275
0.0060789
0.0061889
0.00626829
0.00626944
0.00626939
0.00626922
0.00626903
0.00626885
0.00626871
0.00626861
0.00626853
0.00626848
0.00626843
0.00626651
0.00626654
0.00626657
0.00626662
0.00626669
0.00626676
0.00626687
0.00626705
0.0062672
0.00626709
0.00626017
0.00607738
0.00618717
0.006266
0.00626724
0.00626722
0.00626703
0.00626684
0.00626665
0.00626651
0.00626641
0.00626633
0.00626628
0.00626622
0.00626432
0.00626435
0.00626439
0.00626445
0.00626451
0.00626459
0.00626471
0.00626489
0.00626506
0.00626491
0.00625764
0.00607583
0.00618542
0.00626371
0.00626504
0.00626504
0.00626485
0.00626465
0.00626446
0.00626432
0.00626421
0.00626412
0.00626407
0.00626402
0.00626214
0.00626217
0.00626221
0.00626227
0.00626234
0.00626242
0.00626255
0.00626274
0.00626291
0.00626273
0.00625515
0.00607424
0.00618365
0.00626142
0.00626284
0.00626285
0.00626267
0.00626246
0.00626227
0.00626212
0.00626201
0.00626192
0.00626186
0.00626181
0.00625996
0.00625999
0.00626003
0.00626009
0.00626016
0.00626025
0.00626039
0.00626059
0.00626076
0.00626054
0.0062527
0.00607261
0.00618185
0.00625913
0.00626063
0.00626067
0.00626049
0.00626028
0.00626007
0.00625992
0.00625981
0.00625972
0.00625966
0.00625961
0.00625778
0.00625781
0.00625785
0.00625791
0.00625799
0.00625809
0.00625823
0.00625844
0.00625861
0.00625836
0.00625029
0.00607095
0.00618004
0.00625684
0.00625842
0.00625848
0.0062583
0.00625809
0.00625788
0.00625772
0.00625761
0.00625751
0.00625745
0.0062574
0.00625559
0.00625563
0.00625567
0.00625573
0.00625582
0.00625592
0.00625607
0.00625628
0.00625645
0.00625617
0.0062479
0.00606925
0.0061782
0.00625454
0.00625621
0.0062563
0.00625612
0.0062559
0.00625569
0.00625553
0.00625541
0.00625531
0.00625525
0.00625519
0.00625341
0.00625345
0.00625349
0.00625356
0.00625364
0.00625375
0.00625391
0.00625413
0.0062543
0.00625399
0.00624554
0.00606753
0.00617634
0.00625225
0.00625399
0.00625411
0.00625393
0.00625371
0.00625349
0.00625333
0.0062532
0.00625311
0.00625304
0.00625299
0.00625123
0.00625127
0.00625132
0.00625138
0.00625147
0.00625159
0.00625175
0.00625198
0.00625215
0.0062518
0.00624314
0.0060658
0.00617444
0.00624995
0.00625177
0.00625192
0.00625175
0.00625153
0.0062513
0.00625113
0.006251
0.0062509
0.00625084
0.00625078
0.00631224
0.0063123
0.00631413
0.00631024
0.00631036
0.00631205
0.00630826
0.00630845
0.00631012
0.00630623
0.00630647
0.00630821
0.0063041
0.00630437
0.00630622
0.00630179
0.00469353
0.00474623
0.00630211
0.0063041
0.0063144
0.00631641
0.00631441
0.00631645
0.00631241
0.00631228
0.00631417
0.00631303
0.00631406
0.00631232
0.00631251
0.00631408
0.00631033
0.00631026
0.00631202
0.00631123
0.00630968
0.0063116
0.00630673
0.00631128
0.00631037
0.00631049
0.006312
0.00630827
0.00630827
0.00631001
0.00630926
0.00630496
0.00630614
0.00625899
0.00628423
0.00630846
0.0063085
0.00630999
0.00630619
0.00630623
0.00630802
0.00630726
0.0063045
0.0063046
0.00629317
0.00627204
0.00630648
0.00630649
0.006308
0.00630249
0.00630264
0.00630439
0.00630442
0.00630598
0.00630211
0.00630267
0.00629946
0.00516211
0.00469801
0.00557748
0.00629967
0.0063018
0.00631183
0.00631297
0.00631302
0.00631292
0.00631107
0.00631408
0.00631306
0.00631146
0.00631296
0.00631305
0.00631294
0.00631183
0.00630645
0.00630928
0.00631099
0.00630571
0.00629701
0.00631054
0.00630625
0.00628593
0.0063065
0.00631108
0.00630866
0.00630298
0.0063117
0.00630884
0.00631132
0.00630461
0.00630488
0.00630901
0.00629516
0.00629862
0.00629667
0.00629501
0.00627123
0.00625748
0.00630917
0.00629994
0.00630091
0.00630283
0.00630012
0.0063094
0.00629721
0.00629947
0.00629886
0.0062968
0.00630244
0.00629438
0.00630723
0.00630367
0.00630485
0.00630096
0.0063035
0.00630747
0.00630087
0.0063011
0.0062997
0.00630079
0.00630271
0.00630259
0.00630482
0.0063044
0.00630544
0.00630076
0.00629873
0.0063011
0.00630084
0.00630103
0.006302
0.00631329
0.00631311
0.00631413
0.00631319
0.00631395
0.00630408
0.0063041
0.00630597
0.00630518
0.00630375
0.00630421
0.00625847
0.00623312
0.00630214
0.00630229
0.0063039
0.00631401
0.00631326
0.00631411
0.00631307
0.00631331
0.00630426
0.00630448
0.006307
0.00530742
0.00549166
0.00602058
0.0061002
0.00550257
0.00570766
0.00622824
0.00618315
0.00630518
0.00630431
0.00630359
0.00610971
0.00615781
0.00630348
0.00630259
0.00630327
0.0063153
0.00631519
0.00631424
0.00631422
0.00631518
0.0063153
0.00631307
0.00631346
0.00631318
0.006314
0.00631329
0.0063136
0.00630847
0.00630947
0.00627299
0.00627434
0.00628589
0.00628343
0.00630204
0.00617981
0.00630351
0.0062771
0.00626128
0.00626171
0.00627715
0.00630248
0.00628713
0.00631242
0.00624054
0.0063039
0.00622781
0.00631218
0.00630586
0.00631321
0.00631349
0.00631275
0.00629409
0.00631229
0.00631239
0.00630054
0.00630002
0.00630914
0.00630883
0.00629469
0.00629583
0.00630383
0.0063106
0.00631098
0.00631009
0.00631047
0.00630373
0.00631055
0.00631163
0.00631201
0.00631111
0.0063115
0.00631017
0.00629687
0.00629707
0.00629506
0.00629493
0.00624124
0.00624335
0.0062985
0.00630865
0.006309
0.00630818
0.00630853
0.00629841
0.00630178
0.0063096
0.00630996
0.00630912
0.00630948
0.00630162
0.0053285
0.00629833
0.00555752
0.00536028
0.00577697
0.00557098
0.00629864
0.00629496
0.0053795
0.00629543
0.00630012
0.00629957
0.00630213
0.00630771
0.00630806
0.00630723
0.00630759
0.00630243
0.00589849
0.00600366
0.00630028
0.00594222
0.00579166
0.00606162
0.00595848
0.00630043
0.00572725
0.00588188
0.00630276
0.00623116
0.00625869
0.00618539
0.00622578
0.00630275
0.00617237
0.00615023
0.00616617
0.00507692
0.0061632
0.00614376
0.00523842
0.00627741
0.00627852
0.00631379
0.00630192
0.00630184
0.00630383
0.00630299
0.00630227
0.00630305
0.00548824
0.0062983
0.00630027
0.00631382
0.00630301
0.00630367
0.00630491
0.00522561
0.00527212
0.00443424
0.0061378
0.00613237
0.00531757
0.00539682
0.00626654
0.00627712
0.00410443
0.00631459
0.00631464
0.0063141
0.00631405
0.00631463
0.00631459
0.0063106
0.00631152
0.00631113
0.00630704
0.00630624
0.0063105
0.0063053
0.00630946
0.00630909
0.00630996
0.00630959
0.00630547
0.00626537
0.00628028
0.00629009
0.00627402
0.00609803
0.00605656
0.0063024
0.00627874
0.00628839
0.00629547
0.00629466
0.00512465
0.00631363
0.0063134
0.00631406
0.00631182
0.00630876
0.00630698
0.00631252
0.00631267
0.00631307
0.00631214
0.00631253
0.00631237
0.00630753
0.00631048
0.00631009
0.006311
0.00631061
0.00630792
0.0063033
0.00621542
0.0062641
0.00618873
0.00619478
0.00629817
0.00626878
0.00627333
0.00630747
0.00628965
0.00629952
0.00630594
0.0063104
0.00631055
0.00630933
0.00630957
0.00630331
0.00630897
0.0063086
0.00630472
0.00629602
0.00617648
0.00614946
0.00629582
0.00617976
0.00618725
0.00614462
0.00614807
0.00629473
0.00625965
0.0062493
0.00629918
0.00630804
0.0063082
0.00630719
0.00630766
0.00629996
0.00630243
0.00630901
0.00630924
0.00630825
0.00630842
0.0063008
0.00630162
0.00624887
0.00626087
0.00623078
0.00622363
0.00629695
0.00630491
0.00630674
0.00630711
0.00630623
0.00630661
0.00630491
0.00630104
0.0061373
0.00607284
0.00620297
0.00618471
0.00630108
0.00562794
0.00566357
0.00630105
0.00622274
0.00620854
0.00558194
0.00561729
0.0061465
0.00610865
0.00631354
0.0063138
0.00631365
0.00605854
0.00624916
0.00608242
0.00610312
0.00609392
0.00624587
0.00631373
0.00631356
0.00631389
0.0063133
0.00631363
0.00533038
0.00539034
0.00525579
0.00523219
0.00605886
0.00541406
0.00537814
0.00549922
0.00542485
0.00606913
0.00555824
0.00559791
0.00621134
0.0062038
0.0061338
0.00561253
0.00553805
0.00540549
0.00544768
0.00631269
0.00631314
0.0063134
0.00631271
0.00631305
0.00631248
0.00630717
0.00631032
0.00626681
0.0062789
0.00628934
0.00627532
0.00618529
0.00626833
0.00625991
0.0062772
0.00627097
0.0061843
0.00624087
0.00623287
0.00625726
0.00624528
0.00627167
0.00616043
0.00618321
0.00611905
0.00614929
0.00626934
0.00603426
0.00604902
0.00627065
0.00631025
0.00630788
0.00631248
0.00631095
0.00627882
0.00629449
0.00629067
0.00630613
0.00629633
0.00631172
0.00631315
0.00631271
0.00631089
0.00630914
0.00631119
0.00630921
0.00631194
0.00630981
0.00631195
0.00631258
0.00631026
0.0063117
0.00631265
0.00631216
0.00631137
0.00620215
0.00620871
0.00630245
0.0061302
0.00608833
0.00622093
0.00613574
0.00602953
0.00598859
0.00607577
0.00604969
0.00629861
0.00619702
0.00620072
0.00625152
0.00624218
0.00628883
0.00626199
0.00623662
0.00623041
0.00624138
0.00623799
0.00630782
0.00627433
0.00627731
0.00629089
0.00629888
0.00631001
0.0063103
0.00630482
0.00630343
0.00630966
0.00630992
0.00618504
0.00618127
0.00629627
0.00591693
0.00592554
0.00574009
0.00589384
0.00592539
0.005978
0.00592408
0.00592286
0.0061684
0.00617732
0.00629558
0.00592151
0.00587462
0.00598108
0.00593468
0.00577815
0.00573254
0.00585498
0.00580451
0.00629479
0.00615338
0.00616453
0.0062516
0.00624764
0.00630786
0.00630799
0.00629899
0.00629931
0.0063077
0.00630781
0.00630873
0.00630894
0.00630228
0.00630098
0.00630848
0.00630867
0.00537331
0.00544972
0.0061892
0.00620871
0.0061619
0.00618196
0.00538496
0.00569637
0.00623336
0.00619698
0.00621389
0.0062288
0.00565377
0.0060611
0.00607692
0.0060073
0.00605514
0.00544582
0.0061333
0.00615605
0.00608463
0.00612138
0.00544954
0.00623822
0.00624589
0.00630131
0.00621001
0.00622173
0.0062292
0.00621036
0.00622219
0.00629758
0.00622019
0.00623196
0.00594104
0.00519799
0.00521646
0.00535086
0.00521141
0.00595624
0.00525896
0.00578419
0.00522309
0.00581
0.00620614
0.00628418
0.00627911
0.00629008
0.00628587
0.00620977
0.00615388
0.00615933
0.0056801
0.00571739
0.00547812
0.00556598
0.00617232
0.00615523
0.00631447
0.00631461
0.00631626
0.00630298
0.00630241
0.00630148
0.00631427
0.0063143
0.00631396
0.00631389
0.00631428
0.00631426
0.00631528
0.00631523
0.00631427
0.00631204
0.00631165
0.00631087
0.00630684
0.00630003
0.00629905
0.00626058
0.00628288
0.00630798
0.00630761
0.00630455
0.00624455
0.00624098
0.00627262
0.00626357
0.00626986
0.00630311
0.00631239
0.00631256
0.00631217
0.00630238
0.00630515
0.00631149
0.00631274
0.00631233
0.00631273
0.00631024
0.00629093
0.0063012
0.00628717
0.00629803
0.00629695
0.00630584
0.00630663
0.00630672
0.00630309
0.00631075
0.00631092
0.0063092
0.00630468
0.00630848
0.00630811
0.00620023
0.006189
0.00629788
0.00626974
0.00624979
0.00624796
0.00625598
0.00629975
0.00630533
0.00630538
0.0063027
0.00630645
0.00630654
0.00630543
0.00630549
0.00630031
0.00629408
0.0062175
0.00620585
0.0063011
0.00630702
0.0063071
0.00630468
0.00630572
0.0063061
0.00519351
0.0051912
0.00623723
0.00622688
0.00630101
0.00519957
0.00519638
0.00628928
0.00629121
0.00630165
0.00631329
0.00631322
0.0052943
0.00526567
0.00528998
0.00547616
0.00551401
0.00521952
0.0052413
0.0054179
0.00538657
0.00568049
0.00614939
0.00614274
0.0061901
0.00567275
0.00562588
0.00614034
0.0063147
0.00631466
0.0063141
0.00631279
0.00631297
0.00631314
0.00631326
0.00631205
0.00631227
0.00631349
0.00631375
0.0063136
0.0063048
0.00630431
0.00630776
0.00630993
0.00630834
0.00630746
0.00627006
0.00627571
0.00625581
0.00625886
0.00628749
0.00628038
0.00624282
0.00624966
0.00619258
0.00619252
0.00622316
0.00621908
0.00617869
0.00619451
0.00619661
0.00630323
0.00627232
0.00627906
0.0062808
0.00625493
0.00629158
0.00628737
0.00630936
0.0063075
0.00629973
0.00619978
0.00619006
0.00627674
0.00624756
0.00620592
0.0063134
0.00631325
0.00631239
0.00631222
0.00631027
0.00631129
0.00629955
0.00631101
0.0063117
0.00627839
0.00628566
0.00631001
0.00617678
0.00616654
0.00629355
0.00629694
0.00631144
0.0063116
0.0063111
0.00630934
0.00631109
0.00631127
0.00629768
0.00618763
0.00618553
0.00624135
0.00624474
0.00630596
0.00630604
0.00630195
0.00630137
0.00630582
0.00630589
0.00535133
0.00554075
0.00583898
0.00585608
0.00565851
0.00567398
0.00534376
0.00622609
0.00621976
0.00629452
0.00544042
0.00541824
0.00558247
0.00558362
0.0054023
0.00563791
0.00564805
0.00540781
0.00542154
0.00630687
0.00630694
0.00630124
0.00630293
0.00630671
0.00630679
0.00587057
0.00621747
0.00622377
0.00620396
0.00621074
0.00584498
0.00624384
0.00628779
0.0062912
0.00629058
0.00628927
0.00624807
0.0061938
0.00623385
0.00622836
0.00616077
0.00615125
0.00616955
0.00524985
0.00528667
0.00529411
0.00520521
0.00617745
0.0057616
0.00569565
0.00581571
0.00577732
0.00613671
0.00601395
0.00602148
0.0061893
0.00620807
0.00628193
0.00631375
0.00631383
0.00631362
0.00522439
0.00523806
0.00565062
0.0056285
0.00439494
0.00536153
0.00526891
0.0052725
0.00523715
0.00525491
0.00538442
0.00411605
0.00614363
0.00617102
0.00631435
0.00631431
0.00631394
0.0063019
0.00630098
0.00630693
0.00630448
0.00630731
0.00630929
0.00630632
0.0063069
0.00626327
0.00628157
0.00622667
0.00623049
0.00623252
0.00622736
0.00627321
0.00623848
0.00623671
0.00608868
0.00602821
0.00602618
0.00603614
0.00603506
0.00607683
0.00630822
0.00631034
0.00631048
0.00630995
0.00631021
0.00630763
0.0062884
0.00630409
0.00629574
0.00629277
0.0063032
0.00630681
0.00630691
0.00624982
0.0062509
0.00626656
0.00625195
0.00630523
0.00630527
0.00629943
0.00630628
0.00630636
0.00630257
0.00630058
0.00630555
0.00630561
0.00623059
0.00624612
0.00623965
0.00625161
0.00624953
0.00622873
0.0051905
0.00519524
0.00520924
0.00520337
0.00559473
0.0053684
0.00535756
0.0060372
0.00603737
0.00613502
0.00605832
0.00607449
0.00602974
0.00604148
0.00612163
0.00631347
0.00631338
0.00631344
0.00631343
0.00631372
0.00631376
0.00631386
0.00631356
0.00631364
0.00631362
0.00607852
0.00617013
0.00616404
0.00618648
0.00617804
0.0060857
0.0061169
0.00614159
0.00612977
0.00615897
0.00615255
0.0061069
0.00631365
0.00631372
0.00631362
0.00631258
0.00631183
0.00631343
0.00631323
0.00529527
0.00544719
0.00530972
0.0053141
0.00524849
0.00524024
0.00561384
0.00563255
0.00539367
0.00521799
0.00520654
0.0055307
0.0052606
0.00524467
0.00526147
0.00564223
0.00532631
0.00526215
0.00615733
0.00616838
0.00621799
0.0061285
0.00613077
0.00612322
0.00612384
0.00619648
0.00614053
0.00614578
0.00541432
0.00520208
0.00521884
0.00519441
0.0051913
0.00542693
0.00631293
0.00631303
0.00631285
0.00631201
0.00631243
0.0063128
0.00630092
0.00630738
0.00630361
0.00630279
0.00630487
0.00630562
0.00630315
0.00630406
0.0062683
0.00627713
0.00623702
0.00623847
0.00623262
0.00623487
0.00628854
0.00626049
0.00626163
0.00623594
0.00623781
0.00627746
0.0062378
0.00620389
0.00619605
0.00618116
0.00621561
0.00621123
0.0062376
0.00619705
0.00619698
0.00620844
0.00620164
0.00623523
0.00625413
0.00621867
0.00622315
0.00620272
0.00621102
0.00625002
0.00619651
0.00612917
0.0062
0.00619398
0.00602796
0.00603514
0.00626626
0.00629528
0.00629344
0.00626271
0.00628584
0.00630261
0.00629822
0.00621681
0.00620698
0.0062659
0.00626776
0.00629197
0.00624141
0.00622878
0.00630505
0.00630755
0.00631159
0.00630911
0.00630194
0.00629206
0.00630135
0.00631082
0.00631156
0.00631178
0.00631071
0.00631108
0.00630953
0.00630771
0.00630928
0.00631213
0.00631152
0.00631121
0.0063123
0.00631173
0.00631234
0.00631063
0.00631082
0.00630989
0.00631093
0.00612146
0.00610347
0.00619677
0.00608573
0.0060998
0.00606078
0.00614133
0.00601285
0.00599921
0.00606585
0.00605863
0.00624592
0.00618765
0.00619746
0.00617331
0.0061793
0.00624342
0.00628543
0.00625586
0.00626269
0.00620192
0.00623921
0.00627756
0.00615885
0.00614745
0.00623527
0.00612569
0.00613222
0.00611582
0.00612085
0.00623362
0.00624067
0.0061644
0.00616891
0.00614076
0.00615147
0.00623938
0.00629239
0.00629799
0.00592553
0.00573057
0.00576079
0.00566716
0.00569665
0.00592676
0.00577893
0.0057744
0.00577494
0.00583984
0.00593392
0.0055215
0.00554426
0.00557792
0.00553014
0.00595134
0.00592317
0.00561932
0.00564148
0.00557601
0.00560037
0.00592291
0.00591192
0.00589874
0.0059724
0.00595151
0.00575613
0.00573821
0.00583942
0.00582754
0.00624473
0.00624613
0.0063021
0.00630611
0.0063062
0.00630568
0.00630574
0.00630116
0.00537009
0.00577931
0.00581461
0.00551021
0.00534585
0.0056999
0.00573763
0.00549635
0.00546684
0.00606605
0.00575898
0.00575602
0.00603122
0.00570964
0.00564683
0.00575083
0.00573844
0.00604628
0.00556565
0.00552944
0.00559244
0.0056227
0.00542609
0.00546205
0.00552997
0.0062416
0.00627035
0.00626786
0.00627404
0.00627226
0.00624375
0.00621376
0.00621952
0.00622251
0.00621125
0.0062108
0.00621526
0.00622067
0.00625649
0.00625365
0.0062644
0.00626032
0.00622522
0.00520113
0.00542646
0.00544348
0.00540181
0.005414
0.00520876
0.00530033
0.0055503
0.00558732
0.00547019
0.00550806
0.00524857
0.00524996
0.00519768
0.00520761
0.00522424
0.00520788
0.0052382
0.00535677
0.00538537
0.0052458
0.0053025
0.00524044
0.00624229
0.00623862
0.00620157
0.0061537
0.00616575
0.00521415
0.00524954
0.00551273
0.00527023
0.00522181
0.00534283
0.00531742
0.0055436
0.00521698
0.00521511
0.00602605
0.00602765
0.00631903
0.00631903
0.00632014
0.00631901
0.006319
0.00632013
0.00631901
0.00631901
0.00632013
0.00631902
0.00631904
0.00632014
0.00631683
0.00631681
0.00631792
0.00631678
0.00631676
0.00631847
0.00631674
0.0063167
0.00631844
0.00631671
0.00631674
0.00631844
0.00631677
0.00631681
0.00631848
0.00631685
0.00631687
0.00631795
0.00631465
0.0063146
0.00631625
0.00631456
0.00631445
0.00631618
0.00631556
0.00631553
0.00631644
0.00631546
0.0063155
0.0063164
0.00631562
0.00631566
0.00631621
0.00631466
0.00631472
0.00631579
0.00631251
0.00631245
0.00631406
0.00631348
0.00631346
0.006314
0.00631383
0.00631381
0.00631409
0.00631336
0.00631348
0.00631429
0.00631255
0.00631262
0.00631366
0.0063104
0.00631035
0.00631192
0.00631136
0.00631137
0.00631188
0.00631174
0.00631174
0.00631199
0.00631133
0.00631143
0.00631218
0.00631051
0.00631056
0.00631159
0.00630829
0.00630828
0.00630983
0.0063093
0.00630932
0.00630983
0.00630975
0.00630975
0.00630999
0.00630941
0.00630947
0.0063102
0.0063085
0.0063085
0.00630953
0.00630617
0.00630619
0.00630776
0.00630723
0.00630727
0.00630778
0.00630776
0.00630777
0.00630802
0.00630748
0.0063075
0.00630824
0.00630647
0.00630644
0.00630748
0.00630404
0.00630408
0.00630567
0.00630571
0.0063057
0.00630596
0.00630546
0.00630545
0.00630622
0.0063044
0.00630435
0.0063054
0.00630189
0.00630192
0.00630354
0.00630328
0.00630335
0.00630388
0.00630227
0.00630223
0.0063033
0.00629967
0.00629967
0.00630077
0.00629971
0.00629958
0.00630126
0.00630063
0.00629967
0.00630056
0.00495408
0.00624503
0.00625167
0.00629985
0.00630012
0.00630176
0.00630006
0.00630008
0.00630116
0.0062975
0.00629751
0.00629859
0.00629754
0.00629734
0.00629902
0.00629715
0.00558025
0.00556426
0.00592893
0.00629729
0.00629908
0.00629753
0.0062979
0.00629954
0.00629787
0.0062979
0.00629899
0.00629537
0.00629522
0.00629634
0.0062913
0.00590578
0.00558491
0.00611559
0.00629456
0.00629668
0.00629536
0.0062957
0.0062968
0.00631224
0.0063125
0.0063125
0.00631254
0.00631263
0.00631222
0.00631411
0.00631384
0.00631385
0.00631024
0.00631049
0.00631049
0.0063106
0.00631057
0.0063102
0.00631209
0.0063117
0.0063118
0.00630827
0.00630852
0.00630851
0.00630869
0.00630864
0.00630828
0.00631007
0.00630971
0.00630988
0.00630623
0.00630649
0.00630649
0.00630673
0.00630669
0.00630635
0.00630816
0.0063078
0.00630796
0.00630465
0.00630454
0.00630427
0.0063061
0.00630584
0.00630596
0.00630085
0.00630199
0.0063027
0.00438979
0.00550633
0.00550438
0.00583849
0.00584029
0.00412312
0.006304
0.00630373
0.00630382
0.00631429
0.00631523
0.00631527
0.006314
0.006314
0.0063139
0.00631641
0.0063155
0.00631546
0.00631397
0.00631399
0.0063147
0.00631468
0.00631439
0.00631644
0.00631554
0.00631557
0.0063124
0.00631293
0.00631294
0.00631307
0.00631291
0.00631239
0.00631398
0.00631344
0.00631334
0.00631317
0.00631312
0.00631285
0.00631403
0.00631387
0.0063139
0.00631244
0.00631322
0.0063131
0.00631302
0.00631302
0.00631251
0.00631406
0.00631354
0.00631355
0.00631034
0.00631085
0.00631085
0.006311
0.00631086
0.00631035
0.00631188
0.00631137
0.00631126
0.00631123
0.00631148
0.00631148
0.00631001
0.00631087
0.00631069
0.00631189
0.00631173
0.00631137
0.00631062
0.00630989
0.00631101
0.00631044
0.00631118
0.00631109
0.00631099
0.00631102
0.00631052
0.00631201
0.00631151
0.00631149
0.0063083
0.00630881
0.00630878
0.00630902
0.00630884
0.00630833
0.00630985
0.00630934
0.00630926
0.00630926
0.0063095
0.0063095
0.00630505
0.00630807
0.00630795
0.0063089
0.00630873
0.00630588
0.00630849
0.00630922
0.00630918
0.006309
0.00630905
0.00630856
0.00631003
0.00630954
0.0063095
0.00630623
0.00630675
0.00630671
0.00630701
0.00630679
0.00630627
0.00630782
0.00630731
0.00630726
0.00630726
0.00630751
0.00630751
0.00630454
0.00630749
0.00630711
0.00630702
0.00630692
0.00630458
0.00629197
0.0062667
0.00627008
0.00630648
0.00630724
0.00630724
0.006307
0.00630706
0.00630655
0.00630806
0.00630756
0.0063075
0.00630237
0.00628722
0.00629083
0.00629653
0.00629719
0.00630282
0.00630441
0.00630494
0.00630519
0.00630495
0.00630501
0.00630448
0.00630604
0.00630553
0.00630546
0.00630221
0.0063007
0.00630072
0.00630004
0.00630023
0.00630262
0.00629882
0.00629938
0.00630003
0.00513421
0.00629435
0.00629284
0.00613345
0.00613281
0.00471886
0.00629731
0.00629804
0.00551379
0.00630026
0.00629987
0.00629917
0.00630117
0.00630017
0.00630091
0.00631204
0.00631219
0.00631204
0.0063131
0.0063127
0.00631255
0.00631276
0.00631275
0.00631301
0.00631278
0.00631221
0.00631286
0.00631393
0.0063139
0.00631406
0.006313
0.00631317
0.00631321
0.00631159
0.00631111
0.00631094
0.00631294
0.00631285
0.00631288
0.00631303
0.00631277
0.00631279
0.0063128
0.00631284
0.00631298
0.00631202
0.00631216
0.00631205
0.00630678
0.00630926
0.00630908
0.00631049
0.00631028
0.00630882
0.00631074
0.00631074
0.00631099
0.00630503
0.00629769
0.00629943
0.00628158
0.00628211
0.00629737
0.00630063
0.00630149
0.0063067
0.00631106
0.00631069
0.00631084
0.00630835
0.0063096
0.0063098
0.00631124
0.00631175
0.00631189
0.00630994
0.00631006
0.00630896
0.00631156
0.00631157
0.00631119
0.00630463
0.00630722
0.00630712
0.00630784
0.00630773
0.00630483
0.00630876
0.00630876
0.00630901
0.00629546
0.00627958
0.00627889
0.00628674
0.00628609
0.00629836
0.00629637
0.00628063
0.00628109
0.00627841
0.0062781
0.00629482
0.00630912
0.00630876
0.00630893
0.00630549
0.00630546
0.00630078
0.00630964
0.00630959
0.00630924
0.00629761
0.00625864
0.00625186
0.00628285
0.0062816
0.00629922
0.0062991
0.00628805
0.0062874
0.00624967
0.00624197
0.00629637
0.00630219
0.00629492
0.00629579
0.00627369
0.0062767
0.00629545
0.00630719
0.00630682
0.00630698
0.00630405
0.00630638
0.00630646
0.0063058
0.0063059
0.00630488
0.00630099
0.00630552
0.00630551
0.00630655
0.00630663
0.00630305
0.00630772
0.00630768
0.00630731
0.00630094
0.00629184
0.00629122
0.00629465
0.00629428
0.0063011
0.00629991
0.00628513
0.00628402
0.00629053
0.00628979
0.00630068
0.00630274
0.00629953
0.0062998
0.00629186
0.00629449
0.00630266
0.00630478
0.00630559
0.00630569
0.0063052
0.00630558
0.00630462
0.0063057
0.00630559
0.00630533
0.00630047
0.00624671
0.00624005
0.00622585
0.00624151
0.00630026
0.0063011
0.00629528
0.00629498
0.0063015
0.00629144
0.00629154
0.00631328
0.00631354
0.00631356
0.00631354
0.00631365
0.00631323
0.00631407
0.00631379
0.00631368
0.00631391
0.00631381
0.00631385
0.00630491
0.00630469
0.00630416
0.00630575
0.00630522
0.00630518
0.00630517
0.00630543
0.00630544
0.00630397
0.00630524
0.00630497
0.00630576
0.0063055
0.00630404
0.00625545
0.00622453
0.00622957
0.00619031
0.00619828
0.00623788
0.00630226
0.0063028
0.006303
0.00631391
0.00631388
0.00631398
0.00631293
0.00631325
0.00631342
0.00631365
0.00631378
0.00631421
0.00631321
0.00631364
0.0063135
0.00631358
0.00631357
0.0063133
0.00630438
0.00630648
0.00630601
0.00630699
0.00630661
0.00630441
0.00630675
0.00630674
0.006307
0.00603499
0.00585331
0.00583624
0.0059419
0.00592504
0.00608977
0.00622336
0.0061757
0.0061825
0.00630507
0.00630481
0.00630491
0.00630403
0.00630467
0.00630506
0.00630408
0.00630453
0.00630393
0.00611872
0.00597446
0.00595866
0.00604235
0.00603209
0.00615221
0.00630311
0.00630354
0.00630381
0.00630298
0.00630326
0.00630298
0.00630355
0.00630345
0.00630317
0.00631532
0.00631481
0.00631478
0.00631487
0.00631484
0.00631534
0.00631415
0.00631467
0.00631471
0.00631438
0.00631436
0.00631419
0.00631533
0.00631483
0.00631486
0.00631478
0.00631481
0.00631531
0.00631347
0.00631321
0.00631331
0.0063137
0.00631383
0.00631399
0.00631336
0.00631345
0.00631338
0.00631375
0.00631372
0.00631356
0.0062808
0.00628574
0.00630222
0.00630343
0.00629978
0.00630017
0.00627553
0.00625564
0.00625831
0.00623422
0.0062383
0.00626381
0.0062695
0.00629276
0.00629174
0.00629442
0.00629364
0.00627161
0.00630255
0.00630038
0.00630051
0.00631069
0.00631189
0.00631261
0.00631186
0.00630623
0.00630998
0.00630754
0.00631116
0.00631034
0.00631337
0.00631324
0.00631298
0.00631335
0.00631331
0.00631345
0.00631211
0.00631197
0.00631219
0.00631248
0.00631235
0.00631223
0.00628693
0.00628787
0.0063011
0.00629953
0.00628537
0.00628611
0.00630604
0.00630673
0.00630945
0.0063085
0.00630475
0.00630539
0.00630746
0.00630762
0.00630398
0.00631072
0.00631057
0.00631043
0.00631086
0.00631072
0.00631085
0.00631022
0.00631002
0.00630988
0.00631029
0.00631015
0.00631034
0.00630364
0.00630723
0.00630733
0.00631109
0.00631122
0.00631079
0.00631176
0.00631169
0.00631156
0.00631196
0.00631183
0.00631188
0.00631124
0.00631114
0.00631101
0.00631142
0.00631128
0.00631137
0.0063098
0.00631073
0.00631091
0.0062829
0.00628252
0.00629668
0.00629727
0.00628367
0.00628328
0.00627851
0.00627879
0.0062952
0.00629489
0.00627811
0.00627827
0.00630507
0.0063051
0.00629865
0.00630877
0.00630853
0.00630842
0.00630876
0.00630865
0.00630889
0.0063083
0.00630808
0.00630797
0.0063083
0.00630819
0.00630842
0.00629845
0.00630506
0.00630505
0.00630972
0.00630949
0.00630936
0.00630975
0.00630962
0.00630984
0.00630924
0.006309
0.00630888
0.00630924
0.00630912
0.00630936
0.00627716
0.00626091
0.00629799
0.00575875
0.00599355
0.00601013
0.00587065
0.00588625
0.00558815
0.00629894
0.00628015
0.00627867
0.0062959
0.00623865
0.00622863
0.00628858
0.0062899
0.00630058
0.00629892
0.00628514
0.00628696
0.0063057
0.00630564
0.00630179
0.00630783
0.00630763
0.00630752
0.00630786
0.00630774
0.00630795
0.00630735
0.00630718
0.00630706
0.00630741
0.00630729
0.00630747
0.00630265
0.00630576
0.00630574
0.00591302
0.00568318
0.00566717
0.00581551
0.00579073
0.00598854
0.00628721
0.00628621
0.0063001
0.00592218
0.00610753
0.00611887
0.00602359
0.00603727
0.00580643
0.00601832
0.00623936
0.00624383
0.00622934
0.00623448
0.0060025
0.00630057
0.00628899
0.00628813
0.00574423
0.0054505
0.00543579
0.00564764
0.00562033
0.00586159
0.00629883
0.0062992
0.00630276
0.00623552
0.00626212
0.00625918
0.00627837
0.00627643
0.0062555
0.00625583
0.00625223
0.00621974
0.00630271
0.00629787
0.00629838
0.00615629
0.005862
0.00582716
0.00590254
0.0058749
0.00616196
0.00616831
0.00606256
0.00605261
0.00627618
0.00621309
0.00622403
0.00626078
0.00626311
0.00627978
0.00630244
0.00630253
0.00630196
0.00630362
0.00630308
0.006303
0.00630253
0.00630307
0.00630279
0.00630363
0.00630335
0.0063028
0.00619735
0.00619432
0.00545882
0.0062986
0.00628679
0.00628679
0.00628835
0.00628719
0.00629901
0.00630331
0.00630417
0.0063039
0.00630471
0.00630444
0.00630341
0.00630464
0.00630463
0.0063049
0.00512638
0.00502102
0.00440349
0.00613213
0.00590049
0.00584241
0.00590446
0.00590159
0.00613167
0.00627431
0.00615742
0.00613815
0.00622174
0.00623753
0.00627728
0.00410664
0.0052466
0.00552605
0.00631461
0.0063144
0.00631438
0.00631446
0.00631445
0.00631463
0.00631401
0.00631435
0.00631428
0.00631415
0.00631414
0.00631403
0.00631462
0.00631442
0.00631444
0.00631438
0.00631439
0.00631459
0.00631123
0.00631105
0.00631032
0.00631139
0.0063113
0.00631144
0.00631102
0.00631116
0.00631126
0.00631072
0.00630935
0.00630904
0.00630831
0.00630819
0.00630517
0.00630934
0.00630907
0.00630919
0.00630882
0.00630894
0.00630922
0.00630984
0.00630958
0.00630971
0.00630931
0.00630944
0.00630971
0.00630565
0.00630858
0.00630844
0.00626276
0.00626429
0.00629094
0.0063006
0.00630066
0.00630231
0.00628625
0.00629565
0.00629508
0.00629655
0.00629614
0.00628738
0.00629522
0.00625072
0.00622662
0.00624917
0.00625055
0.00629495
0.00511499
0.00600308
0.00599116
0.0063136
0.00631375
0.00631378
0.00631369
0.00631372
0.00631356
0.00631403
0.00631387
0.00631378
0.00631138
0.00631124
0.0063117
0.00631257
0.00631271
0.00631266
0.0063128
0.00631276
0.00631262
0.00631303
0.00631289
0.00631294
0.00631227
0.00631222
0.00631209
0.00631249
0.00631235
0.0063124
0.00631221
0.0063123
0.00631244
0.00630966
0.00630946
0.00630714
0.00631035
0.00631014
0.00631028
0.00630985
0.00630999
0.00631022
0.00631087
0.00631072
0.00631087
0.00631043
0.00631058
0.00631074
0.00630835
0.00631007
0.00630986
0.00629267
0.00629526
0.0063042
0.00622999
0.0062747
0.00626758
0.00628674
0.00628222
0.00625257
0.00619046
0.00625117
0.00625043
0.00625291
0.006252
0.00619251
0.00629776
0.0062827
0.00628333
0.00627094
0.0062906
0.00628915
0.00629255
0.00629164
0.00627227
0.00630709
0.0063022
0.00630286
0.00630875
0.00630929
0.0063076
0.00631048
0.00631036
0.00631013
0.00630941
0.00630861
0.00630852
0.00630881
0.00630871
0.00630949
0.00630885
0.00630858
0.0063087
0.00630834
0.00630846
0.00630872
0.00630477
0.00630762
0.00630752
0.00628106
0.00628034
0.00629574
0.00616819
0.00624869
0.00625091
0.00624396
0.00624617
0.0061581
0.00627976
0.00628018
0.00629607
0.00618258
0.00624828
0.00624752
0.00624976
0.00624907
0.0061855
0.00614306
0.00624171
0.00624247
0.00624152
0.00624145
0.00614378
0.0062948
0.00627797
0.00627792
0.00630809
0.00630721
0.00630716
0.00630731
0.00630726
0.00630814
0.0063069
0.00630689
0.00630763
0.00630048
0.00630538
0.0063053
0.00630909
0.00630825
0.00630816
0.00630842
0.00630833
0.00630917
0.0063083
0.00630742
0.00630736
0.00630753
0.00630747
0.00630836
0.00629298
0.00629397
0.00630193
0.00625289
0.00627819
0.00627599
0.00628239
0.00628039
0.00625719
0.00629628
0.00627881
0.00628034
0.00630619
0.00630629
0.00630491
0.00630686
0.00630671
0.0063066
0.00630695
0.00630683
0.00630698
0.00630635
0.00630623
0.00630611
0.00630648
0.00630636
0.00630649
0.0063049
0.006306
0.0063061
0.00629295
0.00629242
0.006301
0.00611113
0.00625501
0.00625818
0.00624788
0.00625159
0.00610192
0.00619712
0.00626591
0.00626809
0.00626098
0.00626355
0.00619109
0.0063011
0.00629388
0.00629344
0.00563867
0.00540627
0.00539701
0.00543101
0.00541679
0.00565013
0.00629579
0.00629555
0.00630108
0.00621834
0.00627362
0.00627515
0.00627011
0.00627194
0.00621364
0.00538788
0.00537839
0.0056063
0.00631375
0.0063137
0.0063136
0.00621495
0.00621956
0.00625233
0.00624218
0.00620515
0.00621042
0.00631368
0.00631378
0.00631382
0.00631394
0.00631383
0.00631379
0.00631353
0.00631343
0.00631355
0.00588171
0.00586798
0.00604734
0.00540449
0.00564733
0.00566078
0.00546453
0.00571172
0.00573645
0.00567475
0.00569118
0.00544021
0.00607985
0.00590955
0.00589516
0.00600051
0.00598835
0.00612669
0.00559588
0.00580608
0.00582196
0.00576251
0.00578646
0.00557196
0.00631322
0.00631315
0.00631305
0.00631334
0.00631324
0.00631331
0.00631283
0.00631263
0.00631249
0.00631295
0.00631278
0.00631294
0.00630884
0.00630867
0.00631016
0.00626544
0.00623571
0.00624102
0.00622664
0.00623066
0.00626258
0.00627526
0.00625219
0.00625523
0.00624564
0.00624918
0.00627324
0.00624938
0.0062527
0.00627373
0.00616996
0.00622192
0.00621678
0.00623022
0.00622631
0.00617714
0.00621116
0.00620553
0.00613849
0.0062667
0.00624209
0.00624582
0.00630959
0.00630477
0.00630592
0.00630164
0.00630358
0.00630887
0.00631216
0.00631083
0.0063116
0.00630743
0.00630926
0.00631163
0.00629315
0.00626922
0.00627096
0.00630269
0.00628639
0.00629715
0.00627368
0.0062786
0.00629907
0.00631265
0.00631199
0.00630946
0.00631304
0.00631279
0.00631303
0.00631208
0.00631246
0.00631289
0.00631207
0.00631176
0.00631155
0.00631257
0.00631246
0.00631257
0.00631183
0.00631225
0.00631241
0.00631193
0.00631208
0.00631157
0.0062038
0.00625866
0.00625742
0.00626297
0.00626034
0.00620583
0.00630173
0.00628903
0.00629056
0.006284
0.00628468
0.00629906
0.00619838
0.00625469
0.00625384
0.0062564
0.00625551
0.00619948
0.00630349
0.00630412
0.00630817
0.00627534
0.00629429
0.00629342
0.00629606
0.00629517
0.00627635
0.0063101
0.00630951
0.00630937
0.00630989
0.00630968
0.0063102
0.00630426
0.00630785
0.00630822
0.00630702
0.00630712
0.00630355
0.00630975
0.00630903
0.00630892
0.00630925
0.00630914
0.00630983
0.00618448
0.0062543
0.00625492
0.00625252
0.00625356
0.00618349
0.00629648
0.00628212
0.00628165
0.00617246
0.00624556
0.00624478
0.00624684
0.00624622
0.00617518
0.00629538
0.00627908
0.0062794
0.00627795
0.006278
0.00629479
0.00615802
0.0062428
0.00624212
0.00624405
0.0062434
0.00616117
0.0063079
0.00630703
0.00630699
0.00630711
0.00630707
0.00630795
0.00629881
0.00630514
0.00630518
0.0063052
0.00630511
0.00629874
0.00630773
0.00630691
0.0063069
0.00630695
0.00630693
0.00630777
0.0063088
0.00630793
0.00630785
0.00630808
0.006308
0.00630887
0.00630854
0.00630766
0.00630759
0.00630779
0.00630772
0.0063086
0.00619593
0.00605068
0.00603329
0.0060762
0.00606474
0.00620274
0.00616801
0.00597982
0.00596769
0.00601389
0.00599525
0.00617472
0.00595093
0.00597204
0.00573285
0.00623753
0.00614047
0.00613001
0.00621903
0.00609653
0.00608636
0.00611873
0.00610726
0.00622385
0.00561515
0.00590517
0.00592762
0.00577045
0.00576296
0.00607104
0.00614265
0.00593284
0.00591183
0.00595732
0.00594663
0.0061499
0.00609508
0.00580758
0.00578384
0.00588024
0.00584225
0.00610793
0.00630097
0.006291
0.006292
0.00628175
0.00628335
0.00629828
0.00571636
0.00569874
0.00592685
0.00597241
0.00576375
0.00573801
0.00549736
0.00546892
0.00576232
0.00583696
0.00558192
0.00553751
0.00628265
0.00626474
0.00626729
0.00625849
0.00626175
0.00628095
0.00628881
0.00627415
0.00627636
0.0062696
0.00627188
0.00628742
0.00621412
0.0062487
0.00624546
0.00569946
0.00548074
0.00545222
0.00551076
0.00550902
0.00571771
0.00616904
0.00610081
0.00610078
0.00608453
0.00609302
0.00616254
0.00631456
0.00631511
0.00631533
0.00631516
0.00631514
0.00631459
0.00630211
0.00630241
0.0063027
0.0063018
0.00630211
0.0063018
0.00631428
0.00631416
0.00631415
0.0063142
0.00631419
0.0063143
0.00631392
0.00631406
0.00631409
0.00631402
0.00631398
0.00631389
0.00631427
0.00631415
0.00631416
0.00631413
0.00631413
0.00631426
0.00631492
0.00631494
0.00631524
0.00631436
0.00631465
0.00631476
0.00631113
0.00631157
0.0063114
0.00630457
0.00630683
0.00630673
0.00626567
0.00628543
0.00628403
0.00628799
0.00628672
0.00626766
0.00630297
0.00629778
0.00629833
0.00631247
0.00631233
0.00631222
0.00630332
0.00630847
0.00630789
0.00630954
0.00630901
0.00630421
0.00631261
0.00631274
0.00631284
0.00631253
0.00631264
0.00631247
0.00631281
0.00631276
0.00631267
0.00630914
0.0063099
0.00631042
0.00629628
0.00630508
0.00630328
0.00630722
0.00630634
0.00629943
0.00630908
0.00631018
0.00631029
0.00630742
0.00630731
0.00630465
0.00630836
0.0063081
0.00630822
0.00630787
0.00630799
0.00630823
0.0061951
0.00626079
0.00626239
0.00625838
0.00625944
0.00619133
0.00629812
0.0062855
0.00628498
0.00621469
0.00626745
0.00626889
0.00626409
0.00626569
0.00621084
0.00630554
0.00630551
0.00630103
0.00630537
0.00630548
0.00630473
0.00630599
0.00630586
0.00630597
0.00623411
0.006279
0.00628004
0.00627656
0.00627784
0.00623069
0.00630096
0.00629619
0.006296
0.00629006
0.00629718
0.0062969
0.00629755
0.00629739
0.00629071
0.00565388
0.00586264
0.00587755
0.00583576
0.00584895
0.00563889
0.00614642
0.00602191
0.0060115
0.00631469
0.00631453
0.00631454
0.00631448
0.0063145
0.00631467
0.00631416
0.00631432
0.0063143
0.00631357
0.00631353
0.00631344
0.00631373
0.00631363
0.00631366
0.0063135
0.00631355
0.00631365
0.00629885
0.00629934
0.00630334
0.00627482
0.00629052
0.00628927
0.00629268
0.00629167
0.00627712
0.00631318
0.00631329
0.00631333
0.00631271
0.0063131
0.00631293
0.00627981
0.00629812
0.00629701
0.00630126
0.0062995
0.00628201
0.00630974
0.00630748
0.0063083
0.00631096
0.00631134
0.00631144
0.00631042
0.00631056
0.00630953
0.00628451
0.00628408
0.00629746
0.00618674
0.00625681
0.00625753
0.00625553
0.00625615
0.00618607
0.00622384
0.00627243
0.00627365
0.00627015
0.00627134
0.00622181
0.00630148
0.0063056
0.00630555
0.00630578
0.00630578
0.00630281
0.00607924
0.0060944
0.00589773
0.00582325
0.00604961
0.00606491
0.00626875
0.00626552
0.00623958
0.00627842
0.00628026
0.00629217
0.00625202
0.00627419
0.00627164
0.00608062
0.00607207
0.00617316
0.00574267
0.00592529
0.0059391
0.00589364
0.00590986
0.00572001
0.00580366
0.00598081
0.00599221
0.00595501
0.00596863
0.00579104
0.00619578
0.00623764
0.00623395
0.00624452
0.00624122
0.0062022
0.00628093
0.00626527
0.00626723
0.00561911
0.005377
0.00542697
0.0053781
0.00537362
0.00562148
0.00439831
0.00499703
0.00498705
0.0050917
0.00514669
0.00411094
0.00617378
0.00591914
0.00577132
0.00607215
0.00601797
0.00617165
0.00631435
0.00631424
0.00631425
0.00631419
0.00631421
0.00631432
0.00631398
0.0063141
0.00631407
0.00632125
0.00632124
0.00632235
0.00632124
0.00632124
0.00632234
0.00632124
0.00632124
0.00632234
0.00632124
0.00632125
0.00632235
0.00631905
0.00631905
0.00632015
0.00631905
0.00631905
0.00632015
0.00631684
0.00631684
0.00631795
0.00631788
0.00631788
0.00631845
0.00631787
0.00631786
0.00631844
0.00631688
0.00631688
0.00631797
0.00631466
0.00631466
0.00631575
0.00631566
0.00631566
0.00631622
0.0063161
0.00631609
0.0063164
0.00631472
0.00631472
0.00631579
0.0063125
0.00631251
0.00631358
0.00631391
0.00631394
0.00631422
0.0063126
0.00631258
0.00631365
0.00631035
0.00631037
0.00631144
0.00631182
0.00631185
0.0063121
0.00631051
0.00631047
0.00631153
0.00630821
0.00630825
0.00630931
0.00630989
0.00630991
0.00631015
0.00630843
0.00630837
0.00630942
0.00630607
0.00630612
0.00630719
0.00630797
0.00630798
0.00630822
0.00630635
0.00630628
0.00630733
0.00630393
0.00630399
0.00630506
0.00630514
0.00630518
0.00630571
0.00630597
0.00630598
0.00630624
0.00630425
0.00630417
0.00630522
0.00630177
0.00630183
0.00630291
0.00630301
0.00630305
0.00630358
0.00630355
0.00630353
0.0063038
0.00630213
0.00630204
0.0063031
0.00629958
0.00629964
0.00630074
0.00630079
0.00630082
0.00630137
0.00484896
0.00584066
0.00583668
0.00630099
0.00630114
0.0063017
0.00629998
0.00629989
0.00630096
0.00629738
0.00629745
0.00629854
0.0062983
0.0062974
0.00629816
0.00591481
0.00629092
0.00629155
0.00629869
0.0062989
0.00629947
0.0062978
0.00629769
0.00629878
0.00629533
0.00629534
0.00629643
0.00629569
0.00629572
0.00629681
0.00629319
0.00629294
0.00629409
0.00628395
0.00590866
0.00590725
0.00611871
0.00629208
0.00629332
0.00629308
0.00629349
0.0062946
0.00630408
0.00630435
0.00630437
0.00630241
0.0063023
0.006302
0.00631438
0.00631467
0.00631468
0.00631641
0.0063161
0.0063161
0.00631254
0.00631257
0.00631231
0.00631236
0.00631261
0.00631258
0.00631051
0.00631052
0.00631027
0.00631205
0.00631179
0.00631176
0.00631039
0.00631063
0.00631061
0.00630852
0.00630852
0.00630827
0.00631002
0.00630977
0.00630976
0.00630846
0.00630871
0.0063087
0.00630802
0.00630776
0.00630777
0.00630451
0.00630644
0.00630635
0.00630649
0.00630674
0.00630674
0.00549696
0.00548804
0.00470371
0.0063017
0.0063014
0.00630151
0.00631302
0.00631288
0.00631283
0.00631191
0.00631198
0.00631194
0.00631155
0.00631174
0.00631183
0.00630382
0.0063058
0.0063058
0.0063058
0.00630579
0.00630333
0.0063049
0.00630502
0.00630448
0.00630068
0.00629669
0.0062966
0.00629649
0.00629635
0.0063009
0.00630072
0.0063007
0.0063019
0.00631325
0.00631329
0.00631315
0.00631416
0.00631401
0.00631398
0.00630412
0.00630465
0.00630461
0.00630383
0.00630472
0.00630461
0.00630541
0.0063053
0.00630416
0.00630283
0.00630288
0.00630234
0.00630395
0.00630342
0.00630337
0.00631396
0.006314
0.00631415
0.00631312
0.00631326
0.00631321
0.0063043
0.00630562
0.00630552
0.00630625
0.00630615
0.00630446
0.00630422
0.00630466
0.00630478
0.00630388
0.00630401
0.00630371
0.00630336
0.00630362
0.00630374
0.0063153
0.00631513
0.00631513
0.00631422
0.00631438
0.00631439
0.00631513
0.00631513
0.0063153
0.0063139
0.00631393
0.00631403
0.00626456
0.00628173
0.00628016
0.00628844
0.00628758
0.00627542
0.00604876
0.00617558
0.0061818
0.0061284
0.00613712
0.00597307
0.00630195
0.0063025
0.00630247
0.00630297
0.00630325
0.00630327
0.00631408
0.00631418
0.00631419
0.00628017
0.00628994
0.00628924
0.00631351
0.00631356
0.00631347
0.00631407
0.00631398
0.00631396
0.00612908
0.00621475
0.00621843
0.0061875
0.00619264
0.00608305
0.00631625
0.00631569
0.00631571
0.00630289
0.0063026
0.0063027
0.00631527
0.00631497
0.00631499
0.0063143
0.00631446
0.00631443
0.00631191
0.00631186
0.00631199
0.00631158
0.00631172
0.00631178
0.00630786
0.00630763
0.00630775
0.00630739
0.00630751
0.00630774
0.00631243
0.00631239
0.00631253
0.00631213
0.00631226
0.0063123
0.00630584
0.00630573
0.00630561
0.00630177
0.00630065
0.00630059
0.00631412
0.00631421
0.0063142
0.00631734
0.00631734
0.00631676
0.00631673
0.0063173
0.00631731
0.00631729
0.00631729
0.00631671
0.00631844
0.00631787
0.00631787
0.0063167
0.00631728
0.00631729
0.00631731
0.0063173
0.00631673
0.00631844
0.00631787
0.00631788
0.00631677
0.00631734
0.00631734
0.00631455
0.0063151
0.00631511
0.00631531
0.00631507
0.00631452
0.00631619
0.00631563
0.00631561
0.00631584
0.00631583
0.00631553
0.00631547
0.00631579
0.00631579
0.0063158
0.0063158
0.00631549
0.0063164
0.0063161
0.00631611
0.0063134
0.00631367
0.00631363
0.00631136
0.00631161
0.00631158
0.00630943
0.00630967
0.00630965
0.00630749
0.00630773
0.00630773
0.00630546
0.00630572
0.00630572
0.00630014
0.00630028
0.00629974
0.00630139
0.00630083
0.0063007
0.00629997
0.00630064
0.00630035
0.00630122
0.00630093
0.00630027
0.00586382
0.00585226
0.00490068
0.00624355
0.00613149
0.00613634
0.00613147
0.00613095
0.00624387
0.00630004
0.00630059
0.00630042
0.00630066
0.0063007
0.00630015
0.00630179
0.00630124
0.00630121
0.00629919
0.00629864
0.00629846
0.00629569
0.00629657
0.00629773
0.00557531
0.00624247
0.00623533
0.00625744
0.00624982
0.00557001
0.00628962
0.00629028
0.00592236
0.00629788
0.00629734
0.00629674
0.00629856
0.00629795
0.00629848
0.00631226
0.00631239
0.00631236
0.00631044
0.00631051
0.00631063
0.00631026
0.00631038
0.00631032
0.00631196
0.006312
0.00631213
0.00631175
0.00631187
0.00631183
0.00630852
0.00630859
0.00630871
0.00630835
0.00630847
0.0063084
0.00630995
0.00631002
0.00631014
0.00630978
0.0063099
0.00630983
0.00630804
0.00630811
0.00630822
0.00630786
0.00630798
0.00630792
0.00630122
0.00630184
0.00630152
0.00630251
0.0063022
0.0063017
0.00630241
0.00630239
0.00630268
0.00497798
0.00497498
0.00438757
0.00419565
0.00509976
0.0050794
0.00631477
0.00631464
0.00631435
0.00631523
0.00631493
0.00631493
0.00631497
0.00631496
0.00631526
0.00631611
0.00631611
0.00631641
0.0063155
0.00631581
0.00631581
0.00631579
0.00631579
0.00631548
0.00631615
0.00631615
0.00631644
0.00631555
0.00631585
0.00631585
0.00631586
0.00631586
0.00631556
0.0063131
0.00631283
0.0063128
0.00631361
0.00631364
0.00631337
0.00631303
0.00631309
0.00631318
0.00631293
0.00631301
0.00631294
0.00631283
0.00631287
0.00631314
0.00631103
0.00631078
0.00631075
0.00631151
0.00631153
0.00631128
0.00631085
0.00631087
0.00631111
0.00630902
0.00630877
0.00630877
0.00630951
0.00630952
0.00630927
0.00630894
0.00630895
0.00630919
0.00630699
0.00630674
0.00630675
0.00630751
0.00630751
0.00630725
0.00630664
0.00630654
0.00630453
0.00630737
0.00630716
0.00630728
0.00630692
0.00630704
0.00630724
0.00630699
0.00630699
0.00630724
0.00628854
0.00629772
0.00629711
0.00629873
0.00629825
0.00628973
0.00597907
0.00596735
0.00514355
0.00629398
0.00624431
0.00624701
0.00613411
0.00590494
0.00590607
0.00589625
0.00590139
0.00613427
0.00471047
0.00547898
0.00547307
0.00628691
0.00628699
0.0062978
0.00553646
0.00620227
0.00620002
0.00630084
0.00630118
0.00630149
0.00630056
0.00630087
0.00630048
0.00631266
0.0063128
0.00631283
0.00631269
0.00631274
0.00631261
0.00631248
0.00631273
0.0063126
0.00631292
0.00631283
0.0063127
0.00631094
0.006311
0.00631112
0.00631075
0.00631087
0.00631081
0.00631154
0.00631164
0.00631139
0.00631144
0.0063115
0.00631162
0.00631125
0.00631137
0.00631132
0.006309
0.00630907
0.00630919
0.00630883
0.00630895
0.00630888
0.00630947
0.00630954
0.00630966
0.00630931
0.00630942
0.00630935
0.00625632
0.00628565
0.00628648
0.00628393
0.00628481
0.00625406
0.00624738
0.00628212
0.00628306
0.00627999
0.00628111
0.00624487
0.00630707
0.00630713
0.00630725
0.00630578
0.00630579
0.00630394
0.00630318
0.00630579
0.00630578
0.00630756
0.00630762
0.00630774
0.00630737
0.00630749
0.00630744
0.00629283
0.00629953
0.00629916
0.00630016
0.00629987
0.0062937
0.00630532
0.00630522
0.00630509
0.00630548
0.00630535
0.00630546
0.00630455
0.00630514
0.00630525
0.00629675
0.00629674
0.00630059
0.00624494
0.00628252
0.00628304
0.00628097
0.0062818
0.00624263
0.00622536
0.00627296
0.00627313
0.0062823
0.00627559
0.00622936
0.0063005
0.00630034
0.00630135
0.00629135
0.00629746
0.0062976
0.0062974
0.00629739
0.00629141
0.00631357
0.00631343
0.00631339
0.00631383
0.00631386
0.00631372
0.00630496
0.00630484
0.0063039
0.0063041
0.00630519
0.00630508
0.00631369
0.00631384
0.0063138
0.00631335
0.00631331
0.00631317
0.0063136
0.00631346
0.00631349
0.00631335
0.0063134
0.00631355
0.00630584
0.00630573
0.00630434
0.00630444
0.00630604
0.00630594
0.0063044
0.00630453
0.00630413
0.00630382
0.00630415
0.00630428
0.00631515
0.00631516
0.00631532
0.00631481
0.00631499
0.00631499
0.00631496
0.00631496
0.00631479
0.00631501
0.00631501
0.00631485
0.00631432
0.00631435
0.00631418
0.00631469
0.00631452
0.0063145
0.00631455
0.00631454
0.00631471
0.00631517
0.00631517
0.00631533
0.00631484
0.00631501
0.006315
0.00631503
0.00631503
0.00631486
0.00631478
0.00631496
0.00631496
0.00631498
0.00631498
0.0063148
0.00631531
0.00631515
0.00631515
0.00631338
0.00631341
0.00631349
0.00631325
0.00631333
0.0063133
0.00631374
0.00631384
0.0063138
0.00628248
0.00629473
0.00629375
0.00629641
0.0062956
0.00628413
0.00628443
0.00628318
0.00626717
0.00627357
0.00628661
0.00628559
0.00631117
0.00631209
0.00631185
0.00631245
0.00631228
0.00631156
0.0063075
0.00631063
0.00631008
0.00631155
0.00631114
0.00630886
0.00628729
0.00628803
0.00626304
0.0062351
0.00627741
0.00627875
0.00627478
0.00627613
0.00623169
0.00616099
0.00616859
0.00603408
0.00598733
0.00614508
0.00615323
0.00584984
0.00602113
0.00603071
0.00600222
0.00601237
0.00583856
0.00590128
0.00605558
0.00605744
0.00603921
0.0060483
0.00588872
0.00621758
0.00625148
0.00624823
0.00625581
0.00625414
0.00622156
0.0062832
0.00629671
0.00629737
0.0060053
0.00598106
0.00581574
0.00622189
0.00625383
0.00625375
0.00631441
0.00631451
0.00631451
0.00631449
0.00631449
0.00631439
0.00631413
0.00631415
0.00631405
0.00631435
0.00631425
0.00631424
0.00631442
0.00631452
0.00631452
0.00631438
0.00631449
0.00631449
0.00631449
0.00631449
0.00631438
0.00627345
0.0062737
0.00622715
0.00631373
0.00631364
0.0063136
0.00631387
0.0063139
0.00631381
0.00620645
0.0062107
0.00612031
0.0060926
0.00619747
0.00620207
0.00632344
0.00632344
0.00632454
0.00632344
0.00632344
0.00632454
0.00632344
0.00632344
0.00632454
0.00632345
0.00632344
0.00632454
0.00632125
0.00632125
0.00632235
0.00632125
0.00632125
0.00632235
0.00631905
0.00631906
0.00632016
0.00631906
0.00631906
0.00632015
0.0063179
0.0063179
0.00631846
0.00631575
0.00631575
0.0063163
0.00631359
0.0063136
0.00631414
0.00631152
0.00631152
0.00631204
0.0063095
0.00630949
0.00630999
0.00630749
0.00630745
0.00630796
0.00630544
0.00630537
0.00630589
0.00630384
0.00630382
0.00630409
0.00630334
0.00630325
0.00630378
0.00630121
0.00630116
0.00630145
0.00629862
0.00629864
0.00629918
0.00629521
0.00629528
0.00629637
0.00629563
0.0062955
0.00629659
0.00629316
0.00629318
0.00629426
0.0062935
0.00629354
0.00629463
0.00629102
0.00629062
0.00629179
0.00627592
0.00591098
0.0059099
0.00612056
0.0062896
0.00629084
0.0062908
0.00629126
0.00629237
0.00630174
0.00630206
0.0063021
0.00631419
0.00631391
0.00631389
0.00630649
0.00630647
0.00630621
0.00630437
0.00630464
0.00630466
0.00515266
0.00595633
0.00594678
0.00620573
0.00620418
0.00555695
0.00629254
0.00629259
0.00629886
0.00630118
0.00630019
0.00630008
0.00630437
0.00630434
0.00630408
0.00630595
0.00630569
0.00630571
0.00630279
0.00630292
0.00630272
0.00630311
0.00630373
0.00630361
0.00630448
0.00630436
0.00630359
0.0063145
0.00631478
0.00631475
0.00631901
0.00631957
0.00631957
0.00631957
0.00631957
0.006319
0.00631901
0.00631957
0.00631957
0.00631957
0.00631957
0.00631901
0.00631679
0.00631735
0.00631735
0.00631847
0.0063179
0.0063179
0.006317
0.006317
0.0063167
0.0063167
0.006317
0.006317
0.00631736
0.00631736
0.0063168
0.00631515
0.00631516
0.00631461
0.00631474
0.00631475
0.00631447
0.00631555
0.00631585
0.00631585
0.00631643
0.00631614
0.00631614
0.00631467
0.00631521
0.0063152
0.00631298
0.00631299
0.00631246
0.00631407
0.00631353
0.00631352
0.00631256
0.00631308
0.00631307
0.00631087
0.00631087
0.00631035
0.00631192
0.0063114
0.0063114
0.00631168
0.00631165
0.0063114
0.00631216
0.0063119
0.00631193
0.0063105
0.00631101
0.00631101
0.0063088
0.00630878
0.00630826
0.00630982
0.0063093
0.00630931
0.00630971
0.0063097
0.00630945
0.00631018
0.00630994
0.00630996
0.00630847
0.00630898
0.006309
0.00630672
0.00630668
0.00630615
0.00630773
0.00630721
0.00630724
0.00630774
0.00630775
0.0063075
0.00630824
0.006308
0.006308
0.00630642
0.00630693
0.00630698
0.00630562
0.00630509
0.00630514
0.00630432
0.00630484
0.00630492
0.00630326
0.00630353
0.00630356
0.00629973
0.00630027
0.00630025
0.00630058
0.00630087
0.00630092
0.0062979
0.00629809
0.00629754
0.00629776
0.00629833
0.00629811
0.00631249
0.00631251
0.00631264
0.00630657
0.00630663
0.00630675
0.00631445
0.00631446
0.00631431
0.0063127
0.00631267
0.00631241
0.0063132
0.00631293
0.00631296
0.00631069
0.00631067
0.00631042
0.00631116
0.00631091
0.00631093
0.00630873
0.00630873
0.00630849
0.00630921
0.00630897
0.00630898
0.00630673
0.00630675
0.0063065
0.00630725
0.006307
0.00630699
0.00630493
0.00630492
0.00630518
0.00630005
0.00629976
0.00629908
0.00623755
0.00624122
0.00629349
0.00629754
0.006287
0.00628697
0.00629957
0.00629996
0.00630025
0.00630121
0.0063011
0.00630079
0.00631296
0.00631293
0.00631307
0.00630688
0.006307
0.00630694
0.00629931
0.00629371
0.00629644
0.00631351
0.00631349
0.00631364
0.00631321
0.00631335
0.00631337
0.00630488
0.00630462
0.00630464
0.00630544
0.00630542
0.00630516
0.00631392
0.0063139
0.00631375
0.0063142
0.00631405
0.00631407
0.00630635
0.00630618
0.00630631
0.00630686
0.00630667
0.00630679
0.00630643
0.00630655
0.00630673
0.00630479
0.0063047
0.00630457
0.00630496
0.00630483
0.00630493
0.00630443
0.0063043
0.0063044
0.00630334
0.00630347
0.00630323
0.00630285
0.00630307
0.0063032
0.00631487
0.00631503
0.00631503
0.00631534
0.00631518
0.00631518
0.00630399
0.00630386
0.00630321
0.0063035
0.00630424
0.00630412
0.00631504
0.00631506
0.00631535
0.0063146
0.00631461
0.00631476
0.00631671
0.006317
0.006317
0.00631699
0.00631699
0.00631669
0.00631532
0.00631503
0.00631502
0.00631477
0.00631462
0.00631461
0.00632345
0.00632345
0.00632454
0.00632345
0.00632345
0.00632454
0.00632125
0.00632125
0.00632235
0.00631906
0.00631906
0.00632015
0.00631685
0.00631685
0.00631795
0.00631791
0.00631792
0.00631848
0.00631688
0.00631688
0.00631797
0.00631467
0.00631467
0.00631576
0.00631614
0.00631615
0.00631644
0.00631472
0.00631472
0.0063158
0.0063125
0.00631251
0.00631359
0.00631258
0.00631257
0.00631364
0.00631034
0.00631035
0.00631143
0.00631046
0.00631043
0.0063115
0.00630818
0.00630821
0.00630928
0.00630835
0.0063083
0.00630936
0.00630602
0.00630606
0.00630713
0.00630623
0.00630617
0.00630724
0.00630387
0.00630391
0.00630499
0.00630411
0.00630404
0.0063051
0.0063017
0.00630175
0.00630283
0.00630198
0.00630189
0.00630296
0.00630118
0.00630109
0.00630162
0.00629982
0.00629973
0.00630081
0.00629599
0.00629373
0.00629475
0.00593973
0.00628825
0.00628896
0.00629345
0.00629331
0.0062944
0.00631645
0.00631616
0.00631615
0.00630213
0.00630241
0.00630243
0.0063038
0.00630353
0.00630355
0.00631958
0.00631958
0.00631903
0.00631902
0.00631958
0.00631958
0.00631737
0.00631736
0.00631681
0.00631848
0.00631792
0.00631792
0.00631685
0.0063174
0.0063174
0.00631625
0.0063157
0.0063157
0.00631563
0.00631591
0.00631591
0.00631375
0.00631373
0.00631346
0.00631428
0.00631401
0.00631402
0.00630461
0.00630455
0.00630402
0.0063057
0.00630573
0.00630547
0.00630624
0.00630599
0.00630597
0.00630247
0.0063024
0.00630185
0.00630348
0.00630294
0.00630301
0.00630217
0.0063027
0.0063028
0.00629959
0.00629903
0.00629899
0.00622833
0.00622095
0.00558943
0.00629613
0.00629552
0.00629609
0.00630272
0.0063027
0.00630298
0.00630327
0.00630325
0.00630298
0.0063159
0.0063159
0.00631561
0.00603902
0.00513526
0.00333498
0.00603209
0.00511704
0.00330791
0.005942
0.00495819
0.00316763
0.00593626
0.00495039
0.00316719
0.00356344
0.0023525
0.00159832
0.00630281
0.00610732
0.0044774
0.00605427
0.00510943
0.00291268
0.00601863
0.00502395
0.00283109
0.00357567
0.0023591
0.00159987
0.00392012
0.00299166
0.00204997
0.00630013
0.00607384
0.00438064
0.00607137
0.00518574
0.00334729
0.00607629
0.00519436
0.00335051
0.00599474
0.00505359
0.00326426
0.00599165
0.00505356
0.00327521
0.00587925
0.00485743
0.00309049
0.00588687
0.00487402
0.00310876
0.00345092
0.00233127
0.00160962
0.0034505
0.00232689
0.00160534
0.00368699
0.00293817
0.00205287
0.00631224
0.0062613
0.0053586
0.00619767
0.00548969
0.00342434
0.00621254
0.00554439
0.00346294
0.00619282
0.00547148
0.00341164
0.00605139
0.00514924
0.00332361
0.0060178
0.00509659
0.00330413
0.0059644
0.00500589
0.00322332
0.00591224
0.00491124
0.00312029
0.0056945
0.00457251
0.00286968
0.00629797
0.00601209
0.00430974
0.00351888
0.0023292
0.00159426
0.00340653
0.00228893
0.00159041
0.00344472
0.00232361
0.00160313
0.00509472
0.00373704
0.00215128
0.00479462
0.0031456
0.00181946
0.00486337
0.00320355
0.00183728
0.00494382
0.00327387
0.0018576
0.00489669
0.00323077
0.00184215
0.00505817
0.00337942
0.0018858
0.00496694
0.00329499
0.00186437
0.00504484
0.00336478
0.00188144
0.00478181
0.00313393
0.00181481
0.00470999
0.00307911
0.00180188
0.00462128
0.00301384
0.00178393
0.0046894
0.00306261
0.00179654
0.00441476
0.00287527
0.00174091
0.00448761
0.00292218
0.00175804
0.00459283
0.00299323
0.00177812
0.00452347
0.00294661
0.0017638
0.00438314
0.00285487
0.00173735
0.00376012
0.00247236
0.00162624
0.00361445
0.00238312
0.00160325
0.00338639
0.00226804
0.00158488
0.00621704
0.00556251
0.0034768
0.00623279
0.00563602
0.00353637
0.00623718
0.00565792
0.00356276
0.0060575
0.00516217
0.00333739
0.00609217
0.00522839
0.00338716
0.00601225
0.00508655
0.0032945
0.00596882
0.0050103
0.00321884
0.00586009
0.004827
0.00306163
0.00590476
0.00489799
0.00311077
0.00562306
0.0044592
0.00274228
0.00565944
0.00451668
0.00283168
0.00563105
0.00447379
0.00275989
0.00568544
0.00455613
0.00284564
0.00566394
0.00452302
0.00283918
0.00549444
0.00425044
0.00255402
0.00540781
0.00412396
0.00241725
0.00539355
0.00410542
0.00239536
0.00507032
0.00371161
0.00213714
0.00499301
0.00364229
0.00209834
0.00611794
0.00528018
0.00339228
0.00612158
0.00528395
0.00337969
0.00604225
0.00513645
0.00332508
0.00611318
0.00527047
0.00338805
0.00610694
0.0052533
0.00336556
0.0060261
0.00510538
0.00329665
0.00594919
0.0049713
0.0031787
0.00583562
0.00478748
0.00306221
0.00583992
0.00479071
0.00305792
0.00593174
0.0049467
0.00317295
0.0058275
0.00477069
0.00303982
0.0058193
0.00475385
0.00301882
0.00347642
0.00230043
0.00158585
0.00348803
0.0023064
0.00158737
0.0035523
0.00234791
0.00159738
0.00346502
0.00229484
0.00158452
0.00345376
0.00228946
0.00158331
0.00630436
0.00612663
0.00456533
0.00534775
0.0040378
0.00233988
0.00533098
0.00401705
0.00232145
0.00608827
0.00519354
0.00299513
0.0062246
0.00562572
0.003566
0.00599007
0.00495387
0.00275939
0.00358863
0.00236608
0.00160164
0.00392802
0.0029973
0.00200807
0.00629695
0.00604184
0.00430007
0.00614711
0.00534557
0.00342157
0.00606736
0.0051813
0.00335324
0.00608204
0.00520678
0.00336231
0.00599928
0.00505885
0.00326201
0.00598182
0.0050354
0.00324219
0.00587214
0.00484742
0.00308491
0.0058934
0.00488388
0.00311466
0.00578725
0.00470912
0.00298222
0.00535855
0.0040523
0.00235905
0.00537004
0.00407474
0.00236049
0.00631223
0.00625679
0.00519637
0.00631149
0.00623007
0.00502474
0.00345227
0.00232862
0.00160815
0.00345267
0.00232894
0.00160698
0.00620396
0.00551474
0.00346123
0.0062084
0.00553038
0.00346642
0.00618595
0.00545197
0.00344531
0.00613127
0.00530415
0.00338189
0.00612605
0.00529196
0.00337576
0.00604628
0.00514057
0.0033195
0.00609478
0.00523039
0.00338498
0.00610199
0.00524202
0.00335737
0.00602131
0.00509855
0.00329573
0.00595718
0.00498925
0.00320263
0.00585149
0.0048077
0.00306996
0.00584541
0.00479746
0.00305933
0.00591968
0.0049288
0.00313874
0.00580419
0.00473035
0.0029992
0.00581148
0.00474042
0.0030058
0.00571019
0.00459257
0.00290448
0.005706
0.00458882
0.00290194
0.00351014
0.00232087
0.00158832
0.00349972
0.00231305
0.00158881
0.00353462
0.00233619
0.0015959
0.00343095
0.00227714
0.0015811
0.00344241
0.00228403
0.00158218
0.00342044
0.00227444
0.00158067
0.00342287
0.00230573
0.00159569
0.00343548
0.00231712
0.0016
0.00630669
0.00615752
0.00468415
0.00528602
0.00395934
0.00227635
0.00530209
0.00398227
0.00228812
0.00531564
0.00399798
0.00230409
0.00615142
0.00537962
0.00323249
0.00610909
0.00525336
0.00307547
0.00617648
0.00545898
0.00333445
0.00619782
0.00553397
0.00344949
0.0059456
0.00484931
0.00265127
0.00537684
0.0038203
0.00202952
0.00481274
0.00316135
0.00182506
0.00483563
0.00318053
0.00183118
0.0049253
0.00325625
0.00185137
0.00491183
0.00324287
0.00184614
0.00499465
0.00331993
0.00187118
0.00502764
0.00334917
0.00187689
0.00476834
0.00312433
0.00181145
0.00473616
0.00309958
0.00180729
0.004656
0.00303889
0.00178851
0.00467481
0.00305125
0.00179204
0.00443328
0.00288542
0.00174546
0.00445763
0.00290203
0.00175156
0.0045704
0.00297656
0.00177243
0.0045545
0.00296686
0.00176797
0.00435214
0.00283587
0.00173375
0.00360201
0.00237395
0.0016034
0.0033681
0.00225378
0.00158075
0.00622911
0.00561977
0.00352912
0.00622149
0.0055828
0.00350693
0.00624186
0.00568382
0.00361155
0.00613723
0.00532066
0.00339954
0.00614311
0.005338
0.00342191
0.00606435
0.00518085
0.00336576
0.00608871
0.00522438
0.00338839
0.00600523
0.00506957
0.00327122
0.00597472
0.00501998
0.00322436
0.00586689
0.00484169
0.00308334
0.00589845
0.0048889
0.00310936
0.00579819
0.0047244
0.00299913
0.00579426
0.00472295
0.00300325
0.0057785
0.00468845
0.00298547
0.00561675
0.00444928
0.00273326
0.00565279
0.00450656
0.00281766
0.00564053
0.00449021
0.00278414
0.00567184
0.00453393
0.00282
0.00567757
0.00454258
0.00282854
0.00542277
0.00414332
0.00244069
0.00538079
0.00408868
0.00237507
0.00504384
0.00368615
0.00212336
0.00501736
0.0036606
0.00210994
0.00631313
0.00628184
0.00549484
0.00631357
0.00629552
0.0057139
0.00631356
0.0062954
0.00572719
0.00368271
0.00272504
0.00189457
0.00373241
0.00278185
0.00190135
0.00572077
0.00441936
0.00234824
0.00548107
0.00400881
0.00211844
0.00575848
0.0044865
0.00238892
0.00544407
0.00395166
0.00209689
0.00398153
0.00260537
0.00165924
0.00383713
0.00251965
0.00164054
0.00369658
0.00243306
0.00161828
0.0038209
0.00251088
0.00163826
0.00368391
0.00242674
0.00161677
0.00479103
0.00368572
0.00242745
0.00627786
0.00588228
0.00389834
0.00627212
0.00584818
0.00383095
0.00546097
0.00419412
0.00249543
0.0055319
0.00431195
0.00261803
0.00552485
0.00430187
0.00260878
0.00545504
0.00418601
0.00249014
0.00543753
0.00416246
0.00246544
0.00630661
0.00610923
0.00457227
0.00630912
0.00616192
0.00472166
0.00368322
0.00299056
0.00225572
0.00518414
0.00383034
0.0022069
0.00336074
0.00224003
0.00157497
0.0033655
0.00224508
0.00157562
0.00336581
0.00225336
0.00158037
0.0035045
0.00245284
0.00167578
0.00384532
0.00289159
0.00189864
0.00617769
0.00542762
0.00343031
0.00571479
0.0045985
0.00291089
0.00572321
0.0046096
0.00289178
0.00574795
0.00464914
0.00295076
0.00499304
0.00367315
0.00222074
0.00626574
0.00580886
0.00389157
0.00340578
0.00226267
0.00157815
0.00630964
0.00620776
0.00493305
0.00630792
0.00617977
0.00479547
0.00524859
0.00391139
0.00223388
0.00516218
0.00380711
0.00219114
0.00523799
0.00389828
0.00222995
0.00522722
0.00387758
0.00224073
0.00623941
0.00568769
0.00367712
0.00556552
0.00415401
0.00219565
0.00560342
0.00421579
0.00222696
0.00590579
0.00476984
0.00259857
0.00586814
0.00469465
0.00254104
0.00392359
0.00257021
0.00165535
0.00389847
0.00255486
0.00165124
0.00374371
0.00246053
0.00162554
0.00362741
0.00239452
0.00161081
0.00336866
0.00224872
0.00157642
0.00339733
0.00225834
0.00157722
0.00337621
0.00224931
0.0015762
0.00336323
0.00225211
0.00158117
0.00347289
0.00239346
0.00164004
0.00388201
0.00293023
0.00192536
0.00628816
0.00596208
0.0040695
0.00629052
0.00598226
0.00412611
0.00615851
0.00537333
0.0034112
0.00617176
0.00540666
0.00340499
0.00615126
0.00535645
0.00343545
0.00577162
0.00467676
0.00297019
0.0057538
0.00465571
0.00295682
0.00548596
0.00423571
0.00253369
0.00498412
0.00366111
0.00218786
0.00345994
0.00233256
0.00161104
0.00362061
0.00264225
0.00185243
0.00377345
0.00282295
0.00189579
0.00498347
0.00364582
0.00225436
0.00497642
0.00362215
0.00218509
0.00498858
0.00366271
0.00227331
0.00498916
0.00366968
0.00226469
0.00567466
0.00433092
0.00228395
0.00343603
0.00232527
0.00161261
0.0034427
0.00232904
0.0016125
0.00551027
0.00405659
0.00214097
0.00580552
0.00456853
0.00243477
0.00541478
0.00390311
0.0020763
0.00528495
0.00367491
0.00198411
0.00530348
0.00370696
0.00199697
0.00515581
0.00348562
0.00191559
0.00516573
0.00349933
0.0019214
0.00527429
0.00364831
0.00197278
0.00526927
0.00363971
0.00196445
0.00512479
0.0034534
0.00190969
0.00510061
0.00342831
0.0019038
0.00400034
0.00262025
0.00166961
0.00402256
0.00263165
0.00167257
0.00417182
0.0027183
0.00169505
0.00415091
0.00270589
0.00169081
0.00419625
0.00273294
0.00170006
0.00422441
0.00275033
0.00170547
0.00396772
0.00259593
0.00165947
0.00385549
0.00252993
0.00164355
0.00371102
0.00244121
0.0016204
0.00380433
0.00250198
0.00163698
0.00366747
0.00241798
0.00161538
0.00343044
0.00232173
0.00161118
0.00342829
0.00232468
0.00161285
0.0062806
0.00590099
0.0039314
0.00628338
0.00592216
0.00398588
0.00626672
0.0058131
0.00379389
0.00560314
0.00442726
0.00273933
0.00560844
0.00443547
0.00274872
0.00546888
0.0042056
0.00250413
0.0055971
0.0044185
0.00272927
0.00558305
0.00440019
0.00269605
0.00553942
0.00432365
0.00262914
0.00551658
0.00428715
0.00258811
0.00496981
0.00370192
0.00236187
0.00346127
0.00233537
0.00160949
0.00345372
0.00232963
0.00161142
0.00345709
0.00233069
0.0016113
0.006313
0.00627961
0.00553244
0.00631171
0.0062484
0.00522393
0.00631049
0.00622398
0.0050582
0.00520654
0.00385443
0.00222354
0.0033675
0.00224506
0.0015758
0.00337183
0.00224877
0.00157432
0.00336699
0.00224928
0.00157751
0.003367
0.00225197
0.00157914
0.0035449
0.00252582
0.00172572
0.0038097
0.00285683
0.00189096
0.00618281
0.00544524
0.00345189
0.00572906
0.00461841
0.00290134
0.00573688
0.0046328
0.0029205
0.00498948
0.0036413
0.00219352
0.00498381
0.00363277
0.00218739
0.00499293
0.0036711
0.00223902
0.0062778
0.00587738
0.00402687
0.00629119
0.00595553
0.00417126
0.00341358
0.00226686
0.00157874
0.00341972
0.00227188
0.00157734
0.00345013
0.00232903
0.00161162
0.00344637
0.00232863
0.00161193
0.0052608
0.00392639
0.002247
0.0052738
0.00394315
0.00226112
0.00512246
0.00376723
0.00216271
0.00514139
0.00378507
0.00217628
0.00553421
0.00410013
0.00216657
0.00564688
0.00428394
0.00225721
0.00583529
0.00462702
0.00248512
0.00539355
0.00386453
0.00205942
0.00535801
0.00378976
0.00202213
0.00532792
0.00374559
0.00201051
0.0051934
0.00354103
0.00193735
0.00517692
0.00351792
0.00192877
0.00521405
0.00356872
0.00194668
0.00523927
0.00360154
0.00195623
0.00507445
0.00339653
0.00188787
0.0040802
0.00266655
0.00168178
0.00404942
0.00264808
0.00167703
0.00411133
0.00268512
0.00168529
0.00413388
0.00269705
0.00168773
0.00430189
0.00279751
0.00171729
0.00432158
0.00281198
0.00171979
0.00428465
0.00278769
0.00171383
0.00425658
0.00277074
0.00171024
0.00395122
0.00258749
0.00165807
0.00387585
0.00254156
0.00164717
0.00372681
0.00245028
0.00162293
0.00378086
0.00248937
0.00163558
0.00364595
0.00240367
0.00161308
0.00339094
0.00225633
0.00157672
0.00338395
0.00225387
0.00157653
0.00335986
0.0022545
0.00158232
0.00343997
0.00233152
0.00161444
0.00390038
0.00295305
0.00194259
0.00629313
0.00600673
0.00421329
0.00625785
0.00576437
0.00370727
0.00626383
0.0057964
0.00376862
0.00625399
0.0057408
0.0036644
0.00624835
0.00571251
0.00366538
0.00616201
0.0053796
0.00339863
0.00616651
0.00539081
0.00339581
0.00576475
0.00466706
0.00296085
0.00575873
0.00465992
0.00295667
0.00547734
0.00422006
0.00251674
0.00556246
0.00436796
0.00264664
0.00557168
0.00438379
0.00266754
0.0055465
0.00433589
0.00264265
0.00555481
0.00435516
0.00263458
0.00550556
0.00427317
0.00256237
0.00497704
0.00367188
0.00224264
0.00631345
0.00629195
0.00567813
)
;

boundaryField
{
    topAndBottom
    {
        type            slip;
    }
    inlet
    {
        type            fixedValue;
        value           uniform 0.00633;
    }
    outlet
    {
        type            zeroGradient;
    }
    wing
    {
        type            groovyBC;
        refValue        uniform 0.00131947;
        refGradient     uniform 0;
        valueFraction   uniform 1;
        value           uniform 0.00131947;
        valueExpression "YSat*rh";
        gradientExpression "0";
        fractionExpression "1";
        evaluateDuringConstruction 0;
        cyclicSlave     0;
        variables       "rh=0.7;";
        timelines       (
);
        lookuptables    (
);
        lookuptables2D  (
);
    }
    front
    {
        type            empty;
    }
    back
    {
        type            empty;
    }
}


// ************************************************************************* //
