/*--------------------------------*- C++ -*----------------------------------*\
| =========                 |                                                 |
| \\      /  F ield         | OpenFOAM: The Open Source CFD Toolbox           |
|  \\    /   O peration     | Version:  5.x                                   |
|   \\  /    A nd           | Web:      www.OpenFOAM.org                      |
|    \\/     M anipulation  |                                                 |
\*---------------------------------------------------------------------------*/
FoamFile
{
    version     2.0;
    format      ascii;
    class       volScalarField;
    location    "100";
    object      pSat;
}
// * * * * * * * * * * * * * * * * * * * * * * * * * * * * * * * * * * * * * //

dimensions      [0 2 -2 0 0 0 0];

internalField   nonuniform List<scalar> 
6584
(
697.948
697.948
697.948
697.948
697.948
697.948
697.948
697.948
697.948
697.948
697.948
697.948
697.948
697.948
697.948
697.948
697.948
697.948
697.948
697.948
697.948
697.948
697.948
697.948
697.948
697.948
697.948
697.948
697.948
697.948
697.948
697.948
697.948
697.948
697.948
697.948
697.948
697.948
697.948
697.948
697.948
697.948
697.948
697.948
697.948
697.948
697.948
697.948
697.948
697.948
697.948
697.948
697.948
697.948
697.948
697.948
697.948
697.948
697.948
697.948
697.948
697.948
697.948
697.948
697.948
697.948
697.948
697.948
697.948
697.948
697.948
697.948
697.948
697.948
697.948
697.948
697.948
697.948
697.948
697.948
697.948
697.948
697.948
697.948
697.948
697.948
697.948
697.948
697.948
697.948
697.948
697.948
697.948
697.948
697.948
697.948
697.948
697.948
697.948
697.948
697.948
697.948
697.948
697.948
697.948
697.948
697.948
697.948
697.948
697.948
697.948
697.948
697.948
697.948
697.948
697.948
697.948
697.948
697.948
697.948
697.948
697.948
697.948
697.948
697.948
697.948
697.948
697.948
697.948
697.948
697.948
697.948
697.948
697.948
697.948
697.948
697.948
697.948
697.948
697.948
697.948
697.948
697.948
697.948
697.948
697.948
697.948
697.948
697.948
697.948
697.948
697.948
697.948
697.948
697.948
697.948
697.948
697.948
697.948
697.948
697.948
697.948
697.948
697.948
697.948
697.948
697.948
697.948
697.948
697.948
697.948
697.948
697.948
697.948
697.948
697.948
697.948
697.948
697.948
697.948
697.948
697.948
697.948
697.948
697.948
697.948
697.948
697.948
697.948
697.948
697.948
697.948
697.948
697.948
697.948
697.948
697.948
697.948
697.948
697.948
697.948
697.948
697.948
697.948
697.948
697.948
697.948
697.948
697.948
697.948
697.948
697.948
697.948
697.948
697.948
697.948
697.948
697.948
697.948
697.948
697.948
697.948
697.948
697.948
697.948
697.948
697.948
697.948
697.948
697.948
697.948
697.948
697.948
697.948
697.948
697.948
697.948
697.948
697.948
697.948
697.948
697.948
697.948
697.948
697.948
697.948
697.948
697.948
697.948
697.948
697.948
697.948
697.948
697.948
697.948
697.948
697.948
697.948
697.948
697.948
697.948
697.948
697.948
697.948
697.948
697.948
697.948
697.948
697.948
697.948
697.948
697.948
697.948
697.948
697.948
697.948
697.948
697.948
697.948
697.948
697.948
697.948
697.948
697.948
697.948
697.948
697.948
697.948
697.948
697.948
697.948
697.948
697.948
697.948
697.948
697.948
697.948
697.948
697.948
697.948
697.948
697.948
697.948
697.948
697.948
697.948
697.948
697.948
697.948
697.948
697.948
697.948
697.948
697.948
697.948
697.948
697.948
697.948
608.039
697.948
697.948
697.948
697.948
697.948
697.948
697.948
697.948
697.948
697.948
697.948
697.948
697.948
697.948
697.948
697.948
697.948
697.948
697.948
697.948
697.948
697.948
697.948
676.751
697.948
697.948
697.948
697.948
697.948
697.948
697.948
697.948
697.948
697.948
697.948
697.948
697.948
697.948
697.948
697.948
697.948
697.948
697.948
697.948
697.948
697.948
697.948
678.82
697.948
697.948
697.948
697.948
697.948
697.948
697.948
697.948
697.948
697.948
697.948
697.948
697.948
697.948
697.948
697.948
697.948
697.948
697.948
697.948
697.948
697.948
697.816
688.84
697.948
697.948
697.948
697.948
697.948
697.948
697.948
697.948
697.948
697.948
697.948
697.948
697.948
697.948
697.948
697.948
697.948
697.948
697.948
697.948
697.948
697.948
697.683
689.186
697.948
697.948
697.948
697.948
697.948
697.948
697.948
697.948
697.948
697.948
697.948
697.948
697.948
697.948
697.948
697.948
697.948
697.948
697.948
697.948
697.948
697.924
693.015
693.695
697.948
697.948
697.948
697.948
697.948
697.948
697.948
697.948
697.948
697.948
697.948
697.948
697.948
697.948
697.948
697.948
697.948
697.948
697.948
697.948
697.948
697.905
693.043
693.761
697.947
697.948
697.948
697.948
697.948
697.948
697.948
697.948
697.948
697.948
697.948
697.948
697.948
697.948
697.948
697.948
697.948
697.948
697.948
697.948
697.948
697.887
693.07
693.822
697.947
697.948
697.948
697.948
697.948
697.948
697.948
697.948
697.948
697.948
697.948
697.948
697.948
697.948
697.948
697.948
697.948
697.948
697.948
697.948
697.948
697.872
693.098
693.88
697.946
697.948
697.948
697.948
697.948
697.948
697.948
697.948
697.948
697.948
697.948
697.948
697.948
697.948
697.948
697.948
697.948
697.948
697.948
697.948
697.947
697.86
693.125
693.936
697.946
697.948
697.948
697.948
697.948
697.948
697.948
697.948
697.948
697.948
697.948
697.948
697.948
697.948
697.948
697.948
697.948
697.948
697.948
697.948
697.947
697.849
693.153
693.989
697.945
697.948
697.948
697.948
697.948
697.948
697.948
697.948
697.948
697.948
697.948
697.948
697.948
697.948
697.948
697.948
697.948
697.948
697.948
697.948
697.947
697.84
693.18
694.041
697.945
697.948
697.948
697.948
697.948
697.948
697.948
697.948
697.948
697.948
697.948
697.948
697.948
697.948
697.948
697.948
697.948
697.948
697.948
697.948
697.946
697.831
693.208
694.092
697.944
697.948
697.948
697.948
697.948
697.948
697.948
697.948
697.948
697.948
697.948
697.948
697.948
697.948
697.948
697.948
697.948
697.948
697.948
697.948
697.946
697.823
693.237
694.144
697.944
697.948
697.948
697.948
697.948
697.948
697.948
697.948
697.948
697.948
697.948
697.948
697.948
697.948
697.948
697.948
697.948
697.948
697.948
697.948
697.946
697.816
693.265
694.194
697.943
697.948
697.948
697.948
697.948
697.948
697.948
697.948
697.948
697.948
697.948
697.948
697.948
697.948
697.948
697.948
697.948
697.948
697.948
697.948
697.946
697.811
693.294
694.242
697.943
697.948
697.948
697.948
697.948
697.948
697.948
697.948
697.948
697.948
697.948
697.948
697.948
697.948
697.948
697.948
697.948
697.948
697.948
697.948
697.945
697.808
693.322
694.287
697.943
697.948
697.948
697.948
697.948
697.948
697.948
697.948
697.948
697.948
697.948
697.948
697.948
697.948
697.948
697.948
697.948
697.948
697.948
697.948
697.945
697.806
693.351
694.331
697.942
697.948
697.948
697.948
697.948
697.948
697.948
697.948
697.948
697.948
697.948
697.948
697.948
697.948
697.948
697.948
697.948
697.948
697.948
697.948
697.945
697.806
693.381
694.372
697.942
697.948
697.948
697.948
697.948
697.948
697.948
697.948
697.948
697.948
697.948
697.948
697.948
697.948
697.948
697.948
697.948
697.948
697.948
697.948
697.945
697.807
693.41
694.412
697.941
697.948
697.948
697.948
697.948
697.948
697.948
697.948
697.948
697.948
697.948
697.948
697.948
697.948
697.948
697.948
697.948
697.948
697.948
697.948
697.945
697.809
693.44
694.449
697.941
697.948
697.948
697.948
697.948
697.948
697.948
697.948
697.948
697.948
697.948
697.948
697.948
697.948
697.948
697.948
697.948
697.948
697.948
697.948
697.945
697.813
693.471
694.483
697.941
697.948
697.948
697.948
697.948
697.948
697.948
697.948
697.948
697.948
697.948
697.948
697.948
697.948
697.948
697.948
697.948
697.948
697.948
697.948
697.945
697.815
693.502
694.514
697.94
697.948
697.948
697.948
697.948
697.948
697.948
697.948
697.948
697.948
697.948
697.948
697.948
697.948
697.948
697.948
697.948
697.948
697.948
697.948
697.948
697.948
697.948
697.948
697.948
697.948
697.948
640.991
604.713
697.948
697.948
697.948
697.948
697.948
697.948
697.948
697.948
697.948
697.948
697.948
697.948
697.948
697.948
697.948
697.948
697.948
697.948
697.875
697.923
697.522
697.884
697.948
697.948
697.948
697.948
697.948
697.948
697.948
697.855
697.831
693.023
695.375
697.948
697.948
697.948
697.948
697.948
697.948
697.948
697.922
697.898
697.284
695.106
697.948
697.948
697.948
697.917
697.883
697.948
697.948
697.948
697.946
697.941
697.948
663.863
640.581
657.588
697.948
697.948
697.93
697.948
697.948
697.947
697.875
697.948
697.948
697.896
697.948
697.948
697.948
697.929
697.831
697.866
697.948
697.718
697.595
697.848
697.73
695.567
697.506
697.948
697.724
697.282
697.923
697.734
697.948
697.894
697.86
697.948
697.736
697.864
697.598
697.725
694.974
692.926
697.948
697.156
697.495
697.274
697.157
697.948
697.89
697.922
697.87
697.883
697.873
697.373
697.948
697.848
697.926
697.516
697.835
697.948
697.94
697.945
697.924
697.938
697.94
697.922
697.929
697.941
697.948
697.947
697.947
697.945
697.947
697.948
697.947
697.948
697.948
697.948
697.934
697.948
697.948
697.948
697.948
697.948
697.944
697.939
697.22
696.246
697.948
697.948
697.948
697.948
697.937
697.948
697.948
697.948
697.937
697.925
697.948
663.339
675.582
695.775
696.905
676.591
686.416
696.024
693.511
697.948
697.942
697.946
697.011
697.478
697.946
697.948
697.948
697.948
697.948
697.948
697.948
697.948
697.948
697.927
697.948
697.939
697.948
697.942
697.948
697.646
697.742
694.369
694.48
696.594
696.379
697.898
692.652
697.922
697.685
697.306
697.187
697.631
697.944
695.909
697.938
692.268
697.238
691.281
697.928
697.39
697.936
697.948
697.903
696.46
697.937
697.94
697.603
697.598
697.802
697.792
696.387
696.489
697.299
697.942
697.945
697.94
697.942
697.297
697.852
697.947
697.948
697.945
697.947
697.821
697.808
697.816
697.645
697.654
691.777
691.924
697.144
697.94
697.939
697.941
697.94
697.158
697.238
697.938
697.939
697.939
697.938
697.233
663.82
697.906
675.073
662.087
686.463
676.194
697.911
697.851
662.449
697.86
697.753
697.723
697.693
697.943
697.941
697.944
697.943
697.721
693.017
695.506
697.932
692.583
687.229
695.629
693.08
697.934
687.289
692.532
697.935
695.91
697.084
693.066
695.636
697.932
692.84
697.556
697.658
671.921
697.521
697.514
638.888
697.726
697.713
697.946
697.948
697.948
697.948
697.948
697.948
697.948
651.592
697.928
697.947
697.947
697.947
697.945
697.948
675.647
678.532
629.205
697.565
697.593
680.63
684.388
697.243
697.731
563.77
697.948
697.948
697.948
697.948
697.948
697.948
697.895
697.947
697.947
697.531
697.32
697.821
697.842
697.945
697.945
697.945
697.945
697.838
693.647
695.031
697.018
695.456
690.978
688.537
697.945
697.668
697.825
697.944
697.945
663.613
697.948
697.945
697.948
697.914
697.574
697.389
697.946
697.948
697.948
697.948
697.948
697.945
697.837
697.945
697.945
697.946
697.946
697.842
697.656
693.262
695.798
692.85
692.914
697.59
695.972
696.015
697.756
695.898
696.841
697.476
697.906
697.909
697.878
697.882
697.287
697.946
697.946
697.876
697.771
693.874
692.508
697.613
692.738
692.863
692.197
692.019
697.693
693.747
692.228
697.124
697.892
697.885
697.903
697.913
697.368
697.262
697.874
697.876
697.883
697.878
697.194
697.835
695.343
696.158
693.169
692.93
697.56
697.911
697.945
697.944
697.946
697.946
697.916
697.942
696.959
695.86
697.508
697.326
697.943
692.73
693.687
697.946
697.676
697.558
691.215
692.393
693.52
691.585
697.946
697.947
697.948
688.07
696.901
689.146
690.547
689.694
696.773
697.948
697.942
697.948
697.925
697.947
665.958
669.404
675.365
675.532
696.366
682.967
680.44
686.77
683.707
696.516
680.189
681.959
695.176
694.775
697.259
690.381
687.992
685.012
687.124
697.905
697.945
697.948
697.932
697.944
697.89
697.536
697.809
693.756
694.91
696.937
695.619
692.582
696.937
696.497
697.334
697.06
692.612
695.325
694.647
696.338
695.615
697.568
693.782
694.921
691.472
693.212
697.515
687.229
687.645
694.612
697.757
697.585
697.913
697.807
695.256
696.612
696.4
697.453
696.733
697.84
697.945
697.926
697.771
697.638
697.821
697.614
697.921
697.664
697.876
697.925
697.705
697.854
697.945
697.904
697.836
692.874
692.971
697.635
688.351
685.974
693.512
688.56
682.961
680.895
685.298
684.131
697.591
692.951
692.884
694.068
693.802
696.299
694.654
694.034
693.987
693.868
694.004
697.765
696.007
695.991
696.008
696.786
697.893
697.903
697.374
697.292
697.884
697.891
694.525
694.14
697.781
680.646
682.009
670.038
679.145
683.586
686.633
682.251
683.149
692.533
692.705
697.62
677.785
675.633
680.653
678.362
671.13
669.403
674.676
672.475
697.684
692.182
692.431
692.939
692.095
697.901
697.894
697.126
697.296
697.91
697.903
697.873
697.873
697.258
697.198
697.877
697.874
664.546
668.489
696.329
696.811
695.467
696.126
664.754
682.752
697.315
696.749
696.929
697.233
680.838
690.901
691.976
688.046
690.496
664.292
694.351
695.24
692.389
693.905
664.018
694.367
695.098
697.818
692.744
693.319
694.341
692.844
693.245
697.604
692.753
693.863
694.192
671
670.239
679.003
672.063
694.55
675.113
689.605
670.022
690.438
694.455
697.588
697.409
697.748
697.637
694.716
691.505
691.732
694.026
694.8
688.131
690.704
694.824
693.955
697.948
697.948
697.948
697.948
697.948
697.948
697.948
697.948
697.948
697.948
697.948
697.948
697.948
697.948
697.948
697.948
697.948
697.902
697.526
696.842
696.755
693.167
695.258
697.947
697.947
697.91
692.749
692.494
695.217
696.341
696.755
697.904
697.944
697.948
697.948
697.25
697.417
697.896
697.938
697.916
697.946
697.841
696.575
697.182
695.677
696.664
696.563
697.449
697.632
697.633
697.284
697.916
697.921
697.749
697.88
697.946
697.947
695.611
695.058
697.845
694.78
693.069
693.001
692.833
697.155
697.672
697.665
697.268
697.629
697.63
697.66
697.655
697.163
697.833
696.309
695.832
697.575
697.909
697.906
697.935
697.947
697.947
678.93
679.116
697.779
697.707
697.947
678.619
678.773
697.841
697.874
697.947
697.938
697.929
663.286
664.597
665.289
674.356
677.587
663.427
663.932
675.581
673.729
685.285
691.651
691.36
693.959
692.318
690.876
697.323
697.948
697.948
697.948
697.905
697.925
697.939
697.944
697.866
697.882
697.948
697.948
697.948
697.266
697.224
697.581
697.781
697.613
697.53
694.061
694.594
694.316
694.634
696.743
696.11
693.093
693.744
692.889
692.811
695.076
694.797
692.481
692.829
692.853
697.91
696.892
697.232
695.413
693.403
696.291
695.968
697.67
697.527
696.911
689.571
688.984
695.145
692.89
689.597
697.947
697.946
697.888
697.867
697.716
697.791
696.891
697.76
697.827
695.996
696.282
697.833
688.142
687.584
696.284
696.588
697.936
697.939
697.888
697.757
697.925
697.931
697.838
694.935
694.623
691.876
691.973
697.632
697.63
697.242
697.216
697.636
697.634
664.433
673.777
686.16
687.048
676.943
678.093
661.802
696.7
696.415
697.842
661.171
660.566
666.319
666.834
663.045
674.997
675.977
660.625
661.899
697.916
697.913
697.6
697.778
697.921
697.919
690.402
697.129
697.234
696.886
697.012
689.536
696.511
697.718
697.775
697.782
697.752
696.685
693.633
695.698
695.39
692.083
691.66
692.182
682.088
683.817
684.32
677.278
697.624
694.196
692.847
695.255
694.512
697.467
687.392
687.715
695.209
696
697.778
697.946
697.946
697.941
675.984
676.898
693.211
692.746
621.153
682.509
678.581
678.546
677.646
678.183
683.629
565.965
693.144
694.832
697.948
697.948
697.948
697.009
696.927
697.528
697.142
697.457
697.664
697.37
697.422
693.433
695.143
692.536
692.756
693.163
692.665
695.329
692.347
692.31
690.409
687.34
687.324
687.421
687.558
689.697
697.524
697.76
697.769
697.73
697.752
697.469
695.787
697.283
696.453
696.168
697.285
697.634
697.636
692.884
693.075
694.435
692.461
697.685
697.678
697.136
697.629
697.628
697.265
697.181
697.65
697.646
693.271
694.335
693.786
694.883
694.658
693.243
679.351
679.788
678.442
678.489
691.645
685.227
684.558
688.217
688.132
692.951
689.278
690.183
687.602
688.3
692.274
697.942
697.939
697.944
697.937
697.946
697.948
697.948
697.944
697.945
697.942
689.026
693.876
693.515
694.713
694.295
689.501
690.838
692.13
691.407
693.184
692.776
690.341
697.945
697.947
697.946
697.88
697.827
697.937
697.926
663.803
672.525
665.785
665.508
675.442
675.48
688.055
688.793
681.429
664.489
663.375
678.73
667.854
667.548
667.418
683.765
670.592
667.072
692.447
693.121
695.517
690.986
690.995
690.951
690.858
694.357
691.329
691.708
685.615
676.667
677.114
676.863
676.503
686.288
697.931
697.935
697.916
697.847
697.892
697.924
696.861
697.55
697.163
697.089
697.238
697.306
697.08
697.164
693.872
694.714
692.921
692.921
692.805
692.866
696.85
694.839
695.003
692.361
692.63
695.84
692.793
693.711
693.151
692.521
694.535
694.212
695.078
692.532
692.602
693.151
692.763
694.867
696.149
694.192
694.534
693.034
693.649
695.904
692.758
692.081
695.364
695.075
686.751
687.003
694.268
696.569
696.429
693.997
695.814
697.143
696.798
690.642
689.983
694.594
694.675
696.468
692.453
691.506
697.313
697.504
697.822
697.62
697.073
696.293
697.025
697.787
697.87
697.888
697.787
697.822
697.642
697.423
697.613
697.891
697.825
697.787
697.896
697.841
697.906
697.739
697.752
697.66
697.776
687.922
686.842
692.128
685.121
685.909
683.584
688.781
682.049
681.362
684.815
684.53
693.812
689.907
690.435
689.311
689.513
693.765
696.099
694.02
694.427
690.568
692.971
695.616
687.263
686.622
694.063
687.184
687.428
686.839
687.018
694.073
693.94
689.075
689.197
687.816
688.364
693.976
696.18
696.708
681.385
670.63
672.086
667.563
668.936
681.759
672.358
672.523
672.267
675.983
684.251
661.778
662.643
665.608
662.657
685.27
682.525
665.626
666.467
664.076
665.029
682.833
677.465
676.913
680.34
679.204
670.1
669.369
674.012
673.613
692.281
692.026
697.247
697.629
697.629
697.642
697.638
697.203
664.88
683.386
684.992
671.843
662.369
679.592
681.465
663.246
662.095
691.259
677.562
676.962
689.197
673.323
669.69
676.251
675.203
689.973
666.297
664.659
671.827
673.771
663.747
664.352
668.303
694.671
696.372
696.188
696.65
696.518
694.889
692.93
693.27
693.839
693.126
693.204
693.273
692.867
695.348
695.096
695.942
695.646
693.298
670.617
680.486
681.527
678.597
679.557
670.404
676.64
685.804
687.093
682.789
684.289
674.04
674.296
666.871
667.844
667.048
666.814
670.331
675.803
677.451
670.017
673.063
670.029
696.162
695.959
694.135
691.592
692.03
680.737
682.236
689.158
680.457
678.174
683.736
682.519
690.039
678.16
678.392
687.865
687.803
697.948
697.948
697.948
697.948
697.948
697.948
697.948
697.948
697.948
697.948
697.948
697.948
697.948
697.948
697.948
697.948
697.948
697.948
697.948
697.948
697.948
697.948
697.948
697.948
697.948
697.948
697.948
697.948
697.948
697.948
697.948
697.948
697.948
697.948
697.948
697.948
697.948
697.948
697.948
697.948
697.948
697.948
697.948
697.948
697.948
697.948
697.948
697.948
697.948
697.948
697.948
697.948
697.948
697.948
697.948
697.948
697.948
697.948
697.948
697.948
697.948
697.948
697.948
697.948
697.948
697.948
697.948
697.948
697.948
697.948
697.948
697.948
697.948
697.948
697.948
697.948
697.948
697.948
697.948
697.948
697.948
697.948
697.948
697.948
697.948
697.948
697.948
697.948
697.948
697.948
697.948
697.948
697.948
697.948
697.948
697.948
697.948
697.948
697.948
697.948
697.948
697.948
697.948
697.948
697.948
697.948
697.948
697.948
697.948
697.948
697.948
697.948
697.948
697.948
697.948
697.948
697.948
697.948
697.948
697.948
697.948
697.948
697.948
697.948
697.948
697.948
697.948
697.948
697.948
697.948
697.948
697.948
697.948
697.948
697.948
697.948
697.948
697.948
618.535
696.292
696.56
697.948
697.948
697.948
697.948
697.948
697.948
697.948
697.948
697.948
697.948
697.948
697.948
697.948
679.513
679.241
678.379
697.948
697.948
697.948
697.948
697.948
697.948
697.948
697.948
697.948
697.948
697.948
697.877
688.216
679.614
688.642
697.946
697.948
697.948
697.948
697.948
697.948
697.948
697.948
697.948
697.948
697.948
697.948
697.948
697.948
697.948
697.948
697.948
697.948
697.946
697.946
697.948
697.948
697.948
697.948
697.948
697.948
697.948
697.946
697.946
697.945
697.945
697.948
697.948
697.948
697.948
697.948
697.947
697.948
697.946
697.946
697.948
697.948
697.948
697.948
697.948
697.948
697.948
697.948
697.948
697.948
620.108
689.011
688.868
673.75
673.761
566.939
697.948
697.948
697.948
697.948
697.948
697.948
697.948
697.948
697.948
697.948
697.948
697.948
697.948
697.948
697.948
697.948
697.948
697.948
697.948
697.948
697.948
697.948
697.948
697.948
697.948
697.948
697.948
697.948
697.948
697.948
697.947
697.941
697.948
697.948
697.948
697.948
697.948
697.948
697.948
697.948
697.948
697.948
697.948
697.948
697.948
697.948
697.948
697.948
697.948
697.948
697.948
697.948
697.948
697.948
697.948
697.948
697.882
697.927
697.925
697.942
697.94
697.916
697.813
697.74
697.861
697.948
697.948
697.948
697.948
697.948
697.948
697.948
697.948
697.948
697.948
697.948
697.948
697.948
697.948
697.948
697.948
697.948
697.948
697.948
697.948
697.948
697.851
697.917
697.918
697.91
697.911
697.833
697.948
697.948
697.948
697.948
697.948
697.948
697.948
697.948
697.948
697.948
697.948
697.948
697.948
697.948
697.948
697.948
697.948
697.948
697.948
697.948
697.948
697.913
697.947
697.948
697.932
697.933
697.902
697.19
695.573
695.856
697.948
697.948
697.948
697.948
697.948
697.948
697.948
697.948
697.948
697.912
697.578
697.703
697.706
697.737
697.891
697.948
697.948
697.948
697.948
697.948
697.948
697.948
697.948
697.948
697.946
697.937
697.939
697.918
697.923
697.942
697.948
697.948
697.948
663.621
697.945
697.945
697.613
697.653
639.925
697.932
697.929
653.287
697.948
697.948
697.948
697.948
697.948
697.948
697.936
697.946
697.944
697.948
697.948
697.946
697.948
697.948
697.948
697.946
697.905
697.94
697.948
697.948
697.948
697.945
697.947
697.948
697.903
697.853
697.841
697.947
697.946
697.947
697.948
697.948
697.948
697.948
697.948
697.948
697.945
697.946
697.938
697.832
697.911
697.91
697.922
697.919
697.857
697.948
697.948
697.948
697.701
697.392
697.446
697.073
697.066
697.592
697.479
697.499
697.74
697.947
697.947
697.948
697.7
697.823
697.835
697.896
697.941
697.943
697.842
697.848
697.739
697.948
697.948
697.948
697.89
697.929
697.931
697.92
697.921
697.866
697.948
697.948
697.948
697.749
697.419
697.385
697.736
697.718
697.858
697.603
697.092
697.082
697.354
697.326
697.714
697.945
697.945
697.948
697.82
697.81
697.468
697.948
697.945
697.945
697.896
697.57
697.429
697.842
697.829
697.918
697.875
697.769
697.753
697.376
697.179
697.876
697.862
697.628
697.671
696.139
696.373
697.45
697.947
697.947
697.948
697.878
697.93
697.928
697.939
697.938
697.923
697.535
697.837
697.829
697.926
697.924
697.793
697.948
697.946
697.947
697.941
697.917
697.912
697.933
697.931
697.944
697.927
697.864
697.854
697.908
697.902
697.937
697.939
697.906
697.913
697.735
697.809
697.926
697.931
697.941
697.94
697.948
697.947
697.937
697.948
697.948
697.948
697.948
697.84
697.798
697.821
697.835
697.948
697.946
697.937
697.935
697.947
697.881
697.893
697.948
697.948
697.948
697.948
697.948
697.948
697.948
697.948
697.948
697.948
697.948
697.948
697.948
697.948
697.948
697.948
697.948
697.948
697.948
697.948
697.948
697.942
697.948
697.948
697.948
697.948
697.942
697.123
696.149
696.357
694.436
694.855
696.45
697.948
697.948
697.948
697.948
697.948
697.948
697.912
697.932
697.943
697.948
697.948
697.948
697.948
697.948
697.948
697.948
697.948
697.948
697.933
697.948
697.948
697.948
697.948
697.931
697.948
697.948
697.948
696.001
693.429
692.988
695.365
695.074
696.785
695.788
693.583
693.998
697.948
697.948
697.948
697.944
697.948
697.948
697.948
697.948
697.945
697.105
695.876
695.635
696.817
696.695
697.432
697.947
697.948
697.948
697.948
697.948
697.947
697.948
697.948
697.948
697.948
697.948
697.948
697.948
697.948
697.948
697.948
697.948
697.948
697.948
697.948
697.948
697.948
697.948
697.948
697.948
697.948
697.948
697.948
697.947
697.948
697.948
697.948
697.948
697.946
697.947
697.944
697.948
697.948
697.948
697.315
697.522
697.905
697.918
697.844
697.858
697.652
697.262
697.338
696.541
696.697
697.381
697.428
697.828
697.807
697.862
697.847
697.488
697.943
697.927
697.93
697.805
697.885
697.943
697.914
697.488
697.755
697.519
697.804
697.743
697.945
697.941
697.923
697.948
697.948
697.948
697.921
697.913
697.933
697.942
697.932
697.927
697.067
697.08
697.61
697.594
697.057
697.06
697.624
697.652
697.812
697.783
697.58
697.601
697.654
697.663
697.306
697.943
697.931
697.929
697.936
697.934
697.944
697.94
697.924
697.923
697.928
697.926
697.941
697.297
697.645
697.649
697.905
697.913
697.87
697.948
697.946
697.945
697.947
697.946
697.948
697.946
697.94
697.938
697.943
697.942
697.946
697.789
697.882
697.894
697.582
697.561
697.799
697.824
697.623
697.603
697.176
697.16
697.636
697.664
697.213
697.194
697.716
697.707
697.136
697.939
697.923
697.924
697.922
697.922
697.939
697.941
697.927
697.928
697.925
697.926
697.94
697.183
697.737
697.726
697.939
697.921
697.92
697.922
697.921
697.939
697.939
697.921
697.921
697.92
697.92
697.938
697.778
697.611
697.901
685.556
692.521
693.049
687.818
688.584
677.42
697.915
697.814
697.797
697.868
697.092
696.795
697.258
697.341
697.779
697.687
697.038
697.156
697.883
697.875
697.661
697.942
697.932
697.933
697.93
697.931
697.942
697.944
697.936
697.937
697.934
697.935
697.943
697.744
697.894
697.889
693.439
688.242
687.523
692.456
691.812
695.218
697.882
697.873
697.93
691.981
695.645
695.891
693.485
693.901
687.961
694.696
697.472
697.534
697.323
697.402
694.317
697.935
697.896
697.889
688.055
677.957
676.851
686.676
685.577
691.949
697.89
697.899
697.937
696.129
697.073
696.957
697.568
697.515
696.97
696.819
696.664
695.317
697.929
697.868
697.88
697.595
696.004
695.46
696.539
696.17
697.629
697.559
697.032
696.93
697.701
696.197
696.616
697.404
697.464
697.738
697.948
697.948
697.948
697.948
697.948
697.948
697.948
697.948
697.948
697.948
697.948
697.948
694.083
693.934
649.668
697.928
697.698
697.706
697.792
697.698
697.929
697.946
697.948
697.948
697.948
697.948
697.946
697.948
697.948
697.948
673.268
665.913
622.844
697.555
696.263
695.82
696.384
696.32
697.573
697.601
692.287
691.204
696.58
696.983
697.743
564.412
635.199
653.594
697.948
697.948
697.948
697.948
697.948
697.948
697.948
697.948
697.948
697.948
697.948
697.948
697.948
697.948
697.948
697.948
697.948
697.948
697.933
697.93
697.888
697.947
697.943
697.944
697.942
697.943
697.947
697.837
697.69
697.663
697.914
697.915
697.846
697.945
697.938
697.937
697.939
697.938
697.945
697.945
697.936
697.936
697.937
697.937
697.945
697.835
697.911
697.912
695.161
695.341
697.1
697.933
697.935
697.945
697.788
697.886
697.875
697.903
697.895
697.808
697.945
697.883
697.83
697.88
697.885
697.945
663.656
696.613
696.18
697.948
697.948
697.948
697.948
697.948
697.948
697.948
697.948
697.948
697.868
697.86
697.909
697.948
697.948
697.947
697.948
697.948
697.948
697.948
697.948
697.948
697.948
697.948
697.947
697.948
697.948
697.948
697.942
697.947
697.947
697.913
697.912
697.834
697.945
697.937
697.938
697.936
697.937
697.945
697.946
697.94
697.941
697.938
697.939
697.946
697.848
697.917
697.915
697.214
697.306
697.679
694.013
696.361
696.04
696.876
696.701
695.242
692.853
695.807
695.826
695.784
695.794
692.876
697.591
697.061
697.059
696.017
696.981
696.949
697.008
696.997
696.022
697.748
697.514
697.529
697.752
697.798
697.633
697.908
697.897
697.881
697.879
697.807
697.805
697.813
697.81
697.881
697.946
697.94
697.939
697.941
697.94
697.946
697.871
697.923
697.924
697.485
697.453
697.76
693.462
696.591
696.691
696.372
696.48
692.964
697.115
697.103
697.607
692.797
695.884
695.902
695.848
695.868
692.863
692.02
696.212
696.283
696.111
696.157
691.922
697.704
697.301
697.278
697.889
697.827
697.832
697.82
697.824
697.887
697.877
697.883
697.915
697.427
697.797
697.783
697.874
697.799
697.799
697.802
697.801
697.875
697.881
697.813
697.816
697.808
697.81
697.88
697.527
697.58
697.849
695.631
696.92
696.784
697.161
697.049
695.918
697.511
696.543
696.674
697.934
697.932
697.907
697.945
697.94
697.941
697.938
697.939
697.945
697.946
697.943
697.943
697.941
697.942
697.946
697.919
697.937
697.935
697.924
697.92
697.942
696.571
697.674
697.71
697.587
697.633
696.416
697.453
697.79
697.81
697.74
697.767
697.393
697.944
697.929
697.927
693.051
687.487
686.963
688.611
688.019
693.365
697.939
697.938
697.946
697.641
697.856
697.868
697.827
697.843
697.602
686.419
685.843
692.034
697.948
697.947
697.946
695.709
695.93
697.016
696.626
695.207
695.479
697.947
697.948
697.948
697.948
697.948
697.948
697.946
697.941
697.945
694.15
693.808
696.194
682.232
689.407
689.964
685.559
691.644
692.261
690.502
691.055
684.539
696.658
694.775
694.468
696.263
696.084
697.188
689.795
693.81
694.166
692.855
693.379
689.026
697.946
697.943
697.941
697.947
697.945
697.947
697.936
697.919
697.911
697.938
697.927
697.94
697.651
697.64
697.799
696.797
695.416
695.731
694.808
695.095
696.648
697.253
696.376
696.54
695.997
696.203
697.163
697.075
697.176
697.614
694.258
696.301
696.098
696.617
696.47
694.619
695.868
695.622
692.626
697.453
696.835
696.962
697.709
697.327
697.414
697.092
697.239
697.657
697.893
697.789
697.846
697.529
697.67
697.856
696.532
694.735
694.825
697.195
695.925
696.748
694.996
695.346
696.928
697.912
697.864
697.666
697.941
697.924
697.937
697.879
697.904
697.935
697.927
697.897
697.88
697.941
697.937
697.944
697.876
697.919
697.929
697.898
697.908
697.851
692.877
695.742
695.734
695.854
695.773
692.9
697.62
697.103
697.144
697.058
697.057
697.592
692.936
695.762
695.775
695.738
695.748
692.906
697.544
697.561
697.773
696
697.033
697.019
697.07
697.05
695.996
697.896
697.841
697.834
697.865
697.851
697.899
697.326
697.678
697.707
697.639
697.643
697.297
697.886
697.82
697.816
697.829
697.824
697.889
694.424
696.886
696.934
696.771
696.833
694.305
697.791
697.538
697.513
692.649
695.97
695.988
695.923
695.947
692.692
697.628
697.144
697.129
697.256
697.234
697.673
692.313
696.059
696.083
696.007
696.032
692.363
697.898
697.845
697.85
697.836
697.84
697.896
697.13
697.699
697.692
697.767
697.751
697.229
697.908
697.865
697.871
697.854
697.86
697.906
697.873
697.798
697.799
697.798
697.798
697.873
697.876
697.803
697.805
697.8
697.801
697.875
696.511
692.867
692.231
693.807
693.382
696.672
695.688
690.061
689.436
691.503
690.754
695.908
691.117
691.856
684.362
697.387
695.789
695.517
697.04
694.532
694.181
695.209
694.876
697.139
678.959
689.405
690.276
678.97
678.204
691.608
694.707
687.453
686.405
688.841
688.213
694.994
692.866
681.348
679.966
684.918
683.114
693.391
697.8
697.409
697.47
696.793
696.914
697.648
689.598
688.915
693.825
694.896
691.082
690.324
680.603
679.146
688.808
691.241
684.102
682.351
697.536
696.986
697.097
696.702
696.854
697.477
697.716
697.364
697.439
697.194
697.282
697.679
694.996
696.5
696.335
694.374
690.138
689.324
691.123
690.898
694.687
694.633
691.732
691.844
690.774
691.276
694.317
697.948
697.948
697.948
697.948
697.948
697.948
697.948
697.948
697.948
697.948
697.948
697.948
697.948
697.948
697.948
697.948
697.948
697.948
697.948
697.948
697.948
697.948
697.948
697.947
697.948
697.948
697.948
697.948
697.948
697.948
697.948
697.948
697.948
697.948
697.948
697.948
697.909
697.938
697.935
697.906
697.934
697.936
696.487
697.331
697.254
697.465
697.4
696.62
697.898
697.764
697.788
697.947
697.947
697.941
697.305
697.683
697.65
697.747
697.715
697.358
697.932
697.942
697.944
697.935
697.939
697.924
697.947
697.945
697.943
697.771
697.812
697.847
696.892
697.489
697.387
697.611
697.561
697.079
697.744
697.853
697.858
697.926
697.928
697.885
697.946
697.942
697.941
697.943
697.942
697.946
695.393
697.268
697.323
697.166
697.215
695.206
697.852
697.699
697.681
696.184
697.472
697.511
697.377
697.426
696.027
697.853
697.845
697.554
697.943
697.942
697.933
697.944
697.944
697.947
697.758
697.894
697.901
697.878
697.887
697.735
697.947
697.942
697.941
697.854
697.915
697.909
697.923
697.919
697.865
691.813
695.032
695.297
694.477
694.761
691.341
697.38
696.565
696.422
697.948
697.948
697.948
697.948
697.948
697.948
697.948
697.948
697.948
697.948
697.948
697.947
697.948
697.948
697.948
697.947
697.948
697.948
697.809
697.828
697.914
697.022
697.58
697.525
697.669
697.628
697.137
697.942
697.945
697.947
697.908
697.936
697.928
696.024
697.134
697.096
697.279
697.193
696.104
697.823
697.686
697.727
697.881
697.918
697.922
697.864
697.872
697.769
697.662
697.643
697.831
694.826
697.073
697.119
696.981
697.028
694.723
696.606
697.608
697.636
697.546
697.578
696.513
697.629
697.868
697.86
697.903
697.899
697.762
695.015
695.356
691.246
688.71
694.268
694.662
697.29
697.187
696.324
697.504
697.561
697.798
696.839
697.452
697.377
697.205
697.125
697.594
693.816
696.011
696.2
695.555
695.795
693.36
695.031
696.656
696.774
696.376
696.525
694.786
695.494
696.876
696.751
697.092
696.991
695.763
697.76
697.517
697.563
692.379
684.877
687.368
685.132
684.831
692.535
621.822
664.414
663.879
625.524
628.875
565.139
695.016
679.535
669.688
689.966
686.23
694.912
697.948
697.948
697.948
697.948
697.948
697.948
697.948
697.948
697.948
697.948
697.948
697.948
697.948
697.948
697.948
697.948
697.948
697.948
697.948
697.948
697.948
697.948
697.948
697.948
697.948
697.948
697.948
697.948
697.948
697.948
697.948
697.948
697.948
697.948
697.948
697.948
697.948
697.948
697.948
697.948
697.948
697.948
697.948
697.948
697.948
697.948
697.948
697.948
697.948
697.948
697.948
697.948
697.948
697.948
697.948
697.948
697.948
697.948
697.948
697.948
697.948
697.948
697.948
697.948
697.948
697.948
697.948
697.948
697.948
697.948
697.948
697.948
697.948
697.948
697.948
697.948
697.948
697.948
697.948
697.948
697.948
697.948
697.948
697.948
697.948
697.948
697.948
697.948
697.948
697.948
697.948
697.948
697.948
697.948
697.948
697.948
697.948
697.948
697.948
697.948
697.948
697.948
697.948
697.948
697.948
697.948
697.948
697.948
697.948
697.948
697.948
697.948
697.948
697.948
697.948
697.948
697.948
611.559
674.061
673.74
697.948
697.948
697.948
697.948
697.948
697.948
697.948
697.948
697.948
697.948
697.946
697.948
677.359
697.822
697.829
697.948
697.948
697.948
697.948
697.948
697.948
697.948
697.948
697.948
697.948
697.948
697.948
697.948
697.947
697.948
697.75
688.332
688.274
689.021
697.941
697.943
697.948
697.948
697.948
697.948
697.948
697.948
697.948
697.948
697.948
697.948
697.948
697.948
697.948
697.948
697.948
697.948
697.948
697.948
697.948
697.948
697.948
697.948
697.948
697.948
697.948
697.948
697.948
697.948
697.948
697.948
697.948
697.948
697.948
697.948
697.948
697.948
697.948
697.948
697.948
697.948
697.948
697.948
697.919
697.939
697.94
697.948
697.948
697.948
688.492
688.027
640.257
697.948
697.948
697.948
697.948
697.948
697.948
697.937
697.938
697.934
697.915
697.932
697.935
697.86
697.922
697.919
697.917
697.914
697.821
697.945
697.944
697.94
697.948
697.944
697.944
697.943
697.942
697.947
697.94
697.941
697.947
697.948
697.948
697.948
697.948
697.948
697.948
697.948
697.948
697.948
697.944
697.947
697.947
697.945
697.946
697.94
697.948
697.948
697.948
697.948
697.948
697.948
697.948
697.948
697.948
697.948
697.948
697.948
697.936
697.944
697.945
697.941
697.941
697.927
697.943
697.946
697.945
697.947
697.947
697.946
697.947
697.948
697.948
697.948
697.948
697.948
697.948
697.948
697.948
697.948
697.948
697.948
697.948
697.948
697.948
697.279
697.654
697.615
697.803
697.786
697.589
695.36
696.967
697.063
696.097
696.279
693.517
697.948
697.948
697.948
697.948
697.948
697.948
697.948
697.948
697.948
697.7
697.831
697.818
697.947
697.948
697.947
697.948
697.948
697.948
696.844
697.506
697.546
697.15
697.225
696.064
697.948
697.948
697.948
697.948
697.948
697.948
697.948
697.948
697.948
697.948
697.948
697.948
697.948
697.947
697.947
697.945
697.946
697.948
697.947
697.944
697.943
697.944
697.944
697.947
697.948
697.948
697.948
697.948
697.948
697.948
697.947
697.945
697.945
697.947
697.942
697.943
697.948
697.948
697.948
697.948
697.948
697.948
697.948
697.948
697.948
697.948
697.948
697.948
697.948
697.948
697.948
697.948
697.948
697.948
697.948
697.948
697.948
697.948
697.948
697.948
697.948
697.948
697.948
697.948
697.948
697.948
697.948
697.948
697.948
697.948
697.948
697.948
697.948
697.948
697.948
697.948
697.948
697.948
697.948
697.948
697.948
697.948
697.948
697.948
697.948
697.948
697.948
697.948
697.948
697.948
697.948
697.948
697.948
697.948
697.948
697.948
697.948
697.948
697.948
697.948
697.948
697.948
697.948
697.948
697.948
697.948
697.948
697.948
697.948
697.948
697.948
675.57
674.822
614.997
696.223
690.96
691.232
690.864
690.887
696.214
697.948
697.948
697.948
697.948
697.948
697.948
697.948
697.948
697.948
697.948
697.948
697.948
697.939
697.943
697.948
679.416
697.297
697.117
697.672
697.482
679.325
697.81
697.816
677.895
697.948
697.948
697.948
697.948
697.948
697.948
697.948
697.948
697.948
697.946
697.948
697.948
697.948
697.948
697.946
697.948
697.948
697.948
697.948
697.948
697.948
697.946
697.948
697.948
697.948
697.948
697.946
697.945
697.947
697.948
697.947
697.947
697.945
697.946
697.948
697.948
697.948
697.948
697.946
697.948
697.948
697.948
697.948
697.948
697.948
697.948
697.948
697.948
663.42
663.375
619.264
571.704
626.361
624.918
697.948
697.948
697.948
697.948
697.948
697.948
697.948
697.948
697.948
697.948
697.948
697.948
697.948
697.948
697.948
697.948
697.948
697.948
697.948
697.948
697.948
697.948
697.948
697.948
697.948
697.948
697.948
697.948
697.948
697.948
697.948
697.948
697.948
697.945
697.947
697.948
697.946
697.947
697.944
697.948
697.948
697.948
697.948
697.948
697.948
697.948
697.948
697.948
697.948
697.948
697.948
697.948
697.948
697.948
697.948
697.948
697.948
697.948
697.948
697.948
697.948
697.948
697.948
697.948
697.948
697.948
697.937
697.938
697.916
697.947
697.945
697.945
697.946
697.945
697.947
697.948
697.948
697.948
697.625
697.834
697.817
697.863
697.85
697.666
695.735
695.299
663.669
697.945
697.848
697.868
697.631
696.447
696.438
696.347
696.418
697.646
640.035
687.537
687.215
697.716
697.724
697.93
654.808
694.331
694.216
697.948
697.948
697.948
697.948
697.948
697.948
697.948
697.948
697.948
697.947
697.948
697.948
697.921
697.939
697.934
697.944
697.942
697.933
697.947
697.948
697.948
697.948
697.948
697.947
697.926
697.929
697.905
697.948
697.948
697.948
697.948
697.948
697.948
697.945
697.947
697.947
697.947
697.947
697.945
697.945
697.947
697.947
697.947
697.947
697.945
697.526
697.842
697.852
697.819
697.831
697.479
697.318
697.791
697.806
697.757
697.775
697.253
697.947
697.948
697.948
697.926
697.924
697.87
697.807
697.91
697.907
697.947
697.948
697.948
697.948
697.948
697.947
697.764
697.884
697.874
697.899
697.892
697.788
697.948
697.946
697.947
697.946
697.946
697.947
697.938
697.944
697.943
697.945
697.945
697.948
697.829
697.916
697.919
697.907
697.911
697.814
697.812
697.907
697.911
697.92
697.91
697.813
697.944
697.944
697.948
697.885
697.927
697.926
697.931
697.929
697.889
697.948
697.948
697.948
697.948
697.948
697.948
697.946
697.947
697.943
697.941
697.946
697.946
697.948
697.948
697.948
697.948
697.948
697.948
697.948
697.948
697.948
697.948
697.948
697.948
697.943
697.944
697.934
697.929
697.942
697.943
697.946
697.946
697.944
697.945
697.947
697.947
697.948
697.948
697.948
697.948
697.948
697.948
697.948
697.948
697.948
697.948
697.948
697.948
697.948
697.948
697.948
697.948
697.948
697.948
697.948
697.948
697.948
697.948
697.948
697.948
697.948
697.948
697.948
697.948
697.948
697.948
697.948
697.948
697.948
697.948
697.948
697.948
697.948
697.948
697.948
697.948
697.948
697.948
697.948
697.948
697.948
697.948
697.948
697.948
697.39
697.741
697.708
697.795
697.77
697.459
697.718
697.689
697.359
697.541
697.766
697.744
697.838
697.909
697.896
697.928
697.919
697.863
697.577
697.817
697.782
697.877
697.851
697.674
697.861
697.869
697.647
696.995
697.713
697.736
697.663
697.689
696.895
696.73
696.855
695.047
693.923
696.441
696.592
695.83
697.055
697.135
696.877
696.972
695.651
696.474
697.33
697.366
697.206
697.273
696.331
696.367
697.272
697.189
697.388
697.34
696.514
697.619
697.923
697.933
697.031
696.879
695.489
696.622
697.383
697.362
697.948
697.948
697.948
697.948
697.948
697.948
697.948
697.948
697.948
697.948
697.948
697.948
697.948
697.948
697.948
697.948
697.948
697.948
697.948
697.948
697.948
697.914
697.917
697.838
697.948
697.948
697.948
697.948
697.948
697.948
697.41
697.46
696.714
696.247
697.293
697.354
697.948
697.948
697.948
697.948
697.948
697.948
697.948
697.948
697.948
697.948
697.948
697.948
697.948
697.948
697.948
697.948
697.948
697.948
697.948
697.948
697.948
697.948
697.948
697.948
697.948
697.948
697.948
697.948
697.948
697.948
697.948
697.948
697.948
697.948
697.948
697.948
697.948
697.948
697.948
697.948
697.948
697.948
697.948
697.948
697.948
697.948
697.948
697.948
697.948
697.948
697.948
697.948
697.948
697.948
697.948
697.948
697.948
697.948
697.948
697.948
697.948
697.948
697.948
697.948
697.948
697.948
697.948
697.948
697.948
697.948
697.945
697.946
697.604
688.449
688.39
689.332
697.936
697.939
697.948
697.949
697.948
697.948
697.948
697.948
697.948
697.948
697.948
697.948
697.948
697.948
697.948
697.948
697.948
663.75
694.885
694.52
694.516
694.433
656.198
697.941
697.94
697.947
697.948
697.945
697.945
697.948
697.948
697.948
697.948
697.948
697.948
697.948
697.948
697.948
697.947
697.948
697.948
697.947
697.947
697.945
697.948
697.948
697.948
697.948
697.948
697.948
697.948
697.948
697.948
697.948
697.948
697.948
697.948
697.948
697.948
697.948
697.948
697.948
697.948
697.948
697.948
697.948
697.948
697.948
697.948
697.948
697.948
697.948
697.948
697.948
697.948
697.948
697.948
697.948
697.948
697.948
697.948
697.948
697.948
697.948
697.948
697.948
697.948
697.948
697.948
697.948
697.948
697.948
697.948
697.948
697.948
697.948
697.948
697.948
697.948
697.948
697.948
697.948
697.948
697.948
697.948
697.948
697.948
697.948
697.948
697.948
697.948
697.948
697.948
697.948
697.948
697.948
697.948
697.948
697.948
697.948
697.948
697.948
697.948
697.948
697.948
697.948
697.948
697.948
697.948
697.948
697.948
697.948
697.948
697.948
697.948
697.948
697.948
697.948
697.948
697.948
697.948
697.948
697.948
697.948
697.948
697.948
697.948
697.948
697.948
697.948
697.948
697.948
697.948
697.948
697.948
697.948
697.948
697.948
697.948
697.948
697.948
697.948
697.948
697.948
697.948
697.948
697.948
697.948
697.948
697.948
697.948
697.948
697.948
697.948
697.948
697.948
697.948
697.948
697.948
697.948
697.948
697.948
697.948
697.948
697.948
697.948
697.948
697.948
697.948
697.948
697.948
697.948
697.948
697.948
697.948
697.948
697.948
697.948
697.948
697.948
697.948
697.948
697.948
697.785
697.822
697.945
697.931
697.732
697.738
697.948
697.948
697.948
697.948
697.948
697.948
697.948
697.948
697.948
697.948
697.948
697.947
697.947
697.941
697.945
697.948
697.948
697.948
697.948
697.948
697.948
697.948
697.948
697.948
697.948
697.948
697.948
697.948
697.948
697.948
697.948
697.948
697.948
697.948
697.947
697.947
697.948
697.946
697.946
697.947
697.946
697.948
697.948
697.947
697.947
697.947
697.947
697.948
697.948
697.948
697.948
697.948
697.948
697.947
697.948
697.948
697.948
697.948
697.948
697.948
697.948
697.948
697.948
697.948
697.948
697.947
697.946
697.947
697.948
697.948
697.948
697.948
697.948
697.948
697.948
697.948
697.948
697.948
697.948
697.948
697.948
697.948
697.948
697.948
697.948
697.948
697.948
697.948
697.948
697.948
697.948
697.948
697.948
697.948
697.948
697.948
697.948
697.948
697.948
697.948
697.948
697.948
697.948
697.948
697.948
697.948
697.948
697.948
697.948
697.948
697.948
697.948
697.948
697.948
697.948
697.948
697.948
697.948
697.948
697.948
697.948
697.948
697.948
697.948
697.948
697.948
697.948
697.948
697.948
697.948
697.948
697.948
697.948
697.948
697.948
697.948
697.948
697.948
697.948
697.948
697.948
697.948
697.948
697.948
697.948
697.948
697.948
697.948
697.948
697.948
697.948
697.948
697.948
697.948
697.948
697.948
697.948
697.948
697.948
697.948
697.926
697.934
679.218
697.795
697.804
697.948
697.948
697.948
697.948
697.948
697.948
697.948
697.948
697.948
697.948
697.948
697.948
697.948
697.948
697.948
697.948
697.948
697.948
697.948
697.948
697.948
697.948
697.948
697.948
697.948
697.948
697.948
697.948
697.948
697.948
697.948
697.948
697.948
697.948
697.948
697.948
697.948
697.948
697.948
697.948
697.948
697.948
697.948
697.948
697.948
697.948
697.948
697.948
697.948
697.948
697.948
697.948
697.948
697.948
697.948
697.948
697.948
697.948
697.948
697.948
696.94
696.751
679.72
697.948
697.948
697.949
697.948
697.948
697.948
697.948
697.948
697.948
697.948
697.948
697.948
671.586
590.597
458.09
670.852
589.225
456.1
663.132
577.126
447.511
662.745
576.64
447.813
557.454
452.38
382.08
696.955
678.397
542.473
676.824
601.085
448.383
673.922
594.618
443.455
557.342
452.342
382.049
609.12
517.974
420.235
696.653
674.975
535.46
674.553
594.567
458.585
674.992
595.272
458.71
667.594
584.097
453.531
667.366
584.15
454.417
658.977
571.318
444.935
659.454
572.221
445.986
580.895
468.984
387.684
578.545
467.619
387.015
583.144
511.467
420.409
697.817
693.12
614.258
685.788
619.363
463.562
687.305
623.968
465.828
685.344
617.799
462.834
672.655
591.706
456.984
669.623
587.533
456.116
665.019
580.464
451.138
660.793
574.108
445.468
653.698
562.606
438.935
696.69
672.543
539.424
557.166
452.256
382.265
572.692
462.304
385.32
577.381
466.942
386.714
629.825
524.397
408.202
602.514
482.407
389.406
605.728
484.977
390.115
609.248
487.765
390.824
607.658
486.411
390.284
614.898
492.25
391.807
610.384
488.69
391.093
614.534
491.862
391.69
602.267
482.109
389.244
598.859
479.661
388.808
594.967
476.907
388.166
598.012
478.971
388.596
585.205
470.578
386.366
588.401
472.58
387.116
593.503
475.876
387.919
590.441
473.929
387.366
583.568
469.547
386.256
559.639
454.516
382.215
557.308
452.546
381.855
570.694
459.926
384.779
687.734
625.579
466.591
689.405
632.164
471.794
689.842
634.172
473.859
673.207
592.821
457.955
676.459
598.097
461.384
669.14
586.688
455.408
665.339
580.748
450.711
657.99
570.104
443.742
660.37
573.249
445.094
651.979
558.646
433.268
653.165
560.933
438.01
652.119
559.213
434.101
653.352
562.012
437.464
653.06
560.864
438.063
648.19
549.985
425.609
644.801
544.255
420.141
644.128
543.311
419.03
628.423
522.924
407.417
624.441
519.633
406.329
678.732
602.343
462.072
679.036
602.571
461.072
671.857
590.671
457.344
678.313
601.561
461.736
677.751
600.109
460.075
670.322
588.227
455.347
663.618
578.107
448.05
657.215
568.501
444.9
657.248
568.3
444.208
662.481
576.514
448.519
656.763
567.785
443.54
656.324
567.073
442.361
557.107
451.771
382.103
557.045
451.746
382.08
557.668
452.599
382.16
557.198
451.824
382.136
557.312
451.896
382.179
697.102
680.213
549.24
642.332
540.13
416.691
641.492
539.041
415.745
679.604
607.512
453.413
690.715
641.182
489.25
671.62
589.38
439.149
557.315
452.339
382.033
610.699
518.62
417.524
696.348
671.958
528.571
681.294
607.542
463.811
674.202
594.236
459.145
675.515
596.333
459.548
667.962
584.488
453.19
666.362
582.741
452.224
658.626
570.844
444.863
659.795
572.704
446.134
655.629
566.244
442.11
642.683
540.702
417.693
643.275
542.027
417.424
697.82
692.933
604.912
697.761
690.681
591.637
580.179
468.372
387.457
579.448
468.094
387.255
686.504
621.416
466.054
686.92
622.762
466.297
684.723
616.132
464.851
679.88
604.135
460.976
679.421
603.163
460.64
672.203
590.985
456.805
676.683
598.208
461.016
677.315
599.183
459.533
669.911
587.67
455.416
664.389
579.282
449.668
657.589
568.789
444.09
657.39
568.389
443.812
661.399
575.164
446.626
655.896
566.179
441.983
656.105
566.466
441.896
654.153
563.082
440.563
654.263
563.336
440.813
556.858
451.846
381.86
557.003
451.768
382.043
557.304
452.214
382.216
557.592
451.953
382.299
557.433
451.969
382.229
557.888
452.326
382.427
574.462
464.304
385.853
576.023
465.846
386.326
697.321
683.119
559.161
639.37
536.107
413.711
640.276
537.461
414.124
640.796
538.094
414.885
684.716
621.767
468.009
681.281
612.06
458.366
686.766
627.97
474.425
688.502
633.853
481.74
668.071
581.69
432.802
627.408
511.59
397.439
603.192
483.004
389.625
604.26
483.851
389.872
608.488
487.083
390.583
608.14
486.706
390.398
611.897
489.883
391.36
613.847
491.38
391.56
601.964
481.956
389.158
600.163
480.648
389.021
596.948
478.278
388.334
597.652
478.667
388.436
585.785
470.817
386.544
586.854
471.559
386.819
592.538
475.147
387.679
592.102
474.951
387.514
582.004
468.639
386.146
557.341
452.403
382.012
568.72
457.989
384.338
689.044
630.684
471.103
688.166
627.43
468.593
690.444
636.681
477.126
680.417
605.511
462.243
680.95
606.967
463.896
673.946
594.237
460.069
676.154
597.785
461.513
668.471
585.374
453.734
665.807
581.497
450.971
658.436
570.732
445.053
660.017
572.793
445.384
655.806
566.248
442.551
655.883
566.668
443.31
655.223
565.09
442.098
651.944
558.4
433.141
653.096
560.663
437.401
652.484
559.833
435.591
653.271
561.335
436.559
653.265
561.474
436.663
645.552
545.28
421.367
643.607
542.53
418.034
626.925
521.516
406.682
625.522
520.151
406.007
697.89
695.113
628.245
697.921
696.294
645.62
697.92
696.276
646.359
596.932
499.224
410.13
599.631
503.156
409.699
650.224
550.577
415.029
633.054
522.912
402.072
653.167
555.343
417.385
630.624
519.273
400.912
566.149
458.723
382.994
561.771
455.99
382.656
558.848
453.757
382.231
561.611
455.906
382.641
558.977
453.862
382.271
611.599
526.78
431.493
694.392
656.213
498.314
693.719
652.668
493.902
647.493
547.938
423.931
649.598
552.686
428.99
649.499
552.429
428.76
647.484
547.864
424.101
646.302
546.3
422.694
697.372
680.578
558.06
697.567
685.02
569.02
537.815
482.49
424.814
635.046
529.764
411.702
562.05
454.02
383.184
563.487
454.909
383.332
566.517
456.96
384.048
587.391
479.76
396.477
606.087
510.863
408.748
683.991
614.152
464.212
654.055
562.961
440.502
654.267
563.428
439.081
655.01
564.763
442.131
626.446
525.024
415.394
694.058
655.833
510.628
558.887
452.538
382.527
697.591
688.118
579.082
697.436
685.475
567.589
638.229
534.172
412.59
633.778
528.419
410.612
638.037
533.702
413.218
637.557
532.486
414.354
691.918
646.116
496.517
638.603
532.309
406.347
641.369
536.493
408.113
664.844
575.809
429.654
661.827
570.307
426.261
564.479
457.677
383.123
563.472
457.025
382.981
559.355
454.178
382.308
557.809
453.107
382.337
560.91
453.837
383.061
559.132
452.63
382.585
560.427
453.328
382.894
567.279
457.316
384.249
585.435
475.528
394.479
608.244
513.835
411.046
695.432
663.872
511.869
695.664
665.748
516.334
682.302
609.817
463.526
683.447
612.373
462.488
681.657
608.399
464.626
655.153
564.69
441.491
655.033
564.728
442.19
647.978
549.425
424.636
626.18
524.236
413.443
581.829
469.085
387.816
593.644
493.329
407.947
601.927
505.955
408.634
625.051
522.648
419.416
624.373
520.696
415.57
625.6
524.015
419.911
625.905
524.663
418.771
646.701
544.417
411.411
582.522
469.159
388.161
582.625
469.371
388.106
634.925
525.952
403.305
656.904
561.241
420.051
628.898
516.305
399.827
623.619
504.104
395.401
624.172
505.605
395.96
619.972
497.117
392.929
620.012
497.311
393.097
623.738
503.01
394.934
624.124
503.336
394.646
618.193
495.516
392.747
616.947
494.411
392.558
566.925
459.435
383.6
567.643
459.723
383.659
573.681
463.161
384.405
572.978
462.742
384.242
574.688
463.76
384.618
576.017
464.58
384.856
566.041
458.58
383.132
562.138
456.209
382.727
558.884
453.811
382.236
561.444
455.844
382.707
558.774
453.761
382.327
582.04
468.672
387.992
582.412
469.327
388.234
694.665
657.965
500.81
694.942
659.948
504.916
693.179
649.361
490.206
651.754
557.62
434.31
651.711
557.697
434.469
647.622
548.242
423.885
651.723
557.46
434.061
650.973
556.453
432.288
649.722
553.047
429.258
649.302
551.864
427.587
625.767
528.007
426.629
581.483
469.14
387.617
582.169
469.067
387.937
582.028
469.053
387.889
697.879
694.823
629.238
697.772
691.923
603.165
697.666
689.635
589.144
636.373
531.181
412.953
561.784
454.069
383.129
561.295
453.928
382.88
564.687
455.718
383.584
565.664
456.395
383.828
589.669
484.81
399.247
604.012
508.312
408.03
684.456
615.636
465.625
654.287
563.588
439.299
654.458
564.118
440.301
624.616
520.977
417.258
624.571
521.088
416.582
626.179
524.691
416.537
695.039
661.408
519.79
696.142
667.866
529.725
558.587
452.414
382.433
558.132
452.307
382.18
582.337
469.138
387.982
582.467
469.209
388.032
638.551
534.788
412.529
638.968
535.46
412.963
631.697
526.329
408.868
632.64
527.177
409.665
636.433
528.74
404.722
644.651
541.198
409.845
659.231
565.423
422.988
627.881
514.08
398.959
626.743
510.043
397.103
625.214
507.603
396.571
620.595
498.734
393.658
620.081
497.869
393.347
621.417
499.906
394.006
622.584
501.43
394.362
615.492
492.794
391.798
570.25
461.326
384.01
568.766
460.428
383.822
571.787
462.238
384.118
572.613
462.615
384.157
579.534
466.66
385.288
580.239
467.231
385.347
579.056
466.438
385.174
577.697
465.644
385.053
565.729
458.494
383.171
562.699
456.546
382.84
559.06
453.947
382.27
560.675
455.461
382.775
558.139
453.209
382.328
559.604
452.939
382.668
560.025
453.208
382.778
568.032
458.056
384.483
583.245
470.554
388.585
609.505
515.552
412.387
695.921
668.431
522.465
692.17
644.478
484.486
692.887
647.79
488.364
691.779
642.268
481.132
691.214
639.601
480.373
682.589
610.231
462.454
682.978
611.081
462.013
655.032
564.471
441.376
654.987
564.481
441.653
647.788
548.78
424.078
650.129
555.072
429.416
650.45
555.675
430.648
649.774
553.442
429.729
650.038
554.602
428.956
648.847
551.29
426.19
625.975
525.372
417.773
697.912
695.968
642.112
)
;

boundaryField
{
    topAndBottom
    {
        type            calculated;
        value           nonuniform List<scalar> 
72
(
697.948
697.948
697.948
697.948
697.948
697.948
697.948
697.948
697.948
697.948
697.948
697.948
697.948
697.948
697.948
697.948
697.948
697.948
697.948
697.948
697.948
697.948
697.948
697.948
697.948
697.948
697.948
697.948
697.948
697.948
697.948
697.948
697.948
697.948
697.948
697.948
697.948
697.948
697.948
697.948
697.948
697.948
697.948
697.948
697.948
697.948
697.948
697.948
697.948
697.948
697.948
697.948
697.948
697.948
697.948
697.948
697.948
697.948
697.948
697.948
697.948
697.948
697.948
697.948
697.948
697.948
697.948
697.948
697.948
697.948
697.948
697.948
)
;
    }
    inlet
    {
        type            calculated;
        value           uniform 697.948;
    }
    outlet
    {
        type            calculated;
        value           nonuniform List<scalar> 
24
(
697.948
697.948
697.948
697.948
697.948
697.948
697.948
697.948
697.948
697.945
697.815
693.502
694.514
697.94
697.948
697.948
697.948
697.948
697.948
697.948
697.948
697.948
697.948
697.948
)
;
    }
    wing
    {
        type            calculated;
        value           uniform 357.576;
    }
    front
    {
        type            empty;
    }
    back
    {
        type            empty;
    }
}


// ************************************************************************* //
