/*--------------------------------*- C++ -*----------------------------------*\
| =========                 |                                                 |
| \\      /  F ield         | OpenFOAM: The Open Source CFD Toolbox           |
|  \\    /   O peration     | Version:  5.x                                   |
|   \\  /    A nd           | Web:      www.OpenFOAM.org                      |
|    \\/     M anipulation  |                                                 |
\*---------------------------------------------------------------------------*/
FoamFile
{
    version     2.0;
    format      ascii;
    class       volScalarField;
    location    "200";
    object      T;
}
// * * * * * * * * * * * * * * * * * * * * * * * * * * * * * * * * * * * * * //

dimensions      [0 0 0 1 0 0 0];

internalField   nonuniform List<scalar> 
6584
(
275
275
275
275
275
275
275
275
275
275
275
275
275
275
275
275
275
275
275
275
275
275
275
275
275
275
275
275
275
275
275
275
275
275
275
275
275
275
275
275
275
275
275
275
275
275
275
275
275
275
275
275
275
275
275
275
275
275
275
275
275
275
275
275
275
275
275
275
275
275
275
275
275
275
275
275
275
275
275
275
275
275
275
275
275
275
275
275
275
275
275
275
275
275
275
275
275
275
275
275
275
275
275
275
275
275
275
275
275
275
275
275
275
275
275
275
275
275
275
275
275
275
275
275
275
275
275
275
275
275
275
275
275
275
275
275
275
275
275
275
275
275
275
275
275
275
275
275
275
275
275
275
275
275
275
275
275
275
275
275
275
275
275
275
275
275
275
275
275
275
275
275
275
275
275
275
275
275
275
275
275
275
275
275
275
275
275
275
275
275
275
275
275
275
275
275
275
275
275
275
275
275
275
275
275
275
275
275
275
275
275
275
275
275
275
275
275
275
275
275
275
275
275
275
275
275
275
275
275
275
275
275
275
275
275
275
275
275
275
275
275
275
275
275
275
275
275
275
275
275
275
275
275
275
275
275
275
275
275
275
275
275
275
275
275
275
275
275
275
275
275
275
275
275
275
275
275
275
275
275
275
275
275
275
275
275
275
275
275
275
275
275
275
275
275
275
275
275
275
275
275
275
275
275
275
275
275
275
275
275
275
275
275
275
275
275
275
275
272.698
275
275
275
275
275
275
275
275
275
275
275
275
275
275
275
275
275
275
275
275
275
275
275
274.411
275
275
275
275
275
275
275
275
275
275
275
275
275
275
275
275
275
275
275
275
275
275
275
274.462
275
275
275
275
275
275
275
275
275
275
275
275
275
275
275
275
275
275
275
275
275
275
274.996
274.745
275
275
275
275
275
275
275
275
275
275
275
275
275
275
275
275
275
275
275
275
275
275
274.994
274.754
275
275
275
275
275
275
275
275
275
275
275
275
275
275
275
275
275
275
275
275
275
274.999
274.818
274.885
275
275
275
275
275
275
275
275
275
275
275
275
275
275
275
275
275
275
275
275
275
274.999
274.819
274.886
275
275
275
275
275
275
275
275
275
275
275
275
275
275
275
275
275
275
275
275
275
274.998
274.821
274.887
275
275
275
275
275
275
275
275
275
275
275
275
275
275
275
275
275
275
275
275
275
274.997
274.822
274.888
275
275
275
275
275
275
275
275
275
275
275
275
275
275
275
275
275
275
275
275
275
274.997
274.824
274.889
275
275
275
275
275
275
275
275
275
275
275
275
275
275
275
275
275
275
275
275
275
274.996
274.825
274.89
275
275
275
275
275
275
275
275
275
275
275
275
275
275
275
275
275
275
275
275
275
274.996
274.827
274.891
275
275
275
275
275
275
275
275
275
275
275
275
275
275
275
275
275
275
275
275
275
274.995
274.828
274.891
275
275
275
275
275
275
275
275
275
275
275
275
275
275
275
275
275
275
275
275
275
274.994
274.83
274.892
275
275
275
275
275
275
275
275
275
275
275
275
275
275
275
275
275
275
275
275
275
274.994
274.831
274.893
275
275
275
275
275
275
275
275
275
275
275
275
275
275
275
275
275
275
275
275
275
274.993
274.833
274.893
275
275
275
275
275
275
275
275
275
275
275
275
275
275
275
275
275
275
275
275
275
274.993
274.834
274.894
275
275
275
275
275
275
275
275
275
275
275
275
275
275
275
275
275
275
275
275
275
274.992
274.835
274.895
275
275
275
275
275
275
275
275
275
275
275
275
275
275
275
275
275
275
275
275
275
274.992
274.837
274.896
275
275
275
275
275
275
275
275
275
275
275
275
275
275
275
275
275
275
275
275
275
274.991
274.838
274.896
275
275
275
275
275
275
275
275
275
275
275
275
275
275
275
275
275
275
275
275
275
274.991
274.839
274.897
275
275
275
275
275
275
275
275
275
275
275
275
275
275
275
275
275
275
275
275
275
274.99
274.841
274.898
275
275
275
275
275
275
275
275
275
275
275
275
275
275
275
275
275
275
275
275
275
274.99
274.842
274.898
275
275
275
275
275
275
275
275
275
275
275
275
275
275
275
275
275
275
275
275
275
275
275
275
275
275
275
273.062
272.612
275
275
275
275
275
275
275
275
275
275
275
275
275
275
275
275
275
275
274.998
275
274.99
274.999
275
275
275
275
275
275
275
274.992
274.992
274.881
274.94
275
275
275
275
275
275
275
274.995
274.993
274.965
274.912
275
275
275
274.993
274.991
275
275
275
274.998
274.997
275
273.705
273.064
273.916
275
275
275
275
275
275
274.999
275
275
274.999
275
275
275
275
274.992
274.997
275
274.99
274.969
274.998
274.991
274.944
274.99
275
274.995
274.984
274.999
274.995
275
274.993
274.992
275
274.97
274.981
274.969
274.97
274.91
274.878
275
274.979
274.983
274.983
274.979
275
274.981
274.988
274.982
274.98
274.99
274.968
275
274.992
274.997
274.983
274.991
275
274.993
274.996
274.988
274.993
274.997
274.994
274.997
274.998
275
274.997
274.997
274.996
274.997
274.999
274.998
275
275
275
275
275
275
275
275
275
274.998
274.997
274.883
274.81
275
275
275
275
275
275
275
275
274.997
274.995
275
273.059
273.457
274.557
274.702
273.482
273.916
274.796
274.665
275
274.999
274.999
274.719
274.802
274.999
275
275
275
275
275
275
275
275
275
275
275
275
275
275
274.993
274.995
274.916
274.919
274.946
274.94
274.991
274.644
274.995
274.936
274.891
274.886
274.931
274.998
274.962
275
274.889
274.987
274.868
275
274.99
275
275
274.999
274.973
275
275
274.977
274.976
274.996
274.995
274.963
274.966
274.984
275
275
275
275
274.984
274.998
275
275
275
275
274.997
274.976
274.976
274.967
274.967
274.839
274.845
274.976
275
275
275
275
274.976
274.982
275
275
275
275
274.982
273.105
274.984
273.573
273.161
274.024
273.602
274.985
274.975
273.206
274.976
274.983
274.982
274.987
275
275
275
275
274.988
274.313
274.525
274.99
274.356
274.054
274.594
274.389
274.991
273.958
274.278
274.996
274.797
274.877
274.662
274.781
274.995
274.635
274.809
274.836
273.551
274.811
274.799
273.27
274.942
274.94
275
275
275
275
275
274.999
274.999
273.769
274.996
274.998
275
274.999
274.998
275
273.328
273.416
272.715
274.812
274.816
273.497
273.647
274.93
274.942
271.496
275
275
275
275
275
275
274.999
275
275
274.99
274.987
274.997
274.991
275
275
275
275
274.991
274.898
274.932
274.957
274.917
274.538
274.441
274.998
274.936
274.963
274.993
274.994
273.66
275
275
275
274.999
274.992
274.988
275
275
275
275
275
275
274.994
275
275
275
275
274.995
274.984
274.722
274.884
274.636
274.65
274.972
274.899
274.915
274.993
274.952
274.974
274.989
274.999
274.999
274.998
274.998
274.984
275
275
274.992
274.973
274.699
274.627
274.967
274.623
274.634
274.611
274.602
274.968
274.882
274.858
274.977
274.998
274.998
274.998
274.999
274.98
274.983
274.998
274.998
274.998
274.998
274.98
274.988
274.845
274.877
274.801
274.783
274.974
274.996
275
275
275
275
274.996
274.994
274.741
274.616
274.849
274.817
274.995
274.13
274.208
274.997
274.884
274.859
274.021
274.104
274.654
274.564
275
275
275
274.407
274.856
274.442
274.501
274.468
274.846
275
275
275
275
275
273.109
273.239
273.341
273.33
274.628
273.604
273.519
273.772
273.63
274.647
273.606
273.689
274.747
274.725
274.76
273.98
273.84
273.669
273.763
274.999
275
275
275
275
274.999
274.991
274.997
274.901
274.929
274.955
274.92
274.662
274.897
274.874
274.922
274.905
274.659
274.821
274.799
274.866
274.833
274.92
274.654
274.716
274.543
274.625
274.914
274.391
274.394
274.937
274.997
274.993
274.999
274.998
274.95
274.973
274.966
274.991
274.976
274.998
275
275
274.997
274.994
274.997
274.993
274.999
274.994
274.999
275
274.995
274.998
275
274.999
274.998
274.675
274.699
274.982
274.433
274.315
274.747
274.456
274.159
274.071
274.279
274.204
274.973
274.657
274.669
274.875
274.845
274.962
274.901
274.813
274.782
274.84
274.821
274.994
274.919
274.928
274.955
274.973
274.999
274.999
274.986
274.984
274.998
274.999
274.728
274.712
274.974
274.209
274.238
273.83
274.159
274.246
274.355
274.237
274.24
274.615
274.621
274.967
273.97
273.922
274.058
273.985
273.832
273.798
273.902
273.863
274.968
274.607
274.612
274.862
274.853
274.998
274.998
274.977
274.978
274.998
274.998
274.998
274.998
274.983
274.981
274.998
274.998
273.191
273.346
274.784
274.822
274.729
274.769
273.207
273.861
274.87
274.806
274.832
274.862
273.774
274.523
274.558
274.413
274.51
273.345
274.671
274.717
274.574
274.647
273.35
274.817
274.837
274.987
274.737
274.774
274.789
274.736
274.773
274.976
274.772
274.8
274.402
273.174
273.178
273.465
273.209
274.432
273.339
274.08
273.184
274.133
274.723
274.942
274.928
274.96
274.947
274.734
274.581
274.595
274.239
274.315
273.82
273.986
274.72
274.675
275
275
275
275
275
275
275
275
275
275
275
275
275
275
275
275
275
274.999
274.99
274.975
274.973
274.885
274.937
275
275
274.994
274.846
274.835
274.913
274.884
274.901
274.993
275
275
275
274.985
274.989
274.999
275
274.999
275
274.998
274.962
274.983
274.947
274.97
274.968
274.988
274.992
274.992
274.984
274.999
274.999
274.995
274.992
275
275
274.776
274.747
274.979
274.906
274.859
274.855
274.875
274.978
274.992
274.992
274.983
274.992
274.992
274.992
274.992
274.979
274.972
274.817
274.789
274.984
274.998
274.998
274.998
275
275
273.548
273.559
274.91
274.891
274.997
273.527
273.538
274.966
274.972
274.999
275
275
273.029
273.018
273.06
273.422
273.509
272.936
272.975
273.362
273.294
273.859
274.578
274.563
274.686
274.104
274.008
274.772
275
275
275
274.999
275
275
275
274.998
274.999
275
275
275
274.985
274.984
274.992
274.996
274.993
274.991
274.909
274.922
274.87
274.877
274.95
274.932
274.837
274.854
274.68
274.681
274.77
274.758
274.642
274.687
274.694
274.993
274.908
274.927
274.953
274.913
274.969
274.963
274.995
274.992
274.981
274.796
274.77
274.946
274.897
274.828
275
275
274.999
274.999
274.996
274.997
274.981
274.996
274.998
274.932
274.95
274.997
274.736
274.705
274.961
274.968
275
275
274.999
274.996
274.999
275
274.978
274.742
274.732
274.839
274.847
274.992
274.992
274.982
274.981
274.992
274.992
273.151
273.537
274.131
274.165
273.773
273.805
273.123
274.839
274.823
274.973
273.344
273.296
273.608
273.613
273.256
273.73
273.751
273.269
273.291
274.998
274.998
274.984
274.989
274.998
274.998
274.215
274.846
274.858
274.82
274.833
274.164
274.834
274.954
274.963
274.963
274.959
274.846
274.687
274.801
274.785
274.601
274.582
274.622
273.712
273.751
273.774
273.485
274.836
274.269
274.146
274.379
274.3
274.787
274.423
274.431
274.732
274.783
274.95
275
275
275
273.333
273.358
274.244
274.25
272.605
273.575
273.434
273.431
273.4
273.419
273.619
271.539
274.696
274.722
275
275
275
274.978
274.977
274.99
274.983
274.99
274.994
274.988
274.989
274.893
274.935
274.795
274.807
274.807
274.795
274.915
274.828
274.823
274.515
274.395
274.394
274.401
274.405
274.487
274.991
274.996
274.996
274.995
274.996
274.99
274.949
274.984
274.965
274.959
274.984
274.992
274.992
274.858
274.861
274.899
274.865
274.992
274.992
274.978
274.992
274.992
274.983
274.98
274.992
274.992
274.802
274.842
274.825
274.856
274.851
274.799
273.572
273.591
273.514
273.519
274.05
273.736
273.706
274.435
274.431
274.626
274.471
274.508
274.405
274.433
274.595
275
275
275
275
275
275
275
275
275
275
274.434
274.66
274.643
274.704
274.681
274.455
274.52
274.582
274.551
274.629
274.611
274.498
275
275
275
274.999
274.998
275
275
273.032
273.36
273.093
273.094
273.339
273.334
273.885
273.925
273.554
272.939
272.913
273.546
273.076
273.061
273.064
273.78
273.168
273.033
274.607
274.638
274.766
274.543
274.547
274.534
274.534
274.704
274.56
274.575
273.692
273.367
273.381
273.388
273.365
273.721
275
275
274.999
274.998
274.999
275
274.976
274.991
274.982
274.98
274.984
274.986
274.981
274.983
274.904
274.925
274.82
274.824
274.811
274.816
274.953
274.881
274.884
274.822
274.827
274.925
274.824
274.712
274.689
274.649
274.747
274.734
274.812
274.699
274.697
274.732
274.713
274.805
274.858
274.757
274.77
274.711
274.735
274.846
274.695
274.57
274.741
274.725
274.368
274.373
274.931
274.975
274.972
274.925
274.96
274.985
274.979
274.838
274.815
274.922
274.927
274.968
274.886
274.862
274.988
274.992
274.998
274.994
274.984
274.969
274.983
274.997
274.998
274.999
274.997
274.997
274.994
274.989
274.993
274.999
274.998
274.997
274.999
274.998
274.999
274.996
274.996
274.994
274.997
274.403
274.356
274.665
274.292
274.335
274.205
274.478
274.122
274.093
274.25
274.228
274.859
274.708
274.743
274.642
274.674
274.851
274.955
274.898
274.914
274.762
274.859
274.938
274.677
274.624
274.805
274.435
274.467
274.382
274.408
274.796
274.835
274.59
274.614
274.503
274.544
274.828
274.959
274.971
274.23
273.877
273.927
273.766
273.818
274.237
273.92
273.945
273.937
274.047
274.265
273.494
273.541
273.599
273.508
274.301
274.238
273.68
273.72
273.6
273.645
274.239
273.963
273.952
274.045
274.01
273.808
273.791
273.89
273.887
274.847
274.85
274.982
274.992
274.992
274.992
274.992
274.981
273.188
274.014
274.083
273.473
273.125
273.857
273.932
273.451
273.395
274.534
273.954
273.949
274.461
273.858
273.735
273.94
273.915
274.491
273.579
273.512
273.638
273.699
273.305
273.372
273.512
274.826
274.904
274.897
274.913
274.909
274.832
274.749
274.767
274.77
274.738
274.738
274.75
274.771
274.868
274.861
274.888
274.878
274.782
273.168
273.506
273.545
273.442
273.474
273.171
273.374
273.759
273.831
273.602
273.677
273.282
273.321
273.015
273.044
273.038
273.022
273.185
273.343
273.403
273.125
273.236
273.166
274.826
274.815
274.71
274.581
274.612
273.63
273.689
273.883
273.535
273.45
273.67
273.619
273.941
273.504
273.51
274.427
274.424
275
275
275
275
275
275
275
275
275
275
275
275
275
275
275
275
275
275
275
275
275
275
275
275
275
275
275
275
275
275
275
275
275
275
275
275
275
275
275
275
275
275
275
275
275
275
275
275
275
275
275
275
275
275
275
275
275
275
275
275
275
275
275
275
275
275
275
275
275
275
275
275
275
275
275
275
275
275
275
275
275
275
275
275
275
275
275
275
275
275
275
275
275
275
275
275
275
275
275
275
275
275
275
275
275
275
275
275
275
275
275
275
275
275
275
275
275
275
275
275
275
275
275
275
275
275
275
275
275
275
275
275
275
275
275
275
274.999
274.999
272.963
274.9
274.907
275
275
275
275
275
275
275
275
275
275
275
275
275
274.24
274.217
274.451
275
275
275
275
275
275
275
275
275
275
275
274.998
274.611
274.248
274.741
275
275
275
275
275
275
275
275
275
275
275
275
275
275
275
275
275
275
275
275
275
275
275
275
275
275
275
275
275
275
275
275
275
275
275
275
275
275
275
275
275
275
275
275
275
275
275
274.999
274.999
275
272.595
274.119
274.133
274.252
274.252
271.561
275
275
275
275
275
275
275
275
275
275
275
275
275
275
275
275
275
275
275
275
275
275
275
275
275
275
275
275
275
275
275
275
275
275
275
275
275
275
275
275
275
275
275
275
275
275
275
275
275
275
275
275
275
275
275
275
274.998
274.999
274.999
275
275
274.999
274.997
274.996
274.998
275
275
275
275
275
275
275
275
275
275
275
275
275
275
275
275
275
275
275
275
275
274.991
274.998
274.998
274.998
274.998
274.992
275
275
275
275
275
275
275
275
275
275
275
275
275
275
275
275
275
275
275
275
275
274.994
275
275
274.998
274.998
274.994
274.961
274.896
274.905
275
275
275
275
275
275
275
275
275
274.992
274.95
274.96
274.974
274.976
274.992
275
275
275
275
275
275
275
275
275
274.998
274.994
274.994
274.99
274.991
274.997
275
274.999
275
273.671
274.994
274.994
274.82
274.83
273.083
274.996
274.996
273.81
275
275
275
275
275
275
275
275
275
275
275
275
275
275
275
275
274.999
275
275
275
275
275
275
275
274.999
274.998
274.998
275
275
275
275
275
275
275
275
275
275
275
275
274.993
274.998
274.998
274.999
274.999
274.996
275
275
275
274.988
274.971
274.976
274.927
274.928
274.97
274.978
274.98
274.992
275
275
275
274.994
274.997
274.997
274.999
275
275
274.998
274.998
274.995
275
275
275
274.993
274.998
274.998
274.998
274.998
274.992
275
275
275
274.971
274.933
274.931
274.956
274.954
274.98
274.968
274.925
274.926
274.929
274.927
274.969
275
275
275
274.994
274.994
274.982
275
275
275
274.982
274.911
274.897
274.959
274.956
274.987
274.982
274.959
274.957
274.892
274.875
274.979
274.989
274.969
274.972
274.914
274.922
274.97
275
275
275
274.993
274.999
274.999
274.999
274.999
274.997
274.983
274.994
274.994
274.999
274.999
274.99
275
275
275
274.994
274.979
274.978
274.986
274.985
274.995
274.989
274.964
274.962
274.976
274.974
274.992
274.996
274.987
274.988
274.963
274.971
274.994
274.997
274.999
274.999
275
275
274.998
275
275
275
274.998
274.928
274.915
274.913
274.924
274.998
274.996
274.988
274.987
274.999
274.973
274.976
275
275
275
275
275
275
275
275
275
275
275
275
275
275
275
275
275
275
275
275
275
274.997
275
275
275
275
274.997
274.874
274.795
274.81
274.699
274.721
274.823
275
275
275
275
275
275
274.999
275
275
275
275
275
275
275
275
275
275
275
274.996
275
275
275
275
274.996
275
275
275
274.583
274.287
274.252
274.461
274.429
274.684
274.781
274.658
274.677
275
275
275
274.999
275
275
275
275
274.999
274.734
274.519
274.491
274.644
274.625
274.792
274.999
275
275
275
275
274.999
275
275
275
275
275
275
275
275
275
275
275
275
275
275
275
275
275
275
275
275
275
275
275
275
275
275
275
275
275
275
275
275
275
274.931
274.945
274.992
274.994
274.984
274.985
274.931
274.884
274.891
274.823
274.834
274.898
274.908
274.97
274.967
274.975
274.973
274.915
274.998
274.991
274.992
274.997
274.999
275
274.999
274.991
274.997
274.992
274.997
274.996
275
275
275
275
275
275
274.999
274.999
275
275
275
275
274.94
274.943
274.979
274.975
274.936
274.938
274.99
274.991
274.996
274.995
274.987
274.989
274.993
274.993
274.985
275
275
275
275
275
275
275
274.999
274.999
275
274.999
275
274.984
274.993
274.993
274.999
274.999
274.998
275
275
275
275
275
275
275
275
275
275
275
275
274.996
274.999
274.999
274.944
274.943
274.975
274.977
274.947
274.945
274.923
274.923
274.967
274.967
274.924
274.923
274.992
274.992
274.976
275
274.999
274.999
274.999
274.999
275
275
274.999
274.999
274.999
274.999
275
274.976
274.992
274.992
275
274.999
274.999
274.999
274.999
275
275
274.999
274.999
274.999
274.999
275
274.947
274.916
274.983
273.986
274.433
274.465
274.194
274.225
273.639
274.986
274.953
274.95
274.977
274.867
274.845
274.952
274.956
274.984
274.98
274.943
274.948
274.996
274.995
274.986
275
274.999
275
274.999
274.999
275
275
275
275
275
275
275
274.988
274.996
274.996
274.343
273.937
273.9
274.211
274.162
274.496
274.969
274.966
274.99
274.316
274.653
274.675
274.491
274.518
274.085
274.509
274.888
274.897
274.869
274.879
274.478
274.992
274.973
274.971
273.995
273.439
273.403
273.857
273.799
274.237
274.984
274.986
274.996
274.81
274.883
274.875
274.93
274.924
274.868
274.865
274.855
274.764
274.995
274.981
274.983
274.819
274.469
274.402
274.547
274.492
274.829
274.82
274.68
274.662
274.938
274.796
274.827
274.898
274.905
274.944
275
275
275
275
275
275
274.999
275
275
275
275
274.999
274.827
274.821
273.722
274.996
274.972
274.973
274.971
274.972
274.996
274.998
275
275
275
275
274.998
275
275
275
273.59
273.469
272.619
274.81
274.563
274.482
274.581
274.571
274.812
274.941
274.745
274.719
274.825
274.864
274.944
271.507
273.331
273.736
275
275
275
275
275
275
275
275
275
275
275
275
275
275
275
275
275
275
275
275
274.998
275
275
275
275
275
275
274.998
274.994
274.994
274.998
274.998
274.991
275
274.999
274.999
274.999
274.999
275
275
274.999
274.999
274.999
274.999
275
274.991
274.998
274.998
274.887
274.89
274.959
274.993
274.993
274.998
274.956
274.98
274.978
274.983
274.981
274.959
274.993
274.945
274.915
274.947
274.946
274.994
273.65
274.717
274.712
275
275
275
275
275
275
275
275
275
274.998
274.998
274.999
275
275
275
275
275
275
275
275
275
275
275
275
275
275
275
275
275
275
274.999
274.998
274.993
275
275
275
275
275
275
275
275
275
275
275
275
274.995
274.999
274.999
274.957
274.964
274.986
274.771
274.908
274.886
274.945
274.932
274.846
274.639
274.834
274.833
274.839
274.836
274.644
274.971
274.929
274.931
274.907
274.956
274.952
274.961
274.959
274.911
274.992
274.982
274.983
274.995
274.996
274.992
274.999
274.999
274.998
274.998
274.996
274.996
274.997
274.997
274.998
275
274.999
274.999
274.999
274.999
275
274.992
274.998
274.998
274.938
274.935
274.972
274.677
274.857
274.864
274.843
274.85
274.651
274.924
274.924
274.968
274.627
274.83
274.829
274.832
274.831
274.631
274.603
274.834
274.837
274.83
274.832
274.599
274.969
274.926
274.926
274.998
274.996
274.996
274.996
274.996
274.998
274.997
274.997
274.999
274.982
274.994
274.993
274.998
274.996
274.996
274.996
274.996
274.998
274.998
274.996
274.996
274.996
274.996
274.998
274.964
274.967
274.989
274.856
274.924
274.918
274.936
274.93
274.867
274.973
274.927
274.931
274.999
274.999
274.996
275
275
275
275
275
275
275
275
275
275
275
275
274.996
274.999
274.999
274.982
274.981
274.994
274.692
274.919
274.925
274.905
274.912
274.674
274.839
274.94
274.944
274.93
274.935
274.828
274.995
274.984
274.983
274.155
273.842
273.817
273.9
273.869
274.18
274.989
274.988
274.996
274.876
274.955
274.958
274.948
274.952
274.868
273.791
273.764
274.078
275
275
275
274.768
274.781
274.865
274.836
274.74
274.755
275
275
275
275
275
275
275
275
275
274.345
274.317
274.606
273.58
273.958
273.988
273.709
274.092
274.138
274.018
274.052
273.662
274.666
274.4
274.372
274.567
274.545
274.748
273.946
274.267
274.297
274.186
274.23
273.901
275
275
275
275
275
275
275
274.999
274.999
275
275
275
274.993
274.993
274.997
274.889
274.806
274.821
274.78
274.791
274.881
274.917
274.852
274.861
274.834
274.844
274.911
274.866
274.875
274.926
274.679
274.802
274.788
274.825
274.814
274.699
274.772
274.757
274.596
274.906
274.845
274.856
274.996
274.989
274.99
274.984
274.987
274.995
274.999
274.997
274.998
274.992
274.995
274.998
274.97
274.93
274.934
274.986
274.96
274.977
274.939
274.947
274.98
274.999
274.999
274.995
275
275
275
274.999
274.999
275
275
274.999
274.999
275
275
275
274.999
274.999
275
274.999
274.999
274.998
274.681
274.857
274.852
274.871
274.862
274.688
274.98
274.946
274.951
274.932
274.934
274.974
274.661
274.844
274.841
274.849
274.846
274.665
274.985
274.986
274.994
274.922
274.966
274.963
274.97
274.968
274.925
274.999
274.997
274.997
274.998
274.998
274.999
274.985
274.993
274.994
274.992
274.993
274.984
274.998
274.997
274.997
274.997
274.997
274.999
274.725
274.876
274.878
274.869
274.873
274.72
274.974
274.941
274.94
274.619
274.828
274.828
274.828
274.828
274.621
274.967
274.923
274.923
274.925
274.924
274.967
274.61
274.829
274.829
274.828
274.828
274.611
274.998
274.996
274.996
274.996
274.996
274.998
274.976
274.992
274.992
274.993
274.992
274.977
274.998
274.997
274.997
274.996
274.997
274.998
274.998
274.996
274.996
274.996
274.996
274.998
274.998
274.996
274.996
274.996
274.996
274.998
274.797
274.528
274.494
274.577
274.555
274.81
274.741
274.39
274.366
274.457
274.42
274.755
274.351
274.392
273.934
274.879
274.703
274.683
274.842
274.617
274.597
274.661
274.638
274.852
273.695
274.262
274.306
273.975
273.96
274.545
274.69
274.296
274.255
274.345
274.324
274.704
274.595
274.051
274.003
274.194
274.12
274.621
274.986
274.959
274.961
274.935
274.939
274.978
274.011
273.972
274.372
274.464
274.109
274.057
273.544
273.482
274.034
274.187
273.72
273.629
274.938
274.888
274.896
274.87
274.88
274.933
274.956
274.915
274.922
274.902
274.909
274.952
274.747
274.844
274.835
274.274
273.99
273.94
274.052
274.038
274.306
274.711
274.574
274.579
274.533
274.554
274.694
275
275
275
275
275
275
275
275
275
275
275
275
275
275
275
275
275
275
275
275
275
275
275
275
275
275
275
275
275
275
275
275
275
275
275
275
274.999
275
275
274.994
274.998
274.998
274.89
274.944
274.94
274.951
274.947
274.895
274.992
274.978
274.979
275
275
275
274.987
274.995
274.994
274.996
274.995
274.988
275
275
275
275
275
275
275
275
275
274.996
274.997
274.998
274.974
274.989
274.986
274.993
274.991
274.98
274.995
274.998
274.998
274.998
274.998
274.993
275
275
274.999
275
275
275
274.763
274.898
274.903
274.891
274.894
274.754
274.98
274.952
274.951
274.81
274.916
274.919
274.907
274.911
274.801
274.995
274.995
274.984
274.999
274.999
274.998
275
275
275
274.904
274.966
274.968
274.961
274.963
274.898
274.997
274.99
274.99
274.968
274.986
274.984
274.988
274.987
274.97
274.067
274.378
274.406
274.325
274.351
274.036
274.782
274.607
274.588
275
275
275
275
275
275
275
275
275
275
275
275
275
275
275
275
275
275
274.981
274.982
274.994
274.915
274.958
274.954
274.964
274.961
274.921
275
275
275
274.999
275
275
274.936
274.975
274.972
274.982
274.978
274.941
274.997
274.993
274.994
274.999
274.999
274.999
274.998
274.998
274.996
274.949
274.948
274.978
274.738
274.886
274.888
274.881
274.883
274.735
274.833
274.929
274.932
274.923
274.926
274.828
274.985
274.995
274.995
274.996
274.996
274.989
274.599
274.628
274.268
274.12
274.542
274.571
274.902
274.893
274.822
274.928
274.933
274.966
274.858
274.918
274.91
274.712
274.697
274.829
274.233
274.494
274.519
274.436
274.466
274.191
274.354
274.593
274.613
274.547
274.571
274.328
274.75
274.846
274.836
274.865
274.856
274.767
274.947
274.911
274.917
274.218
273.918
273.965
273.949
273.931
274.231
272.609
273.454
273.463
273.109
273.188
271.521
274.734
274.349
274.139
274.546
274.481
274.726
275
275
275
275
275
275
275
275
275
275
275
275
275
275
275
275
275
275
275
275
275
275
275
275
275
275
275
275
275
275
275
275
275
275
275
275
275
275
275
275
275
275
275
275
275
275
275
275
275
275
275
275
275
275
275
275
275
275
275
275
275
275
275
275
275
275
275
275
275
275
275
275
275
275
275
275
275
275
275
275
275
275
275
275
275
275
275
275
275
275
275
275
275
275
275
275
275
275
275
275
275
275
275
275
275
275
275
275
275
275
275
275
275
275
275
275
275
272.786
274.261
274.252
275
275
275
275
275
275
275
275
275
275
274.999
274.999
274.426
274.987
274.987
275
275
275
275
275
275
275
275
275
275
275
275
275
275
275
274.995
274.618
274.614
274.75
275
275
275
275
275
275
275
275
275
275
275
275
275
275
275
275
275
275
275
275
275
275
275
275
275
275
275
275
275
275
275
275
275
275
275
275
275
275
275
275
275
275
275
275
274.995
274.999
274.999
275
275
275
274.142
274.147
273.067
275
275
275
275
275
275
275
275
275
274.999
275
275
274.992
274.997
274.997
274.997
274.997
274.991
275
274.999
274.998
274.998
274.992
274.992
274.991
274.991
274.997
274.995
274.995
274.999
275
275
275
275
275
275
275
275
275
274.998
274.999
274.999
274.999
274.999
274.997
275
275
275
275
275
275
275
275
275
275
275
275
274.996
274.999
274.999
274.999
274.999
274.995
274.999
275
275
275
275
274.999
274.999
275
275
275
275
275
275
275
275
275
275
275
275
275
275
274.894
274.94
274.935
274.96
274.957
274.926
274.569
274.785
274.797
274.694
274.711
274.419
275
275
275
275
275
275
275
275
275
274.94
274.965
274.962
275
275
275
275
275
275
274.726
274.86
274.867
274.808
274.818
274.636
275
275
275
275
275
275
275
275
275
275
275
275
275
275
275
275
275
275
275
275
275
275
275
275
275
275
275
275
275
275
275
275
275
274.999
274.996
274.996
275
275
275
275
275
275
275
275
275
275
275
275
275
275
275
275
275
275
275
275
275
275
275
275
275
275
275
275
275
275
275
275
275
275
275
275
275
275
275
275
275
275
275
275
275
275
275
275
275
275
275
275
275
275
275
275
275
275
275
275
275
275
275
275
275
275
275
275
275
274.999
275
275
275
275
274.999
274.302
274.282
272.871
274.896
274.715
274.725
274.711
274.712
274.896
275
275
275
275
275
275
275
275
275
275
275
275
274.999
274.999
275
274.233
274.957
274.953
274.965
274.961
274.225
274.987
274.987
274.439
275
275
275
275
275
275
275
275
275
275
275
275
275
275
275
275
275
275
275
275
275
275
275
275
275
275
275
275
275
275
275
275
275
275
275
275
275
275
275
274.999
275
275
275
275
274.999
275
275
275
273.47
273.477
272.6
271.713
273.134
273.095
275
275
275
275
275
275
275
275
275
275
275
275
275
275
275
275
275
275
275
275
275
275
275
275
275
275
275
275
275
275
275
275
275
275
275
275
275
275
275
275
275
275
275
275
275
275
275
275
275
275
275
275
275
275
275
275
275
275
275
275
275
275
275
275
275
275
274.998
274.999
274.995
275
275
275
275
275
275
275
275
275
274.953
274.979
274.977
274.982
274.981
274.957
274.706
274.7
273.682
274.994
274.946
274.947
274.824
274.597
274.59
274.606
274.603
274.827
273.072
274.15
274.156
274.974
274.975
274.996
273.847
274.838
274.833
275
275
275
275
275
275
275
275
275
275
275
275
275
275
275
275
275
275
275
275
275
275
275
275
275
275
274.999
275
275
275
275
275
275
275
275
275
275
275
275
275
275
275
275
275
275
274.906
274.96
274.962
274.956
274.958
274.901
274.887
274.952
274.954
274.947
274.95
274.881
275
275
275
274.997
274.997
274.993
274.99
274.997
274.996
275
275
275
275
275
275
274.966
274.985
274.984
274.987
274.986
274.969
275
275
275
275
275
275
274.998
274.999
274.999
274.993
274.993
274.998
274.924
274.973
274.974
274.97
274.971
274.92
274.911
274.965
274.966
274.974
274.967
274.913
274.996
274.996
274.999
274.974
274.989
274.988
274.989
274.989
274.975
275
275
275
275
275
275
274.999
274.999
274.998
274.997
274.999
274.999
275
275
275
275
275
275
275
275
275
275
275
275
274.999
274.999
274.996
274.996
274.999
274.999
275
275
274.999
274.999
275
275
275
275
275
275
275
275
275
275
275
275
275
275
275
275
275
275
275
275
275
275
275
275
275
275
275
275
275
275
275
275
275
275
275
275
275
275
275
275
275
275
275
275
275
275
275
275
275
275
274.936
274.97
274.967
274.975
274.973
274.941
274.948
274.944
274.902
274.92
274.954
274.951
274.998
274.999
274.999
275
275
274.999
274.993
274.998
274.997
274.999
274.998
274.995
274.964
274.966
274.921
274.859
274.941
274.944
274.934
274.938
274.852
274.757
274.772
274.54
274.448
274.726
274.742
274.447
274.663
274.679
274.631
274.648
274.425
274.538
274.719
274.726
274.693
274.707
274.516
274.809
274.884
274.875
274.896
274.891
274.82
274.963
274.989
274.99
274.673
274.651
274.459
274.828
274.895
274.894
275
275
275
275
275
275
275
275
275
275
275
275
275
275
275
275
275
275
275
275
275
274.967
274.968
274.918
275
275
275
275
275
275
274.844
274.852
274.709
274.655
274.827
274.836
275
275
275
275
275
275
275
275
275
275
275
275
275
275
275
275
275
275
275
275
275
275
275
275
275
275
275
275
275
275
275
275
275
275
275
275
275
275
275
275
275
275
275
275
275
275
275
275
275
275
275
275
275
275
275
275
275
275
275
275
275
275
275
275
275
275
275
275
275
275
275
275
274.994
274.628
274.622
274.76
275
275
275
275
275
275
275
275
275
275
275
275
275
275
275
275
275
273.693
274.696
274.694
274.847
274.843
273.88
274.989
274.989
274.997
274.999
274.996
274.996
275
275
275
275
275
275
275
275
274.999
274.999
275
275
274.999
274.999
274.998
275
275
275
275
275
275
275
275
275
275
275
275
275
275
275
275
275
275
275
275
275
275
275
275
275
275
275
275
275
275
275
275
275
275
275
275
275
275
275
275
275
275
275
275
275
275
275
275
275
275
275
275
275
275
275
275
275
275
275
275
275
275
275
275
275
275
275
275
275
275
275
275
275
275
275
275
275
275
275
275
275
275
275
275
275
275
275
275
275
275
275
275
275
275
275
275
275
275
275
275
275
275
275
275
275
275
275
275
275
275
275
275
275
275
275
275
275
275
275
275
275
275
275
275
275
275
275
275
275
275
275
275
275
275
275
275
275
275
275
275
275
275
275
275
275
275
275
275
275
275
275
275
275
275
275
275
275
275
274.999
274.945
274.946
274.994
274.996
274.976
274.977
275
275
275
275
275
275
275
275
275
275
275
275
274.997
274.99
274.993
275
275
275
275
275
275
275
275
275
275
275
275
275
275
275
275
275
275
275
275
275
275
275
275
275
275
275
275
275
275
275
275
275
275
275
275
275
275
274.999
274.999
275
275
275
275
275
275
275
275
275
275
274.998
274.998
274.999
275
275
275
275
275
275
275
275
275
275
275
275
275
275
275
275
275
275
275
275
275
275
275
275
275
275
275
275
275
275
275
275
275
275
275
275
275
275
275
275
275
275
275
275
275
275
275
275
275
275
275
275
275
275
275
275
275
275
275
275
275
275
275
275
275
275
275
275
275
275
275
275
275
275
275
275
275
275
275
275
275
275
275
275
275
275
275
275
275
275
275
275
274.998
274.999
274.474
274.988
274.988
275
275
275
275
275
275
275
275
275
275
275
275
275
275
275
275
275
275
275
275
275
275
275
275
275
275
275
275
275
275
275
275
275
275
275
275
275
275
275
275
275
275
275
275
275
275
275
275
275
275
275
275
275
275
275
275
275
275
275
275
274.95
274.949
274.255
275
275
275
275
275
275
275
275
275
275
275
275
274.388
272.503
269.156
274.37
272.471
269.097
274.174
272.159
268.812
274.162
272.142
268.821
269.938
267.828
266.503
274.98
274.604
271.529
274.583
272.937
268.951
274.525
272.789
268.806
269.956
267.835
266.504
272.099
270.351
267.871
274.974
274.533
271.353
274.457
272.592
269.137
274.468
272.61
269.134
274.294
272.35
269.029
274.288
272.352
269.058
274.036
271.957
268.721
274.054
271.986
268.76
270.734
268.573
266.742
270.787
268.793
266.819
271.633
270.2
267.871
274.997
274.904
273.226
274.745
273.31
269.319
274.782
273.434
269.408
274.735
273.268
269.282
274.412
272.525
269.107
274.342
272.433
269.106
274.227
272.253
268.944
274.104
272.063
268.74
273.619
271.403
268.418
274.976
274.488
271.426
269.859
267.784
266.495
270.573
268.601
266.789
270.775
268.858
266.9
272.47
269.986
267.346
271.617
268.871
266.773
271.757
268.996
266.812
271.937
269.154
266.856
271.823
269.053
266.823
272.208
269.401
266.929
271.99
269.202
266.872
272.167
269.362
266.916
271.59
268.845
266.765
271.465
268.735
266.739
271.338
268.619
266.707
271.431
268.703
266.728
271.12
268.441
266.65
271.187
268.487
266.669
271.3
268.584
266.696
271.229
268.523
266.678
271.085
268.414
266.648
270.251
267.974
266.532
270.009
267.848
266.505
270.452
268.296
266.692
274.791
273.474
269.443
274.828
273.624
269.63
274.837
273.669
269.696
274.425
272.553
269.133
274.505
272.681
269.202
274.331
272.413
269.085
274.236
272.262
268.935
273.992
271.896
268.667
274.09
272.033
268.727
273.455
271.181
268.194
273.539
271.291
268.377
273.473
271.208
268.221
273.595
271.375
268.359
273.551
271.304
268.387
273.178
270.79
267.919
272.998
270.565
267.712
272.969
270.537
267.671
272.437
269.958
267.323
272.357
269.906
267.557
274.563
272.797
269.192
274.571
272.806
269.153
274.394
272.503
269.129
274.552
272.774
269.186
274.537
272.736
269.138
274.358
272.446
269.076
274.187
272.19
268.832
273.942
271.818
268.71
273.951
271.823
268.691
274.153
272.135
268.844
273.921
271.789
268.657
273.899
271.76
268.61
269.834
267.793
266.5
269.844
267.79
266.499
269.921
267.824
266.503
269.824
267.793
266.501
269.814
267.792
266.501
274.983
274.641
271.697
272.891
270.435
267.699
272.862
270.407
267.641
274.639
273.082
269.098
274.86
273.824
270.107
274.478
272.668
268.678
269.974
267.838
266.505
272.119
270.397
267.778
274.968
274.472
271.176
274.631
272.958
269.229
274.449
272.585
269.161
274.48
272.637
269.155
274.302
272.359
269.017
274.264
272.315
268.99
274.022
271.934
268.715
274.068
272.007
268.766
273.83
271.675
268.585
272.91
270.457
267.747
272.928
270.49
267.691
274.997
274.899
273.01
274.996
274.856
272.7
270.757
268.637
266.759
270.776
268.714
266.781
274.764
273.367
269.391
274.773
273.402
269.409
274.721
273.221
269.323
274.593
272.855
269.138
274.581
272.826
269.132
274.402
272.508
269.107
274.511
272.685
269.186
274.526
272.71
269.128
274.349
272.434
269.082
274.209
272.222
268.891
273.974
271.856
268.688
273.963
271.835
268.678
274.124
272.094
268.783
273.87
271.711
268.594
273.884
271.732
268.592
273.658
271.443
268.493
273.647
271.435
268.491
269.862
267.785
266.495
269.853
267.785
266.497
269.889
267.798
266.498
269.784
267.778
266.499
269.801
267.787
266.5
269.767
267.774
266.5
270.671
268.792
266.938
270.738
268.87
266.959
274.988
274.699
271.943
272.796
270.33
267.683
272.816
270.362
267.631
272.836
270.383
267.612
274.741
273.4
269.517
274.672
273.184
269.241
274.782
273.537
269.697
274.816
273.666
269.901
274.406
272.489
268.487
273.243
270.539
267.312
271.654
268.904
266.785
271.701
268.946
266.798
271.893
269.114
266.842
271.858
269.082
266.831
272.051
269.259
266.889
272.122
269.323
266.903
271.565
268.826
266.759
271.51
268.776
266.751
271.387
268.664
266.716
271.411
268.683
266.721
271.132
268.444
266.652
271.154
268.461
266.659
271.274
268.559
266.687
271.263
268.551
266.683
271.05
268.391
266.642
269.992
267.84
266.505
270.339
268.056
266.605
274.821
273.59
269.602
274.801
273.517
269.513
274.85
273.726
269.789
274.606
272.896
269.177
274.621
272.936
269.23
274.443
272.587
269.195
274.497
272.672
269.211
274.314
272.381
269.033
274.248
272.284
268.946
274.011
271.921
268.715
274.078
272.015
268.739
273.858
271.7
268.611
273.848
271.698
268.63
273.809
271.636
268.59
273.441
271.16
268.196
273.526
271.268
268.348
273.497
271.236
268.277
273.565
271.328
268.325
273.578
271.348
268.328
273.029
270.599
267.761
272.946
270.512
267.664
272.406
269.937
267.395
272.379
269.919
267.474
274.999
274.943
273.538
274.999
274.968
273.934
274.999
274.967
273.944
271.631
270.058
267.786
271.752
270.174
267.719
274.022
271.732
267.937
273.536
270.952
267.499
274.088
271.853
268.012
273.452
270.836
267.454
270.603
268.154
266.572
270.385
268.05
266.551
270.153
267.931
266.523
270.355
268.038
266.549
270.131
267.924
266.522
272.289
270.234
268.162
274.929
274.144
270.381
274.916
274.069
270.262
273.113
270.692
267.875
273.264
270.898
268.052
273.25
270.876
268.032
273.099
270.676
267.874
273.061
270.635
267.818
274.989
274.653
271.891
274.992
274.743
272.159
270.782
269.382
267.949
272.625
270.136
267.482
269.912
267.817
266.54
270.011
268.063
266.606
270.207
268.341
266.69
271.084
269.196
267.211
271.979
270.298
267.548
274.702
273.159
269.276
273.67
271.454
268.499
273.684
271.478
268.442
273.743
271.556
268.564
272.444
270.117
267.495
274.925
274.138
270.682
269.811
267.821
266.513
274.993
274.801
272.42
274.99
274.749
272.145
272.742
270.268
267.636
272.583
270.095
267.43
272.725
270.25
267.637
272.706
270.219
267.637
274.883
273.93
270.305
273.726
271.241
267.652
273.802
271.358
267.712
274.339
272.35
268.392
274.276
272.219
268.288
270.523
268.116
266.57
270.484
268.094
266.563
270.227
267.959
266.529
270.023
267.858
266.508
269.818
267.844
266.524
269.814
267.828
266.516
269.823
267.844
266.522
270.23
268.277
266.643
270.905
268.795
266.942
272.036
270.333
267.592
274.95
274.304
270.744
274.954
274.343
270.861
274.656
273.029
269.227
274.686
273.114
269.209
274.64
272.986
269.257
273.796
271.611
268.564
273.757
271.57
268.576
273.16
270.766
267.888
272.438
270.094
267.446
270.712
268.453
266.709
271.47
269.856
267.786
271.844
270.236
267.632
272.379
270.028
267.619
272.357
269.964
267.551
272.398
270.074
267.616
272.409
270.096
267.574
273.937
271.572
267.821
270.578
268.302
266.669
270.6
268.32
266.673
273.604
271.049
267.544
274.17
271.998
268.096
273.378
270.734
267.411
272.955
270.195
267.196
273.022
270.276
267.229
272.473
269.67
267.007
272.516
269.712
267.023
272.898
270.125
267.167
272.852
270.074
267.143
272.397
269.594
266.99
272.337
269.534
266.973
270.625
268.167
266.58
270.66
268.181
266.584
270.871
268.284
266.608
270.845
268.274
266.605
270.9
268.297
266.613
270.934
268.316
266.619
270.586
268.147
266.574
270.415
268.063
266.554
270.176
267.941
266.525
270.324
268.025
266.547
270.101
267.908
266.519
270.611
268.171
266.649
270.551
268.272
266.661
274.935
274.181
270.449
274.94
274.222
270.559
274.905
274
270.158
273.417
271.117
268.244
273.428
271.132
268.256
273.126
270.715
267.876
273.403
271.099
268.226
273.371
271.064
268.154
273.277
270.923
268.067
273.23
270.852
267.978
272.43
270.254
267.932
270.732
268.502
266.721
270.664
268.38
266.688
270.688
268.413
266.697
274.999
274.938
273.557
274.997
274.88
272.976
274.994
274.834
272.653
272.668
270.179
267.551
269.886
267.866
266.532
269.87
267.868
266.529
270.098
268.273
266.667
270.164
268.355
266.716
271.262
269.522
267.454
271.916
270.27
267.565
274.714
273.202
269.334
273.697
271.499
268.452
273.716
271.526
268.494
272.367
269.976
267.798
272.363
269.981
267.678
272.432
270.106
267.515
274.944
274.255
270.922
274.966
274.391
271.179
269.806
267.808
266.51
269.799
267.795
266.504
270.64
268.355
266.681
270.619
268.334
266.676
272.76
270.288
267.646
272.778
270.309
267.656
272.511
270.028
267.358
272.544
270.055
267.389
273.66
271.137
267.595
273.884
271.485
267.769
274.221
272.101
268.187
273.318
270.65
267.374
273.183
270.466
267.291
273.099
270.367
267.262
272.623
269.827
267.067
272.565
269.765
267.043
272.69
269.899
267.093
272.766
269.982
267.12
272.256
269.447
266.937
270.753
268.233
266.599
270.704
268.205
266.591
270.798
268.26
266.604
270.827
268.271
266.605
271.011
268.356
266.627
271.025
268.367
266.627
271.002
268.357
266.627
270.973
268.341
266.625
270.565
268.143
266.574
270.448
268.077
266.558
270.201
267.95
266.527
270.281
268
266.542
270.059
267.876
266.512
269.821
267.841
266.52
269.825
267.846
266.522
270.237
268.187
266.62
270.723
268.346
266.762
272.067
270.346
267.608
274.96
274.399
271.02
274.885
273.895
270
274.899
273.967
270.107
274.877
273.848
269.904
274.866
273.791
269.88
274.664
273.047
269.196
274.674
273.075
269.186
273.783
271.59
268.557
273.769
271.577
268.564
273.142
270.74
267.878
273.321
271.007
268.048
273.344
271.034
268.089
273.29
270.946
268.087
273.305
270.984
268.04
273.204
270.828
267.92
272.436
270.146
267.613
274.999
274.96
273.837
)
;

boundaryField
{
    topAndBottom
    {
        type            zeroGradient;
    }
    inlet
    {
        type            fixedValue;
        value           uniform 275;
    }
    outlet
    {
        type            zeroGradient;
    }
    wing
    {
        type            groovyBC;
        refValue        uniform 265.981;
        refGradient     uniform 0;
        valueFraction   uniform 1;
        value           uniform 265.981;
        valueExpression "Twall+hc*(T-Twall)/(rho_p*cp_p)+sigma*emiss*(pow(Tinf,4)-pow(Twall,4))/(rho_p*cp_p)";
        gradientExpression "0";
        fractionExpression "1";
        evaluateDuringConstruction 0;
        cyclicSlave     0;
        variables       
10
(
"rho_p=1.25;"
"cp_p=1004;"
"Twall=266;"
"hc=12;"
"sigma=5.67*pow(10,-8);"
"emiss=0.2;"
"rh=0.7;"
"pv=pSat*rh;"
"Kn=0.;"
"Tinf=T*pow((1-(0.5-0.006*sqrt(pv))*(1-Kn)),0.25);"
)
;
        timelines       (
);
        lookuptables    (
);
        lookuptables2D  (
);
    }
    front
    {
        type            empty;
    }
    back
    {
        type            empty;
    }
}


// ************************************************************************* //
