/*--------------------------------*- C++ -*----------------------------------*\
| =========                 |                                                 |
| \\      /  F ield         | OpenFOAM: The Open Source CFD Toolbox           |
|  \\    /   O peration     | Version:  5.x                                   |
|   \\  /    A nd           | Web:      www.OpenFOAM.org                      |
|    \\/     M anipulation  |                                                 |
\*---------------------------------------------------------------------------*/
FoamFile
{
    version     2.0;
    format      ascii;
    class       volScalarField;
    location    "300";
    object      p_rgh;
}
// * * * * * * * * * * * * * * * * * * * * * * * * * * * * * * * * * * * * * //

dimensions      [0 2 -2 0 0 0 0];

internalField   nonuniform List<scalar> 
6584
(
0.0041477
0.00457725
0.00509191
0.00586002
0.00683977
0.00809809
0.00961771
0.0114115
0.0132914
0.0151298
0.0163991
0.0165361
0.0151383
0.0123026
0.00859893
0.00471414
0.00118584
-0.00182935
-0.00424538
-0.00612632
-0.00753444
-0.00858792
-0.00927613
-0.0098282
0.00399661
0.0044668
0.00495099
0.00571234
0.00666989
0.00792862
0.00946757
0.0113519
0.0133721
0.0154463
0.0169567
0.0172595
0.0158158
0.0127312
0.00873642
0.00454875
0.000879237
-0.00218822
-0.00458416
-0.00642295
-0.00777598
-0.00879803
-0.00943424
-0.0100264
0.00367218
0.00415102
0.00457755
0.00529861
0.00619876
0.00744227
0.00902891
0.0111653
0.0134997
0.0156769
0.0184719
0.0198225
0.0187992
0.015266
0.0103406
0.00394888
-5.83528e-05
-0.00322892
-0.00554875
-0.00724569
-0.00844606
-0.00935426
-0.00988034
-0.0104511
0.00324635
0.00369094
0.0040328
0.0046666
0.00545689
0.00661851
0.0082268
0.0106202
0.0138173
0.0169067
0.0213511
0.0244268
0.0236692
0.0183907
0.0112754
0.00480579
-0.00168495
-0.00495508
-0.00707522
-0.00849621
-0.00944365
-0.0101513
-0.0105175
-0.0109949
0.00275238
0.00312024
0.00334601
0.00382717
0.00442633
0.00536546
0.00682892
0.00926012
0.0122466
0.017781
0.0247971
0.0315154
0.0316017
0.0225014
0.0111509
0.00256174
-0.00289666
-0.0076466
-0.00928989
-0.0101634
-0.0107245
-0.0111269
-0.0112838
-0.011601
0.00221939
0.0024684
0.00254481
0.00279429
0.00309137
0.00354139
0.00455494
0.00609858
0.0100259
0.0161469
0.0262718
0.0432315
0.0497226
0.0311947
0.00835116
-0.00263319
-0.007747
-0.0112101
-0.0120724
-0.0121703
-0.0122169
-0.0122143
-0.0121193
-0.0122152
0.00168966
0.00178544
0.00169051
0.00164443
0.00155576
0.00133918
0.00159937
0.00248061
0.00434076
0.00918311
0.0223471
0.0539264
0.0959521
0.0332134
0.000578745
-0.0128043
-0.0148483
-0.0158026
-0.0153057
-0.0143838
-0.0137952
-0.0133105
-0.0129388
-0.0127674
0.00121109
0.00113641
0.000870644
0.000503685
-1.65764e-05
-0.000995667
-0.00187302
-0.00216335
-0.00380631
-0.00490349
-0.000771146
0.0197994
-0.0096608
-0.0280225
-0.0286501
-0.0241545
-0.0208654
-0.0186112
-0.0165451
-0.0152686
-0.0142802
-0.0136397
-0.013183
0.000828308
0.000590528
0.00018424
-0.000467849
-0.00137843
-0.00303419
-0.00507399
-0.00692385
-0.0124813
-0.0220158
-0.0360079
-0.072913
-0.121596
-0.0675324
-0.0456929
-0.0333249
-0.0252863
-0.0213205
-0.0182696
-0.016394
-0.0149721
-0.0141162
-0.0133941
0.000574502
0.000207813
-0.000278052
-0.00111092
-0.00225535
-0.00426479
-0.00702446
-0.0100514
-0.017806
-0.0319909
-0.0556718
-0.110001
-0.172084
-0.0909101
-0.0553858
-0.038816
-0.02774
-0.022722
-0.0191655
-0.0169414
-0.0152527
-0.0142793
-0.0133523
0.000463393
2.2307e-05
-0.000465287
-0.00133397
-0.002489
-0.00441346
-0.00717576
-0.0104872
-0.0176592
-0.0302139
-0.0510093
-0.0931356
-0.150237
-0.0862332
-0.0534575
-0.0385361
-0.02745
-0.0224368
-0.0190193
-0.016784
-0.0150503
-0.0140814
-0.0130394
0.000485561
3.13366e-05
-0.000385681
-0.00115187
-0.00211204
-0.00358433
-0.00571044
-0.00841131
-0.0128927
-0.0195848
-0.0296328
-0.0438769
-0.0872727
-0.0612289
-0.042315
-0.0331291
-0.0246489
-0.0206073
-0.01788
-0.0159506
-0.0143806
-0.0135309
-0.0124729
0.000611794
0.000197895
-0.000100768
-0.000672935
-0.00131573
-0.00216612
-0.00334714
-0.00494669
-0.00627395
-0.00672623
-0.00596345
0.00264002
-0.0254587
-0.0315682
-0.0279306
-0.0251401
-0.0203557
-0.017796
-0.0160207
-0.0146025
-0.0133452
-0.0126884
-0.0117016
0.000802221
0.000464879
0.000300286
-4.76555e-05
-0.000354708
-0.000610075
-0.000940246
-0.000321894
-0.00056375
0.00319911
0.00922635
0.0289694
0.0847673
0.0123439
-0.00939827
-0.0155246
-0.0172322
-0.0157505
-0.0146664
-0.0138145
-0.0129675
-0.0120765
-0.0116466
-0.0107914
0.00101655
0.000772393
0.000730289
0.00058698
0.000560419
0.000736613
0.00104462
0.00211528
0.00318276
0.00769505
0.0143359
0.0274931
0.0362334
0.0168844
3.50919e-05
-0.00746141
-0.0104991
-0.0116102
-0.0117156
-0.0115896
-0.0112567
-0.0107114
-0.0105031
-0.00980987
0.00122125
0.00107078
0.00112399
0.00114031
0.00130914
0.00174331
0.00238348
0.00381198
0.0050974
0.00871404
0.0140389
0.0189151
0.017572
0.0113234
0.00329527
-0.00311028
-0.00706384
-0.00851019
-0.00924543
-0.00956872
-0.00962521
-0.0093696
-0.00934558
-0.0088229
0.00139295
0.00132654
0.00144294
0.00156948
0.00184644
0.00240884
0.00312195
0.00464197
0.0062949
0.00805983
0.010818
0.0123654
0.0144488
0.00939163
0.00360978
-0.000978352
-0.00442901
-0.00621295
-0.00724842
-0.00784019
-0.00815607
-0.00811422
-0.00823034
-0.00786741
0.00151837
0.00152168
0.00167111
0.00186505
0.00217623
0.00276988
0.00339757
0.00470194
0.00592404
0.00811186
0.00837101
0.0109236
0.00689898
0.00650764
0.00244023
-0.000554182
-0.00265859
-0.0045974
-0.00568148
-0.0064196
-0.00688207
-0.00698978
-0.00719858
-0.0069741
0.00159256
0.00165073
0.00180903
0.00203947
0.00233443
0.00290909
0.00338232
0.00450129
0.00499164
0.00710257
0.00475432
0.00967608
0.00830171
0.00138102
0.00270373
-0.000506785
-0.00185467
-0.0035703
-0.00451446
-0.00529432
-0.005809
-0.00601323
-0.00627247
-0.00616271
0.00161651
0.00171665
0.00186703
0.00211595
0.00236674
0.00291252
0.00321401
0.00425326
0.00424085
0.00635842
0.0046233
0.00737903
0.00663825
0.00188032
0.00258041
-0.000507974
-0.00127752
-0.00286314
-0.00363367
-0.00440992
-0.00491651
-0.0051803
-0.00545792
-0.0054401
0.0015948
0.00172683
0.00185867
0.00211688
0.00230893
0.00282899
0.00296647
0.00394863
0.00363904
0.0054564
0.00402732
0.00511819
0.00462149
0.00167747
0.00214093
-0.000488947
-0.000873869
-0.00235978
-0.00295504
-0.0037125
-0.0041767
-0.00447726
-0.00475067
-0.00480526
0.00153381
0.00169033
0.00179753
0.0020609
0.00218848
0.00268602
0.00268078
0.00359179
0.00310611
0.00458634
0.00334535
0.00381342
0.00342455
0.00124748
0.00166838
-0.000504554
-0.000639286
-0.00200523
-0.0024336
-0.00316274
-0.00356474
-0.00388757
-0.00414173
-0.00425275
0.00144079
0.00161664
0.00169656
0.00196381
0.00202822
0.00250635
0.00238844
0.00322659
0.00265524
0.00387531
0.0028197
0.00294302
0.00263978
0.000928817
0.00128849
-0.000527521
-0.000505858
-0.00174742
-0.00203151
-0.0027272
-0.00305819
-0.00339402
-0.0036197
-0.00377444
0.0013231
0.00151486
0.00156737
0.0018386
0.00184571
0.00230735
0.00210659
0.00287583
0.00227519
0.00328844
0.00238706
0.00227749
0.00203912
0.000668047
0.000977449
-0.000547678
-0.000428143
-0.00155105
-0.00171723
-0.00237762
-0.00263697
-0.00297998
-0.00317237
-0.00336088
0.00118779
0.00139313
0.00141975
0.00169539
0.0016532
0.00210032
0.00184211
0.00254704
0.00194972
0.0027958
0.00202537
0.00176882
0.00157452
0.000446864
0.00071942
-0.000564354
-0.000383699
-0.00139559
-0.00146746
-0.00209222
-0.00228374
-0.00262999
-0.00278746
-0.00300195
0.00104137
0.00125855
0.0012617
0.00154197
0.00145913
0.00189309
0.00159788
0.00224408
0.0016698
0.00238156
0.0017176
0.00137261
0.00121502
0.000270146
0.000510633
-0.00057524
-0.000357926
-0.00126768
-0.00126526
-0.00185429
-0.00198406
-0.00233059
-0.00245364
-0.00268788
0.000889649
0.00111713
0.00109965
0.00138434
0.00126919
0.00169068
0.0013745
0.00196795
0.00142831
0.00203652
0.00145812
0.001065
0.000945811
0.000130991
0.000344256
-0.000579418
-0.000341217
-0.00115749
-0.00109725
-0.00165129
-0.0017261
-0.00207061
-0.00216083
-0.00240934
0.000737761
0.000973919
0.000938636
0.00122694
0.00108694
0.00149621
0.00117128
0.00171806
0.00121766
0.00174688
0.00124236
0.000824532
0.000731503
9.86526e-06
0.000212962
-0.000574962
-0.00032495
-0.00105649
-0.000951876
-0.00147172
-0.00149894
-0.00183909
-0.00189911
-0.00215728
0.000590253
0.000832987
0.000782553
0.00107289
0.000914606
0.00131126
0.00098663
0.00149293
0.00103223
0.00149938
0.00105856
0.000627844
0.000558489
-8.41902e-05
0.000112411
-0.000562517
-0.000305891
-0.000960796
-0.000821814
-0.00130806
-0.00129438
-0.00162786
-0.00166035
-0.00192397
0.000451156
0.000697736
0.000634486
0.000924479
0.000753226
0.00113619
0.000817944
0.00128869
0.000868198
0.00128615
0.000900737
0.000466061
0.000418701
-0.00015499
3.74556e-05
-0.000541432
-0.000281526
-0.000866765
-0.000701344
-0.00115408
-0.00110546
-0.00142954
-0.0014371
-0.00170191
0.000324083
0.000570732
0.000496663
0.000782829
0.000603216
0.000971255
0.000662594
0.00110001
0.000719796
0.00109877
0.000762873
0.000332041
0.000305572
-0.00020599
-1.56764e-05
-0.000510669
-0.000250096
-0.000771026
-0.000585709
-0.00100457
-0.000926522
-0.00123781
-0.00122306
-0.00148423
0.000212529
0.000454015
0.000371124
0.000648279
0.000464842
0.000815043
0.000519627
0.000924147
0.000583294
0.000929873
0.000639427
0.000219897
0.000213026
-0.000239536
-5.01066e-05
-0.000469475
-0.000210876
-0.000671031
-0.000472084
-0.000855393
-0.000753435
-0.00104761
-0.00101322
-0.00126499
0.000119777
0.000348227
0.000259253
0.000520104
0.000337355
0.000662494
0.000386065
0.000754602
0.00045387
0.000770781
0.000524422
0.000125943
0.000137851
-0.000254021
-6.68992e-05
-0.000415055
-0.000163685
-0.000563375
-0.000358464
-0.000701932
-0.000582688
-0.000853018
-0.000802285
-0.0010367
4.98555e-05
0.000255243
0.000164156
0.000399216
0.000223739
0.00051429
0.000264045
0.000589587
0.00033143
0.000616269
0.000411491
4.46035e-05
7.32829e-05
-0.000250381
-6.93827e-05
-0.000347203
-0.000111307
-0.000447809
-0.000247258
-0.000544331
-0.000416638
-0.00065463
-0.000592384
-0.000799825
4.73265e-06
0.000163586
8.13037e-05
0.000265589
0.000117386
0.000345003
0.000143636
0.000397652
0.00019969
0.000431421
0.000283516
-1.09304e-05
2.8794e-05
-0.000206264
-5.22355e-05
-0.000248406
-5.39665e-05
-0.00030576
-0.000134775
-0.000361104
-0.00024455
-0.000427169
-0.00036426
-0.000522331
-6.81475e-06
0.000106534
4.00965e-05
0.000174331
6.0459e-05
0.00022639
7.71197e-05
0.000261806
0.000118459
0.000291775
0.000150128
-9.59022e-05
-5.34016e-05
-0.000167906
-3.7594e-05
-0.00016044
-1.24399e-05
-0.000188486
-5.59166e-05
-0.000216925
-0.000122241
-0.000252536
-0.000198192
-0.000309145
-0.0642301
-0.119796
-0.00516321
-0.108462
-0.184158
-0.132732
-0.0977851
-0.16577
-0.186373
-0.0503583
-0.100216
-0.159071
-0.00229547
-0.0305323
-0.0910795
0.0276025
0.0943441
0.0898523
0.0156411
-0.0229528
0.0305999
0.0963909
0.0100109
0.0441111
-0.0278459
-0.05669
0.0155431
-0.0931048
0.0446654
-0.110159
-0.065816
-0.0280376
-0.0530808
-0.0985501
-0.0646185
-0.093477
-0.13409
-0.10705
-0.229448
-0.191469
-0.169633
-0.100775
-0.0771277
-0.0542932
-0.0902913
-0.099971
-0.109645
-0.148107
-0.151164
-0.258658
-0.263959
-0.156524
-0.101457
-0.104252
-0.0357517
-0.0482238
-0.0861084
-0.0763825
-0.0939793
-0.123212
-0.163261
-0.205433
-0.0955898
-0.0743399
-0.0964956
-0.0646862
-0.107822
-0.0323977
-0.0388653
-0.0655051
0.0202164
-0.0141613
0.0301828
0.0309059
0.0864452
0.0307029
0.0243777
0.0176387
-0.10208
-0.0507272
-0.0319218
-0.056157
-0.109674
0.0574076
-0.0459882
-0.187692
-0.105116
-0.0746385
-0.100144
-0.18388
-0.15029
-0.136962
-0.0984434
-0.141375
-0.156234
-0.11452
-0.140555
-0.261446
-0.231417
-0.169684
-0.23164
-0.248832
-0.186933
-0.229772
-0.162448
-0.126568
-0.145972
-0.107725
-0.151599
-0.12962
-0.156033
-0.15337
-0.207799
-0.256441
-0.181362
-0.243075
-0.21005
-0.250271
-0.245123
-0.1846
-0.0918945
-0.0559049
-0.127445
-0.0972629
-0.11101
-0.159425
-0.126594
-0.156249
-0.110471
-0.207358
-0.159328
-0.135291
-0.0184077
0.00918066
-0.051489
-0.0225357
-0.0195525
-0.0589954
-0.104628
-0.0644819
-0.063878
0.0342878
0.0523067
0.0118359
0.031936
0.0465998
0.0236062
-0.0193761
-0.0402037
0.0509853
-0.0444239
0.113734
-0.0114078
-0.0041401
-0.0423084
-0.0250021
-0.0227471
-0.0511639
0.0121955
-0.00956316
0.0105509
-0.0105174
-0.0306165
0.109723
-0.0165425
0.0361644
-0.0863757
-0.0573231
-0.0553851
-0.0890731
-0.0700305
-0.0803194
-0.0589322
0.00213493
0.0196364
-0.0562413
-0.0409205
-0.0130551
-0.03529
-0.0552378
-0.0588067
-0.0211032
0.0203967
0.027087
-0.0160511
0.0162875
-0.00245746
0.15882
0.105149
0.0714613
0.0611832
0.101087
0.159157
-0.0627831
-0.0375641
-0.0595117
0.102395
-0.0417087
-0.017474
-0.218868
-0.215879
-0.26571
-0.26579
-0.18466
-0.187305
-0.0819778
-0.0667066
-0.0844503
0.0361951
0.0149397
-0.0102437
0.0106291
0.00159274
-0.0923353
-0.08412
-0.117494
-0.0884715
-0.119739
-0.0914742
-0.0828567
-0.0224498
-0.00520859
-0.0303665
-0.0868197
-0.155442
-0.150854
-0.150565
-0.150759
-0.127506
-0.128685
-0.253888
-0.253952
-0.240196
-0.208287
-0.198019
-0.218153
-0.211012
-0.240865
-0.208924
-0.174823
-0.155852
-0.194141
-0.180167
-0.21226
-0.143901
-0.141702
-0.158094
-0.157249
-0.239993
-0.241518
-0.227912
-0.206488
-0.216061
-0.188442
-0.202462
-0.226094
-0.252858
-0.222547
-0.219805
-0.218508
-0.222322
-0.252738
-0.0836693
-0.0764331
-0.0835812
-0.10723
-0.0589251
-0.0799766
-0.0710763
-0.116845
-0.109986
-0.111869
-0.132671
-0.13589
-0.185734
-0.168101
-0.183094
-0.147076
-0.162901
-0.181734
-0.0218846
-0.000211117
-0.0387522
-0.0405163
-0.0560047
-0.0230134
-0.0385178
-0.0347958
-0.0388972
-0.0242487
-0.0361564
-0.0366506
-0.0134777
-0.0633394
-0.0388792
-0.0420951
-0.0376063
0.0436119
0.0595828
0.0759814
0.0282571
0.0386617
0.0881307
0.056251
0.0384838
0.212396
0.00673938
0.0203154
0.000405255
0.0154543
0.0269815
0.0115041
0.058424
0.0435708
0.0470931
0.160314
0.00767489
-0.0187994
-0.0190041
0.0231412
0.0247027
0.075456
0.059943
0.0711549
0.0259798
0.0250553
0.0662317
0.0598359
0.0834094
0.239234
0.170535
0.124254
0.133492
0.175669
0.242512
-0.124374
-0.104006
-0.114711
-0.225115
-0.211772
-0.203659
-0.151752
-0.130299
-0.128885
-0.129599
-0.131578
-0.152137
-0.262804
-0.264502
-0.173341
-0.196789
0.0446447
0.0378344
0.00654757
0.0131623
0.0315973
0.0526187
0.0463857
0.0595767
0.0102965
-0.0103585
0.102602
-0.174998
-0.198695
-0.210056
-0.139405
-0.114058
-0.0812559
-0.148609
-0.12288
-0.15021
-0.146141
-0.124895
-0.129858
-0.116388
-0.124211
-0.144335
-0.146514
-0.159625
-0.151922
-0.168588
-0.167104
-0.153798
-0.150256
-0.14663
-0.135445
-0.259413
-0.24054
-0.236682
-0.219586
-0.218526
-0.238056
-0.233629
-0.24606
-0.1266
-0.122283
-0.139011
-0.149259
-0.157989
-0.161803
-0.157804
-0.170691
-0.169008
-0.165367
-0.169668
-0.155473
-0.221153
-0.251106
-0.237319
-0.22916
-0.233442
-0.197246
-0.206176
-0.218473
-0.251851
-0.241169
-0.237943
-0.235868
-0.238502
-0.249574
-0.12046
-0.122711
-0.114305
-0.169861
-0.158386
-0.148939
-0.135876
-0.125718
-0.141712
-0.104658
-0.12026
-0.129368
-0.00569351
-0.00259126
-0.0207792
0.0162112
0.00333934
-0.00172406
0.0451686
0.0552744
0.0206368
0.0254014
0.0188841
0.0326935
0.041608
0.0540322
0.0475281
0.0176917
0.158951
0.0425152
0.0146781
0.0026359
0.00412748
0.0167633
0.00141431
-0.000509599
0.0491318
0.0472795
0.151422
0.0203314
0.0302382
-0.0713513
-0.0642079
0.00809497
0.0210692
0.0115477
0.0173974
0.00526606
0.0249007
0.0198883
0.0136799
-0.0474402
-0.0435515
-0.0220632
-0.0252219
0.0227236
0.024643
0.0257857
0.025346
0.027532
-0.0994185
-0.0782886
-0.0392974
-0.118802
-0.0892933
-0.109761
-0.22379
-0.207111
-0.264128
-0.266088
-0.17622
-0.194162
-0.080376
-0.0763685
-0.086309
-0.0639464
-0.0733016
-0.0753603
-0.100572
-0.109831
-0.0894221
-0.0972105
0.0271256
0.0340639
0.0419821
0.018196
0.0301395
0.0243565
0.0301104
0.0185534
-0.106977
-0.0902299
-0.102112
-0.0693927
-0.0856991
-0.103147
-0.118175
-0.124881
-0.105689
-0.115678
-0.0603001
-0.0437065
-0.0639247
-0.0616299
-0.0693157
-0.173414
-0.195626
-0.171598
-0.185057
-0.150989
-0.127935
-0.181412
-0.15723
-0.132099
-0.151915
-0.169133
-0.163372
-0.160549
-0.147001
-0.161147
-0.166315
-0.155505
-0.160753
-0.171106
-0.172382
-0.16703
-0.169064
-0.153742
-0.165995
-0.163982
-0.138475
-0.144085
-0.127072
-0.136
-0.151288
-0.154041
-0.145606
-0.150238
-0.134525
-0.145348
-0.140655
-0.259015
-0.250578
-0.227224
-0.220796
-0.238411
-0.245143
-0.233356
-0.227849
-0.153378
-0.159351
-0.147639
-0.162328
-0.156554
-0.174689
-0.163199
-0.148993
-0.136823
-0.154743
-0.150043
-0.17139
-0.170792
-0.157317
-0.175078
-0.176342
-0.172763
-0.17505
-0.174738
-0.173196
-0.175924
-0.174842
-0.156751
-0.170025
-0.171196
-0.230581
-0.247803
-0.22079
-0.226413
-0.234507
-0.220328
-0.209926
-0.21781
-0.24217
-0.240559
-0.252717
-0.250828
-0.240421
-0.240923
-0.0934649
-0.0940281
-0.0870844
-0.0789207
-0.100766
-0.0900736
-0.100164
-0.0641099
-0.0623982
-0.057075
-0.0756845
-0.0653045
-0.0676281
-0.131971
-0.124147
-0.13388
-0.134683
-0.116456
-0.112396
-0.10429
-0.121254
-0.11344
-0.118605
-0.135219
-0.126039
-0.123835
-0.131931
-0.140366
-0.112917
-0.128155
-0.146319
-0.145562
-0.155246
-0.139732
-0.0126217
-0.0146578
-0.0220712
0.00123143
-0.0114457
-0.00911262
0.00335866
-0.0310204
-0.0247856
-0.0284004
-0.0521154
-0.0525401
-0.060867
-0.0394262
-0.0497052
-0.0488519
-0.0511907
-0.0540448
0.0585067
0.06939
0.0292081
0.0309041
0.0700921
0.0564694
0.00305936
-0.0164231
0.00589085
0.00314002
0.0211364
0.0358501
0.319669
0.244479
0.213177
0.23242
0.263978
0.32675
0.0370733
0.0817833
0.0508183
-0.0872111
-0.101247
-0.120639
-0.227644
-0.239805
-0.241485
-0.261261
-0.264075
-0.108643
-0.0996596
-0.111778
-0.217077
-0.214061
-0.202743
-0.111486
-0.101781
-0.0983127
-0.0841611
-0.065165
-0.0831226
-0.121235
-0.113631
-0.104171
-0.121016
-0.144907
-0.126414
-0.119402
-0.131531
-0.123487
-0.260185
-0.244007
-0.246406
-0.233413
-0.249804
-0.248681
-0.247653
-0.214694
-0.210243
-0.223755
-0.136183
-0.119219
-0.112294
-0.136095
-0.143997
-0.134769
-0.210354
-0.221692
-0.219003
-0.254515
-0.24119
-0.243809
-0.245466
-0.250887
-0.25171
-0.250873
-0.24721
-0.248756
-0.247221
-0.125088
-0.132042
-0.13483
-0.199097
-0.190869
-0.1952
-0.0871871
-0.0835926
-0.0993607
0.0466299
0.0510784
0.0374999
0.0279164
0.0230507
0.0374663
0.0416433
0.0366108
0.0502362
0.0354436
-0.0333419
-0.0282837
-0.0769245
-0.0582311
-0.0608193
-0.0617452
-0.0536563
-0.0534544
-0.0557134
-0.0410747
-0.0421467
-0.0412097
-0.036332
-0.0334764
-0.0324044
0.0274977
0.0251842
0.0234865
0.0933739
0.15071
0.120221
-0.0763346
-0.0771158
-0.0662018
-0.0507637
-0.134186
-0.125463
-0.0265164
0.0126677
0.019856
-0.223968
-0.233713
-0.22153
-0.212964
-0.214177
-0.217112
-0.267336
-0.266232
-0.183683
-0.180208
-0.181932
-0.189473
-0.198289
-0.190346
-0.085403
-0.0881992
-0.0637738
-0.0667926
-0.069644
-0.0908039
-0.0939821
-0.0951343
-0.0981655
-0.0883633
-0.0964698
-0.113178
-0.109453
-0.11292
-0.0808101
-0.0864693
-0.0933669
-0.130902
-0.133296
-0.11569
-0.120941
-0.123299
-0.013619
-0.0377092
-0.0520045
-0.041724
-0.0449385
-0.0421012
-0.0798338
-0.15187
-0.143682
-0.139086
-0.133809
-0.120826
-0.135853
-0.137527
-0.254853
-0.253884
-0.194152
-0.188169
-0.200033
-0.221519
-0.205344
-0.19992
-0.137076
-0.146069
-0.151495
-0.23729
-0.243046
-0.253777
-0.253834
-0.25305
-0.253079
-0.253562
-0.253573
-0.0869639
-0.0871607
-0.0858985
-0.0825041
-0.105606
-0.102246
-0.105044
-0.121524
-0.129343
-0.121595
-0.131669
-0.130199
-0.140195
-0.13824
-0.112478
-0.112115
-0.108822
-0.129449
-0.128782
-0.179424
-0.185364
-0.196011
-0.17171
-0.167074
-0.173246
-0.0442219
-0.0430809
-0.039621
-0.052798
-0.0477449
-0.0470513
-0.0264907
-0.0287109
-0.036325
-0.0167794
-0.0228129
-0.0230285
-0.0578467
-0.0582246
-0.0606957
-0.0439706
-0.0408416
-0.0621078
0.066748
0.066588
0.0735229
0.0284638
0.0347687
0.0308458
0.0286
0.0408249
0.0326386
0.034782
0.0833813
0.067941
0.0449637
0.0522376
0.048928
0.122534
0.212586
0.078234
0.024169
0.0245102
0.0676668
0.0890649
0.0992603
0.0254718
0.0271745
0.0276915
0.0265363
0.0267905
0.0249341
0.0977587
0.0867949
0.0728658
0.16301
0.23666
0.205873
-0.238526
-0.238834
-0.226271
-0.216526
-0.207418
-0.200543
-0.220815
-0.216828
-0.262697
-0.26392
-0.177969
-0.179951
-0.169937
-0.174371
-0.199684
-0.210494
-0.207282
0.041503
0.0436258
0.0466036
0.0376512
0.0412622
0.0390653
-0.202021
-0.190113
-0.186866
-0.197395
-0.193713
-0.205909
-0.259349
-0.234998
-0.246847
-0.251127
-0.246694
-0.247719
-0.246685
-0.235836
-0.225944
-0.213063
-0.253974
-0.24017
-0.242112
-0.239703
-0.252825
-0.252203
-0.251225
-0.248682
-0.250062
-0.250977
-0.163489
-0.15694
-0.162069
-0.151088
-0.153789
-0.160037
0.0544087
0.0568032
0.0315267
0.0333097
0.0351686
0.0334227
0.0311783
0.056246
0.0540161
0.0523193
0.0545758
0.0556851
0.0489932
0.0512208
0.0501536
0.00899308
-0.00563556
-0.00657592
0.0215539
0.130272
0.111303
0.14794
0.0500503
0.0685318
0.0907986
0.00718602
0.00800856
0.00453698
0.0147328
0.0116257
0.0105963
-0.00487298
-0.00284223
-0.00874249
0.00128888
-0.00140945
-0.00142519
0.0637669
0.0707866
0.0424607
-0.0133018
-0.0284437
0.0133509
0.00515779
-0.0745601
-0.0635062
-0.0632806
-0.0664887
0.0132341
0.0177507
0.00452124
0.00838192
0.00984931
-0.050178
-0.0516979
-0.0509207
-0.0410867
-0.0396111
-0.0431294
-0.0409447
-0.043213
-0.0483961
-0.020337
-0.0182286
-0.0196573
-0.0187185
-0.0231591
-0.012342
-0.0155088
-0.0289513
-0.0304092
-0.0266514
0.0257182
0.0261287
0.0263633
0.0251844
0.0257453
0.026351
-0.0926047
-0.0800341
-0.0868744
-0.122393
-0.116878
-0.103575
-0.234661
-0.222296
-0.235362
-0.23753
-0.224326
-0.223351
-0.227929
-0.22584
-0.266031
-0.266997
-0.187875
-0.191881
-0.182469
-0.185169
-0.179025
-0.177083
-0.174167
-0.204436
-0.201299
-0.191783
-0.199953
-0.0757065
-0.082153
-0.0722517
-0.0698129
-0.0727082
-0.103875
-0.108821
-0.105146
-0.113866
-0.111898
-0.106987
-0.0922067
-0.0907351
-0.087793
-0.101108
-0.0941232
-0.0944519
-0.099371
0.0213648
0.0200302
0.0168893
0.0256196
0.0218133
-0.102002
-0.102612
-0.106243
-0.110162
-0.0998338
-0.0927408
-0.098038
-0.127418
-0.129125
-0.130122
-0.128034
-0.122627
-0.121849
-0.125335
-0.0638501
-0.0559858
-0.0529874
-0.04099
-0.0775471
-0.079156
-0.0713597
-0.178193
-0.174551
-0.169163
-0.184269
-0.180046
-0.186617
-0.197329
-0.188781
-0.144167
-0.153997
-0.162324
-0.134371
-0.145092
-0.136771
-0.176253
-0.167411
-0.173148
-0.166317
-0.162932
-0.165405
-0.15638
-0.162029
-0.160928
-0.166829
-0.165334
-0.171585
-0.171927
-0.167806
-0.168468
-0.140861
-0.143322
-0.140816
-0.146674
-0.145189
-0.14261
-0.129409
-0.133812
-0.132095
-0.14148
-0.135537
-0.131927
-0.139133
-0.142983
-0.152319
-0.155621
-0.154489
-0.157864
-0.15687
-0.153305
-0.147004
-0.149387
-0.148338
-0.153565
-0.152345
-0.148903
-0.256198
-0.251912
-0.160278
-0.16124
-0.161247
-0.158934
-0.16057
-0.158315
-0.173387
-0.162075
-0.163719
-0.165473
-0.146628
-0.151735
-0.151833
-0.150249
-0.151845
-0.142087
-0.152997
-0.155602
-0.157232
-0.15248
-0.153742
-0.151311
-0.174988
-0.175097
-0.173007
-0.174867
-0.173762
-0.173225
-0.175433
-0.174404
-0.23389
-0.245215
-0.253265
-0.253861
-0.253378
-0.252049
-0.252936
-0.252204
-0.0899335
-0.0892451
-0.087733
-0.0900561
-0.103224
-0.0981019
-0.0931372
-0.135338
-0.133505
-0.129394
-0.131958
-0.134002
-0.135475
-0.139669
-0.142985
-0.136496
-0.138661
-0.136549
-0.137146
-0.136888
-0.117543
-0.115307
-0.114699
-0.128198
-0.122469
-0.13213
-0.133548
-0.136323
-0.127281
-0.130528
-0.129223
-0.135146
-0.137218
-0.116858
-0.122809
-0.117174
-0.124042
-0.151339
-0.144692
-0.147995
-0.138726
-0.141374
-0.147136
-0.0176211
-0.0177745
-0.01437
-0.0230907
-0.0206129
-0.0200909
-0.00351063
-0.00147896
0.00155854
-0.010219
-0.00563166
-0.00807182
-0.00281721
-0.0351269
-0.0341008
-0.0380781
-0.0363563
-0.0263484
-0.0269673
-0.025446
-0.0328064
-0.0296494
-0.0282652
-0.0532353
-0.056076
-0.0551262
-0.0478379
-0.0572971
0.0590978
0.0616728
0.0304897
0.0277624
0.0250986
0.0295195
0.028583
0.0304391
0.0292745
0.0305998
0.0619225
0.0577651
0.0263905
0.0360591
0.0284073
0.0398344
0.0450429
0.0328249
0.044229
0.0345699
0.027976
0.0293905
0.0170964
0.0167707
0.0133367
0.0200634
0.0211307
0.0248019
0.044847
0.0385263
0.0550858
0.0871771
0.0505891
0.086706
0.0470592
0.0373939
0.0345524
0.00996997
0.0149651
0.00446714
-0.00283722
0.00195411
0.0030487
0.00443656
0.0176664
0.00711947
0.0247011
0.0448998
0.0538619
0.0870271
0.0751673
0.137673
0.0971331
0.0786674
0.0323962
0.0161517
0.0220345
-0.018906
-0.0185006
-0.00935769
-0.0137422
-0.0239534
-0.00200748
-0.0096586
-0.0105123
0.000877245
0.00753633
0.0104574
0.0252932
-0.0538614
-0.0486071
-0.0219065
-0.0583686
-0.0422391
-0.0298865
-0.0283817
-0.0450537
-0.0305633
-0.0431359
-0.0522934
-0.0437259
-0.0807345
-0.0903397
-0.0819443
-0.148822
-0.115597
-0.0932826
-0.0878406
-0.0624603
-0.0536836
-0.0325401
-0.0467932
-0.0472672
-0.0567582
-0.0675687
-0.0667018
-0.110805
-0.122027
-0.121302
-0.172409
-0.136058
-0.133286
-0.0900561
-0.0679697
-0.0673748
-0.0256102
-0.032019
-0.0441788
-0.0467027
-0.0536747
-0.0592891
-0.088037
-0.0952644
-0.10112
-0.128254
-0.107928
-0.121417
-0.0686125
-0.0576622
-0.0644601
-0.013033
-0.0117267
-0.0269714
-0.0374649
-0.0386053
-0.0457395
-0.0625791
-0.0588345
-0.0777241
-0.0386705
-0.038873
-0.0487285
-0.00126626
0.00410378
-0.00708685
-0.00650888
-0.0165262
-0.0269686
-0.0137395
-0.0204797
-0.029181
0.00598668
0.00939958
0.00640862
0.0142686
0.0251591
0.0238973
0.0312666
0.0422754
0.045989
0.0597475
0.0656446
0.0636449
0.0177149
0.00292356
-0.00582711
-0.0033347
-0.00777587
-0.0133596
0.00854594
0.0117856
0.0111296
0.014876
0.0191683
0.0236627
0.0208309
0.0221246
0.0377076
0.0216486
0.01688
0.0222733
0.0139627
0.00710932
0.00397519
0.00250378
-0.00181905
-0.0042188
0.0123502
0.0152826
0.0167758
0.0129523
0.0185934
0.0180063
0.0173621
0.0102104
0.015285
0.0105568
0.00669743
0.00754562
-0.0723887
-0.0614846
-0.0544241
-0.10496
-0.118031
-0.141269
0.0023629
-0.0167759
-0.0219457
-0.119662
-0.117072
-0.105931
-0.180578
-0.20097
-0.207016
-0.147951
-0.166319
-0.144023
-0.106419
-0.111075
-0.101745
-0.171781
-0.19116
-0.180549
-0.207966
-0.20946
-0.187193
-0.0528448
-0.0598643
-0.0569043
-0.108704
-0.117436
-0.102893
-0.176293
-0.162705
-0.15168
-0.0385202
-0.0371426
-0.0286642
-0.0941264
-0.083986
-0.0817811
0.0438247
0.0319409
0.0185032
0.0949669
0.08731
0.0821252
0.0846847
0.0772779
0.0937255
-0.0204673
-0.0123598
-0.0156213
0.063005
0.0884382
0.050994
0.374746
0.329678
0.337366
0.0827321
0.101257
0.137802
0.371401
0.388644
0.021662
0.0330462
0.0199656
0.0698202
0.080801
0.041552
-0.03361
-0.0223134
-0.0188571
-0.027587
-0.0250706
-0.0394028
0.00470714
-0.00989307
-0.0168411
-0.0764742
-0.0834064
-0.112167
0.0557718
0.0327926
0.0253673
-0.0860383
-0.0576773
-0.0688428
-0.0533647
-0.0570838
-0.0728704
-0.0256417
-0.0409292
-0.040643
-0.0638725
-0.0590373
-0.0488168
-0.0886959
-0.0706104
-0.0762716
-0.0520285
-0.0625052
-0.0841056
-0.103902
-0.0976146
-0.087496
-0.131061
-0.124197
-0.127278
-0.100136
-0.104991
-0.111268
-0.198941
-0.202433
-0.195624
-0.132736
-0.119597
-0.155616
-0.0948954
-0.109218
-0.116248
-0.0872118
-0.0994853
-0.0870262
-0.0636655
-0.0664952
-0.0562145
-0.0986535
-0.0786365
-0.07487
-0.0794634
-0.0802265
-0.100338
-0.120455
-0.12173
-0.110601
-0.149765
-0.142386
-0.141065
-0.14352
-0.144168
-0.151812
-0.126527
-0.133335
-0.170031
-0.104507
-0.120241
-0.116173
-0.120408
-0.121738
-0.105574
-0.039933
-0.0471061
-0.0415026
-0.0657464
-0.0537366
-0.044779
-0.0692144
-0.0620346
-0.0714464
-0.0819255
-0.0888118
-0.0823733
-0.10738
-0.0955336
-0.0846948
-0.118204
-0.114939
-0.120138
-0.166985
-0.16616
-0.162971
-0.0843682
-0.101585
-0.120281
-0.0826235
-0.0921728
-0.0817877
-0.109823
-0.101678
-0.0901639
-0.0704208
-0.072897
-0.0641131
-0.108934
-0.105923
-0.104726
-0.0388389
-0.0499306
-0.0547955
-0.0475004
-0.0492883
-0.0390536
-0.0709119
-0.0598862
-0.0564679
0.0158507
0.0194065
0.0240059
-0.0126097
-0.00698474
-0.00881407
0.0340045
0.0402821
0.0314038
0.0518082
0.0436492
0.039802
0.0690885
0.0654794
0.060804
0.0383096
0.0412226
0.0511956
0.0245309
0.0360993
0.0296281
0.038905
0.0372465
0.0231974
-0.0966435
-0.0894689
-0.0950498
-0.0368269
-0.0593542
-0.0770108
-0.0436969
-0.0492075
-0.0354999
-0.0667755
-0.0808063
-0.0657207
0.0422172
0.0464714
0.0653597
-0.0527625
-0.0399787
-0.0340235
-0.183749
-0.1913
-0.195402
-0.110184
-0.118753
-0.113678
-0.0804148
-0.0989069
-0.0908025
-0.114649
-0.107029
-0.0937165
-0.165953
-0.158671
-0.168966
-0.149129
-0.141581
-0.142727
-0.130033
-0.132705
-0.139799
-0.102685
-0.113611
-0.109199
-0.143553
-0.146909
-0.145123
-0.160259
-0.159656
-0.155048
-0.143654
-0.142095
-0.138439
-0.18859
-0.198599
-0.17573
-0.233785
-0.225925
-0.222553
-0.197236
-0.181724
-0.17441
-0.221406
-0.218704
-0.227659
-0.153904
-0.17135
-0.185037
-0.129918
-0.124692
-0.121534
-0.139353
-0.137573
-0.143698
-0.105148
-0.115038
-0.118171
-0.151103
-0.153517
-0.155085
-0.131735
-0.133562
-0.13103
-0.157131
-0.161148
-0.160619
-0.156818
-0.158129
-0.153803
-0.202732
-0.194666
-0.177037
-0.204753
-0.208244
-0.213059
-0.186574
-0.208759
-0.205099
-0.0864077
-0.0888423
-0.0982245
-0.0573904
-0.0614161
-0.0604043
-0.126096
-0.128806
-0.130031
-0.101376
-0.108773
-0.102166
-0.114045
-0.114786
-0.111863
-0.160421
-0.158082
-0.155778
-0.13808
-0.122788
-0.117729
-0.148304
-0.14367
-0.149243
-0.10875
-0.114491
-0.116592
-0.204802
-0.198589
-0.201288
-0.155017
-0.160984
-0.168526
-0.143688
-0.157762
-0.14319
-0.0141569
-0.0137228
-0.018286
0.0113198
0.00785909
0.00575352
-0.0470582
-0.0478431
-0.0527372
-0.0225525
-0.0266873
-0.0266249
-0.0250479
-0.0242497
-0.0183686
-0.0611663
-0.0538565
-0.0533997
-0.0987745
-0.0972771
-0.103035
-0.0630723
-0.0783347
-0.0817857
-0.0727323
-0.0741432
-0.0646035
0.043068
0.0550683
0.0418586
0.065029
0.0574116
0.0448045
0.0151015
0.0170908
0.0142627
0.0376291
0.0539159
0.0593907
-0.0205787
-0.00498598
-0.00601053
-0.00309553
-0.00386068
-0.0291729
0.0333124
0.0153327
0.0106379
0.129995
0.101318
0.0909166
-0.0195493
-0.0176438
-0.00937121
-0.0355814
-0.0264544
-0.0250409
-0.0250251
-0.0317179
-0.0311629
-0.0347159
-0.032001
-0.0247551
-0.0473687
-0.0395046
-0.0386907
0.00914289
0.00991323
0.0131901
-0.00804179
-0.00502111
-0.006237
-0.000607564
-0.00771339
-0.00137328
0.088906
0.0967427
0.121409
-0.029212
-0.0144754
-0.00249045
-0.0174891
-0.0211913
0.0110226
-0.070095
-0.0335625
-0.0362531
-0.0395546
-0.0380052
-0.0595203
-0.0691399
-0.0640611
-0.0544127
-0.0803173
-0.0683703
-0.0740281
-0.0635352
-0.0673056
-0.0746975
0.00566433
0.00651966
0.00299381
0.0212507
0.0196578
0.0177779
-0.0165702
-0.0151681
-0.0116283
-0.055239
-0.0460738
-0.0467758
-0.0422138
-0.0431496
-0.0581578
-0.0258885
-0.0384748
-0.0368347
0.02137
0.0224895
0.0220773
0.0273405
0.0261822
0.0256903
-0.000911825
-0.00856241
-0.0176219
0.007366
-0.000187109
0.00372433
-0.00878514
-0.00478517
0.00219298
0.139641
0.166022
0.216245
0.102262
0.146919
0.128698
0.116095
0.147827
0.0984739
0.0746447
0.0916995
0.0756005
0.127735
0.14857
0.0976075
0.217835
0.169213
0.13947
-0.0373132
-0.0729723
-0.0575089
0.0415827
0.0441411
0.0709471
-0.0344466
-0.0173091
-0.0231103
0.00358061
0.0076493
-0.0155472
-0.0851561
-0.0757031
-0.0763562
-0.0888034
-0.0906032
-0.0884983
0.0329072
0.03497
0.0378741
0.0159999
0.0189811
0.0176786
-0.00142891
-0.00493692
-0.0107217
0.00644354
0.000757969
0.0015276
-0.0035737
-0.00141737
0.00409915
-0.0971588
-0.0851291
-0.0759919
-0.0981672
-0.110908
-0.10071
-0.075934
-0.0685457
-0.0749626
-0.0152692
-0.0264146
-0.0331591
-0.0202462
-0.0246418
-0.0093262
-0.161977
-0.167419
-0.161653
-0.14426
-0.150928
-0.156744
-0.154627
-0.153607
-0.149012
-0.152213
-0.156258
-0.155374
-0.131145
-0.129243
-0.124922
-0.13114
-0.134574
-0.132775
-0.239451
-0.237582
-0.239464
-0.205094
-0.214447
-0.217667
-0.206897
-0.209848
-0.201601
-0.215998
-0.223869
-0.225375
-0.220025
-0.222104
-0.213711
-0.242017
-0.242476
-0.240932
-0.204415
-0.200487
-0.205657
-0.168923
-0.178649
-0.184543
-0.16545
-0.172355
-0.162714
-0.189799
-0.199257
-0.203195
-0.189974
-0.194908
-0.185251
-0.21587
-0.210064
-0.206379
-0.146496
-0.148012
-0.144928
-0.140561
-0.14313
-0.14473
-0.162206
-0.162106
-0.157457
-0.157639
-0.161732
-0.161943
-0.231345
-0.233507
-0.229823
-0.210021
-0.213406
-0.209852
-0.219781
-0.216782
-0.213321
-0.193325
-0.198788
-0.196951
-0.206181
-0.202574
-0.198179
-0.224039
-0.226125
-0.228942
-0.222057
-0.227787
-0.227754
-0.22655
-0.227393
-0.221232
-0.22029
-0.224536
-0.222432
-0.227195
-0.226168
-0.221676
-0.0779105
-0.0861045
-0.0811108
-0.0618464
-0.0609414
-0.0581036
-0.078713
-0.0748155
-0.0762912
-0.0655801
-0.066626
-0.0725949
-0.106896
-0.110663
-0.118622
-0.134705
-0.131372
-0.129977
-0.138915
-0.141968
-0.138296
-0.181425
-0.183749
-0.189376
-0.173114
-0.178986
-0.173377
-0.191022
-0.184836
-0.17812
-0.152373
-0.157098
-0.151617
-0.16789
-0.162513
-0.157705
-0.178258
-0.175988
-0.178169
-0.0190412
-0.0193714
-0.022246
0.000290996
-0.00216396
-0.00269833
-0.0392222
-0.0432576
-0.042778
-0.041556
-0.0405424
-0.0391557
-0.055462
-0.0524328
-0.0530772
-0.028286
-0.0269758
-0.0227998
-0.0359868
-0.0315308
-0.0307876
-0.0307297
-0.030969
-0.0352297
-0.0363762
-0.0369004
-0.0390466
-0.0246391
-0.025406
-0.0256229
-0.035763
-0.0302704
-0.0305599
-0.0337646
-0.0336536
-0.0365608
-0.0141775
-0.0175702
-0.0168491
-0.0395596
-0.0429919
-0.0418768
-0.0479959
-0.0472738
-0.0416133
0.0488549
0.053705
0.0439612
0.0670005
0.0568068
0.0538503
0.0299069
0.0293724
0.0284144
0.0510538
0.0546991
0.0658382
0.0404846
0.0431122
0.0418734
0.0157516
0.0105117
0.014855
-0.0018333
0.00478306
0.0124033
0.0218053
0.0180723
0.0228125
0.00797391
0.0130913
0.0164314
0.0536215
0.0567264
0.0632653
0.0446828
0.0527124
0.0494069
0.0577975
0.0525314
0.0453605
-0.00299269
-0.00398776
0.00226298
-0.0176325
-0.0106661
-0.00676667
-0.0131745
-0.012116
-0.018482
0.0716068
0.0961617
0.123066
0.0669123
0.0786595
0.0650893
0.0771852
0.0791247
0.0713825
0.0661712
0.0703659
0.0702369
0.0678341
0.0752701
0.0659021
0.1183
0.0888197
0.0816638
0.2207
0.243025
0.296366
0.171551
0.20225
0.195065
0.183113
0.218675
0.163568
0.149808
0.171227
0.153409
0.201912
0.232928
0.177403
0.301415
0.255767
0.227897
-0.117443
-0.121
-0.127855
-0.108501
-0.114375
-0.110693
-0.120635
-0.117453
-0.110698
-0.19975
-0.205743
-0.207889
-0.14409
-0.143464
-0.15098
-0.130782
-0.13695
-0.137394
-0.134793
-0.13586
-0.128978
-0.131238
-0.13753
-0.136768
-0.137856
-0.137666
-0.13049
-0.15213
-0.144421
-0.144475
-0.171457
-0.169041
-0.170401
0.00952442
0.0145995
0.0113497
0.0207928
0.0171608
0.0118804
0.0277069
0.0225687
0.0262584
0.0515951
0.058405
0.0635859
0.0516944
0.0550829
0.0491201
0.0663353
0.0571832
0.0538029
0.00811583
0.0270637
0.0263453
0.0334881
0.029838
0.0065143
0.0756273
0.05365
0.0501858
-0.1824
-0.187001
-0.180164
-0.130207
-0.119001
-0.127604
-0.102866
-0.110535
-0.121465
-0.0871158
-0.0993463
-0.0931132
-0.140871
-0.149824
-0.157812
-0.131565
-0.141188
-0.132546
-0.160268
-0.150046
-0.140514
-0.138719
-0.140315
-0.147754
-0.127504
-0.133669
-0.131922
-0.1361
-0.134826
-0.127725
-0.119947
-0.125963
-0.123232
-0.130304
-0.128087
-0.121138
-0.142245
-0.134961
-0.13702
-0.150438
-0.148809
-0.14446
-0.15825
-0.153296
-0.154751
-0.148822
-0.150587
-0.153738
-0.168149
-0.163437
-0.163976
-0.162167
-0.162906
-0.167724
-0.155121
-0.15919
-0.158427
-0.149071
-0.145949
-0.14729
-0.1433
-0.144675
-0.147866
-0.137616
-0.140775
-0.139217
-0.230523
-0.228492
-0.235435
-0.216702
-0.225621
-0.226794
-0.235938
-0.238283
-0.239354
-0.236513
-0.237574
-0.235872
-0.126009
-0.131532
-0.133114
-0.127412
-0.129428
-0.123346
-0.141486
-0.135553
-0.133299
-0.151499
-0.152076
-0.149455
-0.155532
-0.156886
-0.156654
-0.159743
-0.158127
-0.157551
-0.161889
-0.161472
-0.156833
-0.170345
-0.165467
-0.165873
-0.164424
-0.164909
-0.169443
-0.167634
-0.162835
-0.161381
-0.164661
-0.163946
-0.168797
-0.155358
-0.159351
-0.16011
-0.230172
-0.230366
-0.228537
-0.23387
-0.232302
-0.232724
-0.208371
-0.205632
-0.20263
-0.215652
-0.210857
-0.215016
-0.239486
-0.241265
-0.241944
-0.240033
-0.240908
-0.239862
-0.23631
-0.237058
-0.235693
-0.239474
-0.238554
-0.238467
-0.121245
-0.117947
-0.11735
-0.119364
-0.120045
-0.123732
-0.112983
-0.116381
-0.116636
-0.152269
-0.155346
-0.152473
-0.132257
-0.138408
-0.141618
-0.131093
-0.134748
-0.129042
-0.146036
-0.140357
-0.136414
-0.109475
-0.112089
-0.106654
-0.123337
-0.117649
-0.114759
-0.122965
-0.120322
-0.12619
-0.00428313
-0.00902471
-0.00990702
-0.00917444
-0.00842183
-0.00354197
-0.0184228
-0.0135136
-0.0122029
0.0124591
0.0098096
0.0134673
0.000874599
0.00549728
0.00786581
0.00213904
0.00405711
-2.71959e-06
0.0487261
0.0490136
0.0448977
0.0558836
0.0526083
0.0520421
0.0223816
0.0196481
0.0174888
0.0230122
0.0214179
0.0240747
0.0163931
0.018932
0.0208821
0.0405858
0.0367134
0.0382139
0.0668525
0.0720631
0.0427853
0.00311134
0.00650493
0.00593399
-0.00343089
-0.00293475
-0.000116661
0.0475358
0.0713768
0.0684363
0.132892
0.101968
0.109448
0.0131127
0.0041402
0.0241686
0.0129157
0.00980617
0.00833587
0.0140427
0.0120806
0.0152596
0.0233612
0.0216534
0.0230514
0.0177953
0.0199019
0.0217434
0.0162743
0.0178037
0.0154559
0.0233542
0.0227309
0.0217876
0.0243985
0.0232464
0.023693
0.0236439
0.0234319
0.0251204
-0.0665367
-0.0726926
-0.0848212
-0.04498
-0.0595794
-0.0539119
-0.109489
-0.117017
-0.12561
-0.0961426
-0.107559
-0.0998671
-0.210103
-0.211998
-0.210172
-0.0797206
-0.0788224
-0.0761597
-0.0847755
-0.0818389
-0.0830572
-0.0671143
-0.0681444
-0.0649469
-0.0739753
-0.0712087
-0.0702491
0.0294072
0.0323714
0.0305503
0.0362063
0.034358
0.0314846
0.0400443
0.0370721
0.0388617
0.0278392
0.0238458
0.0255921
0.0204071
0.0224013
0.0261946
-0.0944459
-0.0996401
-0.0958535
-0.106823
-0.103148
-0.0982935
-0.0753922
-0.0812427
-0.0754226
-0.0915734
-0.0867139
-0.080726
-0.120475
-0.126081
-0.124066
-0.109517
-0.115064
-0.110442
-0.121668
-0.118374
-0.112693
-0.0541149
-0.0618573
-0.069092
-0.0510004
-0.0560735
-0.0488487
-0.0693327
-0.0627352
-0.0568883
-0.16587
-0.172747
-0.177964
-0.138476
-0.144975
-0.139116
-0.158627
-0.151309
-0.144594
-0.163679
-0.157709
-0.164611
-0.162615
-0.157315
-0.158218
-0.155523
-0.156365
-0.161465
-0.148698
-0.152671
-0.151511
-0.157772
-0.15693
-0.152339
-0.165284
-0.160517
-0.161309
-0.15898
-0.15978
-0.164629
-0.137822
-0.136125
-0.132206
-0.143861
-0.140327
-0.141916
-0.136972
-0.138688
-0.142192
-0.224544
-0.230244
-0.231453
-0.227799
-0.229201
-0.223654
-0.238512
-0.235405
-0.233034
-0.245519
-0.243922
-0.243384
-0.230888
-0.234406
-0.235691
-0.232291
-0.233484
-0.230408
-0.155489
-0.15198
-0.150084
-0.155813
-0.154036
-0.157751
-0.147009
-0.14962
-0.150679
-0.170944
-0.166225
-0.166404
-0.166035
-0.166172
-0.170837
-0.158107
-0.162172
-0.16197
-0.160819
-0.161203
-0.15657
-0.170176
-0.165488
-0.165155
-0.166255
-0.165968
-0.170791
-0.222303
-0.222087
-0.220104
-0.226297
-0.224289
-0.225128
-0.232023
-0.235716
-0.237898
-0.219105
-0.222771
-0.22213
-0.212531
-0.213476
-0.211113
-0.217924
-0.215819
-0.215838
-0.241093
-0.242546
-0.242653
-0.242192
-0.242675
-0.24201
-0.240132
-0.241358
-0.240681
-0.24226
-0.242163
-0.241697
-0.0846347
-0.086831
-0.0888043
-0.0810406
-0.084404
-0.0820149
-0.0971995
-0.0993743
-0.102987
-0.0917532
-0.0955343
-0.0935604
-0.064173
-0.0626906
-0.0633676
-0.0577274
-0.0633671
-0.0642369
-0.0721822
-0.0737301
-0.0774272
-0.0667977
-0.0701364
-0.0688508
-0.0722685
-0.0708807
-0.067095
-0.127838
-0.130062
-0.126804
-0.110719
-0.112716
-0.112925
-0.106494
-0.109941
-0.107717
-0.118146
-0.120766
-0.124881
-0.112834
-0.116097
-0.115304
-0.126761
-0.12798
-0.124663
-0.149246
-0.145707
-0.142339
-0.0128755
-0.0162922
-0.0159641
-0.0056668
-0.00530296
-0.00909496
-0.0318991
-0.0347209
-0.0337903
-0.0266306
-0.0260501
-0.0285499
-0.0552346
-0.055636
-0.0526893
-0.0616863
-0.058542
-0.057961
-0.0430738
-0.0427957
-0.039753
-0.0494746
-0.0460238
-0.0461992
-0.0454286
-0.0465262
-0.0500003
0.0619293
0.063112
0.0593132
0.0722078
0.0670054
0.0651724
0.0644848
0.0672919
0.0756843
0.057895
0.0619555
0.0601892
-0.00404981
0.00768906
0.0277087
-0.00706617
-0.00116374
-0.0119491
0.0269223
0.0198388
0.0141705
0.0284043
0.0247221
0.0322923
0.303576
0.321573
0.345209
0.244035
0.278884
0.273086
0.242714
0.276759
0.23447
0.263972
0.307396
0.312748
0.292113
0.308613
0.268999
0.356595
0.344806
0.31941
0.0781625
0.0582547
0.0637583
0.0346182
0.0473505
0.0803763
-0.116351
-0.109564
-0.113734
-0.116113
-0.111307
-0.107475
-0.108489
-0.106387
-0.109675
-0.0997321
-0.103069
-0.105267
-0.101503
-0.102793
-0.0996106
-0.0769999
-0.0835382
-0.0907112
-0.118706
-0.113891
-0.11712
-0.108597
-0.112016
-0.116343
-0.129695
-0.122791
-0.113955
-0.137741
-0.130453
-0.137444
-0.11921
-0.125151
-0.13197
-0.123724
-0.121332
-0.116192
-0.128522
-0.124468
-0.127023
-0.118889
-0.122177
-0.126033
-0.225868
-0.217853
-0.215343
-0.130617
-0.127793
-0.133159
-0.117669
-0.122395
-0.124846
-0.11668
-0.119466
-0.114271
-0.138606
-0.136121
-0.133769
-0.140774
-0.138605
-0.141503
-0.133382
-0.135691
-0.137604
-0.13407
-0.12922
-0.128094
-0.131909
-0.130762
-0.134849
-0.19264
-0.19521
-0.201916
-0.0857138
-0.091476
-0.0929045
-0.101184
-0.0957658
-0.0942356
0.0335438
0.0328398
0.0361519
0.0268296
0.029857
0.0305454
0.0262447
0.0278989
0.0250226
0.0413114
0.0371933
0.0324882
0.0450745
0.0412304
0.0457034
0.0265261
0.0263852
0.0276081
0.0244416
0.0253483
0.0257918
0.0246961
0.0251574
0.0241567
0.109871
0.102782
0.0852294
0.148486
0.122668
0.128359
0.0930502
0.111278
0.138356
-0.0137218
-0.0145561
-0.0298346
0.0204995
0.00105761
-0.00150761
-0.00201718
0.00139538
0.022447
-0.0964629
-0.0934453
-0.091899
-0.0946374
-0.0934093
-0.0964669
-0.0878312
-0.0905706
-0.0914416
-0.0418314
-0.0321711
-0.0285928
-0.0430295
-0.0357137
-0.0457588
-0.1375
-0.133397
-0.135257
-0.129273
-0.13145
-0.135789
-0.123551
-0.127456
-0.125431
-0.20297
-0.198407
-0.194307
-0.214393
-0.21148
-0.218672
-0.139586
-0.141296
-0.138324
-0.14792
-0.144566
-0.142744
-0.14821
-0.146418
-0.14972
-0.124135
-0.121016
-0.118965
-0.125633
-0.123815
-0.126817
-0.19291
-0.186994
-0.189379
-0.170448
-0.172742
-0.174788
-0.0440619
-0.0418399
-0.042254
-0.0502157
-0.049764
-0.0465758
-0.0267226
-0.030624
-0.0303078
-0.0371487
-0.035545
-0.0311794
-0.0198995
-0.020357
-0.0236568
0.0300808
0.0301741
0.0312941
0.030004
0.0308353
0.0318218
0.0288681
0.0299457
0.0294948
0.0377691
0.0380481
0.0410078
0.0333788
0.0357584
0.0350792
0.0477019
0.0455926
0.0428932
0.050143
0.0479631
0.0500974
0.0440751
0.0452213
0.0463594
0.0790064
0.0863103
0.0705452
0.0891903
0.0924345
0.0856578
0.109012
0.0974689
0.0943412
0.0881115
0.0881756
0.105612
0.0815165
0.0859923
0.0765564
0.0769163
0.0838649
0.078368
0.189508
0.183397
0.160464
0.235436
0.20587
0.211455
0.175984
0.194357
0.225226
0.0229856
0.0255472
0.0230729
0.0276496
0.0283341
0.024669
0.0272316
0.0245122
0.0216126
0.0203191
0.0159282
0.0150428
0.0173176
0.0214612
0.0208971
0.0103376
0.00482263
0.00658735
0.0074628
0.00966828
0.0123319
0.046934
0.0516736
0.0466647
0.0568629
0.0534191
0.0473014
-0.00703037
-0.00934354
-0.00553083
0.00054306
0.00108658
0.0059702
0.0187044
0.0243182
0.0279901
0.107
0.102821
0.0931503
-0.020113
-0.0197479
-0.0140835
-0.00834383
-0.0111008
-0.0048125
-0.0240014
-0.0258306
-0.0124952
-0.0375805
-0.0324517
-0.0260183
-0.0157841
-0.0213402
-0.0168779
-0.131823
-0.120102
-0.110644
-0.0518938
-0.0427513
-0.0382215
-0.0184409
-0.0244397
-0.0239257
-0.173426
-0.158701
-0.157491
-0.0558731
-0.0460826
-0.0454146
-0.0157093
-0.0198934
-0.0229715
-0.143342
-0.133206
-0.138901
-0.0486884
-0.0415762
-0.0446799
-0.00962413
-0.0111112
-0.0157436
-0.023417
-0.024921
-0.0324475
-0.0789481
-0.0764896
-0.0840603
-0.0351506
-0.0320278
-0.0371656
-0.00312814
-0.00241001
-0.00652934
-0.00105255
0.00150928
-0.00419852
0.00726037
0.0100517
0.00513423
-0.02125
-0.0214654
-0.0266437
0.00173979
0.00345919
0.00095154
0.0118701
0.0154887
0.0132127
0.0764201
0.0754374
0.0805746
0.0154057
0.00846689
0.00504221
-0.0108848
-0.0128478
-0.0168268
0.00449924
0.00631372
0.00516806
0.0249733
0.0282021
0.0308285
0.0320159
0.0272856
0.0292133
0.0159978
0.0119981
0.0120777
-0.0048807
-0.00714806
-0.0098345
0.00853735
0.0106915
0.0113746
0.00352417
0.000534399
-0.000354257
0.00965347
0.0117931
0.0136234
0.0114482
0.0109935
0.0152449
0.0102259
0.00945286
0.010041
0.0079638
0.00516516
0.00580688
-0.000227756
-0.00601396
-0.00760658
0.0121868
0.0179559
0.0214359
0.038543
0.0489755
0.0394662
0.0943833
0.104025
0.10739
-0.0476227
-0.0420753
-0.0508895
-0.100381
-0.0890933
-0.0971619
-0.0959088
-0.0863594
-0.0900187
-0.0573024
-0.0649945
-0.072058
-0.155346
-0.151956
-0.166029
-0.0935959
-0.0855212
-0.083525
-0.0903369
-0.0925354
-0.101028
-0.144166
-0.14867
-0.161978
-0.0791036
-0.0760007
-0.0817359
-0.0985648
-0.0949163
-0.0905302
-0.0915732
-0.0989462
-0.103863
0.0781054
0.0743028
0.0775163
0.023889
0.0257289
0.0205891
-0.0449461
-0.0540171
-0.0605104
-0.177881
-0.172781
-0.179735
-0.190544
-0.184921
-0.180447
-0.153469
-0.151742
-0.154749
-0.158279
-0.161119
-0.162394
-0.0638705
-0.0692864
-0.070182
0.0376807
0.040333
0.0369679
0.0338548
0.0306873
0.028623
0.02824
0.0326
0.0284452
-0.0289636
-0.0248347
-0.0352566
0.0443402
0.0344379
0.0381306
-0.010607
-0.0175746
-0.0172819
-0.026741
-0.0266492
-0.0227413
-0.0502789
-0.0461721
-0.0469272
-0.0162835
-0.0126337
-0.00622591
-0.0291833
-0.0203167
-0.0230056
0.0190026
0.0131848
0.0293017
-0.079749
-0.0652731
-0.0709505
-0.0596609
-0.0584496
-0.0543854
-0.0859456
-0.0813157
-0.0840156
-0.0530997
-0.0531807
-0.0585146
-0.0223024
-0.0276314
-0.0264099
-0.0108728
-0.0124992
-0.017843
0.15836
0.173681
0.17763
0.0829886
0.0967103
0.083013
0.178249
0.175281
0.158782
0.083315
0.075256
0.0883057
-0.00709391
-0.00793488
-0.0112687
0.010373
0.00682116
0.00768405
-0.0247126
-0.0242939
-0.022415
-0.037359
-0.0351071
-0.0360468
0.0102921
0.00637075
0.00317295
0.0189637
0.014645
0.0114794
0.142452
0.161185
0.135549
0.0147735
0.0182372
0.0130969
0.00308793
0.00815277
-0.00424526
0.0873596
0.0746597
0.0838291
-0.00378016
-0.00315318
0.00179273
-0.0202246
-0.017668
-0.018116
0.0126616
0.00691334
0.000348723
0.00833226
0.0135631
0.00808787
0.0493962
0.0431326
0.0307585
0.0412838
0.0495409
0.0625588
-0.092789
-0.0985205
-0.0936814
-0.107068
-0.102793
-0.0962105
-0.106311
-0.110453
-0.113486
-0.103412
-0.106926
-0.102424
-0.0720409
-0.0774943
-0.0710385
-0.0887889
-0.0832087
-0.0769383
-0.0887462
-0.0902736
-0.0848916
0.0312327
0.0361624
0.0397941
0.103444
0.112941
0.135479
0.0432477
0.0370797
0.0371376
0.0638872
0.0577252
0.0509558
0.0661842
0.0632577
0.0779136
0.0496061
0.0559276
0.0577729
0.0740887
0.06049
0.065242
0.0437827
0.0525196
0.057938
0.0425233
0.0470058
0.0404254
0.0249451
0.0262725
0.0341233
0.0108485
0.0187527
0.01366
0.0429596
0.0263704
0.0171081
0.0358177
0.0321605
0.0460629
0.0842653
0.0741494
0.0743958
0.128615
0.114996
0.121451
0.0911638
0.103558
0.113263
0.086345
0.0943595
0.0849232
-0.0517474
-0.038767
-0.0388067
-0.135918
-0.128432
-0.140871
-0.15767
-0.158649
-0.173523
-0.120374
-0.12693
-0.13595
-0.0613711
-0.0689347
-0.07071
0.0261566
0.0209054
0.0208555
0.0179658
0.0200569
0.0257487
0.0440273
0.0389345
0.0378999
0.0394328
0.039629
0.0455042
0.0722892
0.0715218
0.069556
0.0629396
0.0654093
0.059904
0.0689661
0.0678878
0.0627374
0.0118355
0.0106742
0.0176076
0.000272315
0.0051117
0.00691511
-0.00115793
0.00252846
-0.00211153
0.0202582
0.0194298
0.022177
0.0225335
0.0253012
0.0227581
0.0269192
0.0259549
0.0236122
0.0312409
0.0289528
0.032655
0.0218825
0.024245
0.0264481
0.0183882
0.0216793
0.0190402
0.0268788
0.0244372
0.0202068
-0.134294
-0.126589
-0.134114
-0.203502
-0.19555
-0.191702
-0.199388
-0.196089
-0.205176
-0.154627
-0.147145
-0.139742
-0.158538
-0.151761
-0.160458
-0.187901
-0.183738
-0.186097
-0.175881
-0.178901
-0.184047
-0.209055
-0.201963
-0.19929
-0.203076
-0.20116
-0.20921
-0.172043
-0.167159
-0.170709
-0.158131
-0.161899
-0.16728
0.0405445
0.0347876
0.0376485
0.0271963
0.0313916
0.0367694
0.0224494
0.026581
0.0228144
0.0925357
0.0976554
0.0896967
0.0871594
0.101638
0.0923052
0.0872708
0.0609504
0.0495906
0.073112
0.069113
0.085839
0.0464169
0.0565813
0.0610382
0.0891402
0.097078
0.0889842
0.115657
0.106335
0.095514
0.121818
0.116128
0.129095
0.0748865
0.0654127
0.0628107
0.0660149
0.0662141
0.0782603
0.0445634
0.0548591
0.0530614
-0.0245527
-0.0341627
-0.0380576
-0.00570033
-0.00583303
-0.0155093
-0.0935439
-0.0880345
-0.0781523
-0.106018
-0.0964323
-0.102907
-0.0833039
-0.0772346
-0.0646574
-0.0795196
-0.0845899
-0.0929151
-0.0782935
-0.0698269
-0.0762458
-0.161376
-0.147686
-0.142225
-0.0897564
-0.0890311
-0.0966392
-0.100875
-0.0914596
-0.0921435
-0.166542
-0.152577
-0.155516
-0.0613699
-0.056721
-0.0600375
-0.0766509
-0.0709014
-0.066893
-0.103387
-0.0992276
-0.102976
-0.0924091
-0.0957027
-0.0995078
-0.0875694
-0.0915993
-0.0881335
-0.112152
-0.106301
-0.113415
-0.0700684
-0.0695838
-0.0726312
-0.0634782
-0.0666355
-0.0671477
0.0493197
0.0455726
0.0454276
0.0412869
0.0436259
0.047702
0.0670216
0.0707481
0.0744807
0.0614675
0.0668123
0.0644874
0.0706482
0.0713573
0.0733258
0.0450747
0.0408264
0.0388313
0.0449017
0.0448395
0.0488631
0.0388365
0.0318617
0.0307722
0.0318486
0.0320159
0.0380392
-0.0643471
-0.0568988
-0.0517809
-0.0691676
-0.0623007
-0.0699924
-0.0761295
-0.0711273
-0.0762923
-0.0609966
-0.0673103
-0.071699
-0.192279
-0.18437
-0.179448
-0.190563
-0.186151
-0.195351
-0.19198
-0.187597
-0.193877
-0.176444
-0.168495
-0.162367
-0.177066
-0.171567
-0.180688
-0.200511
-0.196015
-0.196841
-0.190502
-0.192133
-0.197486
-0.208134
-0.202468
-0.20147
-0.200077
-0.200013
-0.206568
-0.0918591
-0.0901328
-0.0870436
-0.0963066
-0.0933995
-0.095072
-0.10427
-0.102077
-0.0995218
-0.106765
-0.104934
-0.10689
-0.133121
-0.129678
-0.134026
-0.144279
-0.148233
-0.150643
-0.165574
-0.164588
-0.167118
-0.153046
-0.148859
-0.152838
-0.139355
-0.143539
-0.148023
-0.0582979
-0.0572395
-0.0605199
-0.0495697
-0.0542815
-0.0556548
-0.0681557
-0.0690084
-0.0637397
-0.0795792
-0.0742901
-0.0732349
-0.0759793
-0.0747439
-0.0802139
0.046448
0.0433494
0.0398226
0.0505892
0.0468955
0.0503959
0.0396811
0.0433809
0.0463219
0.0640261
0.058141
0.0602627
0.0529758
0.0545005
0.0599352
0.0426843
0.0449872
0.0410862
0.0573524
0.0508788
0.0483248
0.0550191
0.0533775
0.0589505
-0.00022218
-0.0133962
-0.0166319
0.0245328
0.0226732
0.0111225
-0.0342776
-0.030389
-0.0307114
-0.0427426
-0.0420731
-0.0381208
-0.0184525
-0.00264546
0.000756331
-0.05781
-0.0612336
-0.0745232
-0.0334999
-0.0475625
-0.0457437
-0.0542316
-0.0501832
-0.0345065
-0.0674911
-0.0628513
-0.0642582
-0.0788925
-0.0766441
-0.0720827
-0.042672
-0.0479453
-0.0476508
-0.0315336
-0.0322358
-0.0374682
0.151104
0.162586
0.149765
0.184674
0.173166
0.159115
0.194856
0.187223
0.203733
0.14323
0.129965
0.130412
0.134392
0.113117
0.0967234
0.128676
0.123441
0.144584
0.0919248
0.106365
0.11247
0.137709
0.126578
0.117882
0.12986
0.128843
0.143794
0.096041
0.113521
0.113524
0.208379
0.190086
0.195827
0.160763
0.175892
0.189279
0.1504
0.164243
0.151794
-0.051382
-0.0497812
-0.03797
-0.0687483
-0.0587766
-0.0621825
0.0405317
0.0570321
0.062645
-0.0818706
-0.0817999
-0.0849647
-0.0756011
-0.0787626
-0.0787269
-0.00205286
-0.0052621
-0.00434311
0.00471591
0.0040666
0.000669232
-0.0932282
-0.0882834
-0.0928297
-0.0800707
-0.0849764
-0.0894024
-0.107692
-0.102608
-0.106424
-0.0957812
-0.100014
-0.104465
-0.0839307
-0.0799512
-0.0842426
-0.112876
-0.111068
-0.109203
-0.116068
-0.11387
-0.115735
-0.0281247
-0.0261064
-0.0262957
-0.0334752
-0.0328036
-0.0303488
0.050429
0.0494589
0.0527952
0.0436155
0.0468818
0.0472905
0.0631027
0.0610343
0.0654288
0.0552467
0.0587014
0.0601636
0.0582069
0.0559608
0.0521212
0.0630778
0.0585473
0.0616432
0.0528016
0.0575488
0.0548868
0.0638932
0.0722674
0.0711151
0.0710423
0.0702566
0.0644276
0.264015
0.249403
0.228792
0.269541
0.267785
0.287964
0.204204
0.179253
0.158446
0.192328
0.191334
0.216133
0.213071
0.204342
0.221981
0.298564
0.274735
0.273399
0.241132
0.260373
0.27868
0.0596539
0.0612884
0.0604289
0.0345493
0.0212937
0.0178285
0.0667427
0.0614707
0.0489364
-0.00924253
-0.00591298
-0.0062362
-0.0152618
-0.0150387
-0.0120473
0.0200017
0.0211677
0.0192184
0.0221078
0.0221034
0.0196444
0.0211779
0.01953
0.0174651
0.0168602
0.0141818
0.0131049
0.0177321
0.0200718
0.0190454
0.0113602
0.00757914
0.0081976
0.0115182
0.0138358
0.0146395
0.000409579
-0.00257933
-0.000185598
0.0327879
0.0264482
0.0261228
-0.00445791
-0.00808452
-0.00387443
-0.0380569
-0.0364717
-0.0278854
-0.0759596
-0.0678413
-0.0598847
-0.0925687
-0.082164
-0.0794374
-0.081432
-0.073574
-0.0765337
-0.0537039
-0.050684
-0.0565877
-0.0186546
-0.0209122
-0.0275234
-0.0249185
-0.0259963
-0.0318299
0.0307462
0.0347721
0.0338836
0.0147222
0.0166763
0.0171216
0.00555824
0.00709676
0.00686962
-0.00183161
-0.00383251
-0.00547905
0.00789261
0.0093546
0.0100068
0.00360766
0.00133276
0.00104066
0.0080029
0.00854269
0.0100119
0.0152879
0.000851105
0.0077822
-0.000593828
0.0143281
0.00918893
0.00546675
0.00426139
0.00428181
0.0319782
0.0294591
0.0246258
0.011881
0.00346917
0.00529675
-0.0540728
-0.0510526
-0.0460405
-0.0337448
-0.040791
-0.0397275
0.04011
0.0429545
0.0454084
0.0435906
0.0419364
0.0396198
0.05378
0.0528481
0.048973
0.0425486
0.0469655
0.0473059
-0.00908459
-0.0102753
-0.00551387
-0.04047
-0.0353033
-0.0364773
0.0155466
0.00987393
0.01252
0.00420954
0.00266959
0.00657346
-0.0190801
-0.0151267
-0.0147492
-0.00217284
0.00623361
0.0134166
0.0424676
0.0378922
0.0357053
0.0391538
0.0394856
0.0447016
0.0425613
0.0374965
0.0384101
0.0310112
0.0344778
0.0386996
0.0300653
0.0309652
0.0264344
0.0348774
0.0361797
0.0409919
0.077095
0.0778072
0.0864659
0.0852494
0.0765074
0.0766045
0.0131459
0.018808
0.0163914
0.00993907
0.0072494
0.00274756
0.0323422
0.0260605
0.020004
0.063336
0.0642853
0.0556094
0.0698966
0.0729426
0.080512
-0.0205386
-0.0138896
-0.0109933
-0.016586
-0.0140442
-0.0204063
-0.00246888
-0.00843905
-0.00922457
-0.0532493
-0.0442036
-0.0481562
-0.0412745
-0.0341196
-0.0381143
-0.0252597
-0.0308594
-0.0365823
-0.107912
-0.118105
-0.125188
-0.101841
-0.110623
-0.102218
-0.077907
-0.0722255
-0.0825142
-0.048104
-0.0405506
-0.0403855
-0.0393726
-0.0413203
-0.04846
-0.135016
-0.147169
-0.146823
-0.145493
-0.147062
-0.13615
-0.0804323
-0.080781
-0.0919795
-0.0366335
-0.0321105
-0.028786
-0.0378632
-0.0358648
-0.0408542
-0.112229
-0.120338
-0.114519
-0.131055
-0.126125
-0.118086
-0.0630996
-0.0679388
-0.0752987
-0.0244229
-0.020379
-0.0218396
-0.0378942
-0.0440814
-0.0460848
-0.00966547
-0.0155771
-0.0124459
0.0172453
0.0167371
0.0130182
0.0339101
0.0345875
0.0306388
0.0206986
0.0182938
0.0177692
0.0114694
0.0113662
0.0149873
-0.127371
-0.12109
-0.111685
-0.111815
-0.109685
-0.114546
0.0728976
0.0623365
0.0551319
-0.0762313
-0.0824173
-0.0926684
-0.0608821
-0.0719783
-0.0677741
-0.128121
-0.140037
-0.143501
-0.130874
-0.136176
-0.125836
-0.128639
-0.139519
-0.135828
-0.145068
-0.142928
-0.132696
-0.0899518
-0.0948356
-0.0880868
-0.108071
-0.101666
-0.0965395
-0.0471308
-0.047335
-0.0543022
0.0362597
0.0355309
0.038029
0.0345017
0.0397616
0.0388386
0.0364264
0.0368611
0.0312413
0.0333409
0.03178
0.0311793
0.0213339
0.0264202
0.026366
-0.0450148
-0.0491239
-0.0406082
-0.119848
-0.124375
-0.127922
0.0471979
0.0502813
0.0489362
-0.0135853
-0.0132921
-0.0012335
-0.0317692
-0.0225964
-0.0209501
-0.0198294
-0.0147987
-0.0141746
-0.0306994
-0.0299707
-0.0248061
-0.0103711
-0.00573654
-0.0193348
0.0222473
0.00749413
0.000280773
-0.05999
-0.0611522
-0.0657754
-0.076618
-0.0789979
-0.0832576
-0.0702116
-0.0745627
-0.0722267
-0.0483072
-0.0482417
-0.0430872
-0.0585478
-0.0533313
-0.0530755
-0.0381034
-0.0330018
-0.0327706
-0.00290248
-0.00810459
-0.00593577
0.0083904
0.00619028
0.00111659
0.115695
0.115714
0.101063
0.120691
0.128311
0.137763
-0.00426
-0.000445171
0.000760691
-0.0107827
-0.0115572
-0.00762422
0.0217428
0.0142059
0.0187661
0.0725662
0.0585308
0.0634171
0.082257
0.0746486
0.0700319
0.0661438
0.072225
0.0798183
0.0357171
0.032261
0.0386463
0.0743408
0.0702633
0.08117
0.0167166
0.0181788
0.017043
0.0109863
0.0083863
0.00766432
0.00394407
0.0012464
0.00188479
-0.00520722
-0.00712263
-0.00527601
0.00431804
0.00557878
0.00786566
0.0272163
0.0310735
0.0302241
-0.0109647
-0.0118932
-0.00927298
0.000168125
0.000196076
0.00314665
0.0563394
0.0641653
0.0623748
-0.0193827
-0.0186079
-0.0149156
-0.00490631
-0.00650384
-0.00308134
-0.0290687
-0.0259775
-0.021955
-0.00912123
-0.012059
-0.00953778
-0.0368172
-0.0318089
-0.0287041
-0.0109363
-0.0142145
-0.0135905
-0.039502
-0.0339947
-0.0328679
-0.00992378
-0.0124586
-0.01374
-0.0363916
-0.031957
-0.0329947
-0.00686266
-0.00808857
-0.0104589
-0.0293011
-0.0267951
-0.0293449
-0.00310426
-0.00302049
-0.00557374
-0.0210367
-0.0204126
-0.0235031
-0.00567592
-0.00832611
-0.0122196
-0.0137075
-0.014452
-0.0173153
0.0179158
0.0178353
0.02006
0.00909643
0.0244497
0.0205052
-0.000297313
-0.00201635
-0.00292265
0.0541863
0.0553944
0.0459705
0.00727274
0.00296736
0.00721352
-0.00153395
0.00286762
0.00478208
0.0327258
0.0307038
0.0336376
0.0255622
0.0230964
0.026656
0.0217484
0.0178344
0.0165048
0.0202242
0.020046
0.01497
-5.64943e-05
0.00254232
0.00768044
0.0139372
0.0112538
0.0143748
0.024032
0.0262983
0.0354475
-0.0393583
-0.0389499
-0.0498261
-0.0167253
-0.0286503
-0.0313509
-0.016698
-0.016
-0.0118215
-0.0652019
-0.0670744
-0.0597011
-0.0810806
-0.0741138
-0.071749
0.000866544
-0.000949833
0.00227411
-0.00790308
-0.00407464
-0.00281297
-0.0159971
-0.0209443
-0.0190014
0.00783427
0.00821983
0.00558972
0.0222973
0.0266455
0.00933454
0.0166297
0.0140902
0.0154374
0.00337904
-0.00030188
-0.00533717
0.00867713
0.00626178
0.0104604
0.0477161
0.0408031
0.0396417
-0.25734
-0.264808
-0.25546
-0.262055
-0.273001
-0.267009
-0.254213
-0.261715
-0.25338
-0.251737
-0.258875
-0.250304
-0.0824129
-0.0832449
-0.083952
-0.0665964
-0.0733361
-0.0832931
-0.0997379
-0.102806
-0.110913
-0.102469
-0.105338
-0.111987
-0.0862579
-0.0870819
-0.0877574
0.065931
0.0607357
0.0586425
-0.0810659
-0.0928216
-0.107375
-0.248024
-0.25589
-0.246514
-0.248289
-0.257299
-0.24865
-0.261953
-0.269639
-0.260765
-0.261977
-0.269343
-0.260042
-0.235205
-0.243374
-0.236257
-0.236458
-0.243612
-0.235801
0.0265124
0.0263107
0.0258231
0.0259207
0.0259977
0.0253369
0.0699171
0.0618193
0.0606721
0.207138
0.199084
0.168142
-0.209807
-0.221719
-0.217673
-0.192997
-0.202315
-0.194638
-0.210382
-0.21953
-0.21322
-0.255708
-0.264432
-0.256204
-0.260532
-0.267952
-0.258695
-0.258765
-0.265975
-0.25703
-0.246686
-0.254354
-0.246471
-0.153426
-0.159289
-0.1532
-0.00878352
-0.0148055
-0.039991
-0.073044
-0.0738378
-0.0745031
0.00673923
0.00634218
0.0059766
0.023629
0.0237735
0.0230948
0.0148618
0.0152086
0.0162107
-0.17717
-0.179395
-0.181373
-0.176742
-0.178916
-0.180884
-0.17233
-0.174546
-0.176805
-0.174256
-0.176743
-0.178992
-0.16814
-0.170859
-0.173358
-0.172051
-0.174264
-0.176528
-0.168148
-0.17094
-0.173459
-0.177602
-0.179899
-0.181856
-0.180012
-0.182202
-0.183991
-0.181586
-0.183598
-0.185156
-0.179911
-0.182169
-0.183961
-0.175115
-0.17726
-0.178693
-0.179378
-0.181295
-0.182718
-0.180744
-0.182891
-0.184511
-0.179785
-0.181817
-0.183308
-0.174888
-0.176739
-0.177933
-0.123257
-0.124495
-0.125153
-0.0972964
-0.0982304
-0.0988857
-0.000234337
-0.00123222
-0.00114005
-0.189701
-0.202448
-0.19528
-0.183663
-0.192427
-0.186014
-0.180054
-0.19112
-0.185929
-0.256701
-0.267961
-0.262014
-0.236204
-0.248653
-0.237208
-0.263536
-0.272855
-0.265456
-0.260181
-0.267784
-0.25918
-0.225587
-0.236501
-0.230062
-0.242234
-0.248791
-0.240368
-0.123044
-0.126706
-0.121165
-0.134183
-0.137994
-0.130558
-0.126797
-0.130682
-0.125021
-0.149808
-0.154676
-0.148403
-0.142063
-0.14411
-0.139081
-0.0778767
-0.0787247
-0.0753986
-0.0504187
-0.0519232
-0.0487056
-0.0478697
-0.0491446
-0.0461852
0.019373
0.019232
0.0203387
0.0315661
0.0316545
0.031991
-0.237487
-0.244958
-0.235909
-0.23535
-0.242957
-0.234092
-0.255763
-0.26331
-0.254073
-0.241414
-0.250595
-0.24311
-0.244605
-0.2548
-0.248343
-0.260646
-0.269134
-0.260845
-0.258226
-0.267493
-0.260311
-0.211016
-0.217759
-0.209112
-0.21232
-0.220084
-0.211423
-0.249785
-0.256666
-0.247805
-0.21131
-0.219485
-0.212284
-0.208197
-0.215383
-0.207931
-0.0602135
-0.0610089
-0.0616421
-0.0630851
-0.0639014
-0.0645358
-0.0786512
-0.0795057
-0.0802528
-0.0575151
-0.0583095
-0.0589264
-0.0549718
-0.0557892
-0.0563832
-0.0479704
-0.055709
-0.06585
-0.0334796
-0.0342935
-0.0311315
-0.0304817
-0.0315378
-0.0288921
-0.0959266
-0.0966485
-0.104289
-0.0724313
-0.0712959
-0.0840623
-0.104365
-0.106036
-0.111608
-0.0899862
-0.0907786
-0.0914505
0.0627238
0.0615095
0.0608578
-0.0881048
-0.0936996
-0.0957371
-0.224048
-0.237784
-0.228992
-0.24959
-0.257407
-0.248037
-0.248703
-0.260564
-0.254115
-0.262647
-0.270777
-0.262303
-0.266281
-0.277786
-0.272418
-0.23112
-0.238477
-0.230522
-0.237332
-0.243481
-0.234916
-0.193752
-0.202347
-0.196066
-0.0392932
-0.0391729
-0.0368394
-0.041443
-0.0426569
-0.0401579
0.200774
0.188001
0.138655
0.108867
0.0995431
0.0339405
0.026775
0.0266514
0.0260914
0.026758
0.0267744
0.0261462
-0.203823
-0.213483
-0.206912
-0.198334
-0.206799
-0.199145
-0.214565
-0.219715
-0.213325
-0.234422
-0.244039
-0.236565
-0.234181
-0.242184
-0.233558
-0.254726
-0.26227
-0.25312
-0.246978
-0.251583
-0.243945
-0.243755
-0.252165
-0.244152
-0.259781
-0.267363
-0.258327
-0.260151
-0.269814
-0.263005
-0.227937
-0.23286
-0.226269
-0.215855
-0.224184
-0.214138
-0.251359
-0.261586
-0.255451
-0.200562
-0.20621
-0.198355
-0.203994
-0.209998
-0.202186
-0.156587
-0.161445
-0.153217
-0.153151
-0.157751
-0.150509
-0.0696224
-0.0703991
-0.071034
-0.0660016
-0.0668037
-0.0674398
-0.0757547
-0.0765025
-0.0772156
-0.0503126
-0.0512303
-0.0517717
-0.0525933
-0.0534371
-0.0540077
-0.0484739
-0.04934
-0.0498591
0.0140132
0.0139795
0.0133296
0.0197244
0.01987
0.019187
-0.0299742
-0.0379154
-0.0604035
-0.0220143
-0.0217606
-0.0198793
-0.0243784
-0.0253201
-0.0232617
-0.0277576
-0.0286984
-0.0263407
-0.0830318
-0.0851965
-0.0938091
-0.0895842
-0.0934454
-0.100463
-0.0783147
-0.0794251
-0.0877022
-0.0769877
-0.0797509
-0.0924228
-0.108792
-0.111484
-0.116702
-0.146017
-0.147936
-0.151175
-0.176795
-0.179048
-0.181064
-0.176692
-0.178905
-0.180919
-0.172913
-0.175111
-0.177329
-0.173549
-0.175849
-0.178051
-0.171953
-0.17424
-0.176466
-0.169455
-0.172084
-0.174574
-0.177995
-0.180469
-0.182474
-0.180277
-0.182363
-0.184095
-0.180155
-0.182549
-0.184329
-0.179847
-0.182206
-0.184003
-0.176717
-0.178729
-0.180156
-0.177919
-0.179952
-0.181414
-0.180156
-0.182349
-0.183957
-0.179124
-0.181513
-0.183183
-0.173288
-0.175323
-0.17647
-0.0933569
-0.0941631
-0.0948508
-0.00680732
-0.00732779
-0.00746227
-0.187288
-0.195762
-0.188874
-0.198624
-0.207834
-0.205279
-0.175391
-0.190478
-0.187525
-0.233221
-0.244355
-0.237784
-0.227459
-0.237513
-0.228554
-0.251331
-0.258804
-0.249108
-0.24214
-0.253001
-0.243745
-0.264839
-0.274923
-0.268196
-0.263209
-0.272022
-0.264363
-0.227257
-0.235131
-0.226783
-0.23947
-0.245844
-0.237375
-0.197726
-0.20346
-0.195653
-0.194741
-0.200654
-0.192617
-0.194971
-0.199257
-0.193549
-0.119518
-0.123463
-0.118339
-0.131288
-0.135398
-0.129085
-0.130419
-0.135181
-0.129506
-0.142036
-0.146958
-0.141081
-0.145685
-0.150222
-0.143927
-0.0542524
-0.0561441
-0.052369
-0.0449003
-0.0461061
-0.0433632
0.0232841
0.0229698
0.0237041
0.0271451
0.0269996
0.0275189
0.35605
0.371483
0.374706
0.411849
0.450851
0.487742
0.431122
0.471121
0.505301
0.0398516
0.039377
0.0393753
0.0467617
0.047182
0.0471011
-0.125882
-0.128304
-0.133009
-0.139259
-0.141945
-0.146127
-0.125312
-0.129551
-0.13512
-0.142013
-0.14483
-0.148757
-0.145507
-0.147203
-0.148091
-0.13214
-0.133281
-0.134065
-0.112459
-0.113401
-0.114097
-0.130146
-0.131297
-0.13205
-0.109515
-0.110476
-0.111179
0.0786845
0.0727643
0.0731271
-0.13757
-0.145535
-0.141037
-0.14879
-0.16263
-0.166004
-0.0630012
-0.0645484
-0.0609387
-0.0856239
-0.0877702
-0.0831599
-0.0833873
-0.0854135
-0.0808881
-0.0599322
-0.0618092
-0.0582329
-0.0604455
-0.0614818
-0.0585564
0.0128264
0.0133461
-0.028483
0.0486714
0.0389692
-0.000620037
0.0703229
0.0497812
0.0311472
0.00364518
0.00334797
0.00493051
-0.02754
-0.0275829
-0.0281347
-0.0256031
-0.0254495
-0.0260437
-0.0157287
-0.0160794
-0.016598
0.0283516
0.0285211
0.0283826
0.0579802
0.058539
0.0584388
-0.215706
-0.228419
-0.222484
-0.164915
-0.167549
-0.161984
-0.164543
-0.170442
-0.163967
-0.174032
-0.179093
-0.171814
0.0563985
0.0563447
0.056806
-0.0496056
-0.0504971
-0.065377
-0.0413364
-0.0421387
-0.0426477
0.0285236
0.0208151
-0.0127449
-0.000234581
-0.00814835
-0.0241521
-0.00979968
-0.0101071
-0.00823305
0.00640893
0.00629396
0.00775074
-0.00656186
-0.00694569
-0.00522882
-0.00387084
-0.00339994
-0.00184387
-0.0588869
-0.0642372
-0.076658
-0.134104
-0.136332
-0.140468
-0.133553
-0.136846
-0.141609
-0.115759
-0.119993
-0.127317
-0.115975
-0.118155
-0.123475
-0.140176
-0.141234
-0.142058
-0.138125
-0.139262
-0.140112
-0.12049
-0.121589
-0.122263
-0.101319
-0.102092
-0.102771
-0.0327534
-0.0334317
-0.0338728
-0.0394284
-0.040178
-0.0406808
-0.034061
-0.0348495
-0.0353035
-0.0115886
-0.0118812
-0.0125356
0.0278478
0.027904
0.027619
0.0598501
0.0600039
0.0598252
-0.116034
-0.123348
-0.12124
-0.110388
-0.118855
-0.120051
-0.224896
-0.23277
-0.224484
-0.220221
-0.231353
-0.225447
-0.233297
-0.240236
-0.234716
-0.184189
-0.190425
-0.181424
-0.175994
-0.180834
-0.173352
-0.0712189
-0.073126
-0.06857
0.0567602
0.0560308
0.0563462
0.0261943
0.0258897
0.0254168
0.0333492
0.0321102
0.0325418
0.0521841
0.0530261
0.0529665
0.0498478
0.0502031
0.0507398
0.046172
0.0468246
0.0476304
0.0520333
0.0527457
0.0534373
0.0535004
0.0542244
0.0548995
-0.127662
-0.129611
-0.133501
0.0259633
0.025662
0.025341
0.0258817
0.0255892
0.0252221
-0.136563
-0.138629
-0.142699
-0.12004
-0.12255
-0.127755
-0.142688
-0.144832
-0.148524
-0.152399
-0.154456
-0.157701
-0.151443
-0.153664
-0.156955
-0.162686
-0.165347
-0.16827
-0.161844
-0.164189
-0.166978
-0.153929
-0.156078
-0.159223
-0.15458
-0.157022
-0.160409
-0.166179
-0.168802
-0.171346
-0.166097
-0.168639
-0.171322
-0.148705
-0.15018
-0.151085
-0.150679
-0.152126
-0.153069
-0.160709
-0.162243
-0.163393
-0.158994
-0.160495
-0.161608
-0.162555
-0.164072
-0.165234
-0.164532
-0.165892
-0.167027
-0.143447
-0.144824
-0.145674
-0.134146
-0.135284
-0.136097
-0.115242
-0.116232
-0.116925
-0.128021
-0.129256
-0.129973
-0.106672
-0.107602
-0.108313
0.0269217
0.0265312
0.0262544
0.0261283
0.0258799
0.0255863
-0.132012
-0.14149
-0.138903
-0.130824
-0.141155
-0.144294
-0.155665
-0.162622
-0.160208
-0.11159
-0.11466
-0.108197
-0.119083
-0.12052
-0.116083
-0.0655473
-0.0670263
-0.0633536
-0.10821
-0.111288
-0.105676
-0.10762
-0.111488
-0.106409
-0.0890183
-0.0912258
-0.0858045
-0.0813294
-0.0838585
-0.0794152
0.064683
0.0609001
0.0598545
0.0265608
0.0261337
0.0256626
0.0259269
0.0256673
0.0252198
0.0260834
0.0257972
0.0253285
0.323056
0.328727
0.320915
0.1255
0.114226
0.0634617
0.0690589
0.0601417
0.0355967
0.000196334
-0.000126096
0.00190222
-0.0286369
-0.0291968
-0.0296795
-0.0306808
-0.0313706
-0.0318036
-0.0230728
-0.0230595
-0.0235798
-0.0198271
-0.0201109
-0.0205401
0.0290818
0.0286534
0.0290722
0.0557876
0.0566371
0.056588
-0.20761
-0.219011
-0.208769
-0.168845
-0.174534
-0.167793
-0.173158
-0.179605
-0.173278
0.0386638
0.0398964
0.0402732
0.0436774
0.0450727
0.0461176
0.0544452
0.0550597
0.055581
-0.0437268
-0.0457901
-0.0676614
-0.0340858
-0.0314763
-0.0570217
-0.0433448
-0.0441733
-0.0446834
-0.0459325
-0.046785
-0.0472855
0.0258393
0.0255858
0.0251606
0.0258063
0.0255472
0.0251493
-0.0126559
-0.01305
-0.0111074
-0.0163223
-0.0167089
-0.014339
0.0124705
0.0121331
0.0133197
0.00927089
0.00914638
0.0105293
-0.135158
-0.137113
-0.141094
-0.130756
-0.133396
-0.138635
-0.117619
-0.119694
-0.124484
-0.143619
-0.145531
-0.149214
-0.148906
-0.151786
-0.155756
-0.150723
-0.153567
-0.15709
-0.159591
-0.16182
-0.16473
-0.160604
-0.162819
-0.165671
-0.159086
-0.16142
-0.164361
-0.158621
-0.161369
-0.16438
-0.168053
-0.169967
-0.172227
-0.154584
-0.155884
-0.156863
-0.152749
-0.154093
-0.155064
-0.155834
-0.157289
-0.158327
-0.157179
-0.158743
-0.159838
-0.168586
-0.170397
-0.171597
-0.170021
-0.172462
-0.173702
-0.166586
-0.168394
-0.169666
-0.165859
-0.167275
-0.168444
-0.141484
-0.142839
-0.14369
-0.136129
-0.137275
-0.138116
-0.11794
-0.118985
-0.119669
-0.126438
-0.127462
-0.128168
-0.104013
-0.104834
-0.105536
-0.037507
-0.0382685
-0.0387588
-0.0357662
-0.0365158
-0.0369914
-0.00942976
-0.00948006
-0.0100622
0.0273146
0.0271971
0.0269342
0.0604147
0.0597754
0.0594801
-0.103004
-0.113843
-0.121206
-0.164892
-0.179033
-0.179107
-0.154325
-0.164202
-0.157377
-0.169313
-0.180035
-0.176818
-0.17418
-0.179941
-0.175117
-0.222408
-0.230168
-0.221879
-0.220676
-0.229244
-0.221483
-0.179998
-0.185704
-0.177904
-0.178138
-0.183344
-0.175807
-0.0678361
-0.0695358
-0.0656961
-0.100592
-0.103513
-0.0987388
-0.104195
-0.10736
-0.102354
-0.0962461
-0.0970955
-0.09329
-0.0971359
-0.100156
-0.0958025
-0.0789008
-0.0819617
-0.0779864
0.0599909
0.0580431
0.0579071
0.407248
0.439891
0.464481
)
;

boundaryField
{
    topAndBottom
    {
        type            slip;
    }
    inlet
    {
        type            zeroGradient;
    }
    outlet
    {
        type            fixedValue;
        value           uniform 0;
    }
    wing
    {
        type            zeroGradient;
    }
    front
    {
        type            empty;
    }
    back
    {
        type            empty;
    }
}


// ************************************************************************* //
