/*--------------------------------*- C++ -*----------------------------------*\
| =========                 |                                                 |
| \\      /  F ield         | OpenFOAM: The Open Source CFD Toolbox           |
|  \\    /   O peration     | Version:  5.x                                   |
|   \\  /    A nd           | Web:      www.OpenFOAM.org                      |
|    \\/     M anipulation  |                                                 |
\*---------------------------------------------------------------------------*/
FoamFile
{
    version     2.0;
    format      ascii;
    class       volScalarField;
    location    "300";
    object      pSat;
}
// * * * * * * * * * * * * * * * * * * * * * * * * * * * * * * * * * * * * * //

dimensions      [0 2 -2 0 0 0 0];

internalField   nonuniform List<scalar> 
6584
(
697.948
697.948
697.948
697.948
697.948
697.948
697.948
697.948
697.948
697.948
697.948
697.948
697.948
697.948
697.948
697.948
697.948
697.948
697.948
697.948
697.948
697.948
697.948
697.948
697.948
697.948
697.948
697.948
697.948
697.948
697.948
697.948
697.948
697.948
697.948
697.948
697.948
697.948
697.948
697.948
697.948
697.948
697.948
697.948
697.948
697.948
697.948
697.948
697.948
697.948
697.948
697.948
697.948
697.948
697.948
697.948
697.948
697.948
697.948
697.948
697.948
697.948
697.948
697.948
697.948
697.948
697.948
697.948
697.948
697.948
697.948
697.948
697.948
697.948
697.948
697.948
697.948
697.948
697.948
697.948
697.948
697.948
697.948
697.948
697.948
697.948
697.948
697.948
697.948
697.948
697.948
697.948
697.948
697.948
697.948
697.948
697.948
697.948
697.948
697.948
697.948
697.948
697.948
697.948
697.948
697.948
697.948
697.948
697.948
697.948
697.948
697.948
697.948
697.948
697.948
697.948
697.948
697.948
697.948
697.948
697.948
697.948
697.948
697.948
697.948
697.948
697.948
697.948
697.948
697.948
697.948
697.948
697.948
697.948
697.948
697.948
697.948
697.948
697.948
697.948
697.948
697.948
697.948
697.948
697.948
697.948
697.948
697.948
697.948
697.948
697.948
697.948
697.948
697.948
697.948
697.948
697.948
697.948
697.948
697.948
697.948
697.948
697.948
697.948
697.948
697.948
697.948
697.948
697.948
697.948
697.948
697.948
697.948
697.948
697.948
697.948
697.948
697.948
697.948
697.948
697.948
697.948
697.948
697.948
697.948
697.948
697.948
697.948
697.948
697.948
697.948
697.948
697.948
697.948
697.948
697.948
697.948
697.948
697.948
697.948
697.948
697.948
697.948
697.948
697.948
697.948
697.948
697.948
697.948
697.948
697.948
697.948
697.948
697.948
697.948
697.948
697.948
697.948
697.948
697.948
697.948
697.948
697.948
697.948
697.948
697.948
697.948
697.948
697.948
697.948
697.948
697.948
697.948
697.948
697.948
697.948
697.948
697.948
697.948
697.948
697.948
697.948
697.948
697.948
697.948
697.948
697.948
697.948
697.948
697.948
697.948
697.948
697.948
697.948
697.948
697.948
697.948
697.948
697.948
697.948
697.948
697.948
697.948
697.948
697.948
697.948
697.948
697.948
697.948
697.948
697.948
697.948
697.948
697.948
697.948
697.948
697.948
697.948
697.948
697.948
697.948
697.948
697.948
697.948
697.948
697.948
697.948
697.948
697.948
697.948
697.948
697.948
697.948
697.948
697.948
697.948
697.948
697.948
697.948
697.948
697.948
697.948
697.948
697.948
697.948
697.948
697.948
697.948
697.948
697.948
697.948
697.948
697.948
697.948
697.948
697.948
697.948
697.948
565.239
697.948
697.948
697.948
697.948
697.948
697.948
697.948
697.948
697.948
697.948
697.948
697.948
697.948
697.948
697.948
697.948
697.948
697.948
697.948
697.948
697.948
697.948
697.948
659.672
697.948
697.948
697.948
697.948
697.948
697.948
697.948
697.948
697.948
697.948
697.948
697.948
697.948
697.948
697.948
697.948
697.948
697.948
697.948
697.948
697.948
697.948
697.947
662.658
697.948
697.948
697.948
697.948
697.948
697.948
697.948
697.948
697.948
697.948
697.948
697.948
697.948
697.948
697.948
697.948
697.948
697.948
697.948
697.948
697.948
697.948
697.663
681.223
697.948
697.948
697.948
697.948
697.948
697.948
697.948
697.948
697.948
697.948
697.948
697.948
697.948
697.948
697.948
697.948
697.948
697.948
697.948
697.948
697.948
697.948
697.52
681.67
697.948
697.948
697.948
697.948
697.948
697.948
697.948
697.948
697.948
697.948
697.948
697.948
697.948
697.948
697.948
697.948
697.948
697.948
697.948
697.948
697.948
697.896
681.618
690.271
697.947
697.948
697.948
697.948
697.948
697.948
697.948
697.948
697.948
697.948
697.948
697.948
697.948
697.948
697.948
697.948
697.948
697.948
697.948
697.948
697.948
697.844
681.689
690.323
697.947
697.948
697.948
697.948
697.948
697.948
697.948
697.948
697.948
697.948
697.948
697.948
697.948
697.948
697.948
697.948
697.948
697.948
697.948
697.948
697.948
697.792
681.756
690.368
697.946
697.948
697.948
697.948
697.948
697.948
697.948
697.948
697.948
697.948
697.948
697.948
697.948
697.948
697.948
697.948
697.948
697.948
697.948
697.948
697.947
697.741
681.819
690.406
697.945
697.948
697.948
697.948
697.948
697.948
697.948
697.948
697.948
697.948
697.948
697.948
697.948
697.948
697.948
697.948
697.948
697.948
697.948
697.948
697.946
697.691
681.881
690.44
697.944
697.948
697.948
697.948
697.948
697.948
697.948
697.948
697.948
697.948
697.948
697.948
697.948
697.948
697.948
697.948
697.948
697.948
697.948
697.948
697.945
697.642
681.94
690.471
697.943
697.948
697.948
697.948
697.948
697.948
697.948
697.948
697.948
697.948
697.948
697.948
697.948
697.948
697.948
697.948
697.948
697.948
697.948
697.948
697.944
697.595
681.997
690.499
697.942
697.948
697.948
697.948
697.948
697.948
697.948
697.948
697.948
697.948
697.948
697.948
697.948
697.948
697.948
697.948
697.948
697.948
697.948
697.948
697.943
697.542
682.056
690.528
697.941
697.948
697.948
697.948
697.948
697.948
697.948
697.948
697.948
697.948
697.948
697.948
697.948
697.948
697.948
697.948
697.948
697.948
697.948
697.948
697.941
697.484
682.118
690.56
697.94
697.948
697.948
697.948
697.948
697.948
697.948
697.948
697.948
697.948
697.948
697.948
697.948
697.948
697.948
697.948
697.948
697.948
697.948
697.948
697.94
697.429
682.18
690.59
697.939
697.948
697.948
697.948
697.948
697.948
697.948
697.948
697.948
697.948
697.948
697.948
697.948
697.948
697.948
697.948
697.948
697.948
697.948
697.948
697.938
697.374
682.241
690.619
697.938
697.948
697.948
697.948
697.948
697.948
697.948
697.948
697.948
697.948
697.948
697.948
697.948
697.948
697.948
697.948
697.948
697.948
697.948
697.948
697.935
697.32
682.301
690.648
697.937
697.948
697.948
697.948
697.948
697.948
697.948
697.948
697.948
697.948
697.948
697.948
697.948
697.948
697.948
697.948
697.948
697.948
697.948
697.948
697.933
697.266
682.361
690.676
697.936
697.948
697.948
697.948
697.948
697.948
697.948
697.948
697.948
697.948
697.948
697.948
697.948
697.948
697.948
697.948
697.948
697.948
697.948
697.948
697.93
697.213
682.421
690.704
697.936
697.948
697.948
697.948
697.948
697.948
697.948
697.948
697.948
697.948
697.948
697.948
697.948
697.948
697.948
697.948
697.948
697.948
697.948
697.948
697.928
697.16
682.481
690.731
697.935
697.948
697.948
697.948
697.948
697.948
697.948
697.948
697.948
697.948
697.948
697.948
697.948
697.948
697.948
697.948
697.948
697.948
697.948
697.948
697.925
697.107
682.541
690.759
697.934
697.948
697.948
697.948
697.948
697.948
697.948
697.948
697.948
697.948
697.948
697.948
697.948
697.948
697.948
697.948
697.948
697.948
697.948
697.948
697.921
697.052
682.603
690.788
697.933
697.948
697.948
697.948
697.948
697.948
697.948
697.948
697.948
697.948
697.948
697.948
697.948
697.948
697.948
697.948
697.948
697.948
697.948
697.948
697.918
696.997
682.665
690.817
697.932
697.948
697.948
697.948
697.948
697.948
697.948
697.948
697.948
697.948
697.948
697.948
697.948
697.948
697.948
697.948
697.948
697.948
697.948
697.948
697.948
697.948
697.948
697.948
697.948
697.948
697.948
565.486
560.884
697.948
697.948
697.948
697.948
697.948
697.948
697.948
697.948
697.948
697.948
697.948
697.948
697.948
697.948
697.948
697.948
697.948
697.948
697.757
697.911
697.504
697.888
697.948
697.948
697.948
697.948
697.948
697.948
697.948
697.162
697.264
692.642
695.264
697.948
697.948
697.948
697.948
697.948
697.948
697.948
697.473
697.311
696.413
694.006
697.948
697.948
697.948
697.637
697.566
697.948
697.948
697.948
697.863
697.806
697.948
597.922
566.003
630.063
697.948
697.948
697.923
697.948
697.948
697.947
697.842
697.948
697.948
697.9
697.948
697.948
697.948
697.931
697.307
697.711
697.948
697.154
695.397
697.794
697.24
695.43
697.486
697.948
697.715
697.218
697.925
697.727
697.948
697.287
697.171
697.948
694.971
695.899
695.319
694.93
693.914
692.492
697.948
697.039
697.23
697.212
697.05
697.948
695.775
696.54
695.97
695.638
697.536
696.553
697.948
697.61
697.825
697.242
697.587
697.948
697.134
697.402
696.624
697.083
697.794
697.665
697.834
697.882
697.948
697.604
697.412
697.433
697.589
697.888
697.869
697.948
697.948
697.948
697.933
697.948
697.948
697.948
697.948
697.948
697.746
697.652
690.42
686.649
697.948
697.948
697.948
697.948
697.934
697.948
697.948
697.948
697.636
697.496
697.948
573.751
592.214
653.973
665.357
593.142
613.883
685.929
679.255
697.948
697.887
697.912
666.687
673.535
697.915
697.927
697.948
697.948
697.948
697.948
697.948
697.948
697.948
697.925
697.948
697.938
697.948
697.941
697.948
697.644
697.743
694.17
694.301
695.576
695.298
697.539
679.447
697.716
693.391
690.851
691.277
693.562
697.836
695.255
697.935
690.111
697.023
688.63
697.923
697.222
697.933
697.948
697.891
695.986
697.938
697.94
696.164
696.054
697.647
697.607
696.288
696.401
697.252
697.943
697.945
697.941
697.942
697.248
697.854
697.947
697.948
697.946
697.947
697.821
695.406
695.46
694.926
694.892
690.629
690.899
696.934
697.94
697.94
697.941
697.941
696.931
697.155
697.94
697.94
697.94
697.94
697.146
574.051
696.146
590.338
560.201
618.362
592.434
696.253
695.047
560.38
695.195
697.23
697.163
697.402
697.943
697.942
697.944
697.943
697.438
636.893
651.519
696.846
639.89
620.23
657.07
642.119
696.911
616.022
634.702
697.749
686.937
690.843
680.269
686.162
697.731
677.624
673.415
676.024
583.102
674.337
672.396
592.7
693.44
693.632
697.946
697.948
697.948
697.948
697.948
697.88
697.869
621.421
697.616
697.806
697.947
697.815
697.757
697.948
578.175
582.079
550.86
673.286
673.344
585.926
592.673
692.201
693.368
505.844
697.948
697.948
697.948
697.948
697.948
697.948
697.845
697.947
697.945
697.517
697.353
697.825
697.164
697.936
697.936
697.938
697.936
697.177
693.373
694.882
696.058
694.233
664.051
658.024
697.844
693.809
695.457
696.804
696.846
594.592
697.948
697.944
697.948
697.917
697.602
697.424
697.946
697.948
697.948
697.948
697.948
697.945
697.466
697.941
697.938
697.944
697.942
697.524
696.719
677.641
689.354
668.976
671.107
695.657
690.519
691.743
697.422
695.791
696.765
697.448
697.906
697.91
697.876
697.881
697.233
697.936
697.937
697.211
695.182
662.757
655.558
695.117
665.808
668.356
654.266
655.935
694.849
692.616
691.543
696.978
697.875
697.872
697.864
697.89
697.115
697.19
697.871
697.874
697.871
697.869
697.096
697.424
690.934
692.386
688.938
688.079
696.852
697.781
697.945
697.944
697.945
697.945
697.793
697.266
669.146
658.801
679.549
676.436
697.303
616.068
620.798
697.511
682.9
680.486
610.328
614.644
671.473
665.634
697.946
697.947
697.947
657.597
689.018
661.349
664.364
663.393
688.533
697.948
697.94
697.948
697.919
697.947
578.009
583.192
578.935
578.353
659.511
592.199
588.137
600.649
593.344
660.981
598.26
602.271
683.437
682.308
670.07
611.776
604.456
593.356
597.044
697.905
697.945
697.948
697.932
697.944
697.889
697.525
697.814
693.514
694.748
695.971
694.381
680.94
693.072
692.022
694.181
693.403
680.661
689.632
688.644
691.696
690.19
692.489
673.534
677.206
666.909
671.722
692.113
654.767
656.315
693.485
697.703
697.474
697.905
697.769
694.369
695.972
695.477
697.29
696.189
697.811
697.944
697.921
697.72
697.546
697.832
697.643
697.923
697.688
697.88
697.925
697.728
697.86
697.945
697.906
697.845
673.88
675.907
696.553
657.213
648.551
679.477
659.054
635.99
628.048
645.879
639.384
695.754
671.849
673.359
689.085
686.935
695.217
690.945
684.418
681.99
686.563
685.034
697.472
692.018
692.772
695.915
696.703
697.893
697.903
697.336
697.238
697.883
697.89
664.749
664.024
695.246
616.001
615.933
585.151
612.146
613.098
623.696
615.249
613.26
662.006
664.951
695.059
615.365
607.268
626.105
617.87
592.206
584.013
604.166
595.869
694.854
657.377
660.84
691.722
691.33
697.881
697.876
696.965
697.042
697.888
697.882
697.868
697.87
697.182
697.107
697.869
697.868
572.375
576.25
672.22
676.646
665.803
670.572
568.391
608.353
682.052
675.842
677.815
681.076
603.14
641.473
645.517
629.778
640.045
562.192
658.768
664.335
647.43
655.995
560.836
689.663
690.577
697.382
685.831
687.633
688.182
685.756
687.604
696.926
687.541
688.896
642.739
569.932
570.691
585.307
571.709
644.862
578.795
622.576
571.361
625.692
683.343
695.073
694.423
695.862
695.293
683.849
675.067
676.055
622.846
627.81
599.918
608.604
675.559
672.833
697.948
697.948
697.948
697.948
697.936
697.937
697.948
697.948
697.948
697.948
697.948
697.948
697.948
697.948
697.948
697.948
697.947
697.866
697.509
696.786
696.689
692.821
695.133
697.938
697.939
697.378
690.93
690.463
694.073
692.708
693.456
697.641
697.943
697.948
697.948
696.858
697.178
697.876
697.938
697.917
697.946
697.771
695.221
696.712
695.55
696.587
696.479
697.424
697.607
697.609
697.224
697.917
697.922
697.745
697.227
697.937
697.938
668.691
665.361
695.692
693.745
691.554
691.37
692.343
697.027
697.597
697.596
697.205
697.602
697.604
697.595
697.594
697.063
694.765
673.809
670.317
697.274
697.871
697.867
697.858
697.946
697.946
577.678
578.31
685.514
683.621
697.533
576.704
577.135
695.617
695.987
697.883
697.936
697.927
573.839
575.67
577.338
590.84
594.108
571.68
573.739
586.218
583.553
610.956
673.826
672.707
680.279
617.873
613.083
671.001
697.948
697.948
697.948
697.902
697.923
697.939
697.944
697.864
697.881
697.948
697.948
697.947
697.255
697.207
697.575
697.785
697.617
697.529
693.853
694.432
692.09
692.44
695.759
694.954
690.597
691.383
682.167
682.311
686.37
685.814
679.441
682.671
683.085
697.662
693.754
694.573
694.59
691.736
695.735
695.27
697.591
697.404
696.59
683.731
681.977
694.079
690.71
685.933
697.947
697.946
697.872
697.844
697.647
697.746
696.557
697.766
697.834
693.019
694.362
697.748
679.698
677.621
696.176
696.511
697.937
697.94
697.891
697.753
697.926
697.931
695.632
664.927
664.605
690.642
691.039
697.594
697.595
697.164
697.13
697.593
697.594
574.284
587.813
619.956
622.808
590.52
593.561
560.416
676.643
674.541
694.905
552.464
549.912
566.956
567.544
561.002
585.868
588.196
548.652
550.819
697.879
697.875
697.294
697.507
697.887
697.883
630.371
679.807
681.04
677.191
678.503
627.046
688.727
695.508
696.018
695.918
695.724
689.331
681.537
687.85
687.09
675.85
674.251
677.852
587.879
589.755
591.063
575.696
676.523
627.581
620.307
634.33
629.43
671.316
652.606
653.161
678.197
681.305
694.232
697.946
697.946
697.939
578.348
579.405
622.829
622.817
547.006
589.707
582.386
582.567
579.564
581.202
591.656
507.678
673.725
675.441
697.948
697.948
697.948
696.971
696.88
697.512
697.172
697.477
697.681
697.383
697.438
693.133
695.006
688.634
689.17
689.234
688.621
694.141
690.123
689.918
662.696
652.897
652.804
654.537
654.193
660.986
697.552
697.774
697.783
697.745
697.766
697.497
695.67
697.244
696.356
696.047
697.229
697.612
697.615
691.515
691.654
693.387
691.869
697.6
697.599
696.999
697.599
697.6
697.198
697.082
697.593
697.593
688.987
690.836
690.075
691.474
691.234
688.809
579.072
580.266
576.603
576.482
611.804
590.953
589.669
654.988
654.89
669.687
657.991
660.444
653.522
655.431
667.616
697.941
697.938
697.944
697.935
697.946
697.948
697.948
697.943
697.945
697.942
660.518
675.816
674.903
678.368
677.043
661.553
667.101
671.517
669.655
674.169
673.218
665.583
697.944
697.947
697.945
697.863
697.794
697.934
697.921
574.639
588.227
578.396
578.131
578.798
578.586
609.197
611.411
589.867
569.822
569.899
595.607
572.249
570.871
572.296
606.888
578.258
572.776
674.728
676.414
684.426
670.099
670.587
668.828
669.165
681.216
672.239
672.95
594.065
575.911
577.742
574.322
574.458
595.151
697.93
697.934
697.916
697.845
697.891
697.923
696.842
697.54
697.14
697.059
697.243
697.316
697.073
697.164
693.66
694.57
689.826
689.991
689.387
689.615
695.878
692.626
692.755
689.856
690.093
694.623
689.97
683.704
682.575
680.014
685.348
684.748
689.223
683.622
683.482
685.383
684.369
688.933
691.308
686.324
686.914
684.151
685.287
690.79
683.193
668.499
680.472
679.54
653.596
654.42
693.043
696.127
695.933
692.612
695.122
696.895
696.435
686.619
685.086
692.396
692.732
695.654
689.904
688.281
697.116
697.368
697.786
697.522
696.801
695.763
696.735
697.8
697.876
697.892
697.8
697.832
697.671
697.477
697.638
697.892
697.828
697.802
697.897
697.844
697.907
697.761
697.768
697.676
697.786
654.933
651.563
673.701
648.307
651.236
642.179
660.68
632.986
630.344
643.539
641.533
687.978
677.649
680.009
672.966
675.223
687.361
694.723
690.696
691.834
681.38
687.996
693.531
675.703
672.004
683.787
658.354
660.638
654.445
656.372
683.077
686.182
669.205
670.963
663.205
666.066
685.634
696.064
696.616
617.049
586.948
591.045
578.698
582.624
616.593
592.048
593.264
593.139
602.71
614.702
557.986
561.657
565.075
558.478
618.216
614.587
571.881
575.129
565.641
568.962
613.948
613.248
610.812
624.083
620.769
588.937
585.982
601.479
599.193
691.027
691.179
697.173
697.596
697.598
697.593
697.593
697.118
573.994
610.52
616.04
583.689
562.546
597.999
604.024
558.341
555.245
642.718
593.355
592.869
634.804
585.548
575.723
592.126
590.125
638.048
565.605
561.773
577.703
582.856
561.786
557.489
567.948
690.071
693.662
693.372
694.089
693.882
690.324
686.442
687.296
687.317
685.712
685.705
686.373
687.489
692.038
691.708
692.967
692.487
688.063
569.702
588.152
590.123
585.322
586.69
570.08
580.405
601.995
606.144
593.132
597.321
575.606
577.908
566.021
566.479
568.984
567.29
571.789
580.663
583.572
569.831
575.298
571.147
688.997
688.504
682.691
674.891
677.18
582.581
586.177
603.263
581.144
576.609
588.104
585.611
606.315
576.783
576.841
653.245
653.537
697.948
697.948
697.948
697.948
697.948
697.948
697.948
697.948
697.948
697.948
697.948
697.948
697.948
697.948
697.948
697.948
697.948
697.948
697.948
697.948
697.948
697.948
697.948
697.948
697.948
697.948
697.948
697.948
697.948
697.948
697.948
697.948
697.948
697.948
697.948
697.948
697.948
697.948
697.948
697.948
697.948
697.948
697.948
697.948
697.948
697.948
697.948
697.948
697.948
697.948
697.948
697.948
697.948
697.948
697.948
697.948
697.948
697.948
697.948
697.948
697.948
697.948
697.948
697.948
697.948
697.948
697.948
697.948
697.948
697.948
697.948
697.948
697.948
697.948
697.948
697.948
697.948
697.948
697.948
697.948
697.948
697.948
697.948
697.948
697.948
697.947
697.947
697.948
697.948
697.948
697.948
697.948
697.948
697.948
697.948
697.948
697.948
697.948
697.948
697.948
697.947
697.947
697.948
697.948
697.948
697.948
697.948
697.948
697.948
697.948
697.948
697.948
697.947
697.947
697.948
697.948
697.948
697.948
697.948
697.948
697.948
697.948
697.948
697.948
697.948
697.948
697.948
697.948
697.948
697.948
697.948
697.948
697.948
697.948
697.948
697.948
697.85
697.848
578.831
689.866
690.532
697.948
697.948
697.948
697.948
697.948
697.948
697.948
697.948
697.948
697.948
697.948
697.948
697.948
632.772
631.382
661.954
697.948
697.948
697.948
697.948
697.948
697.948
697.948
697.948
697.948
697.948
697.948
697.774
663.999
633.189
680.993
697.936
697.948
697.948
697.948
697.948
697.948
697.948
697.948
697.948
697.948
697.948
697.948
697.948
697.948
697.947
697.947
697.948
697.948
697.947
697.946
697.948
697.948
697.948
697.947
697.947
697.948
697.948
697.946
697.946
697.946
697.946
697.948
697.947
697.947
697.948
697.948
697.947
697.948
697.946
697.947
697.948
697.948
697.948
697.948
697.948
697.948
697.948
697.847
697.883
697.948
546.961
614.289
615.149
647.091
647.213
508.713
697.948
697.948
697.948
697.948
697.948
697.948
697.948
697.948
697.947
697.948
697.948
697.948
697.948
697.948
697.948
697.948
697.948
697.948
697.948
697.948
697.948
697.948
697.948
697.948
697.948
697.948
697.948
697.948
697.948
697.948
697.946
697.941
697.948
697.948
697.948
697.948
697.948
697.948
697.948
697.948
697.948
697.948
697.948
697.948
697.948
697.948
697.948
697.948
697.948
697.948
697.948
697.948
697.948
697.948
697.948
697.948
697.792
697.905
697.896
697.94
697.936
697.898
697.821
697.75
697.866
697.948
697.948
697.948
697.948
697.948
697.948
697.948
697.948
697.948
697.948
697.948
697.948
697.948
697.948
697.948
697.948
697.948
697.948
697.947
697.947
697.948
697.157
697.752
697.753
697.775
697.766
697.227
697.948
697.948
697.948
697.948
697.948
697.948
697.948
697.948
697.948
697.948
697.948
697.948
697.948
697.948
697.948
697.948
697.948
697.948
697.947
697.947
697.948
697.402
697.94
697.941
697.787
697.793
697.333
696.274
693.334
693.724
697.948
697.948
697.948
697.948
697.948
697.948
697.948
697.948
697.948
697.607
695.576
696.034
696.812
696.894
697.593
697.948
697.948
697.948
697.948
697.948
697.948
697.948
697.948
697.948
697.858
697.608
697.631
697.4
697.444
697.817
697.894
697.851
697.948
595.332
696.851
696.852
673.688
674.426
568.168
697.652
697.624
623.708
697.948
697.92
697.934
697.937
697.92
697.948
697.932
697.945
697.943
697.948
697.948
697.946
697.948
697.948
697.948
697.945
697.894
697.938
697.948
697.948
697.948
697.944
697.947
697.948
697.907
697.86
697.848
697.947
697.946
697.947
697.948
697.948
697.948
697.948
697.948
697.948
697.945
697.946
697.939
697.357
697.799
697.786
697.884
697.871
697.649
697.948
697.948
697.948
697.039
695.766
696.106
691.918
692.071
695.477
696.323
696.476
697.309
697.947
697.947
697.948
697.689
697.819
697.833
697.899
697.942
697.944
697.841
697.847
697.733
697.948
697.948
697.948
697.265
697.777
697.782
697.755
697.758
697.183
697.948
697.947
697.947
695.044
690.924
690.747
692.843
692.665
695.826
695.248
691.632
691.773
690.622
690.541
694.882
697.946
697.946
697.948
697.702
697.692
697.211
697.948
697.946
697.946
695.905
686.373
684.426
692.572
692.236
696.45
696.039
693.199
693.024
683.769
681.453
695.497
697.502
696.614
696.72
694.14
694.488
696.676
697.947
697.947
697.948
697.666
697.901
697.897
697.917
697.914
697.815
697.251
697.717
697.71
697.894
697.89
697.525
697.948
697.947
697.947
697.181
695.031
694.849
695.889
695.772
697.371
696.702
693.182
692.885
694.653
694.444
697.03
697.781
697.296
697.35
696.169
696.52
697.689
697.843
697.921
697.919
697.947
697.946
697.865
697.948
697.948
697.948
697.641
687.412
686.061
685.348
686.89
697.629
697.461
696.098
695.998
697.886
696.046
696.124
697.948
697.948
697.948
697.948
697.948
697.948
697.948
697.948
697.948
697.948
697.948
697.948
697.948
697.948
697.948
697.948
697.948
697.948
697.948
697.947
697.948
697.71
697.937
697.938
697.935
697.936
697.697
689.959
684.813
685.589
679.691
680.899
687.355
697.948
697.948
697.948
697.948
697.948
697.948
697.903
697.928
697.942
697.948
697.948
697.948
697.948
697.948
697.948
697.948
697.948
697.948
697.581
697.942
697.935
697.941
697.942
697.561
697.948
697.947
697.947
656.062
634.495
632.298
645.768
643.659
663.898
685.214
677.5
678.511
697.948
697.948
697.948
697.9
697.947
697.947
697.946
697.947
697.903
667.948
649.832
647.858
658.481
657.137
672.714
697.921
697.947
697.946
697.947
697.947
697.923
697.948
697.948
697.948
697.948
697.948
697.948
697.948
697.948
697.948
697.948
697.948
697.948
697.948
697.948
697.948
697.948
697.948
697.948
697.948
697.948
697.948
697.948
697.947
697.948
697.948
697.948
697.948
697.945
697.947
697.944
697.948
697.948
697.948
694.783
695.391
697.575
697.7
697.231
697.284
693.126
689.661
690.094
686.305
686.93
691.242
692.412
696.251
696.094
696.518
696.392
692.722
697.827
697.484
697.52
697.765
697.869
697.942
697.903
697.298
697.697
697.391
697.763
697.685
697.944
697.94
697.917
697.948
697.948
697.948
697.923
697.915
697.934
697.942
697.933
697.928
693.351
693.582
696.279
695.952
692.953
693.144
697.207
697.307
697.684
697.565
697.012
697.109
697.636
697.646
697.26
697.944
697.932
697.93
697.937
697.935
697.944
697.941
697.926
697.924
697.929
697.927
697.942
697.246
697.626
697.63
697.907
697.914
697.872
697.948
697.946
697.945
697.947
697.946
697.948
697.946
697.941
697.939
697.944
697.942
697.947
697.789
697.883
697.896
691.787
691.686
695.355
695.516
691.997
691.889
690.901
691.01
694.964
694.87
690.71
690.799
697.611
697.607
696.943
697.94
697.923
697.924
697.922
697.923
697.94
697.941
697.926
697.927
697.925
697.925
697.941
696.942
697.623
697.616
697.94
697.922
697.922
697.923
697.923
697.94
697.94
697.922
697.922
697.922
697.922
697.94
691.042
687
696.031
616.059
644.12
646.697
625.219
627.73
594.869
696.355
691.856
691.456
695.347
680.47
677.454
695.861
696.016
697.288
697.085
695.46
695.672
697.769
697.758
697.362
697.942
697.929
697.93
697.928
697.929
697.942
697.943
697.933
697.934
697.931
697.932
697.943
697.467
697.788
697.779
638.859
613.392
611.491
629.677
626.605
649.382
693.737
693.468
696.776
637.188
662.006
663.847
648.78
650.903
622.106
650.633
684.164
685.089
682.141
683.171
648.34
696.972
694.22
693.987
617.915
588.839
587.656
609.252
606.218
632.097
697.169
697.235
697.766
687.554
691.681
691.282
693.96
693.679
690.388
690.824
690.331
685.283
697.711
697.012
697.094
674.384
640.67
635.884
646.467
642.404
675.306
675.106
661.187
659.842
693.215
682.14
683.988
690.499
690.888
693.852
697.948
697.948
697.948
697.948
697.948
697.948
697.877
697.941
697.941
697.94
697.941
697.873
684.547
684.105
618.784
697.617
695.743
695.787
695.688
695.75
697.645
697.793
697.939
697.94
697.938
697.939
697.785
697.948
697.948
697.948
584.18
579.518
547.304
673
648.192
641.262
649.477
648.731
673.051
693.071
678.789
676.982
683.624
686.491
693.408
506.269
595.819
616.447
697.948
697.948
697.948
697.948
697.948
697.948
697.948
697.948
697.948
697.948
697.948
697.948
697.948
697.948
697.948
697.948
697.948
697.948
697.92
697.913
697.82
697.946
697.94
697.941
697.935
697.937
697.946
697.843
697.7
697.672
697.752
697.752
697.157
697.936
697.899
697.899
697.899
697.899
697.936
697.937
697.902
697.905
697.899
697.9
697.937
697.198
697.759
697.754
692.883
693.057
696.155
697.552
697.581
697.851
695.088
696.733
696.631
696.905
696.824
695.281
696.823
689.468
685.577
689.638
689.569
696.837
593.856
663.155
663.053
697.948
697.948
697.948
697.948
697.948
697.948
697.948
697.948
697.948
697.874
697.867
697.912
697.948
697.948
697.947
697.948
697.948
697.948
697.948
697.948
697.948
697.948
697.948
697.947
697.948
697.948
697.948
697.942
697.947
697.947
697.827
697.812
697.41
697.94
697.914
697.918
697.907
697.911
697.939
697.944
697.929
697.932
697.921
697.925
697.943
697.584
697.856
697.841
694.693
695.257
696.889
681.179
691.116
689.433
693.863
692.855
686.569
669.636
684.73
684.456
685.331
685.023
670.352
695.566
692.236
692.41
691.085
694.673
694.374
695.072
694.888
691.447
697.368
696.598
696.707
697.744
697.793
697.617
697.909
697.897
697.881
697.878
697.801
697.798
697.808
697.804
697.879
697.936
697.9
697.9
697.902
697.901
697.937
697.197
697.761
697.764
691.304
691.119
695.112
660.552
682.137
682.744
680.845
681.45
657.862
691.359
691.492
695.178
666.731
683.616
683.312
684.194
683.921
667.665
653.865
680.252
680.446
680.457
680.206
654.662
694.872
690.506
690.497
697.874
697.792
697.793
697.789
697.79
697.873
697.822
697.827
697.893
697.174
697.679
697.664
697.872
697.791
697.789
697.795
697.793
697.873
697.87
697.787
697.788
697.786
697.786
697.87
696.38
696.499
697.464
691.42
694.577
694.318
695.075
694.838
691.942
696.773
694.729
694.906
697.907
697.904
697.769
697.944
697.936
697.937
697.934
697.935
697.944
697.945
697.939
697.939
697.937
697.938
697.945
697.804
697.912
697.909
695.361
695.202
697.225
664.884
687.462
688.145
685.939
686.727
663.404
678.56
689.836
690.314
688.758
689.32
677.533
697.339
695.645
695.509
617.521
596.239
594.882
599.514
597.709
619.058
696.279
696.192
697.487
682.144
691.529
691.874
690.756
691.157
681.346
593.554
592.239
613.225
697.948
697.947
697.946
683.371
684.058
689.488
687.992
681.933
682.708
697.947
697.948
697.948
697.948
697.948
697.947
697.945
697.939
697.943
638.169
636.396
657.853
591.117
613.179
614.774
597.265
620.549
623.297
616.394
618.256
594.886
662.5
641.715
639.891
653.101
651.573
669.068
610.146
631.041
632.813
626.191
628.855
607.793
697.946
697.943
697.94
697.946
697.945
697.947
697.936
697.918
697.911
697.937
697.927
697.94
697.658
697.645
697.802
692.71
688.558
689.264
687.365
687.89
692.353
693.938
690.713
691.106
689.87
690.328
693.686
688.659
689.188
692.827
675.079
683.931
683.111
685.253
684.628
676.233
682.218
681.33
669.976
691.692
687.515
688.097
697.641
697.136
697.253
696.812
697.016
697.572
697.879
697.747
697.819
697.405
697.591
697.833
695.806
692.98
693.24
696.912
695.099
696.321
693.597
694.193
696.504
697.903
697.842
697.583
697.94
697.918
697.934
697.861
697.892
697.932
697.929
697.901
697.885
697.941
697.937
697.944
697.88
697.92
697.93
697.901
697.91
697.859
674.438
687.164
686.799
688.305
687.628
675.07
696.408
693.86
694.217
692.591
692.77
695.85
672.395
685.924
685.641
686.484
686.198
672.869
696.811
696.912
697.52
692.283
695.413
695.244
695.743
695.579
692.537
697.896
697.838
697.831
697.863
697.849
697.899
697.283
697.663
697.695
697.618
697.622
697.243
697.886
697.816
697.812
697.825
697.82
697.888
664.85
683.652
683.817
683.179
683.456
664.602
695.301
691.58
691.458
663.201
682.446
682.11
683.025
682.746
664.14
695.01
691.122
691.236
690.555
690.63
694.85
658.703
681.149
680.802
681.777
681.462
659.759
697.879
697.799
697.801
697.795
697.797
697.878
696.953
697.605
697.602
697.648
697.634
696.978
697.886
697.812
697.817
697.804
697.807
697.884
697.869
697.786
697.786
697.788
697.787
697.869
697.868
697.785
697.785
697.785
697.785
697.868
673.741
649.15
645.948
653.919
651.766
675.295
667.3
635.874
633.38
642.37
638.876
668.895
637.608
640.787
612.825
682.939
665.662
663.77
678.953
657.716
655.834
661.746
659.678
680.007
598.359
630.674
634.094
595.666
594.09
644.009
660.994
626.005
621.944
631.15
628.843
662.785
649.919
602.859
598.377
616.111
609.21
652.899
697.337
696.144
696.262
695.068
695.253
697.008
617.467
615.294
640.764
647.121
623.286
620.128
593.241
590.459
619.993
629.006
602.061
597.359
694.877
692.346
692.676
691.531
691.957
694.659
695.687
693.57
693.867
692.975
693.272
695.5
684.467
689.852
689.417
625.182
605.069
601.959
608.878
608.179
627.42
675.027
664.484
664.552
661.968
663.269
673.986
697.948
697.948
697.948
697.948
697.948
697.948
697.936
697.947
697.947
697.947
697.947
697.937
697.948
697.948
697.948
697.948
697.948
697.948
697.948
697.948
697.948
697.948
697.948
697.947
697.948
697.948
697.948
697.948
697.948
697.948
697.948
697.948
697.948
697.948
697.948
697.948
697.884
697.932
697.926
697.355
697.799
697.804
692.957
695.436
695.27
695.744
695.59
693.192
697.618
696.968
697.039
697.947
697.946
697.938
696.971
697.554
697.492
697.665
697.611
697.073
697.932
697.942
697.944
697.935
697.939
697.925
697.947
697.945
697.943
697.631
697.722
697.787
696.045
697.155
696.904
697.416
697.313
696.484
697.739
697.852
697.858
697.768
697.772
697.245
697.937
697.904
697.903
697.906
697.905
697.938
667.194
685.496
685.965
684.79
685.102
666.073
695.759
692.503
692.358
672.931
687.432
687.853
686.458
686.927
671.777
697.73
697.723
697.261
697.924
697.923
697.851
697.94
697.94
697.946
684.926
692.77
693.026
692.195
692.493
684.298
697.553
696.436
696.361
695.76
697.042
696.977
697.145
697.097
695.884
615.902
637.442
639.192
634.363
635.863
614.375
671.873
655.822
654.492
697.948
697.948
697.948
697.948
697.948
697.948
697.948
697.948
697.948
697.948
697.948
697.947
697.948
697.948
697.948
697.946
697.948
697.948
697.107
697.172
697.682
694.059
696.053
695.9
696.32
696.194
694.338
697.941
697.945
697.947
697.897
697.933
697.923
693.315
696.102
695.913
696.603
696.327
693.729
697.718
697.413
697.524
697.883
697.919
697.923
697.864
697.872
697.766
692.229
692.109
695.572
664.638
684.336
684.543
683.979
684.15
664.552
675.903
688.931
689.301
688.232
688.592
675.223
697.324
697.748
697.738
697.801
697.795
697.488
657.488
659.895
633.936
624.248
652.824
655.224
692.593
692.144
688.125
694.144
694.396
696.156
689.894
693.36
692.997
663.734
662.503
675.851
625.442
644.975
646.715
641.109
643.073
622.941
632.735
652.277
653.857
648.792
650.606
631.118
679.265
686.463
685.858
687.606
687.056
680.331
694.053
691.253
691.594
620.842
601.563
604.045
603.116
602.162
621.606
546.989
579.095
579.642
584.706
588.691
506.908
676.071
651.501
639.925
662.436
658.786
675.602
697.948
697.948
697.948
697.948
697.948
697.948
697.948
697.948
697.948
697.948
697.948
697.948
697.948
697.948
697.948
697.948
697.948
697.948
697.948
697.948
697.948
697.948
697.948
697.948
697.948
697.948
697.948
697.948
697.948
697.948
697.948
697.948
697.948
697.948
697.948
697.948
697.948
697.948
697.948
697.948
697.948
697.948
697.948
697.948
697.948
697.948
697.948
697.948
697.948
697.948
697.948
697.948
697.948
697.948
697.948
697.948
697.948
697.948
697.948
697.948
697.948
697.948
697.948
697.948
697.948
697.948
697.948
697.948
697.948
697.948
697.948
697.948
697.948
697.948
697.948
697.948
697.948
697.948
697.948
697.948
697.948
697.948
697.948
697.948
697.948
697.948
697.948
697.948
697.948
697.948
697.948
697.948
697.948
697.948
697.948
697.948
697.948
697.948
697.948
697.948
697.948
697.948
697.948
697.948
697.948
697.948
697.948
697.948
697.948
697.948
697.948
697.948
697.948
697.948
697.948
697.948
697.948
569.684
647.415
646.975
697.948
697.948
697.948
697.948
697.948
697.948
697.948
697.948
697.948
697.948
697.88
697.891
660.526
696.867
696.86
697.948
697.948
697.948
697.948
697.948
697.948
697.948
697.948
697.948
697.948
697.948
697.948
697.948
697.946
697.947
697.564
664.376
664.189
681.443
697.928
697.932
697.948
697.948
697.948
697.948
697.948
697.948
697.948
697.948
697.948
697.948
697.948
697.948
697.948
697.948
697.948
697.948
697.948
697.948
697.948
697.948
697.948
697.948
697.948
697.948
697.948
697.948
697.948
697.948
697.948
697.948
697.948
697.948
697.948
697.948
697.948
697.948
697.948
697.948
697.948
697.948
697.948
697.948
697.45
697.822
697.828
697.948
697.948
697.948
615.743
616.143
566.485
697.948
697.948
697.948
697.948
697.948
697.948
697.938
697.938
697.935
697.917
697.933
697.936
697.631
697.838
697.832
697.826
697.819
697.564
697.93
697.929
697.877
697.618
696.688
696.633
696.572
696.507
697.571
697.652
697.671
697.875
697.948
697.948
697.948
697.948
697.948
697.948
697.948
697.948
697.948
697.735
697.895
697.898
697.873
697.877
697.668
697.948
697.948
697.948
697.948
697.948
697.948
697.948
697.948
697.948
697.948
697.948
697.948
697.618
697.864
697.869
697.833
697.839
697.519
697.892
697.933
697.932
697.938
697.937
697.909
697.917
697.94
697.939
697.948
697.948
697.948
697.948
697.948
697.948
697.948
697.948
697.948
697.948
697.948
697.948
691.691
694.453
694.22
695.479
695.343
693.295
655.124
673.451
674.556
665.411
666.857
644.15
697.948
697.948
697.948
697.948
697.948
697.948
697.948
697.948
697.948
694.038
695.723
695.609
697.946
697.948
697.947
697.948
697.948
697.948
667.784
680.617
681.311
675.583
676.516
660.399
697.948
697.948
697.948
697.948
697.948
697.948
697.948
697.948
697.948
697.948
697.948
697.948
697.948
697.946
697.947
697.943
697.945
697.948
697.939
697.909
697.907
697.911
697.91
697.939
697.948
697.948
697.948
697.947
697.948
697.948
697.946
697.941
697.941
697.879
697.687
697.701
697.948
697.948
697.948
697.948
697.948
697.948
697.948
697.948
697.948
697.948
697.948
697.948
697.948
697.948
697.948
697.948
697.948
697.948
697.948
697.948
697.948
697.948
697.948
697.948
697.948
697.948
697.948
697.948
697.948
697.948
697.948
697.948
697.948
697.948
697.948
697.948
697.948
697.948
697.948
697.948
697.948
697.948
697.948
697.948
697.948
697.948
697.948
697.948
697.948
697.948
697.948
697.948
697.948
697.948
697.948
697.948
697.948
697.948
697.948
697.948
697.948
697.948
697.948
697.948
697.948
697.948
697.948
697.948
697.948
697.85
697.936
697.936
697.936
697.936
697.849
649.774
648.609
574.034
689.645
676.447
677.112
676.366
676.351
689.654
697.948
697.948
697.948
697.948
697.948
697.948
697.948
697.948
697.948
697.948
697.948
697.948
697.844
697.864
697.948
632.336
692.502
692.333
693.01
692.748
631.874
696.871
696.87
661.264
697.948
697.933
697.933
697.934
697.934
697.948
697.948
697.948
697.948
697.946
697.948
697.948
697.948
697.948
697.946
697.948
697.948
697.948
697.948
697.948
697.948
697.946
697.948
697.948
697.948
697.948
697.946
697.946
697.948
697.948
697.948
697.948
697.946
697.946
697.948
697.948
697.948
697.948
697.947
697.858
697.938
697.936
697.941
697.942
697.885
697.948
697.948
697.948
580.077
580.465
547.619
516.677
586.127
584.03
697.948
697.948
697.948
697.948
697.948
697.948
697.948
697.948
697.948
697.948
697.948
697.948
697.948
697.948
697.948
697.948
697.948
697.948
697.948
697.948
697.948
697.948
697.948
697.948
697.948
697.948
697.948
697.948
697.948
697.948
697.948
697.948
697.948
697.945
697.947
697.948
697.946
697.946
697.943
697.948
697.948
697.948
697.948
697.948
697.948
697.948
697.948
697.948
697.948
697.948
697.948
697.948
697.948
697.948
697.948
697.948
697.948
697.948
697.948
697.948
697.948
697.948
697.948
697.948
697.948
697.948
697.81
697.816
697.426
697.94
697.914
697.913
697.917
697.916
697.94
697.948
697.948
697.948
695.742
696.971
696.888
697.113
697.046
695.893
662.812
662.602
596.06
696.854
689.683
689.688
673.968
650.571
650.097
651.222
650.95
674.213
567.047
616.391
616.481
695.852
695.912
697.634
625.781
685.272
684.938
697.931
697.947
697.947
697.946
697.947
697.922
697.948
697.948
697.948
697.947
697.948
697.948
697.915
697.937
697.931
697.943
697.941
697.929
697.947
697.948
697.948
697.948
697.948
697.947
697.927
697.93
697.907
697.948
697.948
697.948
697.948
697.948
697.948
697.946
697.948
697.948
697.948
697.948
697.946
697.946
697.948
697.948
697.948
697.948
697.946
685.723
692.923
693.168
692.411
692.675
685.074
683.075
691.86
692.145
691.213
691.552
682.314
697.947
697.948
697.948
697.848
697.843
697.65
697.543
697.813
697.807
697.947
697.948
697.948
697.948
697.948
697.947
696.296
697.23
697.174
697.326
697.281
696.413
697.947
697.943
697.943
697.942
697.942
697.947
697.871
697.928
697.926
696.777
696.738
697.631
687.037
693.673
693.829
693.263
693.479
686.57
685.162
692.469
692.558
693.755
692.789
685.516
697.712
697.713
697.887
696.045
697.176
697.177
697.212
697.186
696.076
697.948
697.948
697.948
697.948
697.948
697.948
697.888
697.892
697.723
697.683
697.881
697.885
697.948
697.948
697.948
697.948
697.948
697.948
697.948
697.948
697.948
697.948
697.948
697.948
697.854
697.859
697.6
697.54
697.844
697.849
697.935
697.934
697.896
697.906
697.937
697.936
697.948
697.948
697.948
697.948
697.948
697.948
697.948
697.948
697.948
697.948
697.948
697.948
697.948
697.948
697.948
697.948
697.948
697.948
697.948
697.948
697.948
697.948
697.948
697.948
697.948
697.948
697.948
697.948
697.948
697.948
697.948
697.948
697.948
697.948
697.948
697.948
697.948
697.948
697.948
697.948
697.948
697.948
697.948
697.948
697.948
697.948
697.948
697.948
694.988
696.578
696.453
696.795
696.69
695.191
694.857
694.669
692.071
693.015
695.191
695.033
697.808
697.9
697.882
697.923
697.913
697.841
697.436
697.773
697.719
697.858
697.821
697.581
693.399
693.611
687.584
679.421
690.443
690.843
689.651
690.057
678.396
670.913
672.222
652.94
646.166
668.198
669.579
639.012
657.996
659.351
655.286
656.722
637.452
645.936
662.919
663.345
660.575
661.852
644.237
682.893
688.783
688.229
689.522
689.241
683.568
695.018
697.151
697.232
658.402
656.341
639.208
683.676
689.165
689.158
697.948
697.948
697.948
697.948
697.948
697.948
697.948
697.948
697.948
697.948
697.948
697.948
697.948
697.948
697.948
697.948
697.948
697.948
697.948
697.948
697.948
692.679
692.787
685.788
697.948
697.948
697.947
697.948
697.948
697.948
679.072
679.859
666.362
661.913
677.407
678.255
697.948
697.948
697.948
697.948
697.948
697.948
697.948
697.948
697.948
697.948
697.948
697.948
697.948
697.948
697.948
697.948
697.948
697.948
697.948
697.948
697.948
697.948
697.948
697.948
697.948
697.948
697.948
697.948
697.948
697.948
697.948
697.948
697.948
697.948
697.948
697.948
697.948
697.948
697.948
697.948
697.948
697.948
697.948
697.948
697.948
697.948
697.948
697.948
697.948
697.948
697.948
697.948
697.947
697.947
697.948
697.948
697.948
697.948
697.948
697.948
697.948
697.948
697.948
697.948
697.948
697.948
697.948
697.948
697.948
697.949
697.942
697.945
697.51
664.935
664.556
682.012
697.919
697.924
697.948
697.949
697.948
697.947
697.948
697.948
697.948
697.948
697.948
697.948
697.948
697.948
697.948
697.948
697.948
596.774
662.514
662.551
685.79
685.559
627.745
696.132
696.101
697.405
697.887
697.714
697.721
697.948
697.948
697.948
697.948
697.948
697.948
697.942
697.942
697.926
697.808
697.913
697.915
697.9
697.903
697.767
697.948
697.948
697.948
697.948
697.948
697.948
697.948
697.948
697.948
697.948
697.948
697.948
697.948
697.948
697.948
697.948
697.948
697.948
697.948
697.948
697.948
697.948
697.948
697.948
697.948
697.948
697.948
697.948
697.948
697.948
697.948
697.948
697.948
697.948
697.948
697.948
697.948
697.948
697.948
697.948
697.948
697.948
697.948
697.948
697.948
697.948
697.948
697.948
697.948
697.948
697.948
697.948
697.948
697.948
697.948
697.948
697.948
697.948
697.948
697.948
697.948
697.948
697.948
697.948
697.948
697.948
697.948
697.948
697.948
697.948
697.948
697.948
697.948
697.948
697.948
697.948
697.948
697.948
697.948
697.948
697.948
697.948
697.948
697.948
697.948
697.948
697.948
697.948
697.948
697.948
697.948
697.948
697.948
697.948
697.948
697.948
697.948
697.948
697.948
697.948
697.948
697.948
697.948
697.948
697.948
697.948
697.948
697.948
697.948
697.948
697.948
697.947
697.947
697.948
697.948
697.948
697.948
697.948
697.948
697.948
697.948
697.948
697.948
697.947
697.948
697.948
697.948
697.948
697.948
697.948
697.948
697.948
697.948
697.948
697.948
697.948
697.948
697.948
697.948
697.948
697.948
697.948
697.948
697.948
697.948
697.948
697.948
697.948
697.948
697.948
697.948
697.948
697.948
697.948
697.948
697.948
697.936
697.937
697.85
689.49
689.633
696.854
697.643
695.965
696.015
697.921
697.946
697.946
697.948
697.948
697.948
697.948
697.948
697.948
697.948
697.948
697.947
697.465
696.267
696.745
697.948
697.948
697.948
697.948
697.948
697.948
697.948
697.948
697.948
697.948
697.948
697.948
697.948
697.948
697.948
697.948
697.948
697.948
697.943
697.925
697.924
697.941
697.92
697.919
697.923
697.921
697.942
697.947
697.944
697.944
697.943
697.944
697.947
697.945
697.945
697.947
697.941
697.94
697.919
697.924
697.942
697.941
697.948
697.948
697.948
697.948
697.948
697.948
697.909
697.911
697.801
697.776
697.905
697.907
697.948
697.948
697.948
697.948
697.948
697.948
697.948
697.948
697.948
697.948
697.948
697.948
697.948
697.948
697.948
697.948
697.948
697.948
697.948
697.948
697.948
697.948
697.948
697.948
697.948
697.948
697.948
697.948
697.948
697.948
697.948
697.948
697.948
697.948
697.948
697.948
697.948
697.948
697.948
697.948
697.948
697.948
697.948
697.948
697.948
697.948
697.948
697.948
697.948
697.948
697.948
697.948
697.948
697.948
697.948
697.948
697.948
697.948
697.948
697.948
697.948
697.948
697.948
697.948
697.948
697.948
697.948
697.948
697.948
697.948
697.948
697.948
697.948
697.948
697.948
697.948
697.948
697.948
697.948
697.948
697.948
697.948
697.948
697.948
697.948
697.948
697.948
697.948
697.948
697.948
697.947
697.788
697.821
663.624
696.864
696.871
697.948
697.948
697.948
697.948
697.948
697.948
697.948
697.948
697.948
697.948
697.948
697.948
697.948
697.948
697.948
697.948
697.948
697.948
697.948
697.948
697.948
697.948
697.948
697.948
697.948
697.948
697.948
697.948
697.948
697.948
697.948
697.948
697.948
697.948
697.948
697.948
697.948
697.948
697.948
697.948
697.948
697.948
697.948
697.948
697.948
697.948
697.948
697.948
697.948
697.948
697.948
697.948
697.948
697.948
697.948
697.948
697.948
697.948
697.948
697.948
692.298
692.279
634.132
697.933
697.932
697.949
697.948
697.948
697.948
697.948
697.948
697.948
697.948
697.948
697.948
668.547
576.107
429.302
667.787
574.43
427.308
658.192
559.678
416.968
657.579
558.868
417
425.218
362.406
321.254
696.839
675.831
520.241
670.458
576.161
401.039
666.71
568.277
395.652
423.638
361.007
321.02
528.143
459.328
367.816
696.544
672.235
512.199
671.874
580.364
428.999
672.385
581.145
429.033
664.023
568.752
424.658
663.722
568.826
425.561
651.063
549.75
411.688
651.979
551.276
413.082
498.088
416.523
335.251
502.086
431.975
340.93
508.394
452.323
367.072
697.796
692.29
599.736
685.677
612.826
435.173
687.362
618.359
438.915
685.158
610.902
433.97
669.767
577.142
427.849
666.368
572.717
427.443
660.765
564.253
421.469
654.664
555.13
413.41
629.753
523.011
398.01
696.35
665.734
504.822
426.131
359.607
320.759
489.18
420.269
339.345
501.4
434.318
343.644
558.956
450.026
351.382
498.787
391.173
327.247
506.689
395.934
328.464
516.695
402.18
329.814
510.12
398.118
328.813
531.476
411.998
332.189
519.553
404.049
330.317
529.094
410.389
331.747
496.946
390.131
326.986
489.279
385.808
326.129
479.846
380.902
325.041
486.951
384.54
325.785
459.751
371.582
322.751
467.031
374.656
323.559
477.072
379.438
324.653
470.155
376.269
323.921
456.655
370.062
322.496
413.193
351.791
318.574
418.216
356.167
319.854
481.479
402.412
334.382
687.835
620.207
440.163
689.48
627.588
445.322
689.935
629.764
447.418
670.399
578.356
428.779
674.076
584.461
431.45
665.808
571.803
426.781
661.226
564.693
421.113
648.768
546.716
409.505
653.911
553.731
412.75
621.224
512.536
389.113
625.611
517.702
396.164
622.173
513.868
390.304
628.581
521.633
396.036
626.227
518.347
396.702
606.323
493.438
378.785
595.597
482.36
368.155
593.923
480.939
366.662
556.449
447.908
350.133
549.955
444.321
356.289
676.875
589.704
431.101
677.276
590.125
429.958
668.856
576.104
428.363
676.352
588.685
430.883
675.667
586.916
429.226
667.178
573.359
426.554
658.934
561.044
417.821
646.139
542.843
410.606
646.628
543.137
410.087
657.092
558.461
417.493
645.113
541.412
408.858
644.058
539.968
407.236
431.726
363.033
321.519
430.899
362.759
321.455
426.273
362.459
321.208
432.387
362.916
321.509
432.843
362.754
321.479
697
677.857
527.729
588.599
475.304
366.486
586.73
473.834
364.31
674.047
584.014
406.55
688.538
625.928
446.727
663.716
561.879
390.973
421.688
359.022
320.622
528.434
461.144
365.382
696.213
668.914
505.438
680.121
596.866
433.018
671.467
580.026
429.693
672.994
582.343
429.791
664.476
569.182
424.38
662.57
567.197
422.944
650.299
548.672
411.298
652.689
552.287
413.436
640.503
535.673
405.195
589.884
476.526
368.126
591.274
478.371
366.449
697.786
691.679
583.863
697.712
688.942
567.648
500.04
421.726
336.391
501.419
427.412
338.029
686.453
615.272
438.274
686.925
616.905
438.946
684.419
608.77
436.072
678.349
592.302
429.866
677.77
590.988
429.49
669.25
576.385
427.723
674.358
584.644
431.108
675.126
585.77
428.764
666.704
572.796
426.643
659.95
562.653
419.771
647.909
544.782
410.598
647.24
543.773
409.952
655.625
556.728
414.913
642.512
537.577
406.08
643.287
538.576
406.364
631.706
524.745
400.911
631.144
524.366
400.712
428.736
360.361
320.907
429.887
361.711
321.259
426.348
359.977
320.793
432.321
361.855
321.276
432.861
362.441
321.402
430.891
360.976
321.158
495.105
429.73
344.863
499.126
433.859
345.312
697.24
681.105
538.081
581.829
469.401
363.873
583.583
471.279
362.681
585.019
472.491
362.873
680.728
601.726
422.823
676.238
589.649
411.985
683.396
609.439
429.997
685.666
616.801
438.232
659.061
552.444
384.002
590.068
460.775
344.678
501.035
392.48
327.594
503.658
394.043
328.012
514.227
400.581
329.389
512.181
399.278
329.057
522.835
406.256
330.865
526.561
408.789
331.342
495.166
389.269
326.81
492.026
387.397
326.52
483.027
382.678
325.354
485.084
383.621
325.537
461.869
372.32
322.922
464.291
373.374
323.2
474.722
378.279
324.331
472.914
377.609
324.143
453.587
368.561
322.14
419.764
357.716
320.297
473.561
378.588
327.947
689.098
625.967
444.644
688.302
622.255
442.589
690.423
632.336
451.192
679.012
594.082
431.228
679.669
595.96
433.013
671.17
580.085
430.857
673.708
584.084
431.697
665.084
570.175
425.017
661.843
565.65
421.522
649.692
547.998
411.169
653.231
552.797
412.821
641.843
537.015
406.307
641.376
536.862
406.758
639.509
533.772
405.862
620.503
511.497
388.819
624.873
516.626
395.008
623.39
515.252
392.229
627.01
519.395
394.412
627.714
520.309
394.783
597.389
483.912
370.191
592.46
479.577
366.111
554.023
446.499
349.77
551.854
445.276
352.564
697.877
694.456
612.885
697.917
696.021
635.917
697.916
696
637.133
496.916
420.907
350.252
504.445
434.19
357.018
635.342
514.819
364.982
606.921
479.032
350.636
639.368
520.588
367.503
602.125
473.931
349.231
425.113
356.27
319.393
417.334
353.366
318.838
414.54
353.807
319.177
416.118
352.85
318.735
415.242
354.223
319.279
539.57
444.999
370.961
694.21
652.432
473.19
693.597
648.907
468.012
602.178
488.387
374.895
610.935
498.732
382.932
610.124
497.666
382.271
601.371
487.438
374.484
599.174
485.541
372.501
697.23
676.089
527.046
697.465
681.721
540.111
472.406
415.128
365.468
569.61
458.541
356.772
434.281
362.138
321.8
439.51
364.615
322.615
457.9
389.115
328.33
472.959
378.138
326.595
519.376
452.659
358.119
683.516
606.047
434.478
632.287
525.298
401.338
633.098
526.326
399.164
636.087
529.944
403.77
546.396
442.298
349.551
692.937
644.531
471.32
433.455
363.246
321.694
697.54
686.568
560.081
697.367
683.593
547.726
577.566
465.619
361.722
566.931
456.367
354.827
576.268
464.491
361.636
574.645
462.709
361.972
690.116
632.156
454.974
617.924
492.003
355.522
622.29
497.307
357.47
654.894
545.366
380.647
650.952
538.725
377.009
422.362
355.256
319.226
420.924
354.541
319.069
413.331
352.342
318.781
414.981
354.748
319.57
430.716
361.413
321.411
433.477
363.215
321.707
432.427
362.463
321.556
461.885
390.679
328.902
470.422
381.264
326.868
522.788
455.966
359.571
695.281
660.558
486.808
695.526
662.621
491.371
681.395
599.991
432.489
682.867
603.783
432.275
680.588
598.089
434.112
638.836
532.589
404.741
636.79
530.598
404.243
605.247
492.219
377.243
545.279
440.61
347.144
493.944
405.806
332.778
487.973
401.795
337.41
510.525
442.925
358.238
547.856
444.357
357.161
548.104
443.047
355.812
547.514
445.034
356.493
546.88
444.751
354.538
630.232
507.167
361.008
476.647
388.496
328.717
479.965
390.919
329.278
610.83
483.359
352.083
644.332
527.677
370.354
597.927
469.454
347.865
573.682
445.779
340.991
577.539
449.291
342.04
546.112
423.084
334.748
548.66
424.927
335.284
570.334
442.661
340.036
567.595
440.37
339.248
542.012
419.976
334.203
538.713
417.552
333.647
425.687
356.386
319.456
428.223
357.317
319.617
440.545
362.597
320.722
438.853
361.939
320.58
442.429
363.363
320.903
444.538
364.335
321.151
424.467
356.222
319.424
418.445
353.734
318.912
414.024
353.357
319.054
414.694
352.159
318.598
415.607
354.165
319.303
470.604
383.915
327.552
473.234
386.217
328.167
694.493
654.321
475.757
694.782
656.473
480.044
693.037
645.382
465.06
619.068
509.336
390.316
619.728
510.158
390.976
603.093
489.622
375.467
618.317
508.421
389.526
616.67
506.902
386.752
611.714
499.929
383.573
609.074
496.44
380.608
544.088
445.49
361.647
496.101
409.834
333.672
488.699
398.91
331.16
491.409
402.166
331.926
697.867
694.248
616.558
697.745
690.908
586.965
697.625
688.3
571.496
572.259
460.706
359.136
433.672
362.749
321.737
432.92
362.437
321.607
445.67
368.813
324.004
452.282
377.137
326.138
478.371
379.693
329.639
515.38
448.619
357.915
684.075
607.964
436.4
633.801
527.26
399.722
634.733
528.581
401.259
549.75
445.067
364.828
549.187
444.195
360.478
546.82
443.068
351.291
694.218
651.619
481.916
695.644
659.783
493.479
433.125
362.879
321.607
432.67
361.863
321.338
485.868
395.983
330.471
482.958
393.328
329.844
579.007
466.873
362.175
580.467
468.169
362.733
562.072
452.613
351.89
564.349
454.246
353.206
614.087
487.297
353.702
627.099
503.101
359.349
647.496
532.793
373.498
594.46
465.749
346.711
586.61
457.537
344.052
581.887
453.262
343.12
554.794
429.89
336.735
551.48
427.225
335.955
558.572
432.951
337.593
562.849
436.459
338.474
534.186
413.928
332.478
433.405
359.599
320.113
430.852
358.41
319.833
435.727
360.765
320.369
437.437
361.475
320.493
450.03
366.72
321.596
451.501
367.368
321.699
448.799
366.433
321.549
446.854
365.542
321.413
423.843
356.171
319.412
419.62
354.093
318.982
413.613
352.872
318.921
412.309
350.718
318.4
415.297
354.033
319.351
433.539
363.364
321.74
433.219
363.066
321.682
463.927
378.89
326.519
468.976
382.517
327.158
524.982
457.759
360.033
695.798
665.197
498.394
692.103
640.435
458.509
692.738
643.715
463.137
691.702
638.086
455.218
691.119
635.281
455.187
681.788
600.756
431.538
682.288
602.033
431.403
638.087
531.636
404.19
637.381
530.974
404.075
604.14
490.919
376.199
614.103
504.176
383.085
615.264
505.519
384.487
612.424
501.122
384.447
613.258
502.973
382.663
607.773
495.291
378.729
544.645
441.504
351.335
697.906
695.58
631.11
)
;

boundaryField
{
    topAndBottom
    {
        type            calculated;
        value           nonuniform List<scalar> 
72
(
697.948
697.948
697.948
697.948
697.948
697.948
697.948
697.948
697.948
697.948
697.948
697.948
697.948
697.948
697.948
697.948
697.948
697.948
697.948
697.948
697.948
697.948
697.948
697.948
697.948
697.948
697.948
697.948
697.948
697.948
697.948
697.948
697.948
697.948
697.948
697.948
697.948
697.948
697.948
697.948
697.948
697.948
697.948
697.948
697.948
697.948
697.948
697.948
697.948
697.948
697.948
697.948
697.948
697.948
697.948
697.948
697.948
697.948
697.948
697.948
697.948
697.948
697.948
697.948
697.948
697.948
697.948
697.948
697.948
697.948
697.948
697.948
)
;
    }
    inlet
    {
        type            calculated;
        value           uniform 697.948;
    }
    outlet
    {
        type            calculated;
        value           nonuniform List<scalar> 
24
(
697.948
697.948
697.948
697.948
697.948
697.948
697.948
697.948
697.948
697.918
696.997
682.665
690.817
697.932
697.948
697.948
697.948
697.948
697.948
697.948
697.948
697.948
697.948
697.948
)
;
    }
    wing
    {
        type            calculated;
        value           uniform 306.146;
    }
    front
    {
        type            empty;
    }
    back
    {
        type            empty;
    }
}


// ************************************************************************* //
