/*--------------------------------*- C++ -*----------------------------------*\
| =========                 |                                                 |
| \\      /  F ield         | OpenFOAM: The Open Source CFD Toolbox           |
|  \\    /   O peration     | Version:  5.x                                   |
|   \\  /    A nd           | Web:      www.OpenFOAM.org                      |
|    \\/     M anipulation  |                                                 |
\*---------------------------------------------------------------------------*/
FoamFile
{
    version     2.0;
    format      ascii;
    class       volScalarField;
    location    "300";
    object      xf;
}
// * * * * * * * * * * * * * * * * * * * * * * * * * * * * * * * * * * * * * //

dimensions      [0 0 0 0 0 0 0];

internalField   nonuniform List<scalar> 
6584
(
0.159242
0.159242
0.159242
0.159242
0.159242
0.159242
0.159243
0.159243
0.159243
0.159243
0.159243
0.159243
0.159243
0.159243
0.159243
0.159243
0.159243
0.159243
0.159242
0.159242
0.159242
0.159242
0.159242
0.159242
0.159068
0.159069
0.159069
0.159069
0.159069
0.159069
0.159069
0.15907
0.15907
0.15907
0.15907
0.15907
0.15907
0.15907
0.15907
0.15907
0.15907
0.15907
0.159069
0.159069
0.159069
0.159069
0.159069
0.159068
0.158895
0.158895
0.158895
0.158895
0.158895
0.158895
0.158896
0.158897
0.158897
0.158984
0.158984
0.158984
0.158984
0.158984
0.158984
0.158897
0.158897
0.158896
0.158896
0.158895
0.158895
0.158895
0.158895
0.158895
0.158721
0.158721
0.158721
0.158722
0.158722
0.158722
0.158723
0.158723
0.158724
0.15881
0.15881
0.15881
0.15881
0.15881
0.15881
0.158811
0.158723
0.158723
0.158722
0.158722
0.158722
0.158722
0.158721
0.158721
0.158547
0.158548
0.158548
0.158548
0.158548
0.158549
0.158549
0.158549
0.158637
0.158637
0.158636
0.158635
0.158635
0.158635
0.158636
0.158637
0.158637
0.15855
0.158549
0.158549
0.158549
0.158548
0.158548
0.158548
0.158374
0.158374
0.158374
0.158375
0.158375
0.158376
0.158376
0.158462
0.158462
0.158461
0.158504
0.158502
0.158501
0.158503
0.158462
0.158464
0.158464
0.158378
0.158377
0.158376
0.158376
0.158375
0.158375
0.158374
0.158201
0.158201
0.158201
0.158202
0.158202
0.158203
0.158204
0.15829
0.158289
0.158287
0.158326
0.158343
0.15834
0.158323
0.158332
0.158292
0.158292
0.158208
0.158205
0.158204
0.158203
0.158202
0.158201
0.158201
0.158028
0.158028
0.158028
0.158029
0.15803
0.158031
0.158033
0.158117
0.158117
0.158117
0.158151
0.158159
0.158164
0.158159
0.158122
0.158122
0.158037
0.158034
0.158032
0.15803
0.158029
0.158029
0.158028
0.157854
0.157855
0.157855
0.157856
0.157857
0.157859
0.157861
0.157946
0.157947
0.157949
0.157983
0.15799
0.157997
0.157993
0.157956
0.157954
0.157868
0.157862
0.15786
0.157858
0.157857
0.157856
0.157855
0.157681
0.157682
0.157683
0.157684
0.157685
0.157687
0.157691
0.157776
0.157777
0.157782
0.157819
0.157832
0.157843
0.157833
0.157791
0.157786
0.157698
0.157692
0.157688
0.157686
0.157684
0.157683
0.157682
0.157508
0.157509
0.15751
0.157511
0.157513
0.157515
0.15752
0.157605
0.157609
0.157616
0.157655
0.157674
0.157691
0.157673
0.157626
0.157619
0.157529
0.157521
0.157517
0.157514
0.157512
0.15751
0.157509
0.157335
0.157336
0.157337
0.157339
0.157341
0.157344
0.157349
0.157435
0.157439
0.157448
0.15749
0.15751
0.157532
0.157511
0.157461
0.157451
0.157359
0.15735
0.157345
0.157341
0.157339
0.157337
0.157336
0.157162
0.157163
0.157164
0.157166
0.157169
0.157172
0.157177
0.157264
0.157269
0.157278
0.157321
0.15734
0.157364
0.157344
0.157293
0.157282
0.157189
0.157179
0.157173
0.157169
0.157166
0.157164
0.157163
0.156989
0.15699
0.156992
0.156994
0.156996
0.157
0.157006
0.157008
0.157097
0.157105
0.157145
0.157156
0.0920772
0.157163
0.157173
0.157123
0.157112
0.157018
0.157008
0.157001
0.156996
0.156993
0.156991
0.156989
0.156816
0.156817
0.156819
0.156821
0.156824
0.156828
0.156833
0.156834
0.156923
0.156931
0.15697
0.156955
0.136788
0.156984
0.156953
0.156951
0.15685
0.156845
0.156834
0.156828
0.156824
0.15682
0.156818
0.156816
0.156643
0.156644
0.156646
0.156648
0.156651
0.156655
0.156659
0.156661
0.156749
0.156758
0.156754
0.156777
0.137429
0.156766
0.156779
0.156779
0.156678
0.156672
0.156661
0.156655
0.15665
0.156646
0.156644
0.156642
0.15647
0.156472
0.156473
0.156476
0.156479
0.156482
0.156486
0.156489
0.156494
0.156585
0.15658
0.156335
0.146327
0.156589
0.156605
0.156605
0.156505
0.156499
0.156488
0.156481
0.156476
0.156472
0.15647
0.156467
0.156297
0.156298
0.1563
0.156303
0.156306
0.156309
0.156313
0.156316
0.156321
0.156324
0.156407
0.156014
0.146256
0.156412
0.156347
0.15634
0.156331
0.156326
0.156315
0.156308
0.156302
0.156298
0.156296
0.156293
0.156124
0.156125
0.156127
0.15613
0.156133
0.156136
0.156141
0.156144
0.156149
0.156151
0.156109
0.145428
0.151082
0.156156
0.156173
0.156166
0.156158
0.156152
0.156141
0.156134
0.156128
0.156124
0.156121
0.156118
0.155951
0.155952
0.155954
0.155957
0.15596
0.155963
0.155969
0.155972
0.155977
0.155978
0.155907
0.145275
0.150915
0.155979
0.155999
0.155993
0.155984
0.155979
0.155967
0.15596
0.155954
0.15595
0.155947
0.155944
0.155778
0.155779
0.155781
0.155784
0.155787
0.155791
0.155797
0.1558
0.155805
0.155806
0.155706
0.145119
0.150746
0.155802
0.155825
0.155819
0.15581
0.155805
0.155793
0.155786
0.15578
0.155775
0.155772
0.155769
0.155605
0.155606
0.155608
0.155611
0.155615
0.155618
0.155625
0.155628
0.155633
0.155633
0.155507
0.144961
0.150574
0.155625
0.155651
0.155646
0.155637
0.155631
0.155619
0.155612
0.155606
0.155601
0.155598
0.155594
0.155432
0.155433
0.155435
0.155438
0.155442
0.155446
0.155452
0.155456
0.155461
0.15546
0.15531
0.144801
0.150401
0.155448
0.155478
0.155472
0.155463
0.155458
0.155446
0.155437
0.155431
0.155426
0.155423
0.15542
0.155258
0.15526
0.155262
0.155266
0.155269
0.155273
0.15528
0.155284
0.155289
0.155288
0.155114
0.14464
0.150226
0.15527
0.155304
0.155299
0.155289
0.155284
0.155272
0.155263
0.155257
0.155252
0.155249
0.155245
0.155085
0.155087
0.155089
0.155093
0.155097
0.155101
0.155108
0.155112
0.155118
0.155115
0.15492
0.144478
0.15005
0.155092
0.155131
0.155126
0.155116
0.15511
0.155098
0.155089
0.155082
0.155077
0.155074
0.15507
0.154912
0.154914
0.154917
0.15492
0.154924
0.154929
0.154936
0.15494
0.154946
0.154943
0.154724
0.144315
0.149874
0.154915
0.154957
0.154953
0.154942
0.154937
0.154924
0.154915
0.154908
0.154903
0.154899
0.154896
0.154739
0.154741
0.154744
0.154747
0.154752
0.154756
0.154764
0.154768
0.154774
0.15477
0.154526
0.144153
0.1497
0.154739
0.154784
0.15478
0.154769
0.154763
0.15475
0.154741
0.154734
0.154728
0.154725
0.154721
0.154566
0.154568
0.154571
0.154574
0.154579
0.154584
0.154592
0.154596
0.154603
0.154598
0.154329
0.143991
0.149525
0.154563
0.154611
0.154607
0.154596
0.15459
0.154576
0.154567
0.15456
0.154554
0.154551
0.154547
0.154393
0.154395
0.154398
0.154402
0.154407
0.154412
0.15442
0.154424
0.154431
0.154425
0.154134
0.143828
0.14935
0.154387
0.154438
0.154434
0.154423
0.154417
0.154403
0.154393
0.154386
0.15438
0.154376
0.154372
0.15422
0.154222
0.154225
0.154229
0.154234
0.154239
0.154248
0.154253
0.15426
0.154252
0.153939
0.143664
0.149174
0.154211
0.154265
0.154261
0.154249
0.154243
0.154229
0.154219
0.154212
0.154206
0.154202
0.154198
0.154047
0.15405
0.154052
0.154056
0.154061
0.154067
0.154076
0.154081
0.154088
0.15408
0.153745
0.1435
0.148999
0.154035
0.154091
0.154088
0.154076
0.15407
0.154055
0.154045
0.154037
0.154031
0.154027
0.154024
0.153874
0.153877
0.15388
0.153884
0.153889
0.153895
0.153905
0.153909
0.153917
0.153907
0.153551
0.143336
0.148822
0.153859
0.153918
0.153915
0.153903
0.153896
0.153882
0.153871
0.153863
0.153857
0.153853
0.153849
0.153701
0.153704
0.153707
0.153711
0.153716
0.153723
0.153733
0.153738
0.153745
0.153734
0.153358
0.143172
0.148646
0.153683
0.153745
0.153742
0.15373
0.153723
0.153708
0.153697
0.153689
0.153683
0.153678
0.153675
0.153529
0.153531
0.153534
0.153538
0.153544
0.153551
0.153561
0.153566
0.153574
0.153561
0.153164
0.143007
0.14847
0.153506
0.153572
0.153569
0.153556
0.153549
0.153534
0.153523
0.153515
0.153508
0.153504
0.1535
0.153356
0.153358
0.153361
0.153366
0.153372
0.153379
0.15339
0.153395
0.153402
0.153388
0.152971
0.142843
0.148293
0.15333
0.153399
0.153396
0.153383
0.153376
0.15336
0.153349
0.153341
0.153334
0.153329
0.153326
0.153183
0.153185
0.153189
0.153193
0.153199
0.153207
0.153218
0.153223
0.153231
0.153216
0.152776
0.142678
0.148117
0.153154
0.153226
0.153223
0.15321
0.153203
0.153187
0.153175
0.153166
0.15316
0.153155
0.153151
0.15801
0.158014
0.15816
0.157851
0.157861
0.157995
0.157694
0.15771
0.157842
0.157531
0.157553
0.15769
0.157361
0.157386
0.157532
0.157179
0.0777123
0.090407
0.157208
0.157364
0.158181
0.15834
0.158182
0.158344
0.158024
0.158013
0.158163
0.158073
0.158154
0.158017
0.158031
0.158156
0.157859
0.157852
0.157993
0.15793
0.157873
0.157977
0.157773
0.157964
0.157862
0.157871
0.157991
0.157696
0.157694
0.157833
0.157773
0.157585
0.157678
0.156056
0.156975
0.15771
0.157713
0.157832
0.157531
0.157531
0.157674
0.157613
0.157479
0.157519
0.156803
0.156243
0.157553
0.157553
0.157674
0.156867
0.15709
0.157386
0.157388
0.157513
0.156715
0.156803
0.156999
0.0970158
0.078035
0.121953
0.157017
0.157184
0.15799
0.158068
0.158072
0.158065
0.157969
0.158156
0.158076
0.157972
0.158068
0.158074
0.158066
0.157987
0.157697
0.157853
0.15791
0.15773
0.157268
0.157948
0.157754
0.157032
0.157762
0.157918
0.157833
0.157594
0.157979
0.157841
0.157937
0.157525
0.157576
0.157753
0.157056
0.15716
0.157245
0.157055
0.156238
0.155994
0.157767
0.157433
0.157398
0.157585
0.157444
0.157785
0.156992
0.157101
0.157169
0.156972
0.157086
0.15685
0.157612
0.157391
0.157423
0.15739
0.157387
0.157632
0.157164
0.157162
0.157112
0.157161
0.156813
0.156865
0.157415
0.157349
0.157471
0.157117
0.156888
0.157159
0.157124
0.156495
0.156701
0.158093
0.158079
0.15816
0.158094
0.158146
0.157363
0.157361
0.15751
0.157447
0.157373
0.157425
0.153394
0.152306
0.157209
0.157218
0.157346
0.15815
0.158099
0.158159
0.158077
0.158095
0.157431
0.157473
0.157593
0.107023
0.114135
0.138358
0.142737
0.114446
0.123244
0.152103
0.150317
0.15745
0.157338
0.157253
0.143272
0.145994
0.15724
0.15714
0.157298
0.158253
0.158244
0.158168
0.158167
0.158243
0.158253
0.158088
0.158107
0.158091
0.15815
0.158097
0.158118
0.157852
0.157886
0.156561
0.156612
0.156641
0.15655
0.156867
0.150422
0.157095
0.154269
0.15352
0.153689
0.154376
0.156768
0.15748
0.158031
0.156396
0.157851
0.156086
0.158018
0.157899
0.158096
0.158109
0.158083
0.157637
0.15802
0.158027
0.157481
0.157451
0.157885
0.157871
0.157349
0.157391
0.157652
0.157884
0.157913
0.157845
0.157874
0.157645
0.157921
0.157963
0.157993
0.157923
0.157953
0.157906
0.157104
0.157109
0.157115
0.157101
0.155295
0.155391
0.157347
0.157732
0.15776
0.157695
0.157723
0.157336
0.157525
0.157807
0.157835
0.157769
0.157797
0.157516
0.10806
0.157047
0.117848
0.110119
0.127116
0.118269
0.157061
0.156885
0.111151
0.156906
0.15703
0.157011
0.157382
0.157657
0.157685
0.157618
0.157647
0.157392
0.132119
0.137422
0.15714
0.134841
0.127704
0.140957
0.135633
0.157146
0.124084
0.131321
0.15684
0.152406
0.153558
0.150626
0.152185
0.156847
0.149897
0.145411
0.146344
0.0913207
0.146308
0.145028
0.111361
0.154218
0.154337
0.158135
0.157191
0.157183
0.15734
0.157274
0.157237
0.1573
0.119308
0.155928
0.156175
0.158136
0.157304
0.157365
0.157426
0.101176
0.102667
0.066906
0.144607
0.144198
0.104446
0.107437
0.153598
0.154181
0.066019
0.158196
0.1582
0.158157
0.158154
0.158199
0.158196
0.157922
0.157953
0.157923
0.157793
0.157815
0.15793
0.157617
0.157793
0.157763
0.157832
0.157802
0.157631
0.15629
0.156828
0.156716
0.156232
0.145848
0.144306
0.156755
0.154449
0.154955
0.15653
0.156451
0.0954778
0.158121
0.158104
0.158154
0.157993
0.157903
0.15784
0.158034
0.158044
0.158076
0.158003
0.158034
0.158023
0.157761
0.157872
0.157842
0.157912
0.157882
0.157783
0.15762
0.153674
0.156108
0.15169
0.152164
0.157343
0.156348
0.156613
0.157809
0.157169
0.157528
0.157735
0.157885
0.157896
0.157816
0.157832
0.157616
0.157753
0.157724
0.157552
0.157082
0.1501
0.148712
0.157182
0.151
0.151554
0.148495
0.148869
0.157061
0.155857
0.155688
0.157395
0.157718
0.157731
0.157655
0.157681
0.157377
0.157561
0.157794
0.15781
0.157736
0.157749
0.157476
0.157063
0.154057
0.154522
0.15371
0.153315
0.156932
0.15745
0.157579
0.157609
0.157539
0.15757
0.157444
0.157168
0.145124
0.141555
0.149317
0.148205
0.157167
0.116791
0.118298
0.157148
0.150537
0.149661
0.114934
0.11636
0.147775
0.146247
0.158115
0.158135
0.158123
0.14454
0.152986
0.145622
0.146341
0.146148
0.152846
0.158128
0.158119
0.158141
0.158109
0.158121
0.10763
0.110128
0.102874
0.101569
0.140454
0.109027
0.107874
0.112335
0.109359
0.141012
0.116538
0.118293
0.151415
0.151109
0.14463
0.11718
0.114022
0.107664
0.109147
0.158067
0.158084
0.158103
0.158057
0.158077
0.158059
0.157801
0.157922
0.156346
0.156777
0.156714
0.156256
0.150831
0.154499
0.154174
0.154842
0.154604
0.150751
0.15345
0.153205
0.154081
0.153618
0.154007
0.148614
0.149546
0.146972
0.148154
0.153895
0.14346
0.14413
0.157098
0.157985
0.157918
0.158053
0.158005
0.157282
0.157572
0.15745
0.157873
0.157624
0.158045
0.158085
0.158062
0.158028
0.157984
0.157985
0.157919
0.158
0.157947
0.158022
0.158049
0.157962
0.158012
0.158045
0.158025
0.157993
0.152812
0.153294
0.15758
0.149403
0.147394
0.154143
0.149784
0.144366
0.142314
0.146765
0.145266
0.157369
0.15233
0.152687
0.156131
0.155669
0.15739
0.156513
0.155149
0.154661
0.155588
0.155273
0.157826
0.156675
0.15685
0.157215
0.157503
0.157861
0.157879
0.157695
0.157624
0.157838
0.157855
0.1504
0.150329
0.157089
0.137901
0.137895
0.129794
0.136922
0.137163
0.139529
0.137688
0.137191
0.150185
0.150816
0.157163
0.138855
0.136508
0.141834
0.139547
0.131827
0.129457
0.135566
0.133035
0.157072
0.149188
0.149933
0.155572
0.155607
0.157701
0.157713
0.157383
0.157356
0.157685
0.157696
0.157774
0.157789
0.157552
0.157486
0.157754
0.157769
0.110267
0.113505
0.149606
0.150714
0.148164
0.149208
0.110742
0.1236
0.15217
0.149842
0.151008
0.151892
0.121684
0.143411
0.143967
0.140961
0.143196
0.114464
0.146766
0.147886
0.144301
0.146149
0.114739
0.153751
0.15396
0.157056
0.152421
0.152991
0.153085
0.152389
0.153039
0.156944
0.153139
0.153514
0.134187
0.100882
0.102055
0.106828
0.101346
0.134954
0.103122
0.126603
0.102523
0.12783
0.151424
0.155123
0.154918
0.155371
0.155191
0.151551
0.149242
0.149499
0.119052
0.120732
0.110439
0.114271
0.148793
0.148128
0.158187
0.158198
0.158328
0.157276
0.157172
0.157044
0.158171
0.158174
0.158147
0.158141
0.158172
0.158171
0.158251
0.158247
0.158171
0.157994
0.157963
0.157937
0.15778
0.157568
0.157533
0.156122
0.156926
0.157675
0.157645
0.157501
0.155095
0.154923
0.156237
0.154613
0.154811
0.157092
0.158025
0.158035
0.158004
0.157745
0.157831
0.157987
0.158056
0.158033
0.158051
0.157933
0.157383
0.157708
0.157078
0.157496
0.157457
0.157738
0.157721
0.157727
0.157601
0.157908
0.157919
0.157862
0.157545
0.157714
0.157685
0.150933
0.150378
0.157132
0.156205
0.15537
0.15526
0.155931
0.157423
0.157622
0.157627
0.157577
0.157708
0.157715
0.157632
0.157637
0.157454
0.156846
0.151852
0.151239
0.15736
0.157638
0.157647
0.15739
0.157498
0.157529
0.0977405
0.0975078
0.151447
0.150796
0.157142
0.0982549
0.0979877
0.154995
0.155075
0.156649
0.1581
0.158099
0.106308
0.104868
0.105936
0.113622
0.11479
0.102782
0.103783
0.110475
0.109256
0.122039
0.148903
0.1486
0.150578
0.119662
0.117701
0.144999
0.158205
0.158202
0.158158
0.158078
0.158081
0.158087
0.158094
0.158037
0.158046
0.15811
0.15813
0.158119
0.15774
0.157721
0.157826
0.157903
0.157855
0.157824
0.156468
0.156663
0.155258
0.155347
0.156693
0.156434
0.154752
0.155021
0.151168
0.151206
0.152298
0.152149
0.150426
0.151325
0.151456
0.157093
0.154906
0.155171
0.157339
0.15674
0.15755
0.157449
0.157976
0.15793
0.157755
0.155092
0.154737
0.157199
0.156506
0.155543
0.158103
0.158091
0.158064
0.158066
0.158021
0.158047
0.157761
0.158004
0.158025
0.156908
0.157203
0.157922
0.154255
0.153822
0.157307
0.157431
0.157953
0.157964
0.157948
0.15787
0.15793
0.157942
0.157126
0.150345
0.150375
0.155267
0.155465
0.157674
0.15768
0.157534
0.157505
0.157663
0.157668
0.109148
0.117283
0.130993
0.131695
0.1231
0.123635
0.109215
0.152244
0.151956
0.156866
0.115087
0.113913
0.121938
0.121859
0.112304
0.122574
0.122817
0.113206
0.113577
0.157622
0.15763
0.157356
0.157391
0.157606
0.157614
0.131288
0.151057
0.151446
0.150244
0.150646
0.13005
0.152923
0.155186
0.155418
0.155306
0.15525
0.153103
0.150954
0.152722
0.152502
0.149449
0.149019
0.149974
0.0986754
0.100863
0.101008
0.0995031
0.147147
0.123806
0.120712
0.126351
0.124543
0.14461
0.141508
0.141875
0.149797
0.150608
0.154502
0.158131
0.158137
0.158124
0.100996
0.1014
0.117409
0.116119
0.0667196
0.106203
0.102519
0.102722
0.101154
0.101913
0.107049
0.0657529
0.147361
0.148682
0.158178
0.158174
0.158145
0.157635
0.157602
0.157787
0.157761
0.157842
0.157904
0.157806
0.157826
0.156215
0.156877
0.153747
0.153934
0.153887
0.153717
0.156231
0.154778
0.154659
0.145515
0.142778
0.14264
0.143334
0.143192
0.145083
0.157885
0.157944
0.157952
0.157926
0.157937
0.157864
0.157123
0.157679
0.157414
0.157315
0.157609
0.157733
0.157739
0.15546
0.155456
0.156102
0.155791
0.157612
0.157617
0.157409
0.157697
0.157703
0.157569
0.157466
0.157642
0.157647
0.153664
0.154419
0.154169
0.154565
0.15452
0.153548
0.0973449
0.0974073
0.0989693
0.0985435
0.115454
0.105504
0.105181
0.142866
0.142932
0.147306
0.143864
0.144516
0.142741
0.143194
0.146761
0.158111
0.158106
0.158108
0.158111
0.158129
0.158131
0.158139
0.158118
0.158123
0.158123
0.145406
0.149286
0.14906
0.14995
0.149603
0.145657
0.147158
0.14823
0.147778
0.148884
0.148653
0.146723
0.158125
0.158128
0.158121
0.158085
0.158064
0.158111
0.158103
0.10622
0.112505
0.106801
0.107037
0.102464
0.102015
0.118099
0.118887
0.108416
0.102427
0.102111
0.115395
0.104175
0.103515
0.104244
0.120303
0.106768
0.104146
0.149093
0.149523
0.151687
0.147872
0.148006
0.147557
0.147634
0.150819
0.148472
0.148651
0.107905
0.0996328
0.100364
0.0991675
0.0991241
0.10833
0.158074
0.15808
0.158075
0.158043
0.158053
0.158067
0.157625
0.157811
0.157696
0.157666
0.157755
0.157781
0.157696
0.157727
0.156403
0.156717
0.15433
0.154446
0.154063
0.154197
0.15671
0.155374
0.15538
0.15458
0.154598
0.156326
0.154488
0.15159
0.151287
0.150579
0.15203
0.151874
0.153338
0.151648
0.15161
0.152143
0.151856
0.15327
0.153968
0.152405
0.152561
0.151796
0.152113
0.153807
0.151505
0.147358
0.150506
0.15026
0.143237
0.143547
0.157019
0.157643
0.157596
0.156919
0.157444
0.157816
0.157713
0.155665
0.155359
0.156816
0.156888
0.157493
0.156343
0.156004
0.157895
0.157955
0.158048
0.157998
0.157817
0.157597
0.157809
0.157971
0.157992
0.158002
0.157961
0.157975
0.157932
0.157883
0.157929
0.15803
0.158013
0.158002
0.158041
0.158022
0.158039
0.157976
0.157988
0.15796
0.157987
0.148914
0.148107
0.152921
0.147477
0.148185
0.146175
0.150143
0.143583
0.142898
0.146223
0.145769
0.155897
0.153821
0.154311
0.15288
0.153329
0.155763
0.157283
0.156467
0.156699
0.154588
0.155918
0.157036
0.153428
0.152716
0.155023
0.149794
0.150283
0.148962
0.149375
0.154881
0.155506
0.152153
0.152492
0.150839
0.151463
0.155394
0.157265
0.15747
0.138173
0.129571
0.130931
0.126691
0.128056
0.13809
0.131654
0.131614
0.131698
0.134453
0.137467
0.119528
0.120675
0.121765
0.119749
0.13825
0.137501
0.124339
0.125451
0.122154
0.123347
0.13734
0.138295
0.137605
0.141321
0.140365
0.130772
0.129865
0.134768
0.134109
0.155356
0.155535
0.157543
0.157685
0.157691
0.157652
0.157657
0.157495
0.110041
0.128313
0.129925
0.116087
0.109142
0.124711
0.126401
0.117799
0.116389
0.143576
0.129025
0.129088
0.142123
0.127512
0.124766
0.12905
0.128663
0.142826
0.120967
0.119326
0.120888
0.122081
0.113487
0.11526
0.11819
0.153855
0.155225
0.155145
0.155321
0.155274
0.153906
0.152604
0.152857
0.152832
0.152318
0.152271
0.152553
0.153102
0.154699
0.15461
0.15501
0.154845
0.153251
0.101107
0.110074
0.110707
0.109265
0.109656
0.101558
0.104803
0.115302
0.116942
0.111804
0.113438
0.102786
0.102919
0.101443
0.101736
0.102658
0.101938
0.103107
0.107602
0.108693
0.103194
0.105422
0.103195
0.153053
0.152912
0.151258
0.149198
0.149791
0.098073
0.0994193
0.111951
0.101967
0.100161
0.1047
0.103776
0.113307
0.0996502
0.0994197
0.142147
0.142346
0.158548
0.158547
0.158635
0.158546
0.158546
0.158634
0.158546
0.158546
0.158635
0.158547
0.158549
0.158636
0.158374
0.158372
0.15846
0.15837
0.158368
0.158503
0.158366
0.158364
0.158501
0.158364
0.158367
0.158501
0.158369
0.158372
0.158504
0.158375
0.158377
0.158462
0.158202
0.158198
0.158328
0.158194
0.158185
0.158323
0.158273
0.158271
0.158343
0.158266
0.158268
0.15834
0.158278
0.158281
0.158324
0.158202
0.158207
0.158291
0.158033
0.158027
0.158155
0.158109
0.158107
0.15815
0.158136
0.158135
0.158157
0.158099
0.158109
0.158172
0.158034
0.15804
0.158123
0.157866
0.157861
0.157986
0.157941
0.157941
0.157982
0.15797
0.15797
0.15799
0.157938
0.157946
0.158006
0.157873
0.157877
0.157958
0.157699
0.157697
0.15782
0.157778
0.157779
0.15782
0.157812
0.157812
0.157831
0.157786
0.15779
0.157848
0.157713
0.157714
0.157796
0.157532
0.157531
0.157656
0.157614
0.157617
0.157658
0.157654
0.157654
0.157674
0.157632
0.157632
0.157692
0.157552
0.157551
0.157633
0.157363
0.157363
0.15749
0.157489
0.15749
0.157511
0.157471
0.157469
0.157531
0.157386
0.157385
0.157468
0.157193
0.157191
0.15732
0.157298
0.157302
0.157345
0.157216
0.157216
0.157301
0.157017
0.157012
0.1571
0.157014
0.157005
0.157137
0.157089
0.157024
0.157095
0.0973073
0.152444
0.15286
0.157029
0.157044
0.157175
0.157041
0.157046
0.157131
0.156844
0.156839
0.156926
0.15684
0.15683
0.156961
0.156822
0.117045
0.116544
0.137314
0.156834
0.156972
0.156849
0.156868
0.156998
0.156866
0.156872
0.156958
0.156667
0.15666
0.156748
0.156502
0.135085
0.117166
0.14635
0.156537
0.156788
0.156677
0.156693
0.15678
0.15801
0.15803
0.158031
0.158034
0.158041
0.158009
0.158158
0.158137
0.158138
0.157851
0.157871
0.157871
0.15788
0.157879
0.15785
0.157998
0.157968
0.157976
0.157694
0.157714
0.157713
0.157729
0.157727
0.157699
0.157841
0.157812
0.157823
0.157531
0.157552
0.157552
0.157573
0.157573
0.157545
0.15769
0.157661
0.157671
0.157407
0.157402
0.157381
0.157525
0.157505
0.157512
0.157119
0.157215
0.157251
0.066645
0.110285
0.110177
0.134787
0.134963
0.0657958
0.15736
0.157338
0.157342
0.158172
0.158247
0.15825
0.15815
0.158149
0.158143
0.15834
0.158268
0.158266
0.158148
0.158149
0.158205
0.158203
0.15818
0.158343
0.158271
0.158274
0.158024
0.158065
0.158066
0.158076
0.158064
0.158023
0.158148
0.158106
0.158097
0.158085
0.158082
0.158062
0.158152
0.158139
0.158142
0.158026
0.158088
0.158078
0.158072
0.158072
0.158032
0.158155
0.158113
0.158114
0.15786
0.157901
0.1579
0.157912
0.157901
0.157861
0.157982
0.157941
0.157932
0.15793
0.15795
0.15795
0.157891
0.157918
0.157906
0.157986
0.157975
0.157964
0.157943
0.157918
0.157952
0.157867
0.157926
0.157919
0.157911
0.157913
0.157874
0.157992
0.157952
0.157951
0.157698
0.157739
0.157737
0.157754
0.157741
0.157701
0.157821
0.157781
0.157773
0.157773
0.157792
0.157792
0.157595
0.157727
0.157718
0.157791
0.15778
0.157661
0.157712
0.15777
0.157767
0.157753
0.157757
0.157717
0.157835
0.157796
0.157792
0.157534
0.157576
0.157573
0.157593
0.157578
0.157537
0.15766
0.157619
0.157613
0.157614
0.157634
0.157633
0.157496
0.157635
0.157605
0.157634
0.157625
0.157513
0.156759
0.155483
0.155614
0.157552
0.157612
0.157613
0.157594
0.157598
0.157558
0.157678
0.157638
0.157634
0.156869
0.155483
0.155622
0.156526
0.156543
0.157091
0.157387
0.157429
0.15745
0.15743
0.157435
0.157393
0.157517
0.157476
0.157472
0.156729
0.156101
0.156096
0.156107
0.15611
0.156792
0.156957
0.157
0.157044
0.0958949
0.15642
0.156311
0.144245
0.144182
0.0791695
0.155854
0.155907
0.120089
0.157062
0.156738
0.156806
0.156993
0.156766
0.157115
0.158002
0.158007
0.157997
0.158078
0.158046
0.158036
0.158051
0.158051
0.158071
0.158054
0.158037
0.158065
0.158144
0.158142
0.158154
0.158073
0.158084
0.158087
0.157979
0.157964
0.157956
0.158067
0.15806
0.158062
0.158073
0.158052
0.158054
0.158055
0.158058
0.158069
0.157995
0.158006
0.158
0.157718
0.157816
0.157804
0.157894
0.157881
0.15783
0.157891
0.15789
0.15791
0.157699
0.157425
0.157502
0.156523
0.156564
0.157292
0.157554
0.157593
0.157774
0.157918
0.157889
0.157899
0.157819
0.157861
0.15787
0.157955
0.157975
0.157985
0.157878
0.157885
0.157848
0.157956
0.157958
0.157928
0.157531
0.157652
0.157643
0.157708
0.157699
0.157568
0.157733
0.157733
0.157753
0.157065
0.156152
0.156127
0.156407
0.156377
0.157149
0.157223
0.156447
0.156485
0.156113
0.15611
0.157052
0.157765
0.157737
0.157748
0.157586
0.157588
0.157401
0.157804
0.157803
0.157775
0.157012
0.154096
0.153695
0.155782
0.1557
0.157089
0.157179
0.156468
0.156438
0.153573
0.153135
0.156952
0.157079
0.156468
0.156501
0.155762
0.155881
0.156891
0.157613
0.157583
0.157593
0.157395
0.157573
0.157581
0.157519
0.157528
0.157429
0.15738
0.157579
0.157583
0.15759
0.157598
0.157385
0.157652
0.157651
0.157622
0.157166
0.156391
0.156348
0.156579
0.156555
0.157164
0.157122
0.155932
0.155858
0.156302
0.15625
0.157157
0.156823
0.156095
0.156102
0.155663
0.155768
0.15686
0.157407
0.157499
0.157509
0.157457
0.157488
0.15738
0.157491
0.157485
0.157465
0.15709
0.152037
0.151626
0.150536
0.151651
0.157063
0.157156
0.15662
0.156601
0.156621
0.155074
0.155044
0.158092
0.158113
0.158115
0.158113
0.158122
0.158089
0.158155
0.158133
0.158124
0.158143
0.158135
0.158138
0.157426
0.157411
0.157369
0.157495
0.157454
0.157447
0.157447
0.157469
0.157468
0.157396
0.157459
0.157438
0.1575
0.15748
0.157404
0.153259
0.151747
0.151963
0.150363
0.150686
0.152508
0.157216
0.157259
0.157276
0.158143
0.15814
0.158148
0.15809
0.158101
0.158107
0.158122
0.158132
0.158167
0.158087
0.158121
0.15811
0.158116
0.158115
0.158094
0.15745
0.157555
0.157521
0.157595
0.157565
0.157456
0.157572
0.157573
0.157593
0.139151
0.129501
0.128683
0.133837
0.132978
0.142151
0.151904
0.149796
0.150054
0.157444
0.157423
0.157429
0.157303
0.157415
0.157446
0.157371
0.157404
0.157291
0.143782
0.135519
0.134701
0.139038
0.138492
0.145671
0.157197
0.157328
0.157349
0.157284
0.157306
0.157183
0.15732
0.157316
0.157294
0.158254
0.158214
0.158211
0.158218
0.158217
0.158256
0.158162
0.158203
0.158206
0.15818
0.158178
0.158165
0.158255
0.158216
0.158218
0.158211
0.158214
0.158253
0.158108
0.158088
0.158096
0.158127
0.158136
0.15815
0.158101
0.158108
0.158104
0.15813
0.158128
0.158115
0.155232
0.155424
0.156869
0.157096
0.156626
0.156639
0.154193
0.153121
0.153243
0.152164
0.15234
0.153634
0.154033
0.155397
0.155355
0.155465
0.155433
0.154126
0.15678
0.156111
0.15611
0.157986
0.158026
0.158043
0.158003
0.157862
0.157965
0.157941
0.158025
0.158002
0.158101
0.158094
0.158086
0.158098
0.158095
0.158106
0.158013
0.158006
0.158014
0.158033
0.158027
0.15802
0.156886
0.156942
0.157511
0.157424
0.156789
0.156836
0.157788
0.157815
0.157898
0.157856
0.157736
0.157762
0.157772
0.15778
0.15766
0.157893
0.157887
0.157877
0.157907
0.157897
0.157903
0.157854
0.157847
0.157837
0.157867
0.157857
0.157864
0.157638
0.157758
0.157765
0.157939
0.157947
0.157932
0.157973
0.157969
0.157959
0.157989
0.157979
0.157983
0.157933
0.157928
0.157918
0.157948
0.157938
0.157943
0.157891
0.157921
0.15793
0.156266
0.156256
0.157099
0.157114
0.156288
0.156277
0.156245
0.156276
0.157129
0.157091
0.156192
0.156217
0.157594
0.157598
0.15736
0.157741
0.157732
0.157723
0.157751
0.157742
0.157751
0.157704
0.157695
0.157686
0.157714
0.157705
0.157713
0.157331
0.157587
0.15759
0.157816
0.157808
0.157798
0.157827
0.157817
0.157826
0.157779
0.15777
0.15776
0.157788
0.157779
0.157788
0.155412
0.154236
0.15703
0.126361
0.138095
0.138914
0.132283
0.13294
0.118881
0.157076
0.155605
0.155509
0.156929
0.152941
0.152373
0.156268
0.156312
0.157044
0.156986
0.156131
0.156204
0.157566
0.157566
0.157371
0.157666
0.157658
0.157649
0.157677
0.157668
0.157676
0.157628
0.157621
0.157612
0.15764
0.15763
0.157638
0.157397
0.157563
0.157564
0.132817
0.121562
0.120892
0.127684
0.126492
0.136628
0.156074
0.156005
0.157132
0.133851
0.144026
0.144649
0.139571
0.140252
0.128311
0.13865
0.152415
0.152701
0.151788
0.152107
0.137825
0.157152
0.156194
0.156136
0.124806
0.111605
0.111107
0.120062
0.118867
0.130337
0.156074
0.156085
0.156831
0.152581
0.153853
0.153732
0.154568
0.154481
0.153421
0.153592
0.153442
0.151937
0.156853
0.15604
0.156058
0.14577
0.128591
0.126897
0.130582
0.129241
0.146106
0.146608
0.140134
0.139592
0.154162
0.150828
0.1513
0.153358
0.153468
0.154398
0.15723
0.157239
0.157194
0.157326
0.157283
0.157274
0.157259
0.157288
0.157266
0.157332
0.15731
0.15728
0.150089
0.149987
0.118371
0.155958
0.15479
0.154777
0.154849
0.154822
0.15602
0.157331
0.157375
0.157353
0.157417
0.157396
0.15734
0.157405
0.157405
0.157426
0.09366
0.0895057
0.0668951
0.144255
0.130581
0.127381
0.130749
0.130616
0.144178
0.154002
0.148481
0.147574
0.151157
0.151947
0.154176
0.0658524
0.111689
0.122713
0.158198
0.158182
0.15818
0.158186
0.158185
0.1582
0.158151
0.158177
0.158172
0.158162
0.158161
0.158152
0.158199
0.158183
0.158185
0.15818
0.158181
0.158197
0.157941
0.15793
0.157907
0.157943
0.157939
0.157949
0.157918
0.157928
0.157933
0.15794
0.157899
0.157886
0.157747
0.157737
0.157606
0.157783
0.157772
0.157782
0.157753
0.157762
0.157773
0.157822
0.157812
0.157822
0.157792
0.157802
0.157812
0.157645
0.157768
0.157758
0.155385
0.155409
0.156727
0.156108
0.156105
0.156742
0.154856
0.155514
0.155492
0.155547
0.155532
0.154908
0.156506
0.152484
0.150573
0.15238
0.15245
0.156479
0.0950336
0.136914
0.136467
0.158118
0.15813
0.158132
0.158125
0.158127
0.158115
0.158152
0.158139
0.158132
0.157978
0.157971
0.157986
0.158037
0.158048
0.158045
0.158055
0.158051
0.158041
0.158073
0.158062
0.158066
0.158013
0.15801
0.157999
0.15803
0.15802
0.158023
0.158012
0.158016
0.158027
0.157842
0.157829
0.157739
0.157862
0.157854
0.157864
0.157833
0.157843
0.157852
0.157902
0.157896
0.157907
0.157875
0.157886
0.157892
0.157806
0.157868
0.157855
0.157192
0.157314
0.157662
0.154425
0.156456
0.156104
0.157027
0.156816
0.155538
0.151836
0.155007
0.154938
0.155155
0.155079
0.151996
0.157317
0.156607
0.156651
0.156467
0.157207
0.157138
0.157302
0.157258
0.156547
0.157792
0.157625
0.157654
0.157827
0.157848
0.157792
0.157891
0.157886
0.157876
0.157821
0.157793
0.157787
0.157806
0.157799
0.157827
0.157744
0.157733
0.157743
0.157714
0.157723
0.157734
0.15756
0.157689
0.15768
0.15621
0.156182
0.157073
0.149673
0.154264
0.154371
0.154039
0.154141
0.149148
0.156373
0.156409
0.157202
0.1512
0.154733
0.154662
0.154873
0.154806
0.151403
0.148469
0.153967
0.153981
0.154031
0.153983
0.148599
0.157058
0.156117
0.156129
0.157722
0.157689
0.157685
0.157698
0.157694
0.157727
0.157651
0.157648
0.157677
0.157393
0.157588
0.157587
0.1578
0.15777
0.157764
0.157781
0.157775
0.157805
0.15774
0.157708
0.157703
0.157717
0.157712
0.157745
0.156395
0.156432
0.157072
0.15421
0.155469
0.155386
0.155636
0.155557
0.15438
0.156919
0.155949
0.155982
0.157555
0.157564
0.157455
0.157589
0.157583
0.157573
0.157602
0.157593
0.157599
0.157549
0.157544
0.157534
0.157564
0.157554
0.15756
0.157436
0.157537
0.157546
0.156467
0.156431
0.157167
0.143634
0.153419
0.153626
0.15296
0.153197
0.143123
0.148959
0.154127
0.154271
0.153808
0.153974
0.148592
0.157166
0.156529
0.156499
0.117231
0.106618
0.106342
0.10747
0.106957
0.11771
0.156651
0.156636
0.157152
0.150264
0.154634
0.154734
0.154405
0.154524
0.149975
0.106076
0.105799
0.115918
0.15813
0.158127
0.15812
0.151351
0.151538
0.153122
0.15269
0.150965
0.151173
0.158125
0.158132
0.158135
0.158145
0.158137
0.158133
0.158114
0.158109
0.158117
0.130857
0.130202
0.139825
0.10875
0.119493
0.120037
0.110869
0.122232
0.123379
0.120611
0.121313
0.109903
0.141602
0.132204
0.1315
0.136859
0.136234
0.144231
0.116509
0.126659
0.127393
0.124606
0.125739
0.115496
0.15809
0.158085
0.158079
0.158099
0.158092
0.158096
0.158063
0.158056
0.158049
0.158073
0.158064
0.15807
0.157877
0.157868
0.157914
0.154383
0.153014
0.153224
0.152677
0.152819
0.154271
0.154767
0.153647
0.153762
0.153405
0.153537
0.154691
0.152833
0.152985
0.154106
0.14901
0.151438
0.151214
0.151798
0.151628
0.149302
0.150972
0.150733
0.147718
0.153769
0.152506
0.152672
0.157966
0.157853
0.157884
0.157773
0.157822
0.157945
0.158041
0.158008
0.15803
0.157922
0.157968
0.158025
0.157531
0.156944
0.157004
0.157787
0.157407
0.157664
0.157084
0.157214
0.157696
0.158068
0.158048
0.157989
0.158078
0.15807
0.15808
0.158045
0.158058
0.15807
0.158007
0.157996
0.157986
0.158041
0.158034
0.158039
0.158012
0.158025
0.158034
0.15801
0.158017
0.158002
0.152947
0.155604
0.155517
0.155862
0.155711
0.153099
0.157544
0.157006
0.157087
0.156697
0.156743
0.157396
0.152456
0.155301
0.155231
0.155441
0.155369
0.152569
0.157682
0.157709
0.157841
0.156736
0.157386
0.157345
0.157467
0.157427
0.156795
0.157867
0.157846
0.157838
0.157864
0.157854
0.157873
0.157673
0.157791
0.157806
0.157745
0.157752
0.157631
0.157844
0.157818
0.157812
0.157832
0.157825
0.157849
0.150421
0.1545
0.154514
0.154442
0.15448
0.150411
0.157094
0.156245
0.156231
0.150444
0.154458
0.154383
0.154593
0.154528
0.150644
0.157146
0.156307
0.156339
0.156147
0.156168
0.157079
0.149478
0.154172
0.1541
0.154309
0.15424
0.149702
0.157705
0.157672
0.157668
0.15768
0.157676
0.157709
0.157372
0.157603
0.157608
0.157586
0.157586
0.157338
0.157688
0.157657
0.157654
0.157664
0.15766
0.157692
0.157779
0.157748
0.157743
0.157759
0.157753
0.157784
0.157759
0.157727
0.157722
0.157737
0.157732
0.157764
0.14998
0.141774
0.140913
0.143007
0.142461
0.150372
0.148467
0.138342
0.137831
0.139954
0.139054
0.148817
0.135977
0.137002
0.125235
0.152427
0.146296
0.145728
0.151306
0.14398
0.143486
0.145125
0.144522
0.151591
0.119987
0.133792
0.134852
0.129163
0.129005
0.143744
0.147242
0.136444
0.135501
0.137426
0.137014
0.147595
0.144805
0.130652
0.129632
0.134025
0.13224
0.145454
0.157051
0.15634
0.156364
0.156013
0.156063
0.156964
0.122998
0.122224
0.133487
0.135788
0.1252
0.123987
0.11345
0.112284
0.125599
0.129136
0.117158
0.115187
0.155062
0.154144
0.154244
0.153891
0.154023
0.154993
0.155315
0.154519
0.154613
0.154335
0.154426
0.155256
0.151713
0.153299
0.153172
0.119965
0.109528
0.108315
0.110717
0.110746
0.120832
0.148682
0.145509
0.145444
0.144898
0.145217
0.148421
0.158194
0.158237
0.158255
0.158241
0.15824
0.158196
0.157142
0.157237
0.157261
0.157182
0.157212
0.1571
0.158172
0.158162
0.158161
0.158165
0.158165
0.158174
0.158144
0.158155
0.158157
0.158152
0.158148
0.158142
0.158171
0.158161
0.158162
0.15816
0.15816
0.15817
0.158222
0.158224
0.158248
0.158178
0.158201
0.15821
0.157951
0.157964
0.157953
0.157507
0.157616
0.157608
0.154676
0.155734
0.155692
0.155816
0.155773
0.154735
0.157091
0.156558
0.156575
0.158029
0.158018
0.158014
0.157775
0.157904
0.157885
0.157939
0.157922
0.157803
0.158048
0.158054
0.15806
0.158041
0.158047
0.158041
0.158057
0.158054
0.158047
0.157901
0.157927
0.157941
0.157557
0.157795
0.157737
0.157863
0.157835
0.157654
0.157855
0.157892
0.157898
0.157671
0.157661
0.157538
0.157704
0.157694
0.157704
0.157675
0.157685
0.157694
0.15066
0.154719
0.154801
0.154611
0.154655
0.150474
0.157141
0.156352
0.156331
0.151713
0.15507
0.155146
0.15489
0.154975
0.15151
0.157571
0.157575
0.157369
0.15748
0.15749
0.157399
0.157524
0.157514
0.157519
0.151251
0.154989
0.155058
0.154828
0.154912
0.151035
0.157137
0.156675
0.156664
0.155029
0.155568
0.155559
0.155573
0.155573
0.155056
0.118833
0.129277
0.130001
0.128024
0.128633
0.118212
0.145342
0.13796
0.137422
0.158205
0.158191
0.158192
0.158188
0.158189
0.158203
0.158163
0.158176
0.158174
0.158117
0.158113
0.158106
0.158128
0.158121
0.158123
0.158111
0.158115
0.158123
0.156593
0.156611
0.157095
0.155007
0.155915
0.155865
0.155998
0.15596
0.155098
0.158088
0.158096
0.158097
0.158075
0.158087
0.158078
0.156976
0.157554
0.157508
0.157669
0.157606
0.157067
0.15791
0.157843
0.157872
0.15794
0.157953
0.15796
0.157905
0.157913
0.157879
0.156315
0.1563
0.157119
0.150342
0.154559
0.154581
0.154527
0.154542
0.150354
0.152137
0.155328
0.155393
0.155211
0.155272
0.152046
0.157362
0.157567
0.157568
0.157557
0.15756
0.157396
0.142458
0.143299
0.132634
0.12904
0.140873
0.141687
0.154142
0.153999
0.152745
0.1547
0.154778
0.15546
0.153272
0.154382
0.154268
0.14113
0.140654
0.146894
0.122919
0.1324
0.133104
0.1308
0.131617
0.121851
0.125779
0.135359
0.135976
0.133967
0.134702
0.125186
0.150073
0.152128
0.151962
0.152441
0.15229
0.150352
0.154454
0.15357
0.153664
0.115795
0.104446
0.106763
0.104186
0.104158
0.115819
0.0668071
0.0884624
0.0880042
0.105042
0.107498
0.0657905
0.148719
0.137921
0.132051
0.144158
0.141891
0.148669
0.158177
0.158169
0.15817
0.158165
0.158167
0.158175
0.158149
0.158158
0.158155
0.158723
0.158723
0.15881
0.158722
0.158722
0.15881
0.158722
0.158722
0.15881
0.158723
0.158723
0.15881
0.15855
0.158549
0.158637
0.158549
0.158549
0.158636
0.158375
0.158375
0.158462
0.158457
0.158457
0.158502
0.158456
0.158456
0.158501
0.158377
0.158378
0.158464
0.158203
0.158203
0.158289
0.158282
0.158281
0.158326
0.158316
0.158315
0.15834
0.158207
0.158207
0.158292
0.158032
0.158032
0.158117
0.158142
0.158145
0.158167
0.158039
0.158038
0.158122
0.157862
0.157864
0.157948
0.157977
0.157979
0.157999
0.157873
0.157871
0.157954
0.157693
0.157696
0.15778
0.157824
0.157825
0.157844
0.157709
0.157704
0.157787
0.157524
0.157528
0.157612
0.157671
0.157671
0.157691
0.157544
0.157538
0.157621
0.157354
0.157359
0.157444
0.157448
0.157451
0.157493
0.157512
0.157512
0.157532
0.157377
0.157371
0.157455
0.157184
0.157188
0.157274
0.157278
0.15728
0.157323
0.157318
0.157317
0.157339
0.157209
0.157202
0.157286
0.15701
0.157014
0.157102
0.157101
0.157102
0.157147
0.0938462
0.134616
0.134583
0.157118
0.157128
0.157172
0.157038
0.157031
0.157117
0.156836
0.156841
0.156927
0.156911
0.15685
0.156906
0.137008
0.155209
0.15526
0.156939
0.15695
0.156995
0.156865
0.156857
0.156943
0.156672
0.156666
0.156753
0.156692
0.156699
0.156785
0.156493
0.156484
0.156572
0.156168
0.135048
0.135069
0.146294
0.156349
0.156444
0.1565
0.156517
0.156605
0.157361
0.157383
0.157383
0.157231
0.157226
0.157203
0.15818
0.158202
0.158204
0.15834
0.158316
0.158316
0.158034
0.158036
0.158016
0.158019
0.15804
0.158037
0.157872
0.157874
0.157854
0.157995
0.157975
0.157972
0.157863
0.157882
0.157881
0.157714
0.157714
0.157694
0.157834
0.157814
0.157813
0.15771
0.157729
0.157729
0.157674
0.157654
0.157654
0.157484
0.157581
0.157572
0.157553
0.157573
0.157573
0.109917
0.109581
0.0783747
0.157179
0.157155
0.157161
0.158071
0.158061
0.158057
0.15799
0.157995
0.157994
0.157971
0.157978
0.157984
0.157394
0.157538
0.157541
0.157544
0.157546
0.157383
0.157439
0.15745
0.15736
0.157109
0.1567
0.156697
0.156691
0.156684
0.15713
0.15609
0.156083
0.156687
0.15809
0.158093
0.158082
0.158162
0.158151
0.158148
0.157366
0.157409
0.157406
0.157381
0.15743
0.15742
0.157488
0.157479
0.157418
0.157261
0.157265
0.157221
0.15735
0.157308
0.157304
0.158146
0.158149
0.158161
0.15808
0.158091
0.158088
0.157438
0.157507
0.157498
0.157563
0.157554
0.157468
0.157327
0.157418
0.157429
0.157352
0.157362
0.157266
0.157226
0.157328
0.157339
0.158253
0.158239
0.15824
0.158167
0.15818
0.158181
0.158239
0.158239
0.158253
0.158142
0.158145
0.158152
0.153815
0.154718
0.154647
0.155019
0.15498
0.154297
0.14027
0.147852
0.148217
0.14517
0.145648
0.136345
0.157193
0.157237
0.157235
0.157273
0.157295
0.157296
0.158156
0.158164
0.158165
0.154515
0.155086
0.155055
0.158111
0.158115
0.158108
0.158155
0.158148
0.158147
0.14465
0.150194
0.150421
0.148552
0.148854
0.1421
0.158328
0.158284
0.158285
0.157272
0.157249
0.157254
0.15825
0.158227
0.158228
0.158174
0.158186
0.158184
0.157984
0.15798
0.157991
0.157959
0.15797
0.157973
0.157665
0.157656
0.157665
0.157636
0.157646
0.157655
0.158025
0.158022
0.158033
0.158001
0.158012
0.158015
0.157508
0.157504
0.157494
0.156669
0.156073
0.15606
0.158159
0.158167
0.158166
0.158414
0.158414
0.158369
0.158366
0.158411
0.158412
0.15841
0.15841
0.158364
0.158501
0.158456
0.158456
0.158363
0.15841
0.15841
0.158412
0.158411
0.158366
0.158501
0.158456
0.158457
0.158369
0.158414
0.158414
0.158193
0.158237
0.158238
0.158254
0.158235
0.158191
0.158323
0.158279
0.158277
0.158295
0.158295
0.158271
0.158266
0.158291
0.158291
0.158293
0.158292
0.158268
0.158339
0.158316
0.158316
0.158102
0.158123
0.15812
0.15794
0.15796
0.157957
0.157787
0.157806
0.157805
0.157632
0.157652
0.157652
0.157471
0.157491
0.157491
0.157049
0.157059
0.157016
0.157147
0.157103
0.157093
0.157048
0.157099
0.157076
0.157144
0.157121
0.157072
0.135295
0.134952
0.0955515
0.152395
0.147072
0.147241
0.147193
0.147095
0.152448
0.15704
0.157084
0.157074
0.157087
0.157091
0.157047
0.157178
0.157134
0.157132
0.156972
0.156928
0.156917
0.156732
0.156792
0.156866
0.116904
0.153183
0.152915
0.153772
0.15347
0.116739
0.155095
0.155153
0.137177
0.15688
0.156666
0.156618
0.15676
0.156713
0.156926
0.158012
0.158022
0.15802
0.157869
0.157873
0.157883
0.157854
0.157864
0.15786
0.157988
0.157991
0.158001
0.157971
0.157981
0.157978
0.157718
0.157722
0.157731
0.157703
0.157712
0.157709
0.157831
0.157835
0.157845
0.157816
0.157826
0.157822
0.15768
0.157684
0.157693
0.157664
0.157674
0.157671
0.15715
0.157191
0.157167
0.157244
0.15722
0.157192
0.157228
0.157228
0.157251
0.0875977
0.0873061
0.0667466
0.0686598
0.104876
0.104267
0.15821
0.1582
0.158177
0.158247
0.158224
0.158223
0.158226
0.158226
0.158249
0.158317
0.158317
0.158341
0.158268
0.158293
0.158293
0.158291
0.158292
0.158267
0.15832
0.15832
0.158343
0.158272
0.158296
0.158296
0.158297
0.158297
0.158274
0.158078
0.158057
0.158055
0.158119
0.158121
0.1581
0.158075
0.158079
0.158085
0.158067
0.158073
0.158069
0.158057
0.15806
0.158081
0.157914
0.157894
0.157892
0.157952
0.157954
0.157934
0.1579
0.157901
0.157921
0.157754
0.157734
0.157734
0.157793
0.157794
0.157774
0.157748
0.157748
0.157768
0.157592
0.157572
0.157572
0.157634
0.157633
0.157613
0.157599
0.15759
0.15749
0.157625
0.157617
0.157626
0.157597
0.157607
0.157615
0.157593
0.157593
0.157613
0.155535
0.15619
0.156167
0.156227
0.156209
0.15558
0.136006
0.135566
0.0962822
0.156388
0.152144
0.152276
0.14426
0.130731
0.130786
0.130349
0.130585
0.144244
0.0787273
0.109222
0.108913
0.154774
0.154769
0.15589
0.120759
0.150235
0.150172
0.156907
0.157122
0.157153
0.15704
0.157083
0.156822
0.158043
0.158054
0.158057
0.158047
0.15805
0.158039
0.158048
0.158055
0.158048
0.158067
0.158061
0.158057
0.157908
0.157912
0.157922
0.157893
0.157902
0.157898
0.157966
0.157972
0.157963
0.157948
0.157951
0.157961
0.157932
0.157941
0.157938
0.157756
0.15776
0.157769
0.157741
0.15775
0.157746
0.157793
0.157797
0.157807
0.157778
0.157788
0.157784
0.153956
0.156096
0.156148
0.155993
0.156045
0.153822
0.153445
0.155886
0.155941
0.15576
0.155826
0.153302
0.157603
0.157606
0.157615
0.157532
0.157535
0.157396
0.157381
0.157549
0.157552
0.157642
0.157645
0.157654
0.157626
0.157635
0.157632
0.155702
0.156256
0.156242
0.156277
0.156268
0.155737
0.157467
0.157463
0.157453
0.157484
0.157474
0.157478
0.15737
0.15746
0.15747
0.156695
0.156701
0.1571
0.151934
0.155218
0.155244
0.155119
0.155173
0.151788
0.150523
0.154326
0.15432
0.155136
0.15456
0.150812
0.15604
0.155998
0.156567
0.155057
0.155537
0.155563
0.155515
0.155522
0.15505
0.158116
0.158105
0.158101
0.158136
0.158139
0.158127
0.157449
0.15744
0.157389
0.157411
0.157469
0.15746
0.158126
0.158137
0.158134
0.158098
0.158095
0.158084
0.158118
0.158107
0.15811
0.158099
0.158102
0.158114
0.157526
0.157517
0.157444
0.157462
0.157545
0.157535
0.157397
0.157407
0.157315
0.157278
0.157375
0.157386
0.158241
0.158241
0.158254
0.158214
0.158228
0.158228
0.158226
0.158226
0.158212
0.15823
0.15823
0.158217
0.158175
0.158177
0.158164
0.158204
0.158191
0.158189
0.158193
0.158193
0.158206
0.158242
0.158242
0.158255
0.158216
0.158229
0.158229
0.158231
0.158231
0.158218
0.158211
0.158226
0.158226
0.158227
0.158227
0.158213
0.158253
0.15824
0.15824
0.158102
0.158104
0.15811
0.158091
0.158097
0.158095
0.15813
0.158137
0.158134
0.155295
0.156073
0.156036
0.15614
0.156107
0.155359
0.154839
0.154783
0.15393
0.154214
0.154936
0.15489
0.158001
0.158024
0.158015
0.158041
0.158033
0.158014
0.157897
0.157974
0.157957
0.158004
0.15799
0.157934
0.156198
0.156245
0.154368
0.152735
0.155606
0.155687
0.155454
0.155532
0.152541
0.146996
0.147442
0.139486
0.137051
0.146088
0.14655
0.127991
0.137534
0.138059
0.136514
0.137064
0.127445
0.130593
0.139424
0.139487
0.138522
0.139026
0.129948
0.151026
0.152777
0.152619
0.152977
0.152903
0.151201
0.154553
0.155442
0.1555
0.136529
0.135138
0.125923
0.151137
0.15283
0.152846
0.158182
0.15819
0.15819
0.158189
0.158188
0.15818
0.15816
0.158162
0.158153
0.158178
0.15817
0.158169
0.158183
0.158191
0.158191
0.15818
0.158188
0.158188
0.158189
0.158189
0.15818
0.154334
0.154343
0.150599
0.158128
0.158121
0.158118
0.158139
0.158142
0.158135
0.149682
0.149945
0.144152
0.142614
0.149141
0.149416
0.158897
0.158897
0.158984
0.158897
0.158897
0.158984
0.158897
0.158897
0.158984
0.158897
0.158897
0.158984
0.158724
0.158724
0.15881
0.158723
0.158723
0.15881
0.158549
0.15855
0.158637
0.15855
0.15855
0.158637
0.158459
0.158458
0.158503
0.158288
0.158288
0.158332
0.158117
0.158118
0.15816
0.157953
0.157953
0.157994
0.157793
0.157792
0.157832
0.157633
0.15763
0.15767
0.15747
0.157465
0.157506
0.157342
0.15734
0.157361
0.157302
0.157295
0.157337
0.157134
0.157133
0.157155
0.156926
0.156928
0.156972
0.156663
0.156669
0.156755
0.156692
0.156683
0.156769
0.156499
0.156493
0.15658
0.156517
0.156525
0.156612
0.15632
0.156307
0.156396
0.155869
0.135021
0.135015
0.146227
0.156157
0.156254
0.156323
0.156341
0.156429
0.157178
0.157202
0.157204
0.158165
0.158143
0.158141
0.157552
0.157551
0.15753
0.157384
0.157405
0.157407
0.0966397
0.135162
0.134821
0.150311
0.15028
0.121347
0.156207
0.15622
0.156902
0.15652
0.155969
0.155954
0.157383
0.157382
0.157361
0.157509
0.157488
0.157489
0.157256
0.157268
0.157154
0.157313
0.157348
0.157338
0.15741
0.1574
0.157357
0.158189
0.158211
0.158209
0.158546
0.158591
0.158591
0.15859
0.15859
0.158546
0.158546
0.15859
0.15859
0.15859
0.158591
0.158546
0.15837
0.158415
0.158415
0.158503
0.158459
0.158459
0.158387
0.158387
0.158364
0.158364
0.158387
0.158387
0.158416
0.158416
0.158372
0.158241
0.158241
0.158198
0.158208
0.158209
0.158187
0.158273
0.158296
0.158296
0.158342
0.158319
0.158319
0.158203
0.158245
0.158245
0.158069
0.15807
0.158028
0.158155
0.158113
0.158112
0.158035
0.158077
0.158076
0.157903
0.157903
0.157861
0.157986
0.157944
0.157944
0.157966
0.157963
0.157944
0.158003
0.157983
0.157986
0.157872
0.157913
0.157913
0.157738
0.157737
0.157696
0.15782
0.157778
0.157779
0.157809
0.157808
0.157789
0.157846
0.157827
0.157828
0.157711
0.157751
0.157753
0.157573
0.15757
0.157529
0.157654
0.157612
0.157615
0.157652
0.157653
0.157633
0.157692
0.157672
0.157672
0.157548
0.157589
0.157593
0.157486
0.157444
0.157448
0.15738
0.157422
0.157428
0.157296
0.157318
0.15732
0.157015
0.157059
0.157057
0.157088
0.15711
0.157111
0.156873
0.156885
0.156841
0.15686
0.156905
0.156894
0.15803
0.158032
0.158042
0.157563
0.157566
0.157576
0.158185
0.158186
0.158174
0.158046
0.158044
0.158024
0.158086
0.158065
0.158067
0.157887
0.157885
0.157866
0.157924
0.157904
0.157906
0.157731
0.157731
0.157711
0.157769
0.15775
0.157751
0.157571
0.157573
0.157553
0.157613
0.157593
0.157592
0.157429
0.157428
0.157448
0.157053
0.157031
0.156976
0.151809
0.151993
0.156351
0.155871
0.154761
0.154751
0.156715
0.156989
0.157011
0.157138
0.15713
0.157103
0.158067
0.158065
0.158076
0.157586
0.157596
0.157593
0.156956
0.156346
0.156638
0.158111
0.158109
0.158121
0.158087
0.158098
0.1581
0.157424
0.157404
0.157404
0.157468
0.157467
0.157446
0.158144
0.158142
0.15813
0.158166
0.158154
0.158155
0.157545
0.157537
0.157547
0.157585
0.157577
0.157587
0.157557
0.157567
0.157575
0.157425
0.157421
0.157411
0.157442
0.157432
0.157436
0.1574
0.15739
0.157394
0.157304
0.157316
0.157212
0.157169
0.15728
0.157292
0.158218
0.158231
0.158231
0.158256
0.158243
0.158243
0.157369
0.157359
0.157322
0.157349
0.157389
0.157379
0.158232
0.158234
0.158256
0.158197
0.158198
0.15821
0.158364
0.158387
0.158387
0.158386
0.158386
0.158363
0.158254
0.158232
0.158231
0.158211
0.158198
0.158198
0.158897
0.158897
0.158984
0.158897
0.158897
0.158984
0.158724
0.158723
0.158811
0.15855
0.15855
0.158637
0.158376
0.158376
0.158462
0.158459
0.15846
0.158504
0.158378
0.158378
0.158464
0.158203
0.158204
0.15829
0.158319
0.15832
0.158343
0.158207
0.158207
0.158292
0.158032
0.158032
0.158118
0.158038
0.158036
0.158121
0.157861
0.157862
0.157947
0.15787
0.157867
0.157952
0.15769
0.157692
0.157777
0.157702
0.157699
0.157783
0.15752
0.157523
0.157608
0.157535
0.15753
0.157615
0.157349
0.157353
0.157438
0.157367
0.157361
0.157445
0.157178
0.157182
0.157268
0.157197
0.157191
0.157276
0.15713
0.157123
0.157166
0.157026
0.157019
0.157105
0.156733
0.156605
0.15667
0.137549
0.154972
0.155035
0.156518
0.156508
0.156595
0.158344
0.158321
0.15832
0.157207
0.157229
0.157231
0.157338
0.157317
0.157318
0.158592
0.158592
0.158547
0.158547
0.158591
0.158591
0.158416
0.158416
0.158372
0.158504
0.15846
0.15846
0.158375
0.158419
0.158418
0.158328
0.158285
0.158284
0.158279
0.158301
0.158301
0.15813
0.158128
0.158107
0.158172
0.15815
0.158151
0.157405
0.157401
0.157359
0.157489
0.157491
0.157471
0.157532
0.157512
0.157511
0.157235
0.15723
0.157187
0.157316
0.157273
0.157278
0.157209
0.157252
0.157259
0.157003
0.156958
0.156954
0.15267
0.152443
0.117314
0.156571
0.156523
0.156742
0.157254
0.157252
0.157274
0.157296
0.157295
0.157274
0.1583
0.1583
0.158277
0.148809
0.117395
0.0481424
0.148543
0.116675
0.0469769
0.145024
0.109791
0.040341
0.144781
0.109399
0.040268
0.0304621
4.74354e-05
0
0.157802
0.152523
0.0995682
0.151588
0.122507
0.0331473
0.150665
0.119615
0.0293566
0.030939
2.1044e-05
0
0.0513376
0.0312183
0.00194015
0.15773
0.151609
0.0958052
0.150059
0.119629
0.0486472
0.150246
0.120012
0.0487866
0.147119
0.113982
0.0449583
0.146993
0.113938
0.0454019
0.142247
0.105035
0.0365668
0.142611
0.105762
0.0374226
0.0379465
0.0124008
0
0.0386703
0.0159157
0
0.0461157
0.029347
0.00185674
0.158087
0.156771
0.130704
0.154693
0.133026
0.0548499
0.155185
0.135056
0.0572051
0.154532
0.132321
0.0540477
0.149289
0.118059
0.047644
0.147996
0.115779
0.0467854
0.145947
0.111851
0.0429539
0.143756
0.107603
0.0380534
0.133319
0.0914933
0.0259105
0.15771
0.150116
0.0930691
0.0284205
3.96272e-07
0
0.0356753
0.0130813
0
0.038483
0.0166198
0
0.106091
0.0530938
0
0.0932439
0.0273435
0
0.0970533
0.0305901
0
0.101709
0.0352302
0
0.0986874
0.0320222
0
0.108118
0.0422193
0
0.102991
0.0365976
0
0.107154
0.0410511
0
0.0923429
0.0265746
0
0.0884469
0.0236027
0
0.0834997
0.0201006
0
0.08726
0.0227015
0
0.0724859
0.0133194
0
0.0764916
0.0156102
0
0.0820339
0.0190885
0
0.0782284
0.0167138
0
0.0708319
0.0123444
0
0.0390408
0
0
0.0323782
0
0
0.0339145
0.00881313
0
0.155328
0.135717
0.0580117
0.155814
0.138217
0.0609735
0.155947
0.138952
0.0621902
0.149516
0.118591
0.0482384
0.150845
0.121486
0.0503948
0.147787
0.11536
0.0463615
0.146128
0.112087
0.0428105
0.1413
0.103513
0.0350203
0.143438
0.106985
0.0375889
0.12993
0.0861678
0.0201039
0.131624
0.0888355
0.0242732
0.13032
0.0868474
0.0208807
0.132877
0.0907768
0.0247612
0.131878
0.0891994
0.0246644
0.123944
0.0765242
0.0125685
0.119938
0.0706535
0.00634211
0.119312
0.0698409
0.00540731
0.105073
0.0519435
0
0.101988
0.0491596
3.61899e-05
0.151824
0.123828
0.050748
0.151971
0.124079
0.0502569
0.148938
0.117483
0.0477061
0.151641
0.123372
0.0505208
0.151409
0.122649
0.0495028
0.148319
0.116194
0.0464814
0.145313
0.110388
0.0408844
0.140104
0.101678
0.0351924
0.140336
0.10189
0.0350301
0.14458
0.109168
0.0404727
0.139702
0.100959
0.0341341
0.139291
0.10024
0.0331345
0.0275973
0.000145391
0
0.0279341
0.000118262
0
0.030005
5.66205e-05
0
0.0272516
0.000160759
0
0.0268879
0.000168067
0
0.157848
0.153074
0.102937
0.117221
0.0667253
0.00453181
0.116507
0.0658395
0.00356974
0.152462
0.125313
0.0369759
0.155889
0.138974
0.0623157
0.149924
0.117186
0.025987
0.0314159
0
0
0.0516159
0.031774
0.00128854
0.157638
0.150696
0.0927218
0.152925
0.126883
0.0525577
0.149901
0.119402
0.0489038
0.150461
0.120537
0.0492984
0.147295
0.114227
0.044898
0.146634
0.113176
0.0439329
0.14192
0.104538
0.036263
0.142911
0.106244
0.0377159
0.137723
0.0979877
0.0312295
0.117735
0.0674423
0.00534543
0.11822
0.0683271
0.00475891
0.158087
0.156646
0.125359
0.158063
0.155936
0.119449
0.0383106
0.0135054
0
0.0385715
0.0147546
0
0.154905
0.133916
0.0566513
0.15505
0.134515
0.0571097
0.154308
0.131559
0.0551904
0.15234
0.125042
0.0505027
0.152144
0.124486
0.0501549
0.149095
0.117686
0.0474668
0.150957
0.12166
0.0503641
0.151219
0.12214
0.0491025
0.148136
0.115894
0.0464306
0.145653
0.111141
0.0419951
0.140909
0.102751
0.0356376
0.140612
0.102247
0.0351159
0.144109
0.108347
0.0389342
0.138592
0.0991169
0.0321949
0.138933
0.0996085
0.0325132
0.13406
0.0924775
0.0276248
0.133825
0.0922325
0.0274407
0.0285635
6.88492e-06
0
0.028256
6.6339e-05
0
0.0292314
1.95725e-06
0
0.0259517
0.00012103
0
0.0264666
0.000152789
0
0.0253187
8.4189e-05
0
0.037029
0.0155693
0
0.0379507
0.016612
0
0.157916
0.153929
0.107316
0.114594
0.0633241
0.00285931
0.115216
0.064249
0.00250019
0.115834
0.0650161
0.00279089
0.154065
0.13134
0.0475648
0.152996
0.127287
0.0406796
0.154692
0.133863
0.0521337
0.155221
0.136174
0.0572067
0.148778
0.11358
0.0211173
0.129082
0.0710711
0
0.0943468
0.0282734
0
0.0956162
0.0293479
0
0.100589
0.0340176
0
0.0996632
0.032984
0
0.104436
0.038139
0
0.10607
0.0398649
0
0.0914312
0.0259053
0
0.0898331
0.0246732
0
0.0851897
0.021285
0
0.0862926
0.0220014
0
0.0736231
0.0138878
0
0.0749653
0.0146827
0
0.0807778
0.0182367
0
0.0797777
0.0176641
0
0.0691689
0.0113974
0
0.031899
0
0
0.0321455
0.00370134
0
0.155699
0.137648
0.0605142
0.155468
0.136439
0.059474
0.156088
0.139799
0.0642922
0.152558
0.125749
0.051364
0.152772
0.126485
0.0524435
0.149778
0.119329
0.0494544
0.150705
0.121255
0.0504263
0.14752
0.114677
0.0453296
0.14636
0.112524
0.0431054
0.141655
0.104193
0.0361009
0.143152
0.106533
0.0375003
0.138297
0.098792
0.0321638
0.138077
0.0986347
0.0322818
0.137319
0.0971872
0.0315967
0.129604
0.0856241
0.0197643
0.131307
0.0883214
0.0235808
0.130776
0.0875725
0.0220076
0.132199
0.0896275
0.0235838
0.132506
0.0901212
0.0239582
0.120588
0.0715161
0.00745072
0.118736
0.0690638
0.00484317
0.104014
0.0509178
0
0.10298
0.0500028
0
0.158116
0.157308
0.135029
0.158133
0.15767
0.141795
0.158132
0.157671
0.142265
0.0450362
0.0255312
0.00025483
0.046632
0.0276752
0.00054864
0.142453
0.0976468
0.00740424
0.134234
0.0804562
0
0.143576
0.100257
0.00923415
0.132738
0.077852
0
0.0502129
0.0023123
0
0.0429626
0
0
0.0359982
0
0
0.0420334
0
0
0.0353513
0
0
0.0920517
0.0475942
0.00690975
0.157094
0.145969
0.0765473
0.156945
0.144961
0.0736923
0.12227
0.0738223
0.0100671
0.125707
0.0793098
0.0152367
0.125358
0.0787922
0.0148017
0.121922
0.0733199
0.00979458
0.121229
0.07239
0.00868208
0.157929
0.152743
0.103076
0.157996
0.154155
0.108697
0.049688
0.0257074
0.00285222
0.109974
0.057402
0.000359644
0.0252475
0.000624664
0
0.0264281
0.00096707
0
0.0294522
0.00567243
0
0.0383571
0.0121932
0
0.0496837
0.0302389
4.82844e-05
0.154019
0.130493
0.0540675
0.134312
0.0928191
0.0279708
0.134652
0.0932532
0.02692
0.13583
0.0951481
0.0297371
0.0999904
0.048028
0
0.156912
0.144395
0.0760222
0.0256885
0.000423979
0
0.158004
0.155309
0.116278
0.157954
0.154552
0.111405
0.112876
0.061079
0.00203205
0.109013
0.056315
0
0.112325
0.060366
0.00210286
0.111823
0.0595365
0.00237082
0.15626
0.140847
0.0671329
0.137491
0.0869514
0.000559183
0.13877
0.0895208
0.00197124
0.147685
0.110728
0.0186204
0.146662
0.10801
0.0160441
0.0473039
0.00128118
0
0.0461014
0.000811546
0
0.0382555
0
0
0.0325405
0
0
0.024413
0.000397368
0
0.0255168
0.000465098
0
0.0248869
0.000479966
0
0.0300029
0.00599782
0
0.0366437
0.00884749
0
0.0505217
0.0308075
0.000211572
0.157393
0.148375
0.0835111
0.15746
0.148979
0.0857943
0.153335
0.128114
0.0524228
0.153817
0.129661
0.0527561
0.153081
0.1274
0.0533175
0.137003
0.0966155
0.0308253
0.136123
0.0955038
0.0300898
0.12352
0.075832
0.011653
0.0993593
0.0471875
0
0.0375498
0.0102329
0
0.0429354
0.0219566
0
0.0478498
0.0289265
0.000303382
0.100713
0.0487553
0.00111761
0.100732
0.0482038
0.0004055
0.100621
0.0490086
0.0008588
0.10034
0.0488108
3.33772e-05
0.141071
0.0942303
0.00457519
0.0348819
0.00716935
0
0.0353941
0.00758377
0
0.135418
0.0826548
0
0.144943
0.103354
0.0112918
0.131429
0.0755365
0
0.123677
0.0628306
0
0.124958
0.0647945
0
0.113849
0.0492344
0
0.11481
0.05047
0
0.122573
0.0610645
0
0.121682
0.059738
0
0.112205
0.0472768
0
0.110845
0.0456386
0
0.0509985
0.00262645
0
0.0523307
0.00310764
0
0.060144
0.00660812
0
0.058999
0.00609539
0
0.0614164
0.00720279
0
0.0628197
0.00791588
0
0.049436
0.00205281
0
0.0439428
0.000152463
0
0.0367148
0
0
0.0410543
0
0
0.0345427
0
0
0.0343775
0.005887
0
0.0343277
0.0066869
0
0.157173
0.146547
0.0779412
0.157255
0.1472
0.0802138
0.156789
0.143894
0.0721976
0.128989
0.0846541
0.0202876
0.129271
0.0850904
0.0207393
0.122661
0.0744366
0.0104531
0.128683
0.0842044
0.0197919
0.128094
0.08339
0.0182153
0.126062
0.0798924
0.015706
0.124938
0.0781158
0.0138369
0.0984062
0.0484678
0.00318488
0.0378867
0.0110602
0
0.036715
0.0089123
0
0.0371457
0.00951831
0
0.158112
0.157252
0.136212
0.158067
0.156404
0.126255
0.158031
0.15576
0.120671
0.110934
0.058496
0.0012552
0.0252398
0.000750082
0
0.0251793
0.000605245
0
0.0275743
0.002302
0
0.0286208
0.00401367
0
0.0403047
0.0163986
0
0.0488211
0.0296763
8.74169e-05
0.154193
0.131207
0.055224
0.134959
0.0937471
0.027378
0.13534
0.0944134
0.0283068
0.10177
0.0494272
0.00330172
0.101318
0.0489239
0.00201413
0.100243
0.0483696
0
0.157209
0.146353
0.0816275
0.157539
0.14854
0.0875199
0.0258024
0.000338545
0
0.0258799
0.000190072
0
0.0362739
0.00839676
0
0.0358292
0.00794901
0
0.113452
0.0618217
0.00214752
0.114038
0.0625822
0.00236853
0.107181
0.0543112
0
0.108074
0.055247
0
0.136364
0.0846296
0
0.140177
0.0922875
0.00334396
0.145769
0.105532
0.0135455
0.130329
0.0735456
0
0.127958
0.0692992
0
0.126394
0.0669718
0
0.117068
0.0535791
0
0.115848
0.0519287
0
0.118442
0.0554232
0
0.119977
0.0574756
0
0.109213
0.0435322
0
0.0553041
0.00448387
0
0.0537738
0.00375755
0
0.0568179
0.00521972
0
0.0580044
0.00571371
0
0.0667056
0.00987558
0
0.0677829
0.0105034
0
0.0657382
0.00945457
0
0.0643631
0.00875663
0
0.0485893
0.00184392
0
0.0449843
0.000452241
0
0.0374693
0
0
0.0397301
0
0
0.0335276
0
0
0.0253951
0.000532219
0
0.0251985
0.000527675
0
0.0302379
0.00429853
0
0.0350266
0.00616448
0
0.0508797
0.0310542
0.000254568
0.157535
0.149708
0.0892283
0.156544
0.142367
0.0684568
0.156703
0.14335
0.071073
0.156429
0.141612
0.0666266
0.156265
0.140724
0.0666482
0.153469
0.128468
0.052066
0.153633
0.12899
0.0521457
0.136678
0.0961336
0.0303608
0.13638
0.0957597
0.0301352
0.123083
0.0751223
0.0109621
0.12713
0.0819172
0.0160164
0.127581
0.0826405
0.0169112
0.126398
0.0805019
0.0162991
0.126756
0.081262
0.0155907
0.124427
0.0774022
0.0127077
0.0988852
0.0473141
0
0.158128
0.157576
0.140672
)
;

boundaryField
{
    topAndBottom
    {
        type            calculated;
        value           nonuniform List<scalar> 
72
(
0.159242
0.159242
0.159068
0.159068
0.158895
0.158895
0.158721
0.158721
0.158547
0.158548
0.158374
0.158374
0.158201
0.158201
0.158028
0.158028
0.157854
0.157855
0.157681
0.157682
0.157508
0.157509
0.157335
0.157336
0.157162
0.157163
0.156989
0.156989
0.156816
0.156816
0.156643
0.156642
0.15647
0.156467
0.156297
0.156293
0.156124
0.156118
0.155951
0.155944
0.155778
0.155769
0.155605
0.155594
0.155432
0.15542
0.155258
0.155245
0.155085
0.15507
0.154912
0.154896
0.154739
0.154721
0.154566
0.154547
0.154393
0.154372
0.15422
0.154198
0.154047
0.154024
0.153874
0.153849
0.153701
0.153675
0.153529
0.1535
0.153356
0.153326
0.153183
0.153151
)
;
    }
    inlet
    {
        type            calculated;
        value           uniform 0;
    }
    outlet
    {
        type            calculated;
        value           nonuniform List<scalar> 
24
(
0.153183
0.153185
0.153189
0.153193
0.153199
0.153207
0.153218
0.153223
0.153231
0.153216
0.152776
0.142678
0.148117
0.153154
0.153226
0.153223
0.15321
0.153203
0.153187
0.153175
0.153166
0.15316
0.153155
0.153151
)
;
    }
    wing
    {
        type            calculated;
        value           uniform 0;
    }
    front
    {
        type            empty;
    }
    back
    {
        type            empty;
    }
}


// ************************************************************************* //
