/*--------------------------------*- C++ -*----------------------------------*\
| =========                 |                                                 |
| \\      /  F ield         | OpenFOAM: The Open Source CFD Toolbox           |
|  \\    /   O peration     | Version:  5.x                                   |
|   \\  /    A nd           | Web:      www.OpenFOAM.org                      |
|    \\/     M anipulation  |                                                 |
\*---------------------------------------------------------------------------*/
FoamFile
{
    version     2.0;
    format      ascii;
    class       volScalarField;
    location    "300";
    object      Y;
}
// * * * * * * * * * * * * * * * * * * * * * * * * * * * * * * * * * * * * * //

dimensions      [0 0 0 0 0 0 0];

internalField   nonuniform List<scalar> 
6584
(
0.00632781
0.00632781
0.00632781
0.00632781
0.00632781
0.00632781
0.00632781
0.00632782
0.00632782
0.00632782
0.00632782
0.00632782
0.00632782
0.00632782
0.00632782
0.00632782
0.00632782
0.00632781
0.00632781
0.00632781
0.00632781
0.00632781
0.00632781
0.00632781
0.00632561
0.00632561
0.00632561
0.00632562
0.00632562
0.00632562
0.00632562
0.00632563
0.00632563
0.00632563
0.00632563
0.00632563
0.00632564
0.00632563
0.00632563
0.00632563
0.00632563
0.00632563
0.00632562
0.00632562
0.00632562
0.00632561
0.00632561
0.00632561
0.00632341
0.00632342
0.00632342
0.00632342
0.00632342
0.00632342
0.00632343
0.00632344
0.00632345
0.00632454
0.00632454
0.00632454
0.00632454
0.00632454
0.00632454
0.00632345
0.00632344
0.00632344
0.00632343
0.00632342
0.00632342
0.00632342
0.00632342
0.00632341
0.00632122
0.00632122
0.00632122
0.00632123
0.00632123
0.00632123
0.00632124
0.00632125
0.00632126
0.00632235
0.00632235
0.00632234
0.00632234
0.00632235
0.00632235
0.00632235
0.00632125
0.00632124
0.00632124
0.00632123
0.00632123
0.00632123
0.00632122
0.00632122
0.00631902
0.00631903
0.00631903
0.00631903
0.00631904
0.00631904
0.00631904
0.00631904
0.00632015
0.00632016
0.00632014
0.00632013
0.00632013
0.00632014
0.00632015
0.00632016
0.00632015
0.00631906
0.00631905
0.00631904
0.00631904
0.00631903
0.00631903
0.00631903
0.00631683
0.00631683
0.00631684
0.00631684
0.00631684
0.00631685
0.00631686
0.00631795
0.00631794
0.00631793
0.00631848
0.00631845
0.00631844
0.00631847
0.00631795
0.00631797
0.00631797
0.00631689
0.00631687
0.00631686
0.00631685
0.00631684
0.00631684
0.00631683
0.00631464
0.00631464
0.00631464
0.00631465
0.00631466
0.00631466
0.00631468
0.00631576
0.00631575
0.00631573
0.00631622
0.00631645
0.00631641
0.00631621
0.0063163
0.0063158
0.0063158
0.00631472
0.00631469
0.00631468
0.00631466
0.00631465
0.00631465
0.00631464
0.00631245
0.00631245
0.00631245
0.00631246
0.00631247
0.00631248
0.00631251
0.00631358
0.00631358
0.00631358
0.00631401
0.00631411
0.00631421
0.00631414
0.00631366
0.00631365
0.00631257
0.00631252
0.0063125
0.00631248
0.00631247
0.00631246
0.00631245
0.00631026
0.00631026
0.00631027
0.00631028
0.00631029
0.00631031
0.00631034
0.00631142
0.00631142
0.00631145
0.00631188
0.00631198
0.00631211
0.00631205
0.00631155
0.00631152
0.00631042
0.00631036
0.00631032
0.0063103
0.00631028
0.00631027
0.00631026
0.00630807
0.00630807
0.00630808
0.00630809
0.00630811
0.00630813
0.00630817
0.00630926
0.00630928
0.00630934
0.00630981
0.00630998
0.00631019
0.00631002
0.00630947
0.0063094
0.00630827
0.00630819
0.00630815
0.00630812
0.0063081
0.00630808
0.00630807
0.00630588
0.00630588
0.00630589
0.00630591
0.00630593
0.00630596
0.00630601
0.0063071
0.00630714
0.00630723
0.00630774
0.00630799
0.00630829
0.00630801
0.00630739
0.00630728
0.00630613
0.00630603
0.00630598
0.00630594
0.00630591
0.00630589
0.00630588
0.00630369
0.00630369
0.00630371
0.00630372
0.00630375
0.00630378
0.00630384
0.00630494
0.006305
0.00630511
0.00630565
0.00630595
0.00630631
0.00630596
0.00630529
0.00630516
0.00630398
0.00630387
0.0063038
0.00630376
0.00630372
0.0063037
0.00630369
0.0063015
0.00630151
0.00630152
0.00630154
0.00630157
0.00630161
0.00630167
0.00630277
0.00630284
0.00630296
0.00630352
0.00630381
0.00630421
0.00630386
0.00630317
0.00630302
0.00630182
0.0063017
0.00630163
0.00630157
0.00630153
0.00630151
0.00630149
0.0062993
0.00629932
0.00629933
0.00629936
0.00629939
0.00629943
0.0062995
0.00629954
0.00630067
0.00630077
0.0063013
0.00630151
0.00496033
0.00630171
0.0063017
0.00630102
0.00630087
0.00629965
0.00629953
0.00629945
0.00629938
0.00629934
0.00629932
0.0062993
0.00629711
0.00629713
0.00629714
0.00629717
0.0062972
0.00629725
0.00629731
0.00629733
0.00629845
0.00629856
0.00629909
0.00629901
0.00593425
0.00629951
0.00629892
0.00629884
0.00629755
0.00629746
0.00629733
0.00629726
0.0062972
0.00629715
0.00629712
0.0062971
0.00629492
0.00629494
0.00629496
0.00629498
0.00629502
0.00629506
0.00629511
0.00629514
0.00629626
0.00629637
0.00629637
0.00629679
0.00596047
0.00629676
0.00629673
0.00629666
0.00629537
0.00629527
0.00629514
0.00629506
0.006295
0.00629495
0.00629492
0.0062949
0.00629273
0.00629275
0.00629277
0.0062928
0.00629283
0.00629287
0.00629292
0.00629296
0.00629303
0.00629419
0.00629418
0.00629091
0.00613618
0.00629457
0.00629455
0.00629447
0.00629318
0.00629308
0.00629294
0.00629286
0.00629279
0.00629274
0.00629272
0.00629269
0.00629054
0.00629056
0.00629058
0.00629061
0.00629064
0.00629067
0.00629073
0.00629078
0.00629085
0.0062909
0.006292
0.00628721
0.00613802
0.00629238
0.00629126
0.00629111
0.00629098
0.00629088
0.00629074
0.00629066
0.00629059
0.00629054
0.00629051
0.00629047
0.00628835
0.00628836
0.00628839
0.00628842
0.00628845
0.00628848
0.00628854
0.0062886
0.00628867
0.00628872
0.00628814
0.00611279
0.00621645
0.00628911
0.00628907
0.00628892
0.00628879
0.00628868
0.00628854
0.00628845
0.00628838
0.00628833
0.0062883
0.00628826
0.00628616
0.00628617
0.0062862
0.00628623
0.00628626
0.0062863
0.00628636
0.00628642
0.00628649
0.00628654
0.00628541
0.00611118
0.00621465
0.00628692
0.00628689
0.00628673
0.00628659
0.00628648
0.00628634
0.00628625
0.00628618
0.00628612
0.00628609
0.00628605
0.00628396
0.00628398
0.006284
0.00628404
0.00628408
0.00628411
0.00628418
0.00628424
0.00628432
0.00628435
0.00628269
0.00610953
0.00621279
0.00628473
0.0062847
0.00628454
0.0062844
0.00628428
0.00628414
0.00628404
0.00628397
0.00628391
0.00628388
0.00628384
0.00628177
0.00628179
0.00628181
0.00628185
0.00628189
0.00628193
0.006282
0.00628206
0.00628214
0.00628217
0.00627997
0.00610783
0.00621087
0.00628255
0.00628251
0.00628236
0.0062822
0.00628208
0.00628194
0.00628184
0.00628176
0.0062817
0.00628167
0.00628163
0.00627958
0.0062796
0.00627962
0.00627966
0.0062797
0.00627974
0.00627982
0.00627988
0.00627997
0.00627999
0.00627726
0.00610611
0.00620891
0.00628036
0.00628033
0.00628017
0.00628001
0.00627989
0.00627973
0.00627963
0.00627955
0.00627949
0.00627945
0.00627941
0.00627739
0.00627741
0.00627743
0.00627747
0.00627752
0.00627756
0.00627764
0.00627771
0.0062778
0.00627781
0.00627456
0.00610436
0.00620692
0.00627818
0.00627815
0.00627798
0.00627781
0.00627769
0.00627753
0.00627742
0.00627734
0.00627728
0.00627724
0.0062772
0.0062752
0.00627522
0.00627525
0.00627528
0.00627533
0.00627538
0.00627546
0.00627553
0.00627563
0.00627563
0.00627188
0.00610259
0.00620491
0.00627599
0.00627596
0.0062758
0.00627562
0.00627549
0.00627532
0.00627522
0.00627513
0.00627507
0.00627503
0.00627498
0.00627301
0.00627303
0.00627306
0.0062731
0.00627315
0.00627319
0.00627329
0.00627336
0.00627346
0.00627345
0.00626915
0.00610085
0.0062029
0.00627381
0.00627378
0.00627361
0.00627342
0.00627329
0.00627312
0.00627301
0.00627292
0.00627286
0.00627281
0.00627277
0.00627082
0.00627084
0.00627087
0.00627091
0.00627096
0.00627101
0.00627111
0.00627118
0.00627129
0.00627126
0.00626637
0.00609914
0.00620092
0.00627163
0.00627161
0.00627143
0.00627123
0.00627109
0.00627092
0.00627081
0.00627072
0.00627065
0.00627061
0.00627056
0.00626863
0.00626865
0.00626868
0.00626872
0.00626878
0.00626883
0.00626893
0.00626901
0.00626912
0.00626908
0.0062636
0.00609742
0.00619893
0.00626945
0.00626943
0.00626925
0.00626904
0.0062689
0.00626872
0.0062686
0.00626851
0.00626844
0.0062684
0.00626835
0.00626644
0.00626646
0.00626649
0.00626653
0.00626659
0.00626665
0.00626675
0.00626684
0.00626696
0.00626689
0.00626085
0.00609569
0.00619693
0.00626728
0.00626726
0.00626707
0.00626686
0.0062667
0.00626652
0.0062664
0.0062663
0.00626623
0.00626619
0.00626614
0.00626425
0.00626427
0.0062643
0.00626435
0.00626441
0.00626447
0.00626458
0.00626467
0.00626479
0.00626471
0.0062581
0.00609395
0.00619493
0.0062651
0.00626508
0.00626489
0.00626467
0.00626451
0.00626432
0.00626419
0.0062641
0.00626402
0.00626397
0.00626393
0.00626206
0.00626208
0.00626212
0.00626216
0.00626223
0.00626229
0.00626241
0.0062625
0.00626262
0.00626252
0.00625536
0.00609221
0.00619291
0.00626292
0.00626291
0.00626271
0.00626248
0.00626231
0.00626212
0.00626199
0.00626189
0.00626181
0.00626176
0.00626172
0.00625987
0.0062599
0.00625993
0.00625998
0.00626004
0.00626011
0.00626023
0.00626033
0.00626046
0.00626033
0.00625262
0.00609047
0.0061909
0.00626074
0.00626073
0.00626052
0.00626029
0.00626011
0.00625992
0.00625979
0.00625968
0.0062596
0.00625955
0.00625951
0.00625768
0.00625771
0.00625774
0.00625779
0.00625786
0.00625793
0.00625806
0.00625816
0.00625829
0.00625814
0.00624988
0.00608872
0.00618888
0.00625857
0.00625856
0.00625834
0.0062581
0.00625792
0.00625771
0.00625758
0.00625747
0.00625739
0.00625734
0.00625729
0.00625549
0.00625552
0.00625556
0.00625561
0.00625568
0.00625576
0.00625589
0.00625599
0.00625613
0.00625594
0.00624714
0.00608698
0.00618686
0.00625639
0.00625638
0.00625616
0.00625591
0.00625572
0.00625551
0.00625538
0.00625526
0.00625518
0.00625513
0.00625508
0.00625331
0.00625333
0.00625337
0.00625342
0.0062535
0.00625358
0.00625372
0.00625382
0.00625396
0.00625375
0.00624438
0.00608524
0.00618485
0.00625421
0.00625421
0.00625398
0.00625372
0.00625353
0.00625331
0.00625317
0.00625305
0.00625297
0.00625291
0.00625287
0.00625112
0.00625115
0.00625119
0.00625124
0.00625132
0.00625141
0.00625155
0.00625166
0.0062518
0.00625155
0.00624161
0.00608351
0.00618284
0.00625204
0.00625203
0.0062518
0.00625153
0.00625133
0.00625111
0.00625096
0.00625085
0.00625076
0.0062507
0.00625066
0.00631223
0.00631233
0.00631415
0.00631023
0.00631042
0.00631209
0.00630824
0.00630854
0.00631019
0.00630621
0.00630658
0.0063083
0.00630408
0.0063045
0.00630632
0.0063018
0.00488676
0.00491235
0.00630231
0.00630423
0.00631439
0.00631641
0.00631443
0.00631646
0.00631241
0.00631227
0.00631417
0.00631307
0.00631408
0.00631236
0.00631253
0.00631409
0.00631032
0.00631024
0.00631201
0.00631122
0.0063093
0.00631158
0.00630702
0.00631139
0.00631043
0.00631051
0.00631202
0.00630826
0.00630825
0.00630999
0.00630924
0.00630173
0.0063036
0.00626131
0.00628578
0.00630853
0.00630852
0.00631001
0.00630618
0.0063062
0.006308
0.00630724
0.00630256
0.00630194
0.00629378
0.00627295
0.00630656
0.0063065
0.00630802
0.00630268
0.00630299
0.00630448
0.00630442
0.00630599
0.00630251
0.00630298
0.00629956
0.00522499
0.0048923
0.00564116
0.00630005
0.00630201
0.00631182
0.00631296
0.00631302
0.00631292
0.00631105
0.00631408
0.00631306
0.00631156
0.006313
0.00631308
0.00631298
0.0063119
0.00630413
0.00630875
0.00631097
0.00630363
0.00628624
0.00631048
0.0063045
0.00628734
0.0063068
0.00631113
0.0063089
0.00630355
0.00631178
0.00630906
0.00631137
0.00630185
0.00630168
0.00630899
0.00628069
0.00628812
0.00628543
0.00628039
0.00627216
0.00625992
0.00630925
0.00630102
0.00630195
0.00630344
0.00630117
0.00630948
0.00628521
0.00629175
0.00628871
0.00628403
0.00630279
0.00629497
0.00630732
0.00630437
0.00630536
0.006302
0.00630422
0.00630757
0.0062965
0.00629826
0.00629245
0.00629612
0.00630301
0.00630279
0.00630532
0.00630487
0.00630555
0.00629904
0.00629559
0.00629843
0.00629903
0.00630152
0.00630241
0.00631328
0.0063131
0.00631413
0.00631323
0.00631397
0.00630406
0.00630407
0.00630594
0.00630516
0.00630307
0.00630309
0.00623598
0.00620218
0.00630229
0.00630228
0.00630389
0.00631401
0.00631327
0.00631413
0.00631311
0.00631334
0.00630306
0.00630265
0.00630698
0.00492681
0.00513173
0.00581472
0.00593796
0.00514224
0.00537764
0.00619565
0.00613439
0.00630529
0.00630478
0.00630407
0.00595227
0.00602507
0.00630396
0.00630309
0.00630342
0.00631531
0.00631519
0.00631423
0.00631424
0.0063152
0.00631531
0.00631311
0.00631349
0.00631322
0.00631402
0.00631332
0.00631363
0.00630869
0.00630965
0.00627547
0.0062767
0.00628667
0.00628424
0.00630219
0.00613651
0.00630388
0.00626209
0.0062398
0.00624437
0.00626445
0.00630283
0.00628825
0.00631242
0.00624069
0.00630437
0.00622701
0.00631218
0.00630625
0.00631322
0.00631348
0.0063128
0.00629498
0.00631235
0.00631244
0.006294
0.0062929
0.00630875
0.00630832
0.0062955
0.00629659
0.00630429
0.0063107
0.00631107
0.00631022
0.00631058
0.00630421
0.00631069
0.00631169
0.00631207
0.00631119
0.00631157
0.00631032
0.00628416
0.00628458
0.00628113
0.00628071
0.00624272
0.0062452
0.00629972
0.00630884
0.00630918
0.00630838
0.00630872
0.00629964
0.00630254
0.00630975
0.0063101
0.00630929
0.00630963
0.00630241
0.00493406
0.00628841
0.005123
0.0048207
0.00542444
0.00514229
0.00628932
0.00627895
0.00483147
0.00628021
0.00630051
0.00629998
0.00630304
0.00630793
0.00630827
0.00630746
0.00630781
0.00630331
0.0056304
0.00578782
0.00629427
0.00566211
0.00544426
0.00584978
0.0056865
0.00629479
0.00540149
0.00560671
0.00630301
0.00620535
0.00624051
0.00614412
0.00619829
0.00630298
0.00611924
0.0060215
0.00604862
0.00507693
0.00603355
0.00601078
0.0052654
0.00626158
0.00626417
0.00631382
0.00630188
0.00630182
0.0063038
0.00630299
0.00630222
0.00630293
0.00555513
0.00629782
0.00630047
0.00631383
0.00630266
0.00630304
0.00630489
0.00504733
0.00508807
0.00473245
0.00601753
0.00601535
0.00512755
0.00519595
0.00624893
0.00626065
0.0042751
0.0063146
0.00631464
0.0063141
0.00631407
0.00631464
0.0063146
0.00631048
0.0063115
0.00631111
0.00630731
0.0063065
0.00631063
0.00630214
0.00630943
0.00630906
0.00630993
0.00630955
0.00630239
0.00626806
0.00628216
0.00629077
0.00627486
0.0059864
0.00592974
0.00630276
0.00626659
0.00628087
0.00628812
0.00628759
0.00518988
0.00631363
0.0063134
0.00631406
0.0063119
0.00630899
0.0063072
0.00631257
0.00631271
0.00631311
0.00631219
0.00631258
0.00631243
0.00630599
0.00631045
0.00631006
0.00631098
0.00631058
0.00630664
0.00629941
0.00612171
0.00623154
0.00603701
0.00605802
0.0062889
0.00624245
0.00625405
0.00630636
0.00629078
0.0063001
0.00630629
0.00631054
0.00631069
0.00630957
0.00630979
0.00630385
0.00630894
0.00630858
0.00630167
0.00628241
0.0059716
0.00590255
0.00628328
0.00600567
0.00603083
0.0058903
0.00590764
0.00627992
0.00626056
0.00625118
0.00630031
0.00630843
0.00630857
0.00630764
0.00630805
0.00630108
0.00630308
0.00630929
0.0063095
0.00630862
0.00630877
0.00630175
0.00630198
0.00624331
0.00625635
0.0062259
0.00621783
0.00629746
0.00630546
0.00630698
0.00630734
0.00630649
0.00630686
0.00630545
0.00629743
0.00598038
0.00586849
0.00609658
0.00606292
0.00629767
0.00542349
0.00546794
0.0062988
0.00613248
0.00610668
0.00536975
0.00541023
0.00605567
0.00600114
0.00631357
0.00631382
0.00631367
0.00592725
0.0062235
0.00596406
0.0059922
0.00598377
0.00621916
0.00631372
0.00631356
0.00631389
0.00631331
0.00631362
0.00497225
0.00503032
0.00505433
0.005049
0.00587492
0.00519041
0.00514859
0.00527634
0.0052021
0.00589076
0.00520137
0.00524694
0.00617292
0.00616256
0.00598845
0.00538834
0.00531494
0.00520259
0.00523879
0.00631274
0.00631317
0.00631343
0.00631277
0.00631309
0.00631254
0.00630743
0.00631047
0.00626939
0.0062809
0.00629005
0.00627615
0.00615045
0.00626182
0.00625246
0.00627164
0.00626477
0.00614784
0.00623094
0.00622208
0.00624955
0.00623598
0.00625422
0.0060779
0.0061117
0.00601618
0.00606104
0.00625093
0.00589872
0.00591464
0.00627182
0.00631038
0.00630809
0.0063125
0.00631105
0.00627997
0.00629405
0.00628933
0.00630635
0.0062961
0.00631182
0.00631315
0.00631272
0.00631104
0.00630939
0.0063113
0.00630942
0.00631201
0.00631
0.00631203
0.00631264
0.00631043
0.00631179
0.0063127
0.00631223
0.00631148
0.00608542
0.00610518
0.00629781
0.00592685
0.00584208
0.00613945
0.00594483
0.00571691
0.00563661
0.00581568
0.00575084
0.00628988
0.0060653
0.00608028
0.00623027
0.00621011
0.00628689
0.00624748
0.00618618
0.00616312
0.00620656
0.00619203
0.00630689
0.00625667
0.00626388
0.00629195
0.00629949
0.00631018
0.00631045
0.00630522
0.00630395
0.00630987
0.0063101
0.00598925
0.00598351
0.00628292
0.00550715
0.00550448
0.0051862
0.00546812
0.00547098
0.00557568
0.00549675
0.00547377
0.00596799
0.00599717
0.00628265
0.00550628
0.00542189
0.0056167
0.00553222
0.00526252
0.00517429
0.00538936
0.00530148
0.00628006
0.00592197
0.00595644
0.00625251
0.00624921
0.00630825
0.00630838
0.00630014
0.00630048
0.00630809
0.0063082
0.00630905
0.00630923
0.00630295
0.0063019
0.00630882
0.00630899
0.00492967
0.00497708
0.00603591
0.00608038
0.00597377
0.00601966
0.00489328
0.00531441
0.00613589
0.00606936
0.00609222
0.00612576
0.00525619
0.00574759
0.00578261
0.0056361
0.00573499
0.00487485
0.00590782
0.00596007
0.00579995
0.00588129
0.00486641
0.00623198
0.00624012
0.00630168
0.00619657
0.00621334
0.0062179
0.00619581
0.00621313
0.00629806
0.00621283
0.00622503
0.00569328
0.00495824
0.00496444
0.00511931
0.00497732
0.00571612
0.00505258
0.00547405
0.00497064
0.00550831
0.00617251
0.00627944
0.00627375
0.00628626
0.00628134
0.00617714
0.00609545
0.00610472
0.00548762
0.00553459
0.00526745
0.00535324
0.00609286
0.00606822
0.00631449
0.00631463
0.00631627
0.00630314
0.00630289
0.00630203
0.00631427
0.00631431
0.00631397
0.00631391
0.00631429
0.00631428
0.00631529
0.00631524
0.00631429
0.00631203
0.00631163
0.00631079
0.00630712
0.00630057
0.00629962
0.00626297
0.00628454
0.00630798
0.00630762
0.00630218
0.00624506
0.00624077
0.00627351
0.00625921
0.00626581
0.00630347
0.00631239
0.00631255
0.00631216
0.00630197
0.00630509
0.00631149
0.00631279
0.00631239
0.00631278
0.00631015
0.00628673
0.00630057
0.00628848
0.00629864
0.00629761
0.00630618
0.00630708
0.00630716
0.00630366
0.00631087
0.00631103
0.00630939
0.00630169
0.00630846
0.0063081
0.00602206
0.00599182
0.00628641
0.00627067
0.00625081
0.0062491
0.00625852
0.00630086
0.006306
0.00630604
0.00630332
0.00630693
0.006307
0.00630609
0.00630614
0.00630134
0.00627657
0.00606915
0.00603724
0.00630213
0.00630747
0.00630755
0.00630516
0.00630597
0.00630635
0.00503391
0.00503873
0.00616014
0.00614015
0.00629888
0.0050271
0.00502992
0.00628214
0.00628496
0.00630209
0.00631332
0.00631326
0.00492506
0.00496076
0.00497502
0.00511636
0.00515348
0.00492731
0.00494431
0.00510175
0.00507153
0.00534485
0.00608363
0.00607308
0.00614386
0.00544805
0.00540113
0.00599832
0.00631472
0.00631467
0.00631412
0.00631284
0.00631302
0.00631318
0.0063133
0.00631213
0.00631233
0.00631352
0.00631377
0.00631363
0.00630515
0.00630467
0.006308
0.00631009
0.00630855
0.0063077
0.00627255
0.00627794
0.0062552
0.00625832
0.00628826
0.0062812
0.00624175
0.00624885
0.00616195
0.0061633
0.0062005
0.00619542
0.00613646
0.00616667
0.00617053
0.00630359
0.00626845
0.00627569
0.00628212
0.00625567
0.00629225
0.00628795
0.00630957
0.0063078
0.00630036
0.00618132
0.00616496
0.006277
0.00624605
0.00620208
0.0063134
0.00631324
0.00631244
0.0063123
0.0063105
0.00631145
0.00630025
0.00631114
0.0063118
0.00626623
0.00627879
0.00630987
0.00614367
0.00612418
0.00629443
0.00629764
0.00631153
0.00631168
0.00631121
0.00630953
0.00631119
0.00631136
0.00628593
0.00598836
0.00598733
0.0062428
0.00624651
0.00630653
0.00630659
0.00630268
0.00630221
0.0063064
0.00630646
0.00494119
0.00509914
0.005471
0.00549935
0.00517016
0.00519824
0.004815
0.00609372
0.00607553
0.00627775
0.00480303
0.00477025
0.00497857
0.00498304
0.00484684
0.00513051
0.00515004
0.00475126
0.00477021
0.00630731
0.00630739
0.00630225
0.00630375
0.00630714
0.00630723
0.00555603
0.00611084
0.00612374
0.00608346
0.00609718
0.00551884
0.00622154
0.00628281
0.00628758
0.00628621
0.00628461
0.00622697
0.00615586
0.00621398
0.00620706
0.00610271
0.00608764
0.00612154
0.00512774
0.00514867
0.00516047
0.00502291
0.00605656
0.00554389
0.00547218
0.00560915
0.00556189
0.00599937
0.00586996
0.0058762
0.00612074
0.00614909
0.00626929
0.00631374
0.00631383
0.00631362
0.00504924
0.00506033
0.00548307
0.00547936
0.00469159
0.00516614
0.00509207
0.00509372
0.00506368
0.0050802
0.00518585
0.00429456
0.00607356
0.00609126
0.00631437
0.00631432
0.00631396
0.00630236
0.00630148
0.00630721
0.00630482
0.00630756
0.00630947
0.00630661
0.00630716
0.00626585
0.00628334
0.00622339
0.00622836
0.00622874
0.0062232
0.00627408
0.00623763
0.00623573
0.00597384
0.0058789
0.00587746
0.00589575
0.00589196
0.00595783
0.00630848
0.00631049
0.00631063
0.00631011
0.00631037
0.00630792
0.00628962
0.0063045
0.00629645
0.0062936
0.00630376
0.00630723
0.00630732
0.00625053
0.00625176
0.00626749
0.00625418
0.00630592
0.00630596
0.00630056
0.00630679
0.00630686
0.0063032
0.00630157
0.00630618
0.00630624
0.00622628
0.00624321
0.00623635
0.00624889
0.00624677
0.0062246
0.00504492
0.00505557
0.00502879
0.00502625
0.0053837
0.00517496
0.00516303
0.00589597
0.00589565
0.00603905
0.00592613
0.00594933
0.00588388
0.00590189
0.00601969
0.0063135
0.00631342
0.00631347
0.00631346
0.00631375
0.00631378
0.00631388
0.00631359
0.00631366
0.00631365
0.00595591
0.00610105
0.00609263
0.00612461
0.00611239
0.0059656
0.00601933
0.00606119
0.00604373
0.00608588
0.00607708
0.00600477
0.00631365
0.00631372
0.00631362
0.00631266
0.00631197
0.00631343
0.00631325
0.00493355
0.00508712
0.00498355
0.00497853
0.00505319
0.00505121
0.00536088
0.00538342
0.00516645
0.00491765
0.00491371
0.0051709
0.00495878
0.00494804
0.00495543
0.00529911
0.00501362
0.00495286
0.00609188
0.00610759
0.00618197
0.00604821
0.00605288
0.00603603
0.00603931
0.0061525
0.00606863
0.00607525
0.00520943
0.00502663
0.00504526
0.0050102
0.00501176
0.00522004
0.00631297
0.00631307
0.0063129
0.00631209
0.00631249
0.00631284
0.00630142
0.00630763
0.006304
0.00630321
0.00630522
0.00630594
0.00630357
0.00630444
0.00627076
0.00627924
0.0062345
0.00623606
0.00623039
0.00623252
0.00628928
0.00625995
0.00626107
0.00623512
0.00623722
0.00627828
0.00623593
0.00617609
0.00616568
0.00614181
0.00619117
0.00618568
0.00622726
0.00617572
0.00617438
0.00619208
0.00618267
0.00622466
0.00624607
0.00620043
0.0062058
0.0061805
0.00619093
0.00624141
0.00617156
0.00603102
0.0061439
0.00613538
0.00588775
0.00589605
0.00626792
0.00629595
0.00629412
0.00626377
0.00628691
0.00630309
0.00629883
0.00620819
0.00619394
0.00626111
0.00626427
0.00629101
0.00623859
0.00622358
0.00630554
0.00630789
0.0063117
0.00630944
0.00630253
0.00629309
0.006302
0.00631096
0.00631166
0.00631187
0.00631085
0.0063112
0.00630972
0.00630799
0.0063095
0.00631221
0.00631162
0.00631133
0.00631237
0.00631182
0.0063124
0.00631077
0.00631096
0.00631008
0.00631106
0.00590458
0.00587167
0.00608492
0.00584126
0.00587003
0.00578105
0.00596069
0.00568672
0.00565998
0.00579242
0.00577236
0.00621995
0.00612398
0.00614612
0.00607977
0.00610112
0.00621415
0.0062823
0.00624536
0.00625589
0.00615899
0.0062204
0.00627131
0.00610613
0.00607128
0.00618017
0.00593958
0.00596174
0.00590138
0.00592026
0.00617341
0.00620292
0.00604392
0.00606072
0.00598651
0.00601396
0.00619773
0.00629336
0.00629864
0.00551727
0.00520381
0.00524764
0.00511477
0.00515732
0.00551193
0.00525933
0.00527149
0.00527055
0.00537086
0.00548626
0.00488514
0.00492645
0.00496085
0.00488955
0.00552101
0.00548919
0.00504007
0.00507578
0.00497082
0.0050077
0.0054818
0.00548422
0.0054588
0.00559593
0.00556205
0.00522753
0.0051957
0.005361
0.00533671
0.00624625
0.00624781
0.00630281
0.00630666
0.00630672
0.00630629
0.00630635
0.00630205
0.00494291
0.00537325
0.0054309
0.00505722
0.0048322
0.00524261
0.00530512
0.00487482
0.00483752
0.00575831
0.00525113
0.00524902
0.00568544
0.00517841
0.00507492
0.00524383
0.00522497
0.00571657
0.0049597
0.00491534
0.00505195
0.0051031
0.00486344
0.00483955
0.0049499
0.00623564
0.00626837
0.0062658
0.0062721
0.00627029
0.00623788
0.00620226
0.00621017
0.00621003
0.00619522
0.0061951
0.00620142
0.00621229
0.00625389
0.00625096
0.00626219
0.0062579
0.00621747
0.00495531
0.00514494
0.00516566
0.00511447
0.00512935
0.00495869
0.00506848
0.0052875
0.00532979
0.00519676
0.00523974
0.00501836
0.00504306
0.0049071
0.00491399
0.00493192
0.00491753
0.00497418
0.0050648
0.00509565
0.00495042
0.00500846
0.00496641
0.00622437
0.00621991
0.0061665
0.00609377
0.00611525
0.00507786
0.0051134
0.00530074
0.00507898
0.00503329
0.00514813
0.00512369
0.00533092
0.00503297
0.00503245
0.00587772
0.00588127
0.00631904
0.00631903
0.00632014
0.00631901
0.00631901
0.00632013
0.00631901
0.00631901
0.00632013
0.00631903
0.00631904
0.00632014
0.00631683
0.00631681
0.00631792
0.00631678
0.00631676
0.00631847
0.00631674
0.00631671
0.00631844
0.00631671
0.00631675
0.00631845
0.00631678
0.00631682
0.00631849
0.00631685
0.00631687
0.00631795
0.00631465
0.0063146
0.00631625
0.00631456
0.00631445
0.00631618
0.00631556
0.00631553
0.00631644
0.00631547
0.00631551
0.00631641
0.00631563
0.00631567
0.00631622
0.00631467
0.00631472
0.00631579
0.00631251
0.00631245
0.00631406
0.00631347
0.00631346
0.006314
0.00631383
0.00631381
0.00631409
0.00631339
0.0063135
0.00631431
0.00631256
0.00631263
0.00631367
0.00631039
0.00631035
0.00631192
0.00631136
0.00631136
0.00631188
0.00631172
0.00631172
0.00631198
0.00631138
0.00631146
0.00631221
0.00631052
0.00631056
0.00631159
0.00630829
0.00630827
0.00630983
0.00630929
0.00630931
0.00630982
0.00630973
0.00630973
0.00630997
0.00630948
0.00630951
0.00631024
0.00630851
0.0063085
0.00630953
0.00630617
0.00630618
0.00630775
0.00630722
0.00630726
0.00630777
0.00630774
0.00630775
0.006308
0.00630756
0.00630754
0.00630828
0.00630648
0.00630643
0.00630747
0.00630404
0.00630405
0.00630565
0.00630569
0.00630569
0.00630595
0.00630554
0.00630547
0.00630625
0.00630439
0.00630433
0.00630539
0.00630187
0.00630188
0.00630351
0.0063034
0.00630339
0.00630392
0.00630224
0.0063022
0.00630327
0.00629965
0.00629962
0.00630072
0.00629964
0.00629959
0.00630124
0.00630067
0.00629953
0.00630036
0.0051082
0.0062259
0.00623298
0.00630007
0.0063001
0.00630174
0.00630002
0.00630004
0.00630112
0.00629746
0.00629743
0.00629852
0.00629746
0.00629738
0.00629904
0.00629735
0.00558771
0.0055753
0.00595434
0.00629783
0.0062995
0.00629784
0.00629789
0.00629952
0.00629782
0.00629784
0.00629894
0.00629527
0.00629523
0.00629633
0.00629319
0.00592754
0.00559123
0.0061352
0.00629542
0.00629727
0.00629567
0.0062957
0.0062968
0.00631223
0.00631249
0.00631249
0.00631258
0.00631267
0.00631227
0.00631413
0.00631386
0.00631388
0.00631022
0.00631047
0.00631047
0.00631066
0.00631066
0.0063103
0.00631214
0.00631176
0.00631185
0.00630825
0.0063085
0.00630849
0.00630878
0.0063088
0.00630845
0.00631018
0.00630984
0.00630996
0.00630622
0.00630648
0.00630647
0.00630683
0.00630689
0.00630653
0.00630834
0.00630798
0.00630806
0.00630476
0.00630474
0.00630447
0.00630628
0.00630603
0.00630607
0.00630063
0.00630197
0.0063027
0.00469041
0.00539186
0.00539941
0.00581453
0.00581622
0.00430605
0.00630421
0.00630394
0.00630396
0.00631429
0.00631523
0.00631527
0.006314
0.006314
0.00631391
0.00631641
0.0063155
0.00631547
0.00631399
0.00631401
0.00631472
0.0063147
0.00631441
0.00631645
0.00631555
0.00631558
0.0063124
0.00631293
0.00631294
0.00631306
0.00631291
0.00631239
0.00631398
0.00631344
0.00631333
0.00631321
0.00631316
0.00631289
0.00631405
0.00631389
0.00631393
0.00631247
0.00631324
0.00631312
0.00631304
0.00631304
0.00631254
0.00631408
0.00631356
0.00631356
0.00631033
0.00631085
0.00631084
0.00631099
0.00631085
0.00631034
0.00631187
0.00631136
0.00631124
0.00631122
0.00631147
0.00631147
0.00630974
0.0063108
0.00631059
0.00631187
0.00631171
0.00631134
0.00631075
0.00631005
0.00631112
0.00631048
0.00631122
0.00631114
0.00631101
0.00631104
0.00631055
0.00631203
0.00631154
0.00631151
0.00630829
0.0063088
0.00630878
0.006309
0.00630882
0.00630832
0.00630984
0.00630933
0.00630925
0.00630924
0.00630948
0.00630948
0.00630181
0.00630742
0.00630731
0.00630837
0.00630816
0.00630312
0.00630853
0.00630927
0.00630924
0.00630902
0.00630908
0.00630858
0.00631006
0.00630957
0.00630952
0.00630622
0.00630674
0.0063067
0.00630698
0.00630677
0.00630625
0.00630781
0.00630729
0.00630724
0.00630725
0.0063075
0.00630749
0.00630227
0.00630749
0.00630713
0.00630651
0.00630644
0.00630202
0.0062926
0.00626614
0.0062696
0.00630652
0.00630728
0.00630731
0.00630701
0.00630708
0.00630657
0.00630808
0.00630758
0.00630752
0.00630254
0.00628441
0.00628834
0.0062963
0.00629696
0.00630317
0.00630445
0.00630498
0.00630528
0.00630495
0.00630501
0.00630448
0.00630605
0.00630553
0.00630547
0.0063026
0.00630035
0.00630042
0.00629934
0.00629959
0.00630294
0.00629891
0.00629925
0.00630012
0.00519774
0.00628731
0.0062863
0.00601829
0.00602377
0.00491576
0.00629698
0.00629761
0.00557801
0.00630061
0.00630044
0.00629978
0.00630174
0.00630072
0.00630117
0.00631203
0.00631218
0.00631203
0.00631309
0.00631269
0.00631254
0.00631275
0.00631275
0.00631301
0.00631277
0.00631224
0.00631286
0.00631393
0.0063139
0.00631406
0.00631299
0.00631316
0.0063132
0.00631168
0.00631123
0.00631106
0.00631298
0.00631289
0.00631293
0.00631307
0.00631281
0.00631282
0.00631284
0.00631288
0.00631302
0.00631209
0.00631222
0.00631211
0.00630472
0.00630883
0.00630859
0.00631037
0.00631012
0.00630806
0.00631072
0.00631072
0.00631097
0.0063025
0.00629075
0.00629396
0.00625375
0.00625529
0.00628707
0.00629604
0.00629751
0.0063052
0.00631114
0.00631078
0.0063109
0.0063086
0.0063098
0.00630998
0.00631134
0.00631182
0.00631195
0.00631012
0.00631023
0.00630917
0.00631161
0.00631163
0.00631126
0.00630178
0.00630666
0.00630659
0.0063072
0.0063071
0.00630167
0.00630874
0.00630874
0.00630899
0.00628129
0.00624207
0.00624053
0.00625823
0.00625668
0.00628751
0.00628468
0.00625085
0.00625228
0.00623949
0.00623888
0.00628004
0.00630926
0.00630891
0.00630901
0.00630617
0.00630614
0.00630183
0.00630972
0.00630972
0.00630937
0.00628634
0.00618477
0.00616605
0.00624874
0.00624537
0.006291
0.00628928
0.00626136
0.00625983
0.00615987
0.00613819
0.00628281
0.00630255
0.00629466
0.00629554
0.0062733
0.00627637
0.00629601
0.00630738
0.00630702
0.00630708
0.00630469
0.00630679
0.00630688
0.00630621
0.00630631
0.0063054
0.00630203
0.00630618
0.00630618
0.00630697
0.00630706
0.00630384
0.00630781
0.00630786
0.00630751
0.00629684
0.00627324
0.00627144
0.00628147
0.00628037
0.00629809
0.0062931
0.00625484
0.00625187
0.00626951
0.00626744
0.00629572
0.00630302
0.00629869
0.00629903
0.00628947
0.00629243
0.00630288
0.00630527
0.00630599
0.0063061
0.00630546
0.00630584
0.0063051
0.00630581
0.00630577
0.00630552
0.00629897
0.00617979
0.00616588
0.00615358
0.00617321
0.00629865
0.00629857
0.00628339
0.00628247
0.00630196
0.0062853
0.00628546
0.00631327
0.00631354
0.00631355
0.00631353
0.00631364
0.00631323
0.00631406
0.00631378
0.00631368
0.00631393
0.00631383
0.00631387
0.00630488
0.00630466
0.00630413
0.00630573
0.0063052
0.00630515
0.00630516
0.00630543
0.00630542
0.00630312
0.00630528
0.00630503
0.00630579
0.00630554
0.00630313
0.00623188
0.00618469
0.00619171
0.0061379
0.00614903
0.00620857
0.00630231
0.00630285
0.00630312
0.00631391
0.00631388
0.00631398
0.00631297
0.00631326
0.00631342
0.00631368
0.0063138
0.00631423
0.00631325
0.00631366
0.00631353
0.00631361
0.00631359
0.00631333
0.00630293
0.0063065
0.00630604
0.006307
0.00630663
0.00630287
0.00630673
0.00630673
0.00630699
0.00583753
0.00561398
0.00559112
0.00573119
0.00570919
0.0059222
0.00618915
0.00611766
0.00612701
0.00630526
0.006305
0.00630503
0.0063045
0.00630493
0.00630532
0.0063044
0.00630479
0.0063044
0.00596582
0.00577357
0.00575301
0.00586249
0.00584871
0.0060164
0.0063036
0.00630387
0.00630414
0.00630333
0.0063036
0.00630347
0.00630369
0.00630367
0.0063034
0.00631532
0.00631482
0.00631479
0.00631487
0.00631485
0.00631534
0.00631415
0.00631468
0.00631471
0.0063144
0.00631438
0.00631421
0.00631534
0.00631485
0.00631488
0.00631479
0.00631482
0.00631532
0.0063135
0.00631325
0.00631335
0.00631373
0.00631385
0.00631402
0.00631339
0.00631349
0.00631342
0.00631378
0.00631374
0.00631359
0.00627752
0.00628281
0.00630237
0.0063038
0.00629965
0.00630006
0.00625979
0.00622813
0.00623195
0.00619817
0.00620379
0.00624325
0.00625441
0.00628891
0.00628764
0.00629102
0.00629003
0.00625713
0.00630289
0.00629981
0.00629999
0.00631078
0.00631194
0.00631261
0.00631186
0.00630624
0.00631009
0.00630785
0.00631127
0.00631049
0.00631336
0.00631324
0.006313
0.00631334
0.00631331
0.00631345
0.00631218
0.00631205
0.00631225
0.00631253
0.00631241
0.0063123
0.0062679
0.00627014
0.00629513
0.00629188
0.00626402
0.00626589
0.0063047
0.00630568
0.00630915
0.00630787
0.00630278
0.00630374
0.00630779
0.00630793
0.00630443
0.00631082
0.00631069
0.00631056
0.00631096
0.00631083
0.00631095
0.00631033
0.00631017
0.00631004
0.00631043
0.0063103
0.00631045
0.00630413
0.00630759
0.00630768
0.00631119
0.00631133
0.00631091
0.00631182
0.00631176
0.00631163
0.00631202
0.00631189
0.00631194
0.00631132
0.00631123
0.0063111
0.0063115
0.00631137
0.00631144
0.00630997
0.00631086
0.00631103
0.00624938
0.00624857
0.00628376
0.00628501
0.00625108
0.00625021
0.00624325
0.00624441
0.00628158
0.00628041
0.00624119
0.00624217
0.00630579
0.00630582
0.00629984
0.00630895
0.00630878
0.00630867
0.006309
0.00630889
0.00630906
0.0063085
0.00630834
0.00630823
0.00630856
0.00630845
0.00630861
0.00629968
0.00630579
0.00630578
0.00630986
0.00630968
0.00630956
0.00630992
0.0063098
0.00630998
0.0063094
0.00630922
0.00630911
0.00630945
0.00630933
0.00630952
0.00623346
0.00619092
0.00628743
0.00539967
0.00572255
0.00574986
0.0055234
0.00554886
0.00516632
0.00629019
0.00624156
0.00623757
0.00628152
0.00612894
0.00610097
0.00628829
0.00628961
0.00630097
0.00629935
0.00628482
0.00628666
0.00630631
0.00630626
0.00630274
0.00630804
0.00630791
0.0063078
0.00630812
0.00630802
0.00630816
0.00630758
0.00630746
0.00630735
0.00630769
0.00630758
0.00630769
0.0063035
0.00630635
0.00630633
0.00565157
0.00539433
0.00537433
0.00556386
0.00553198
0.00576483
0.00626039
0.0062577
0.00629371
0.00563224
0.00591358
0.0059332
0.0057719
0.00579447
0.00546442
0.00577947
0.0061563
0.00616592
0.00613523
0.00614596
0.00575436
0.00629527
0.00626521
0.00626289
0.00542254
0.00513339
0.00511897
0.00535078
0.00531896
0.0055784
0.00629782
0.00629828
0.00630302
0.00621094
0.00624847
0.00624491
0.00626863
0.00626617
0.00623645
0.00624081
0.00623638
0.00619026
0.00630294
0.00629669
0.00629729
0.00603168
0.00567044
0.00562412
0.00572653
0.00568745
0.00604132
0.00604167
0.00589029
0.00587648
0.00625976
0.00615664
0.00617306
0.00623551
0.00623893
0.00626606
0.00630241
0.00630249
0.00630191
0.00630358
0.00630304
0.00630297
0.00630246
0.00630317
0.0063029
0.00630371
0.00630344
0.0063027
0.00617457
0.00617084
0.00552859
0.00629812
0.00628077
0.00628084
0.0062812
0.00628116
0.00629867
0.00630286
0.00630424
0.00630398
0.00630477
0.00630451
0.00630291
0.00630462
0.00630463
0.00630489
0.00508742
0.00503766
0.00469648
0.00601347
0.00574369
0.00567225
0.00575502
0.00574821
0.00601302
0.00625736
0.0061224
0.00610481
0.00616926
0.00619563
0.00626078
0.00427926
0.00529363
0.00550851
0.00631461
0.00631441
0.00631439
0.00631446
0.00631445
0.00631464
0.00631402
0.00631435
0.00631428
0.00631417
0.00631415
0.00631404
0.00631463
0.00631443
0.00631446
0.00631439
0.0063144
0.0063146
0.00631119
0.006311
0.00631013
0.00631137
0.00631128
0.00631142
0.00631098
0.00631113
0.00631124
0.00631085
0.00630953
0.00630922
0.00630766
0.00630754
0.00630194
0.00630931
0.00630893
0.00630906
0.00630869
0.00630881
0.00630919
0.0063098
0.00630945
0.0063096
0.00630918
0.00630932
0.00630968
0.00630272
0.00630797
0.0063078
0.00626218
0.00626369
0.00629159
0.00630014
0.00630026
0.00630268
0.00627786
0.00629265
0.00629189
0.0062939
0.00629332
0.00627944
0.006288
0.00620043
0.00615559
0.0062011
0.00620095
0.00628782
0.00518197
0.00589967
0.00589759
0.0063136
0.00631375
0.00631378
0.00631368
0.00631371
0.00631356
0.00631402
0.00631387
0.00631378
0.00631148
0.00631135
0.00631179
0.00631262
0.00631275
0.00631271
0.00631284
0.0063128
0.00631267
0.00631307
0.00631293
0.00631298
0.00631232
0.00631227
0.00631215
0.00631253
0.0063124
0.00631245
0.00631227
0.00631235
0.00631248
0.00630934
0.00630908
0.00630534
0.00631032
0.00631005
0.00631021
0.00630975
0.0063099
0.00631019
0.00631085
0.00631068
0.00631083
0.00631036
0.00631052
0.00631072
0.00630733
0.00630986
0.0063096
0.00628069
0.00628598
0.00630105
0.0061551
0.00624766
0.00623195
0.00627326
0.00626386
0.00620556
0.00604355
0.00618651
0.00618377
0.00619247
0.00618942
0.00605061
0.00628798
0.00625694
0.00625867
0.00624778
0.0062809
0.00627806
0.00628472
0.00628295
0.00625123
0.0063058
0.0062987
0.00629977
0.00630899
0.0063095
0.00630789
0.00631062
0.00631051
0.00631029
0.00630964
0.00630893
0.00630885
0.0063091
0.00630901
0.00630972
0.00630882
0.00630846
0.00630858
0.00630823
0.00630835
0.0063087
0.00630166
0.00630701
0.00630692
0.00624539
0.00624378
0.00628183
0.00595053
0.00615813
0.00616369
0.00614625
0.00615179
0.00592468
0.00624805
0.00624942
0.00628394
0.00601478
0.00617536
0.00617232
0.00618115
0.00617841
0.00602397
0.00588678
0.00614107
0.00614268
0.0061435
0.00614087
0.00589492
0.00628004
0.00623869
0.00623876
0.00630847
0.00630772
0.00630768
0.00630781
0.00630776
0.00630852
0.00630743
0.00630741
0.00630801
0.00630156
0.00630607
0.006306
0.00630936
0.00630861
0.00630854
0.00630876
0.00630869
0.00630943
0.00630867
0.0063079
0.00630785
0.006308
0.00630795
0.00630872
0.00629269
0.00629369
0.00630228
0.00624768
0.00627638
0.00627411
0.00628075
0.00627868
0.00625237
0.00629682
0.00627849
0.00628002
0.0063066
0.0063067
0.00630547
0.0063071
0.00630701
0.0063069
0.00630724
0.00630713
0.00630722
0.00630661
0.00630655
0.00630643
0.00630678
0.00630666
0.00630674
0.00630543
0.00630641
0.00630651
0.00627645
0.0062749
0.00629715
0.00593416
0.00619052
0.00619759
0.00617475
0.00618292
0.00591816
0.0060859
0.00621497
0.00621987
0.00620391
0.00620968
0.0060748
0.0062979
0.00627917
0.00627786
0.00543706
0.00522344
0.00521105
0.00525387
0.00523697
0.00545145
0.00628501
0.00628424
0.00629869
0.00612443
0.00623223
0.00623571
0.00622437
0.00622846
0.0061159
0.00519891
0.00518684
0.00539699
0.00631377
0.00631372
0.00631363
0.00617161
0.00617784
0.00622769
0.0062143
0.00615851
0.00616558
0.00631368
0.00631378
0.00631382
0.00631394
0.00631383
0.00631379
0.00631353
0.00631343
0.00631355
0.00565214
0.00563373
0.00585698
0.00517933
0.00540137
0.00541752
0.00524196
0.00547593
0.00550382
0.00543388
0.00545271
0.00521778
0.00590716
0.00568896
0.00567
0.00580736
0.00579159
0.00597779
0.00537221
0.00558223
0.00559997
0.0055332
0.00556019
0.00534863
0.00631326
0.00631318
0.00631309
0.00631338
0.00631328
0.00631335
0.00631287
0.00631268
0.00631255
0.00631299
0.00631283
0.00631298
0.00630904
0.00630887
0.00631031
0.0062586
0.00622074
0.00622714
0.00620989
0.00621466
0.0062554
0.0062695
0.00624022
0.00624374
0.00623263
0.00623676
0.00626727
0.00621924
0.00622395
0.00625719
0.00609222
0.00617531
0.0061679
0.00618719
0.00618159
0.00610281
0.00615979
0.0061517
0.00604477
0.00624722
0.00620902
0.00621423
0.00630974
0.00630512
0.00630624
0.00630203
0.00630396
0.00630905
0.0063122
0.00631095
0.00631168
0.00630769
0.00630945
0.0063117
0.00629247
0.00626661
0.00626906
0.00630283
0.00628626
0.00629749
0.00627239
0.00627791
0.00629904
0.00631268
0.00631205
0.00630967
0.00631304
0.00631281
0.00631304
0.00631213
0.0063125
0.0063129
0.00631214
0.00631185
0.00631164
0.00631262
0.00631252
0.00631262
0.00631192
0.00631232
0.00631247
0.00631201
0.00631216
0.00631167
0.00609091
0.00621046
0.00620692
0.00622135
0.00621492
0.00609709
0.0062964
0.0062728
0.0062762
0.00626045
0.00626222
0.00629086
0.0060707
0.00619832
0.00619552
0.00620385
0.00620103
0.00607542
0.0063008
0.0063018
0.00630739
0.00625921
0.006288
0.00628638
0.00629117
0.0062896
0.00626163
0.00631027
0.00630972
0.0063096
0.00631007
0.00630988
0.00631036
0.00630468
0.00630815
0.00630849
0.00630741
0.0063075
0.00630405
0.00630994
0.00630929
0.00630919
0.00630949
0.00630939
0.00631002
0.0059907
0.00617163
0.00617296
0.00616761
0.00617002
0.00598872
0.00628334
0.00624771
0.00624671
0.00597979
0.00616359
0.00616022
0.00616943
0.00616661
0.0059891
0.0062821
0.00624558
0.00624678
0.00623944
0.00624029
0.00628013
0.00593515
0.00615051
0.006147
0.00615687
0.00615369
0.00594569
0.00630829
0.00630756
0.00630752
0.00630764
0.0063076
0.00630834
0.00629999
0.00630585
0.00630588
0.00630591
0.00630583
0.00629995
0.00630812
0.00630745
0.00630743
0.00630749
0.00630746
0.00630816
0.00630911
0.00630834
0.00630828
0.00630847
0.00630841
0.00630917
0.00630888
0.00630811
0.00630805
0.00630822
0.00630816
0.00630893
0.006051
0.00579233
0.0057601
0.0058401
0.00581858
0.0060667
0.00598794
0.00565998
0.00563631
0.00572413
0.00568932
0.00600328
0.00565294
0.00568681
0.00536423
0.00614513
0.00596028
0.00594057
0.00610386
0.00587821
0.00585917
0.00591955
0.0058982
0.00611468
0.00520341
0.00557943
0.00561554
0.0052686
0.0052556
0.00576938
0.00592896
0.0055676
0.00552813
0.00561565
0.00559437
0.00594569
0.00582321
0.00533721
0.00529341
0.00547006
0.00540068
0.0058516
0.00630134
0.0062907
0.0062917
0.00628142
0.00628302
0.00629873
0.00543694
0.00541424
0.00567205
0.00574048
0.00549751
0.00546469
0.00518244
0.00515224
0.00544555
0.00554465
0.00527544
0.00522614
0.00627773
0.00625485
0.00625779
0.00624755
0.00625138
0.00627582
0.00628475
0.0062657
0.00626832
0.00626044
0.00626306
0.00628314
0.00618279
0.00623207
0.00622815
0.0055103
0.00530743
0.00527722
0.00534318
0.00533758
0.00553201
0.00608825
0.00598661
0.00598663
0.00596349
0.00597548
0.00607877
0.00631458
0.00631512
0.00631535
0.00631517
0.00631515
0.00631461
0.00630262
0.00630278
0.00630306
0.00630221
0.0063025
0.00630233
0.00631428
0.00631416
0.00631415
0.0063142
0.00631419
0.00631431
0.00631392
0.00631407
0.00631409
0.00631404
0.006314
0.00631391
0.00631429
0.00631416
0.00631417
0.00631415
0.00631414
0.00631427
0.00631493
0.00631496
0.00631526
0.00631438
0.00631467
0.00631477
0.00631108
0.00631155
0.00631137
0.0063021
0.00630637
0.0063063
0.00626141
0.00628388
0.00628245
0.00628652
0.0062852
0.00626348
0.00630332
0.00629756
0.00629813
0.00631246
0.00631232
0.00631221
0.00630307
0.00630842
0.00630779
0.00630956
0.006309
0.00630407
0.00631266
0.00631279
0.00631289
0.00631259
0.00631269
0.00631253
0.00631285
0.00631281
0.00631272
0.00630885
0.00630976
0.00631035
0.00629434
0.0063045
0.00630214
0.00630703
0.00630602
0.00629842
0.00630928
0.00631034
0.00631044
0.00630683
0.00630674
0.00630173
0.00630834
0.00630801
0.00630812
0.00630778
0.00630789
0.00630822
0.00600817
0.00618704
0.00619124
0.00618087
0.00618355
0.005998
0.00628696
0.00625528
0.00625405
0.00606133
0.00620453
0.00620832
0.00619571
0.00619994
0.00605079
0.00630619
0.00630618
0.00630206
0.00630577
0.00630588
0.00630522
0.0063063
0.00630618
0.00630623
0.00615395
0.0062447
0.00624725
0.00623895
0.00624193
0.00614732
0.00629894
0.00628638
0.00628573
0.00628327
0.00629483
0.0062944
0.00629544
0.00629517
0.00628422
0.00542865
0.00564591
0.00566335
0.00561538
0.00563024
0.00541371
0.00600754
0.00583525
0.00582163
0.00631471
0.00631454
0.00631456
0.00631449
0.00631451
0.00631468
0.00631418
0.00631434
0.00631432
0.0063136
0.00631356
0.00631347
0.00631375
0.00631366
0.00631369
0.00631353
0.00631358
0.00631368
0.00629868
0.00629919
0.0063037
0.00627115
0.00628917
0.00628786
0.00629144
0.00629037
0.00627362
0.00631318
0.00631329
0.00631332
0.00631275
0.0063131
0.00631294
0.00626903
0.0062946
0.0062928
0.00629933
0.00629674
0.00627291
0.00630953
0.00630672
0.0063078
0.00631108
0.00631144
0.00631153
0.00631056
0.0063107
0.0063097
0.00625298
0.00625199
0.00628545
0.00598631
0.0061771
0.0061788
0.00617425
0.00617561
0.00598619
0.00608724
0.00621787
0.0062212
0.00621169
0.00621489
0.00608138
0.00630246
0.00630623
0.0063062
0.00630635
0.00630635
0.00630364
0.00586495
0.00589093
0.00559599
0.00548778
0.00581485
0.00584065
0.00625659
0.00625258
0.00621609
0.00627075
0.00627296
0.00628875
0.00623203
0.00626337
0.00626016
0.00591637
0.00590375
0.0060495
0.00552295
0.00572116
0.00573846
0.00568252
0.00570217
0.00549827
0.00559378
0.00579513
0.00581113
0.00575976
0.0057782
0.0055782
0.00613049
0.006198
0.0061926
0.00620817
0.00620328
0.00614022
0.00626777
0.00624212
0.0062451
0.00546155
0.00526541
0.00529229
0.00527822
0.00526994
0.00546808
0.00469238
0.00503173
0.00503586
0.00517449
0.00521752
0.00428619
0.00609636
0.00585854
0.00574412
0.00596562
0.00592985
0.00609233
0.00631436
0.00631426
0.00631427
0.00631421
0.00631423
0.00631434
0.006314
0.00631412
0.00631409
0.00632125
0.00632124
0.00632235
0.00632124
0.00632124
0.00632234
0.00632124
0.00632124
0.00632234
0.00632124
0.00632125
0.00632235
0.00631905
0.00631905
0.00632015
0.00631905
0.00631905
0.00632015
0.00631684
0.00631684
0.00631795
0.00631788
0.00631788
0.00631845
0.00631787
0.00631787
0.00631844
0.00631688
0.00631688
0.00631797
0.00631466
0.00631466
0.00631575
0.00631566
0.00631566
0.00631622
0.00631611
0.0063161
0.00631641
0.00631472
0.00631472
0.0063158
0.0063125
0.00631251
0.00631358
0.00631393
0.00631396
0.00631424
0.0063126
0.00631258
0.00631365
0.00631035
0.00631037
0.00631144
0.00631186
0.00631189
0.00631214
0.00631051
0.00631047
0.00631153
0.00630821
0.00630825
0.00630931
0.00630995
0.00630996
0.0063102
0.00630843
0.00630837
0.00630942
0.00630607
0.00630612
0.00630719
0.00630805
0.00630804
0.00630828
0.00630634
0.00630626
0.00630732
0.00630392
0.00630398
0.00630505
0.00630512
0.00630516
0.00630569
0.00630606
0.00630605
0.0063063
0.00630423
0.00630414
0.00630521
0.00630176
0.00630182
0.0063029
0.00630298
0.00630301
0.00630355
0.00630353
0.00630354
0.00630381
0.0063021
0.00630201
0.00630308
0.00629956
0.00629962
0.00630073
0.00630074
0.00630076
0.00630132
0.00500901
0.00581671
0.00581286
0.00630116
0.00630121
0.00630176
0.00629994
0.00629985
0.00630093
0.00629735
0.00629742
0.00629851
0.00629845
0.00629764
0.00629833
0.00594186
0.00628842
0.00628896
0.00629895
0.00629901
0.00629956
0.00629775
0.00629764
0.00629873
0.00629528
0.00629525
0.00629634
0.00629564
0.00629566
0.00629675
0.00629309
0.00629301
0.00629412
0.00628877
0.0059288
0.00592818
0.00613706
0.00629314
0.00629428
0.00629347
0.00629351
0.00629461
0.00630408
0.00630436
0.00630435
0.00630259
0.00630257
0.00630228
0.00631438
0.00631467
0.00631468
0.00631641
0.00631611
0.00631611
0.00631253
0.00631256
0.0063123
0.00631239
0.00631265
0.00631261
0.00631049
0.00631051
0.00631026
0.00631204
0.00631178
0.00631175
0.00631044
0.00631068
0.00631066
0.0063085
0.0063085
0.00630825
0.00631001
0.00630976
0.00630974
0.00630853
0.00630877
0.00630877
0.00630799
0.00630774
0.00630775
0.00630247
0.00630609
0.00630601
0.00630656
0.00630681
0.00630682
0.00540414
0.0054068
0.00489754
0.00630199
0.00630171
0.00630173
0.00631301
0.00631287
0.00631283
0.00631198
0.00631205
0.00631201
0.00631164
0.00631182
0.0063119
0.0063045
0.00630632
0.00630633
0.00630634
0.00630633
0.00630408
0.00630531
0.00630543
0.00630495
0.00629904
0.00628845
0.00628801
0.00628752
0.00628698
0.00629899
0.00630046
0.00630049
0.00630232
0.00631324
0.00631329
0.00631315
0.00631416
0.00631401
0.00631398
0.00630409
0.00630463
0.00630459
0.00630309
0.00630468
0.00630458
0.00630528
0.00630519
0.00630311
0.00630282
0.00630287
0.00630233
0.00630395
0.00630341
0.00630336
0.00631398
0.00631402
0.00631417
0.00631315
0.00631329
0.00631325
0.00630303
0.00630545
0.00630537
0.00630594
0.00630587
0.00630273
0.00630469
0.00630507
0.00630519
0.00630431
0.00630443
0.00630418
0.00630384
0.00630404
0.00630417
0.00631531
0.00631514
0.00631514
0.00631422
0.00631438
0.00631439
0.00631514
0.00631514
0.00631531
0.00631392
0.00631396
0.00631405
0.00624805
0.00627292
0.0062709
0.00628169
0.00628054
0.00626213
0.00582862
0.00603524
0.00604695
0.00594981
0.00596515
0.00570864
0.0063019
0.00630246
0.00630243
0.00630299
0.00630326
0.00630326
0.00631408
0.00631418
0.00631419
0.00626857
0.00628372
0.00628277
0.0063135
0.00631356
0.00631347
0.00631407
0.00631398
0.00631396
0.00596562
0.00611128
0.00611863
0.00605783
0.00606772
0.00588574
0.00631626
0.0063157
0.00631572
0.00630312
0.00630285
0.00630287
0.00631528
0.00631499
0.006315
0.00631432
0.00631448
0.00631445
0.0063119
0.00631184
0.00631198
0.00631156
0.0063117
0.00631176
0.00630786
0.00630756
0.00630767
0.00630734
0.00630745
0.00630774
0.00631242
0.00631238
0.00631252
0.00631211
0.00631225
0.00631229
0.0063061
0.00630606
0.00630594
0.0063022
0.00630048
0.00630046
0.00631414
0.00631423
0.00631422
0.00631734
0.00631734
0.00631676
0.00631673
0.00631731
0.00631731
0.0063173
0.0063173
0.00631671
0.00631844
0.00631787
0.00631787
0.0063167
0.00631729
0.0063173
0.00631732
0.00631731
0.00631674
0.00631845
0.00631788
0.00631789
0.00631678
0.00631734
0.00631735
0.00631455
0.0063151
0.00631511
0.00631531
0.00631507
0.00631452
0.00631619
0.00631563
0.00631561
0.00631584
0.00631583
0.00631553
0.00631548
0.00631579
0.0063158
0.00631581
0.00631581
0.0063155
0.0063164
0.00631611
0.00631611
0.00631343
0.00631369
0.00631366
0.0063114
0.00631165
0.00631162
0.00630948
0.00630972
0.00630972
0.00630755
0.0063078
0.0063078
0.00630553
0.00630579
0.0063058
0.00630014
0.00630023
0.00629967
0.00630133
0.00630078
0.00630069
0.00629981
0.0063008
0.00630053
0.00630136
0.00630108
0.00630009
0.00583904
0.005828
0.00505634
0.00622409
0.00609855
0.00610454
0.00609856
0.00609802
0.00622444
0.00630012
0.00630066
0.00630062
0.00630064
0.00630069
0.00630015
0.00630178
0.00630124
0.0063012
0.00629912
0.00629857
0.00629848
0.00629609
0.00629688
0.0062979
0.00558394
0.00623249
0.00622996
0.00623928
0.0062358
0.00557983
0.00628725
0.00628784
0.00594833
0.00629838
0.0062981
0.00629754
0.00629922
0.00629866
0.00629894
0.0063123
0.00631243
0.0063124
0.00631054
0.00631059
0.00631071
0.00631035
0.00631047
0.00631042
0.00631201
0.00631205
0.00631217
0.0063118
0.00631192
0.00631188
0.00630868
0.00630872
0.00630884
0.00630849
0.0063086
0.00630857
0.00631007
0.00631012
0.00631024
0.00630989
0.00631
0.00630995
0.00630822
0.00630825
0.00630836
0.00630801
0.00630812
0.0063081
0.00630105
0.00630196
0.00630164
0.00630262
0.00630232
0.00630169
0.00630241
0.00630242
0.00630271
0.00503886
0.00504138
0.00469699
0.00440124
0.00518913
0.00516688
0.00631477
0.00631464
0.00631435
0.00631523
0.00631493
0.00631493
0.00631497
0.00631496
0.00631526
0.00631612
0.00631611
0.00631642
0.0063155
0.00631581
0.00631581
0.00631579
0.0063158
0.00631548
0.00631616
0.00631616
0.00631645
0.00631556
0.00631586
0.00631586
0.00631587
0.00631587
0.00631558
0.00631309
0.00631283
0.00631279
0.00631361
0.00631364
0.00631336
0.00631307
0.00631313
0.00631321
0.00631297
0.00631305
0.00631298
0.00631286
0.0063129
0.00631316
0.00631102
0.00631076
0.00631074
0.0063115
0.00631152
0.00631127
0.0063109
0.00631092
0.00631116
0.00630901
0.00630876
0.00630875
0.0063095
0.00630951
0.00630926
0.00630901
0.00630901
0.00630924
0.00630696
0.00630671
0.00630672
0.00630749
0.00630748
0.00630723
0.00630623
0.00630616
0.00630237
0.00630737
0.00630712
0.00630723
0.00630689
0.006307
0.00630725
0.00630706
0.00630706
0.00630731
0.00628584
0.00629686
0.00629618
0.00629799
0.00629745
0.00628713
0.00589404
0.00589077
0.00520541
0.00628701
0.00620028
0.00620098
0.00602049
0.00576419
0.00576035
0.00576858
0.00576689
0.00602231
0.00490366
0.00540786
0.00540725
0.00628112
0.00628134
0.00629741
0.00559865
0.00618052
0.00617781
0.00630139
0.00630163
0.00630192
0.00630105
0.00630134
0.00630101
0.00631265
0.00631279
0.00631282
0.00631268
0.00631273
0.0063126
0.0063125
0.00631273
0.0063126
0.00631292
0.00631283
0.00631271
0.00631102
0.00631107
0.00631119
0.00631083
0.00631095
0.0063109
0.00631163
0.00631172
0.00631149
0.00631151
0.00631155
0.00631168
0.00631131
0.00631143
0.00631139
0.00630914
0.00630919
0.00630931
0.00630896
0.00630907
0.00630903
0.0063096
0.00630966
0.00630977
0.00630942
0.00630954
0.00630949
0.00617844
0.00625471
0.00625704
0.00624988
0.00625236
0.00617221
0.00615339
0.00624475
0.0062474
0.00623876
0.0062419
0.00614628
0.00630726
0.00630727
0.00630739
0.00630629
0.00630631
0.0063046
0.00630395
0.00630634
0.00630634
0.00630775
0.00630776
0.00630788
0.00630752
0.00630764
0.00630763
0.00629055
0.0062989
0.00629847
0.00629962
0.00629929
0.00629153
0.00630558
0.00630556
0.00630543
0.00630581
0.00630568
0.00630572
0.00630502
0.00630555
0.00630566
0.00628907
0.00628882
0.00629902
0.00617602
0.00625358
0.00625502
0.00624958
0.0062517
0.00617118
0.0061521
0.00623787
0.0062385
0.00625377
0.00624205
0.00615685
0.00630039
0.00630023
0.00630181
0.00628511
0.00629537
0.00629556
0.00629538
0.0062953
0.00628521
0.00631357
0.00631343
0.00631339
0.00631383
0.00631386
0.00631371
0.00630489
0.00630479
0.00630311
0.00630312
0.00630509
0.006305
0.00631372
0.00631387
0.00631383
0.00631338
0.00631335
0.00631321
0.00631363
0.00631349
0.00631352
0.00631339
0.00631343
0.00631358
0.00630563
0.00630554
0.00630298
0.0063028
0.00630579
0.00630571
0.00630483
0.00630495
0.00630459
0.00630429
0.00630457
0.0063047
0.00631516
0.00631516
0.00631532
0.00631482
0.00631499
0.00631499
0.00631497
0.00631497
0.0063148
0.00631501
0.00631502
0.00631485
0.00631432
0.00631435
0.00631418
0.00631469
0.00631452
0.0063145
0.00631455
0.00631454
0.00631471
0.00631518
0.00631518
0.00631534
0.00631485
0.00631502
0.00631502
0.00631504
0.00631504
0.00631488
0.00631479
0.00631497
0.00631497
0.00631499
0.00631499
0.00631481
0.00631532
0.00631516
0.00631516
0.00631342
0.00631344
0.00631352
0.00631329
0.00631337
0.00631333
0.00631377
0.00631386
0.00631382
0.0062793
0.00629361
0.00629256
0.00629542
0.00629454
0.00628107
0.00627641
0.00627478
0.0062514
0.00625969
0.00627926
0.00627791
0.00631125
0.00631211
0.00631188
0.00631246
0.0063123
0.00631161
0.00630758
0.00631068
0.00631012
0.00631159
0.00631119
0.00630897
0.00625926
0.00626132
0.00619668
0.0061191
0.0062316
0.00623533
0.00622433
0.00622806
0.00610958
0.00600819
0.00602217
0.00580476
0.0057306
0.00597932
0.00599401
0.0056543
0.00585276
0.0058665
0.00582549
0.00583999
0.00563923
0.00572227
0.00590254
0.00590614
0.00587883
0.00589183
0.00570554
0.00616341
0.00621866
0.00621372
0.00622508
0.00622269
0.00616944
0.00627473
0.00629447
0.00629539
0.00585317
0.00583036
0.00564994
0.00616942
0.00622122
0.00622139
0.00631441
0.00631452
0.00631452
0.0063145
0.00631449
0.00631439
0.00631413
0.00631415
0.00631405
0.00631435
0.00631425
0.00631424
0.00631444
0.00631454
0.00631454
0.00631439
0.0063145
0.0063145
0.00631451
0.0063145
0.0063144
0.0062395
0.00624037
0.00615738
0.00631373
0.00631364
0.00631359
0.00631387
0.0063139
0.00631381
0.00609481
0.00610322
0.00595021
0.00590207
0.00607714
0.00608615
0.00632344
0.00632344
0.00632454
0.00632344
0.00632344
0.00632454
0.00632344
0.00632344
0.00632454
0.00632345
0.00632345
0.00632454
0.00632125
0.00632125
0.00632235
0.00632125
0.00632125
0.00632235
0.00631904
0.00631906
0.00632016
0.00631906
0.00631906
0.00632015
0.00631791
0.00631791
0.00631847
0.00631576
0.00631576
0.00631631
0.00631361
0.00631362
0.00631415
0.00631154
0.00631154
0.00631205
0.00630952
0.0063095
0.00631001
0.0063075
0.00630745
0.00630796
0.00630544
0.00630536
0.00630588
0.00630394
0.0063039
0.00630417
0.00630332
0.00630322
0.00630375
0.00630123
0.00630123
0.00630151
0.00629854
0.00629857
0.00629912
0.00629517
0.00629524
0.00629633
0.00629557
0.00629544
0.00629653
0.0062931
0.00629306
0.00629415
0.00629345
0.00629346
0.00629456
0.00629091
0.00629078
0.0062919
0.006286
0.00593199
0.00592927
0.00614008
0.00629085
0.006292
0.00629129
0.00629131
0.00629241
0.00630179
0.0063021
0.00630211
0.00631419
0.00631391
0.00631388
0.00630646
0.00630644
0.00630619
0.00630445
0.00630471
0.00630475
0.00521284
0.00588873
0.00588792
0.00618452
0.00618278
0.00561813
0.00628057
0.00628045
0.00629567
0.00630165
0.00630008
0.0063
0.00630434
0.00630431
0.00630404
0.00630591
0.00630566
0.00630568
0.00630323
0.00630336
0.00630322
0.00630273
0.00630378
0.00630366
0.00630447
0.00630436
0.006303
0.00631451
0.00631479
0.00631477
0.00631901
0.00631957
0.00631957
0.00631957
0.00631957
0.00631901
0.00631901
0.00631957
0.00631957
0.00631957
0.00631957
0.00631901
0.00631679
0.00631735
0.00631735
0.00631847
0.0063179
0.0063179
0.006317
0.006317
0.00631671
0.00631671
0.00631701
0.00631701
0.00631737
0.00631737
0.00631681
0.00631515
0.00631515
0.00631461
0.00631473
0.00631475
0.00631447
0.00631556
0.00631585
0.00631585
0.00631644
0.00631614
0.00631614
0.00631468
0.00631522
0.00631521
0.00631298
0.00631299
0.00631245
0.00631406
0.00631352
0.00631352
0.00631257
0.00631309
0.00631308
0.00631087
0.00631087
0.00631034
0.00631192
0.00631139
0.00631139
0.00631171
0.00631169
0.00631144
0.00631219
0.00631194
0.00631196
0.00631052
0.00631103
0.00631103
0.00630879
0.00630877
0.00630825
0.00630982
0.0063093
0.00630931
0.00630975
0.00630975
0.0063095
0.00631023
0.00630999
0.00631
0.00630848
0.00630899
0.00630902
0.00630671
0.00630667
0.00630614
0.00630772
0.0063072
0.00630723
0.00630778
0.0063078
0.00630756
0.00630829
0.00630805
0.00630804
0.00630642
0.00630693
0.00630699
0.0063056
0.00630507
0.00630512
0.0063043
0.00630482
0.00630492
0.00630335
0.00630362
0.00630367
0.00629967
0.00630021
0.00630019
0.00630067
0.00630095
0.00630095
0.00629793
0.00629802
0.00629747
0.00629789
0.00629844
0.0062984
0.00631253
0.00631255
0.00631268
0.00630677
0.00630677
0.00630689
0.00631445
0.00631446
0.00631431
0.00631272
0.0063127
0.00631244
0.00631322
0.00631296
0.00631298
0.00631073
0.00631071
0.00631047
0.0063112
0.00631095
0.00631097
0.00630877
0.00630878
0.00630854
0.00630926
0.00630902
0.00630902
0.00630677
0.0063068
0.00630655
0.00630731
0.00630706
0.00630703
0.00630502
0.00630499
0.00630525
0.00630025
0.00629997
0.00629897
0.00619676
0.00619903
0.00628666
0.00629718
0.0062815
0.00628163
0.00630017
0.0063005
0.00630078
0.00630145
0.00630143
0.00630115
0.00631296
0.00631292
0.00631306
0.00630702
0.00630714
0.00630714
0.00629655
0.00628263
0.00628846
0.0063135
0.00631349
0.00631363
0.0063132
0.00631335
0.00631337
0.00630485
0.00630458
0.00630461
0.00630541
0.00630538
0.00630512
0.00631395
0.00631392
0.00631378
0.00631423
0.00631407
0.00631409
0.00630638
0.0063062
0.00630632
0.00630688
0.00630666
0.00630678
0.00630643
0.00630655
0.00630675
0.00630506
0.00630504
0.00630491
0.0063053
0.00630517
0.0063052
0.00630478
0.00630465
0.00630467
0.00630377
0.0063039
0.00630372
0.00630335
0.0063035
0.00630363
0.00631487
0.00631503
0.00631503
0.00631534
0.00631518
0.00631518
0.00630402
0.0063039
0.0063028
0.00630296
0.00630425
0.00630414
0.00631506
0.00631508
0.00631536
0.00631461
0.00631463
0.00631478
0.00631671
0.00631701
0.00631701
0.006317
0.006317
0.0063167
0.00631532
0.00631503
0.00631502
0.00631477
0.00631462
0.00631461
0.00632345
0.00632345
0.00632454
0.00632345
0.00632345
0.00632454
0.00632125
0.00632125
0.00632235
0.00631906
0.00631906
0.00632015
0.00631685
0.00631685
0.00631795
0.00631791
0.00631792
0.00631848
0.00631688
0.00631688
0.00631797
0.00631467
0.00631467
0.00631576
0.00631615
0.00631615
0.00631645
0.00631472
0.00631472
0.0063158
0.0063125
0.00631251
0.00631359
0.00631258
0.00631256
0.00631364
0.00631034
0.00631035
0.00631143
0.00631046
0.00631043
0.00631149
0.00630818
0.0063082
0.00630928
0.00630834
0.00630829
0.00630936
0.00630602
0.00630606
0.00630713
0.00630622
0.00630616
0.00630722
0.00630386
0.0063039
0.00630498
0.00630409
0.00630401
0.00630508
0.00630169
0.00630174
0.00630282
0.00630194
0.00630185
0.00630293
0.00630116
0.00630105
0.00630159
0.00629978
0.00629969
0.00630076
0.00629624
0.00629431
0.00629527
0.00596918
0.00628598
0.00628664
0.00629337
0.00629324
0.00629433
0.00631646
0.00631617
0.00631616
0.00630224
0.00630252
0.00630257
0.00630376
0.00630349
0.00630352
0.00631958
0.00631958
0.00631903
0.00631903
0.00631958
0.00631958
0.00631737
0.00631736
0.00631681
0.00631849
0.00631793
0.00631792
0.00631685
0.0063174
0.0063174
0.00631625
0.0063157
0.0063157
0.00631564
0.00631592
0.00631592
0.00631377
0.00631375
0.00631349
0.0063143
0.00631403
0.00631404
0.00630459
0.00630453
0.00630399
0.00630573
0.00630578
0.00630552
0.00630629
0.00630604
0.006306
0.00630243
0.00630236
0.00630181
0.00630345
0.00630291
0.00630297
0.00630214
0.00630267
0.00630278
0.00629959
0.00629903
0.00629897
0.00622886
0.00622792
0.00560067
0.00629698
0.00629642
0.00629672
0.00630285
0.0063028
0.00630307
0.00630325
0.00630321
0.00630295
0.0063159
0.0063159
0.00631561
0.0060386
0.00510819
0.00331247
0.00603142
0.00509015
0.00328454
0.00594046
0.00492965
0.00313781
0.00593463
0.00492073
0.00313828
0.00316417
0.00226485
0.00158848
0.0063031
0.00610911
0.00447934
0.00605821
0.00510904
0.00290503
0.00602274
0.00502352
0.00282446
0.00314275
0.00224124
0.00158399
0.00448464
0.00364796
0.00235985
0.00630035
0.00607535
0.00438379
0.00606999
0.00515374
0.00330815
0.00607482
0.00516208
0.00330862
0.00599583
0.00502884
0.00324731
0.00599298
0.00502967
0.00326007
0.00587224
0.00481928
0.00306142
0.00588105
0.00483638
0.00308168
0.00417822
0.00311674
0.00184417
0.00421991
0.0033267
0.00193875
0.00425358
0.00355729
0.0023484
0.0063123
0.0062619
0.00535936
0.00619942
0.00549299
0.00339412
0.0062151
0.00554928
0.00344567
0.00619458
0.00547332
0.00337746
0.00605012
0.00511927
0.00329207
0.00601801
0.00507172
0.00328649
0.00596494
0.00497988
0.00320216
0.00590677
0.00487935
0.00308651
0.00566199
0.00450881
0.00285768
0.00629881
0.00601419
0.00429505
0.00317583
0.00221666
0.00157821
0.00406002
0.00316452
0.00191249
0.00421022
0.00335787
0.00198413
0.00491107
0.00358869
0.00212023
0.00420712
0.00274786
0.00170405
0.00430447
0.00282024
0.00172576
0.00442611
0.0029143
0.00174988
0.0043462
0.00285313
0.001732
0.00460182
0.00305964
0.00179209
0.00446044
0.0029422
0.00175882
0.0045737
0.00303594
0.00178423
0.00418409
0.00273185
0.00169937
0.00408815
0.00266544
0.00168403
0.00396838
0.00258937
0.00166454
0.00405876
0.00264584
0.00167787
0.00370751
0.00244331
0.00162362
0.003803
0.00249172
0.00163806
0.0039329
0.00256659
0.0016576
0.00384354
0.00251701
0.00164453
0.00366664
0.00241927
0.00161908
0.00305771
0.00211505
0.0015455
0.00307882
0.00216174
0.00156155
0.00396449
0.00291054
0.00182838
0.0062195
0.00556797
0.00346278
0.00623479
0.00564217
0.00353305
0.00623903
0.0056639
0.00356139
0.00605608
0.00513229
0.00330509
0.00609074
0.00519739
0.00334235
0.00601272
0.00506186
0.00327719
0.00596931
0.00498466
0.00319708
0.00585014
0.00478511
0.00302949
0.00589956
0.00486379
0.00307693
0.00557494
0.00438267
0.00272267
0.00561976
0.00444502
0.0028296
0.00558469
0.00439879
0.00274087
0.00565015
0.00449237
0.00282799
0.00562609
0.00445289
0.00283774
0.00542046
0.00414835
0.00256282
0.00530808
0.00400959
0.0023947
0.00529042
0.0039916
0.00237075
0.00488298
0.00356011
0.00209931
0.00480941
0.00351115
0.00220147
0.00611706
0.00525292
0.00333748
0.00612083
0.00525736
0.00332153
0.00604152
0.00510814
0.0032993
0.00611215
0.00524216
0.00333444
0.00610571
0.00522345
0.00331129
0.00602567
0.00507861
0.00327395
0.00594753
0.00494468
0.00315006
0.00582464
0.00474107
0.00304529
0.0058294
0.00474447
0.00303779
0.00592999
0.00491625
0.00314535
0.00581467
0.00472474
0.00301972
0.00580439
0.00470821
0.0029959
0.00325426
0.00227616
0.00159374
0.00324198
0.00227172
0.00159262
0.00317862
0.00226348
0.00158675
0.00326475
0.00227416
0.00159342
0.00327327
0.00227186
0.00159298
0.00630461
0.00612808
0.00456714
0.00523392
0.00391988
0.00236797
0.00521404
0.00390106
0.00233294
0.00609201
0.0051932
0.00298647
0.00622694
0.00562614
0.00355218
0.00599428
0.00495333
0.00275369
0.00311772
0.00220796
0.00157611
0.00449033
0.00367225
0.00232181
0.00629726
0.00604399
0.00430241
0.0061475
0.00532811
0.00336415
0.00606615
0.00515014
0.00331786
0.00608055
0.00517486
0.00331921
0.00600012
0.00503348
0.00324338
0.00598206
0.00501197
0.00322308
0.00586488
0.00480716
0.00305572
0.00588785
0.00484769
0.00308683
0.00576954
0.0046585
0.00296551
0.0052476
0.0039355
0.00239424
0.00526237
0.00395897
0.00236735
0.00631221
0.00625631
0.00519233
0.00631148
0.00623113
0.00501744
0.00419941
0.00318805
0.00186301
0.00421381
0.00326538
0.00189023
0.00620663
0.00551791
0.00343684
0.00621103
0.00553452
0.00344608
0.00618769
0.00545144
0.00340649
0.0061309
0.0052803
0.00332024
0.00612547
0.00526646
0.00331499
0.00604524
0.00511115
0.00329032
0.0060934
0.00519933
0.00333757
0.00610063
0.0052113
0.00330484
0.00602119
0.00507255
0.00327523
0.0059572
0.00496235
0.00317796
0.0058418
0.0047632
0.00304537
0.00583533
0.00475174
0.00303589
0.00591596
0.00489708
0.00310823
0.00578928
0.0046807
0.00297877
0.00579685
0.00469223
0.00298302
0.00568171
0.00452962
0.0029011
0.00567598
0.00452494
0.00289806
0.00321157
0.00222949
0.00158121
0.00322755
0.00225303
0.00158838
0.0031793
0.00222233
0.0015787
0.00327412
0.00226312
0.00159122
0.00327693
0.00226915
0.00159239
0.00326008
0.0022527
0.00159015
0.0041326
0.00329509
0.002005
0.00418187
0.00335136
0.00201218
0.00630689
0.00615841
0.00468673
0.00516158
0.00384408
0.00232598
0.0051804
0.00386825
0.00230667
0.00519577
0.00388383
0.00230972
0.00615453
0.0053794
0.00322133
0.00611258
0.00525299
0.00306584
0.00617934
0.00545897
0.00332234
0.0062004
0.0055341
0.00343645
0.0059498
0.00484853
0.00264684
0.0052553
0.00373748
0.0020094
0.00423501
0.00276784
0.00171024
0.00426736
0.00279161
0.0017177
0.0043963
0.00289034
0.00174231
0.00437137
0.00287069
0.00173638
0.00449958
0.00297494
0.00176855
0.00454368
0.00301229
0.00177703
0.00416177
0.00271855
0.00169621
0.00412262
0.00268988
0.001691
0.00400881
0.0026169
0.00167013
0.004035
0.00263157
0.00167343
0.00373545
0.00245496
0.00162667
0.00376724
0.00247156
0.00163164
0.00390265
0.00254849
0.00165185
0.00387922
0.00253798
0.00164848
0.00362592
0.00239549
0.00161271
0.00309503
0.0021861
0.00156966
0.00386432
0.00255557
0.00171828
0.00623124
0.00562593
0.00352385
0.00622384
0.00558863
0.00349591
0.00624355
0.0056895
0.0036121
0.00613712
0.00529898
0.00333926
0.00614326
0.00531865
0.00336408
0.00606335
0.00515079
0.00333412
0.00608727
0.00519339
0.00334579
0.00600587
0.00504423
0.00325236
0.00597516
0.0049951
0.00320289
0.00585905
0.00479956
0.0030538
0.00589305
0.00485338
0.00307794
0.00578272
0.00467414
0.00298205
0.00577811
0.00467226
0.0029886
0.0057597
0.00463647
0.00297525
0.00556751
0.00437003
0.00271811
0.00561219
0.00443204
0.00281216
0.00559712
0.00441549
0.00277016
0.00563414
0.00446551
0.00280336
0.00564134
0.00447653
0.00280904
0.00532691
0.00402916
0.00242723
0.00527496
0.00397432
0.0023619
0.00485567
0.00354097
0.00209339
0.00483108
0.00352428
0.00214002
0.00631313
0.00628183
0.00549489
0.0063136
0.00629621
0.00572611
0.00631359
0.00629602
0.0057381
0.00415352
0.00315386
0.00207668
0.00423658
0.00333088
0.00218927
0.00571881
0.00441413
0.00234625
0.00543158
0.00397378
0.00211012
0.00575855
0.00448252
0.00238688
0.00538192
0.00390862
0.00208651
0.00323904
0.0021991
0.00156396
0.00312719
0.00215001
0.00155337
0.00305815
0.0021349
0.00155211
0.00310855
0.00214044
0.00155108
0.00306247
0.00213843
0.00155298
0.00468334
0.00351168
0.00243303
0.00627863
0.00588641
0.0039005
0.00627298
0.00585227
0.00383371
0.00537709
0.00408534
0.00250178
0.00546843
0.00421387
0.00262729
0.00545997
0.0042007
0.00261704
0.0053686
0.00407342
0.00249528
0.00534563
0.00404967
0.00246393
0.00630692
0.00611177
0.00455926
0.00630912
0.0061643
0.00471002
0.00385361
0.00308167
0.00233686
0.00502889
0.00370225
0.00220984
0.00335094
0.00228452
0.00160401
0.00341961
0.00232193
0.00161783
0.00365932
0.00270292
0.00172096
0.00388224
0.00256272
0.00169581
0.00439631
0.00356684
0.00220734
0.00617925
0.00542341
0.00338445
0.0056876
0.00453632
0.00290755
0.00569581
0.00454858
0.00287527
0.00572567
0.0045913
0.00294398
0.00476426
0.00347926
0.00208711
0.00626746
0.00581012
0.00387654
0.00331305
0.00229653
0.00160177
0.00630977
0.00620912
0.00493424
0.0063081
0.00618153
0.00479631
0.00511556
0.00379503
0.00229113
0.00499948
0.00367348
0.00217767
0.00510145
0.00378032
0.00228967
0.0050838
0.00375706
0.00229498
0.00624151
0.00568827
0.00366269
0.00554424
0.00413673
0.0021915
0.0055884
0.00420222
0.00222367
0.00590977
0.00476887
0.00259479
0.00587169
0.00469328
0.0025379
0.00320038
0.00218261
0.001561
0.00317991
0.00217077
0.00155813
0.00305566
0.00212035
0.00154795
0.00303968
0.00213941
0.00155639
0.00329985
0.00227585
0.00159862
0.00331896
0.00229828
0.00160255
0.00331957
0.00229188
0.00160118
0.00371215
0.00273015
0.0017325
0.00385402
0.00261139
0.00170279
0.004432
0.00360798
0.00223028
0.0062886
0.00596454
0.00407311
0.00629088
0.00598425
0.00412999
0.00615943
0.0053607
0.00335684
0.0061732
0.00540004
0.00335389
0.00615187
0.00534088
0.00337933
0.00575304
0.00462267
0.00295864
0.00573269
0.0045991
0.00295105
0.00540922
0.00413318
0.00253868
0.00475078
0.00345538
0.00204641
0.00413184
0.0029667
0.00180277
0.00405326
0.00289052
0.00186648
0.00430242
0.00344406
0.00220948
0.0047838
0.00351011
0.00221468
0.0047872
0.00349282
0.00219276
0.00477927
0.00351873
0.00220346
0.00477134
0.00351425
0.00217093
0.00566805
0.00432235
0.00228169
0.00393141
0.00271996
0.00173489
0.003971
0.00275536
0.00174442
0.00547181
0.00402858
0.00213433
0.00580724
0.00456565
0.00243254
0.00533813
0.00385089
0.00206347
0.00507922
0.00353664
0.00194609
0.00512112
0.00358426
0.00196416
0.00477117
0.00321985
0.00183722
0.00480038
0.00324629
0.00184668
0.00504258
0.00349405
0.0019296
0.00501237
0.00346247
0.00191592
0.0047242
0.00317535
0.00182762
0.00468608
0.00314035
0.00181779
0.00324698
0.00220101
0.00156513
0.00328214
0.00221597
0.00156798
0.00345075
0.00230064
0.0015875
0.00342778
0.00229015
0.001585
0.00347627
0.00231287
0.00159071
0.00350474
0.00232839
0.00159513
0.00323002
0.00219839
0.00156456
0.00314387
0.00215677
0.00155499
0.00305613
0.0021308
0.00155092
0.00308634
0.00212745
0.00154795
0.00306149
0.00213441
0.00155256
0.00385674
0.00265072
0.0017144
0.00389017
0.00268632
0.00172548
0.00628127
0.00590465
0.00393337
0.00628396
0.00592537
0.00398791
0.00626777
0.00581794
0.00379533
0.0055526
0.00434372
0.00274081
0.00555945
0.0043538
0.00275089
0.0053867
0.00410079
0.00251079
0.00554482
0.00433254
0.00272874
0.00552794
0.00431405
0.00268632
0.00547656
0.00422862
0.0026372
0.00544905
0.00418553
0.00259124
0.00473541
0.00351936
0.00228433
0.00415578
0.00302282
0.00181751
0.00407247
0.00286968
0.0017759
0.00410337
0.00291567
0.00178863
0.00631304
0.00627991
0.00553223
0.00631178
0.00624919
0.00522524
0.00631059
0.00622512
0.00505926
0.00505782
0.00373077
0.0022487
0.00334321
0.0022967
0.00160381
0.00333171
0.00229245
0.00160202
0.00349971
0.002387
0.00164224
0.00358583
0.00251583
0.00168031
0.00394359
0.00257377
0.00173929
0.0043542
0.0035163
0.00220418
0.00618447
0.00544315
0.00341101
0.00570287
0.00455969
0.00288369
0.0057122
0.00457527
0.00290668
0.00480669
0.00352091
0.00234012
0.00479989
0.00350877
0.00226941
0.00476987
0.00349064
0.0021166
0.00627923
0.00587899
0.00401169
0.00629231
0.00595749
0.00415619
0.00330269
0.00228836
0.00159959
0.00329062
0.00226896
0.00159384
0.00404003
0.00282816
0.00176442
0.00400619
0.00279014
0.00175395
0.00513116
0.00381133
0.00229851
0.00514691
0.00382813
0.00230756
0.00494572
0.0036234
0.00212878
0.00497098
0.00364526
0.00215074
0.00550517
0.00407808
0.00216131
0.00563672
0.00427305
0.00225455
0.00583812
0.00462504
0.00248252
0.00530171
0.00380269
0.00204392
0.00521851
0.00369461
0.00199868
0.00516799
0.00363763
0.00198271
0.00486997
0.00331667
0.00187213
0.0048325
0.003279
0.00185846
0.00491236
0.00335962
0.0018871
0.00495998
0.00340847
0.00190244
0.00463363
0.00308793
0.00179726
0.00335346
0.0022527
0.00157675
0.00331839
0.00223356
0.00157177
0.00338521
0.00227144
0.00158128
0.00340852
0.00228279
0.00158347
0.00357853
0.0023663
0.00160303
0.00359825
0.00237656
0.00160485
0.003562
0.00236181
0.00160222
0.0035359
0.00234764
0.00159982
0.00322126
0.00219761
0.00156436
0.00316113
0.00216315
0.00155644
0.00305519
0.00212605
0.00154953
0.00304949
0.00210123
0.00154342
0.00305066
0.00212964
0.00155278
0.00332524
0.00230272
0.00160366
0.0033259
0.00229992
0.0016031
0.00374079
0.00255387
0.00169169
0.00383713
0.00262989
0.00170766
0.00445411
0.00362942
0.00223732
0.00629342
0.00600877
0.0042166
0.00625913
0.00576951
0.0037094
0.00626499
0.00580165
0.00377021
0.0062554
0.0057464
0.00366582
0.00624998
0.00571868
0.00366538
0.00616311
0.00536866
0.00334361
0.00616779
0.00538191
0.00334174
0.00574561
0.00461149
0.00295044
0.0057386
0.00460365
0.00294864
0.00539765
0.00411698
0.00252231
0.00550148
0.00428074
0.00262978
0.00551348
0.00429717
0.00265147
0.00548398
0.00424333
0.0026507
0.00549271
0.00426599
0.00262321
0.00543554
0.00417127
0.00256196
0.00474267
0.00346647
0.00211584
0.00631348
0.00629216
0.00567845
)
;

boundaryField
{
    topAndBottom
    {
        type            slip;
    }
    inlet
    {
        type            fixedValue;
        value           uniform 0.00633;
    }
    outlet
    {
        type            zeroGradient;
    }
    wing
    {
        type            groovyBC;
        refValue        uniform 0.00131947;
        refGradient     uniform 0;
        valueFraction   uniform 1;
        value           uniform 0.00131947;
        valueExpression "YSat*rh";
        gradientExpression "0";
        fractionExpression "1";
        evaluateDuringConstruction 0;
        cyclicSlave     0;
        variables       "rh=0.7;";
        timelines       (
);
        lookuptables    (
);
        lookuptables2D  (
);
    }
    front
    {
        type            empty;
    }
    back
    {
        type            empty;
    }
}


// ************************************************************************* //
