/*--------------------------------*- C++ -*----------------------------------*\
| =========                 |                                                 |
| \\      /  F ield         | OpenFOAM: The Open Source CFD Toolbox           |
|  \\    /   O peration     | Version:  5.x                                   |
|   \\  /    A nd           | Web:      www.OpenFOAM.org                      |
|    \\/     M anipulation  |                                                 |
\*---------------------------------------------------------------------------*/
FoamFile
{
    version     2.0;
    format      ascii;
    class       volScalarField;
    location    "300";
    object      YSat;
}
// * * * * * * * * * * * * * * * * * * * * * * * * * * * * * * * * * * * * * //

dimensions      [0 0 0 0 0 0 0];

internalField   nonuniform List<scalar> 
6584
(
0.00431405
0.00431405
0.00431405
0.00431405
0.00431405
0.00431405
0.00431405
0.00431405
0.00431405
0.00431405
0.00431405
0.00431405
0.00431405
0.00431405
0.00431405
0.00431405
0.00431405
0.00431405
0.00431405
0.00431405
0.00431405
0.00431405
0.00431405
0.00431405
0.00431405
0.00431405
0.00431405
0.00431405
0.00431405
0.00431405
0.00431405
0.00431405
0.00431405
0.00431405
0.00431405
0.00431405
0.00431405
0.00431405
0.00431405
0.00431405
0.00431405
0.00431405
0.00431405
0.00431405
0.00431405
0.00431405
0.00431405
0.00431405
0.00431405
0.00431405
0.00431405
0.00431405
0.00431405
0.00431405
0.00431405
0.00431405
0.00431405
0.00431405
0.00431405
0.00431405
0.00431405
0.00431405
0.00431405
0.00431405
0.00431405
0.00431405
0.00431405
0.00431405
0.00431405
0.00431405
0.00431405
0.00431405
0.00431405
0.00431405
0.00431405
0.00431405
0.00431405
0.00431405
0.00431405
0.00431405
0.00431405
0.00431405
0.00431405
0.00431405
0.00431405
0.00431405
0.00431405
0.00431405
0.00431405
0.00431405
0.00431405
0.00431405
0.00431405
0.00431405
0.00431405
0.00431405
0.00431405
0.00431405
0.00431405
0.00431405
0.00431405
0.00431405
0.00431405
0.00431405
0.00431405
0.00431405
0.00431405
0.00431405
0.00431405
0.00431405
0.00431405
0.00431405
0.00431405
0.00431405
0.00431405
0.00431405
0.00431405
0.00431405
0.00431405
0.00431405
0.00431405
0.00431405
0.00431405
0.00431405
0.00431405
0.00431405
0.00431405
0.00431405
0.00431405
0.00431405
0.00431405
0.00431405
0.00431405
0.00431405
0.00431405
0.00431405
0.00431405
0.00431405
0.00431405
0.00431405
0.00431405
0.00431405
0.00431405
0.00431405
0.00431405
0.00431405
0.00431405
0.00431405
0.00431405
0.00431405
0.00431405
0.00431405
0.00431405
0.00431405
0.00431405
0.00431405
0.00431405
0.00431405
0.00431405
0.00431405
0.00431405
0.00431405
0.00431405
0.00431405
0.00431405
0.00431405
0.00431405
0.00431405
0.00431405
0.00431405
0.00431405
0.00431405
0.00431405
0.00431405
0.00431405
0.00431405
0.00431405
0.00431405
0.00431405
0.00431405
0.00431405
0.00431405
0.00431405
0.00431405
0.00431405
0.00431405
0.00431405
0.00431405
0.00431405
0.00431405
0.00431405
0.00431405
0.00431405
0.00431405
0.00431405
0.00431405
0.00431405
0.00431405
0.00431405
0.00431405
0.00431405
0.00431405
0.00431405
0.00431405
0.00431405
0.00431405
0.00431405
0.00431405
0.00431405
0.00431405
0.00431405
0.00431405
0.00431405
0.00431405
0.00431405
0.00431405
0.00431405
0.00431405
0.00431405
0.00431405
0.00431405
0.00431405
0.00431405
0.00431405
0.00431405
0.00431405
0.00431405
0.00431405
0.00431405
0.00431405
0.00431405
0.00431405
0.00431405
0.00431405
0.00431405
0.00431405
0.00431405
0.00431405
0.00431405
0.00431405
0.00431405
0.00431405
0.00431405
0.00431405
0.00431405
0.00431405
0.00431405
0.00431405
0.00431405
0.00431405
0.00431405
0.00431405
0.00431405
0.00431405
0.00431405
0.00431405
0.00431405
0.00431405
0.00431405
0.00431405
0.00431405
0.00431405
0.00431405
0.00431405
0.00431405
0.00431405
0.00431405
0.00431405
0.00431405
0.00431405
0.00431405
0.00431405
0.00431405
0.00431405
0.00431405
0.00431405
0.00431405
0.00431405
0.00431405
0.00431405
0.00431405
0.00431405
0.00431405
0.00431405
0.00431405
0.00431405
0.00431405
0.00431405
0.00431405
0.00431405
0.00431405
0.00431405
0.00431405
0.00431405
0.00431405
0.00431405
0.00431405
0.00431405
0.00431405
0.00431405
0.00431405
0.00431405
0.00431405
0.00431405
0.00431405
0.00431405
0.00431405
0.00431405
0.00431405
0.00431405
0.00431405
0.00431405
0.00431405
0.00431405
0.00431405
0.00431405
0.00431405
0.00431405
0.00348916
0.00431405
0.00431405
0.00431405
0.00431405
0.00431405
0.00431405
0.00431405
0.00431405
0.00431405
0.00431405
0.00431405
0.00431405
0.00431405
0.00431405
0.00431405
0.00431405
0.00431405
0.00431405
0.00431405
0.00431405
0.00431405
0.00431405
0.00431404
0.00407591
0.00431405
0.00431405
0.00431405
0.00431405
0.00431405
0.00431405
0.00431405
0.00431405
0.00431405
0.00431405
0.00431405
0.00431405
0.00431405
0.00431405
0.00431405
0.00431405
0.00431405
0.00431405
0.00431405
0.00431405
0.00431405
0.00431405
0.00431404
0.00409448
0.00431405
0.00431405
0.00431405
0.00431405
0.00431405
0.00431405
0.00431405
0.00431405
0.00431405
0.00431405
0.00431405
0.00431405
0.00431405
0.00431405
0.00431405
0.00431405
0.00431405
0.00431405
0.00431405
0.00431405
0.00431405
0.00431405
0.00431227
0.00420997
0.00431405
0.00431405
0.00431405
0.00431405
0.00431405
0.00431405
0.00431405
0.00431405
0.00431405
0.00431405
0.00431405
0.00431405
0.00431405
0.00431405
0.00431405
0.00431405
0.00431405
0.00431405
0.00431405
0.00431405
0.00431405
0.00431405
0.00431138
0.00421275
0.00431405
0.00431405
0.00431405
0.00431405
0.00431405
0.00431405
0.00431405
0.00431405
0.00431405
0.00431405
0.00431405
0.00431405
0.00431405
0.00431405
0.00431405
0.00431405
0.00431405
0.00431405
0.00431405
0.00431405
0.00431405
0.00431372
0.00421242
0.00426627
0.00431404
0.00431405
0.00431405
0.00431405
0.00431405
0.00431405
0.00431405
0.00431405
0.00431405
0.00431405
0.00431405
0.00431405
0.00431405
0.00431405
0.00431405
0.00431405
0.00431405
0.00431405
0.00431405
0.00431405
0.00431405
0.0043134
0.00421287
0.00426659
0.00431404
0.00431405
0.00431405
0.00431405
0.00431405
0.00431405
0.00431405
0.00431405
0.00431405
0.00431405
0.00431405
0.00431405
0.00431405
0.00431405
0.00431405
0.00431405
0.00431405
0.00431405
0.00431405
0.00431405
0.00431404
0.00431308
0.00421328
0.00426687
0.00431403
0.00431405
0.00431405
0.00431405
0.00431405
0.00431405
0.00431405
0.00431405
0.00431405
0.00431405
0.00431405
0.00431405
0.00431405
0.00431405
0.00431405
0.00431405
0.00431405
0.00431405
0.00431405
0.00431405
0.00431404
0.00431276
0.00421368
0.00426711
0.00431402
0.00431405
0.00431405
0.00431405
0.00431405
0.00431405
0.00431405
0.00431405
0.00431405
0.00431405
0.00431405
0.00431405
0.00431405
0.00431405
0.00431405
0.00431405
0.00431405
0.00431405
0.00431405
0.00431405
0.00431404
0.00431244
0.00421406
0.00426732
0.00431402
0.00431405
0.00431405
0.00431405
0.00431405
0.00431405
0.00431405
0.00431405
0.00431405
0.00431405
0.00431405
0.00431405
0.00431405
0.00431405
0.00431405
0.00431405
0.00431405
0.00431405
0.00431405
0.00431405
0.00431403
0.00431214
0.00421443
0.00426751
0.00431401
0.00431405
0.00431405
0.00431405
0.00431405
0.00431405
0.00431405
0.00431405
0.00431405
0.00431405
0.00431405
0.00431405
0.00431405
0.00431405
0.00431405
0.00431405
0.00431405
0.00431405
0.00431405
0.00431405
0.00431402
0.00431185
0.00421478
0.00426769
0.00431401
0.00431405
0.00431405
0.00431405
0.00431405
0.00431405
0.00431405
0.00431405
0.00431405
0.00431405
0.00431405
0.00431405
0.00431405
0.00431405
0.00431405
0.00431405
0.00431405
0.00431405
0.00431405
0.00431405
0.00431401
0.00431152
0.00421515
0.00426787
0.004314
0.00431405
0.00431405
0.00431405
0.00431405
0.00431405
0.00431405
0.00431405
0.00431405
0.00431405
0.00431405
0.00431405
0.00431405
0.00431405
0.00431405
0.00431405
0.00431405
0.00431405
0.00431405
0.00431405
0.004314
0.00431116
0.00421554
0.00426806
0.004314
0.00431405
0.00431405
0.00431405
0.00431405
0.00431405
0.00431405
0.00431405
0.00431405
0.00431405
0.00431405
0.00431405
0.00431405
0.00431405
0.00431405
0.00431405
0.00431405
0.00431405
0.00431405
0.00431405
0.00431399
0.00431081
0.00421592
0.00426825
0.00431399
0.00431405
0.00431405
0.00431405
0.00431405
0.00431405
0.00431405
0.00431405
0.00431405
0.00431405
0.00431405
0.00431405
0.00431405
0.00431405
0.00431405
0.00431405
0.00431405
0.00431405
0.00431405
0.00431405
0.00431398
0.00431047
0.0042163
0.00426844
0.00431399
0.00431405
0.00431405
0.00431405
0.00431405
0.00431405
0.00431405
0.00431405
0.00431405
0.00431405
0.00431405
0.00431405
0.00431405
0.00431405
0.00431405
0.00431405
0.00431405
0.00431405
0.00431405
0.00431405
0.00431397
0.00431014
0.00421667
0.00426861
0.00431398
0.00431405
0.00431405
0.00431405
0.00431405
0.00431405
0.00431405
0.00431405
0.00431405
0.00431405
0.00431405
0.00431405
0.00431405
0.00431405
0.00431405
0.00431405
0.00431405
0.00431405
0.00431405
0.00431405
0.00431395
0.0043098
0.00421705
0.00426879
0.00431397
0.00431405
0.00431405
0.00431405
0.00431405
0.00431405
0.00431405
0.00431405
0.00431405
0.00431405
0.00431405
0.00431405
0.00431405
0.00431405
0.00431405
0.00431405
0.00431405
0.00431405
0.00431405
0.00431405
0.00431394
0.00430947
0.00421742
0.00426896
0.00431397
0.00431405
0.00431405
0.00431405
0.00431405
0.00431405
0.00431405
0.00431405
0.00431405
0.00431405
0.00431405
0.00431405
0.00431405
0.00431405
0.00431405
0.00431405
0.00431405
0.00431405
0.00431405
0.00431405
0.00431392
0.00430914
0.00421779
0.00426913
0.00431396
0.00431405
0.00431405
0.00431405
0.00431405
0.00431405
0.00431405
0.00431405
0.00431405
0.00431405
0.00431405
0.00431405
0.00431405
0.00431405
0.00431405
0.00431405
0.00431405
0.00431405
0.00431405
0.00431405
0.0043139
0.00430881
0.00421817
0.00426931
0.00431396
0.00431405
0.00431405
0.00431405
0.00431405
0.00431405
0.00431405
0.00431405
0.00431405
0.00431405
0.00431405
0.00431405
0.00431405
0.00431405
0.00431405
0.00431405
0.00431405
0.00431405
0.00431405
0.00431405
0.00431388
0.00430847
0.00421855
0.00426948
0.00431395
0.00431405
0.00431405
0.00431405
0.00431405
0.00431405
0.00431405
0.00431405
0.00431405
0.00431405
0.00431405
0.00431405
0.00431405
0.00431405
0.00431405
0.00431405
0.00431405
0.00431405
0.00431405
0.00431404
0.00431386
0.00430812
0.00421894
0.00426967
0.00431395
0.00431405
0.00431405
0.00431405
0.00431405
0.00431405
0.00431405
0.00431405
0.00431405
0.00431405
0.00431405
0.00431405
0.00431405
0.00431405
0.00431405
0.00431405
0.00431405
0.00431405
0.00431405
0.00431405
0.00431405
0.00431405
0.00431405
0.00431405
0.00431405
0.00431405
0.00431405
0.0034907
0.00346213
0.00431405
0.00431405
0.00431405
0.00431405
0.00431405
0.00431405
0.00431405
0.00431405
0.00431405
0.00431404
0.00431405
0.00431405
0.00431405
0.00431405
0.00431405
0.00431405
0.00431405
0.00431405
0.00431286
0.00431381
0.00431128
0.00431367
0.00431405
0.00431405
0.00431405
0.00431405
0.00431405
0.00431405
0.00431405
0.00430915
0.00430979
0.00428102
0.00429734
0.00431405
0.00431405
0.00431405
0.00431405
0.00431405
0.00431405
0.00431405
0.00431109
0.00431008
0.00430449
0.00428951
0.00431405
0.00431405
0.00431405
0.00431211
0.00431167
0.00431405
0.00431405
0.00431405
0.00431352
0.00431316
0.00431404
0.00369211
0.00349391
0.00389182
0.00431405
0.00431405
0.00431389
0.00431405
0.00431405
0.00431404
0.00431339
0.00431405
0.00431404
0.00431375
0.00431404
0.00431405
0.00431405
0.00431394
0.00431006
0.00431257
0.00431405
0.0043091
0.00429817
0.00431308
0.00430964
0.00429838
0.00431117
0.00431405
0.0043126
0.0043095
0.0043139
0.00431267
0.00431405
0.00430993
0.00430921
0.00431405
0.00429552
0.00430129
0.00429768
0.00429526
0.00428894
0.00428009
0.00431405
0.00430839
0.00430958
0.00430946
0.00430846
0.00431405
0.00430052
0.00430528
0.00430173
0.00429967
0.00431148
0.00430536
0.00431405
0.00431194
0.00431328
0.00430965
0.0043118
0.00431405
0.00430898
0.00431064
0.0043058
0.00430866
0.00431309
0.00431228
0.00431334
0.00431364
0.00431405
0.00431191
0.00431071
0.00431084
0.00431181
0.00431367
0.00431356
0.00431405
0.00431405
0.00431405
0.00431395
0.00431405
0.00431405
0.00431405
0.00431405
0.00431405
0.00431279
0.0043122
0.0042672
0.00424373
0.00431405
0.00431405
0.00431405
0.00431405
0.00431396
0.00431405
0.00431405
0.00431405
0.0043121
0.00431124
0.00431405
0.003542
0.00365665
0.00404047
0.00411126
0.00366242
0.00379127
0.00423925
0.00419772
0.00431405
0.00431367
0.00431382
0.00411954
0.00416214
0.00431384
0.00431391
0.00431405
0.00431405
0.00431405
0.00431405
0.00431405
0.00431405
0.00431405
0.0043139
0.00431405
0.00431398
0.00431405
0.004314
0.00431405
0.00431215
0.00431277
0.00429053
0.00429135
0.00429928
0.00429755
0.0043115
0.00419892
0.0043126
0.00428569
0.00426988
0.00427253
0.00428675
0.00431335
0.00429728
0.00431397
0.00426527
0.00430829
0.00425606
0.00431389
0.00430953
0.00431395
0.00431405
0.00431369
0.00430183
0.00431398
0.004314
0.00430294
0.00430226
0.00431217
0.00431192
0.00430372
0.00430442
0.00430971
0.00431401
0.00431403
0.004314
0.00431401
0.00430969
0.00431346
0.00431404
0.00431405
0.00431403
0.00431404
0.00431326
0.00429823
0.00429856
0.00429524
0.00429502
0.0042685
0.00427017
0.00430774
0.004314
0.004314
0.004314
0.004314
0.00430772
0.00430911
0.00431399
0.004314
0.004314
0.00431399
0.00430905
0.00354387
0.00430283
0.00364501
0.00345789
0.0038191
0.00365802
0.00430349
0.00429599
0.003459
0.00429691
0.00430958
0.00430916
0.00431065
0.00431401
0.00431401
0.00431402
0.00431401
0.00431087
0.00393428
0.00402521
0.00430719
0.0039529
0.00383071
0.00405973
0.00396676
0.00430759
0.00380456
0.00392066
0.00431281
0.00424552
0.00426983
0.00420403
0.0042407
0.0043127
0.00418757
0.00416139
0.00417762
0.00360007
0.00416713
0.00415505
0.00365968
0.00428599
0.00428719
0.00431403
0.00431405
0.00431405
0.00431405
0.00431405
0.00431362
0.00431355
0.00383811
0.00431198
0.00431316
0.00431404
0.00431322
0.00431286
0.00431405
0.00356948
0.00359372
0.00339992
0.00416059
0.00416095
0.0036176
0.00365951
0.00427828
0.00428554
0.00312069
0.00431405
0.00431405
0.00431405
0.00431405
0.00431405
0.00431405
0.0043134
0.00431404
0.00431403
0.00431136
0.00431034
0.00431328
0.00430917
0.00431397
0.00431397
0.00431398
0.00431397
0.00430925
0.00428557
0.00429496
0.00430228
0.00429093
0.00410315
0.00406566
0.0043134
0.00428828
0.00429854
0.00430693
0.00430718
0.00367143
0.00431405
0.00431402
0.00431405
0.00431385
0.00431189
0.00431079
0.00431404
0.00431405
0.00431405
0.00431405
0.00431405
0.00431403
0.00431105
0.004314
0.00431399
0.00431402
0.00431401
0.0043114
0.00430639
0.00418768
0.00426056
0.00413378
0.00414704
0.00429979
0.00426781
0.00427543
0.00431077
0.00430062
0.00430668
0.00431093
0.00431379
0.00431381
0.0043136
0.00431363
0.0043096
0.00431397
0.00431398
0.00430946
0.00429683
0.0040951
0.00405033
0.00429642
0.00411407
0.00412992
0.00404229
0.00405267
0.00429476
0.00428086
0.00427418
0.00430801
0.00431359
0.00431357
0.00431352
0.00431369
0.00430886
0.00430933
0.00431356
0.00431359
0.00431357
0.00431355
0.00430875
0.00431078
0.00427039
0.00427943
0.00425797
0.00425263
0.00430722
0.00431301
0.00431402
0.00431402
0.00431403
0.00431403
0.00431308
0.0043098
0.00413483
0.00407049
0.00419955
0.00418019
0.00431003
0.00380485
0.00383424
0.00431132
0.0042204
0.00420539
0.00376918
0.00379599
0.00414931
0.00411299
0.00431403
0.00431404
0.00431404
0.004063
0.00425847
0.00408634
0.00410509
0.00409905
0.00425545
0.00431405
0.004314
0.00431405
0.00431386
0.00431404
0.00356844
0.00360063
0.00357419
0.00357058
0.00407491
0.00365656
0.00363134
0.00370905
0.00366368
0.00408405
0.00369421
0.00371912
0.00422374
0.00421672
0.00414058
0.00377818
0.0037327
0.00366375
0.00368666
0.00431378
0.00431403
0.00431404
0.00431394
0.00431402
0.00431368
0.00431141
0.00431321
0.00428645
0.00429413
0.00430174
0.00429185
0.00420821
0.0042837
0.00427717
0.0042906
0.00428576
0.00420647
0.00426229
0.00425614
0.00427514
0.00426576
0.00428007
0.00416213
0.00418498
0.00412092
0.00415086
0.00427773
0.00404541
0.00405503
0.00428627
0.00431252
0.0043111
0.00431378
0.00431293
0.00429177
0.00430175
0.00429867
0.00430995
0.0043031
0.00431319
0.00431402
0.00431388
0.00431263
0.00431154
0.00431332
0.00431215
0.00431389
0.00431243
0.00431362
0.0043139
0.00431268
0.0043135
0.00431403
0.00431379
0.0043134
0.00416428
0.00417689
0.00430536
0.00406062
0.00400675
0.0041991
0.00407207
0.00392866
0.0038793
0.00399014
0.00394976
0.00430039
0.00415165
0.00416104
0.00425889
0.00424551
0.00429705
0.00427046
0.00422985
0.00421474
0.0042432
0.00423368
0.00431108
0.00427714
0.00428183
0.00430139
0.0043063
0.0043137
0.00431376
0.00431024
0.00430962
0.00431364
0.00431369
0.00410749
0.00410297
0.00429723
0.00380443
0.00380401
0.00361279
0.00378047
0.00378639
0.00385225
0.00379975
0.0037874
0.00409043
0.00410874
0.00429607
0.00380048
0.00375017
0.00386722
0.00381604
0.00365661
0.00360573
0.0037309
0.00367936
0.00429479
0.00406164
0.00408317
0.0042753
0.00427286
0.00431363
0.0043136
0.00430792
0.00430841
0.00431367
0.00431364
0.00431355
0.00431356
0.00430928
0.00430881
0.00431355
0.00431355
0.00353347
0.00355752
0.00415396
0.00418149
0.00411404
0.00414371
0.00350873
0.00375691
0.00421513
0.00417649
0.00418876
0.00420905
0.00372452
0.00396275
0.00398789
0.00389005
0.00395387
0.00347025
0.00407029
0.00410491
0.00399978
0.00405304
0.00346183
0.00426249
0.00426817
0.00431053
0.00423864
0.00424985
0.00425327
0.00423818
0.00424967
0.00430769
0.00424928
0.00425771
0.00397062
0.0035183
0.00352301
0.00361376
0.00352933
0.00398381
0.00357332
0.00384529
0.00352717
0.00386465
0.00422316
0.00429615
0.00429211
0.00430106
0.00429752
0.00422631
0.00417167
0.00417782
0.00384697
0.00387782
0.00370451
0.00375847
0.00417473
0.00415777
0.00431405
0.00431405
0.00431405
0.00431405
0.00431397
0.00431398
0.00431405
0.00431405
0.00431405
0.00431404
0.00431405
0.00431405
0.00431405
0.00431405
0.00431405
0.00431405
0.00431404
0.00431353
0.00431131
0.00430681
0.00430621
0.00428214
0.00429653
0.00431398
0.00431399
0.0043105
0.00427037
0.00426746
0.00428993
0.00428144
0.00428609
0.00431213
0.00431401
0.00431405
0.00431405
0.00430726
0.00430926
0.0043136
0.00431398
0.00431385
0.00431404
0.00431295
0.00429707
0.00430635
0.00429912
0.00430557
0.0043049
0.00431078
0.00431192
0.00431194
0.00430954
0.00431385
0.00431388
0.00431278
0.00430956
0.00431398
0.00431398
0.004132
0.00411129
0.0043
0.00428788
0.00427425
0.00427311
0.00427916
0.00430831
0.00431186
0.00431185
0.00430942
0.00431189
0.00431191
0.00431185
0.00431184
0.00430854
0.00429423
0.00416384
0.00414212
0.00430985
0.00431357
0.00431354
0.00431349
0.00431403
0.00431403
0.00356639
0.00357031
0.00423667
0.00422489
0.00431146
0.00356034
0.00356302
0.00429954
0.00430184
0.00431364
0.00431397
0.00431391
0.00354255
0.00355392
0.00356428
0.00364813
0.00366842
0.00352915
0.00354193
0.00361942
0.00360287
0.00377308
0.00416395
0.00415699
0.0042041
0.00381606
0.0037863
0.00414638
0.00431405
0.00431405
0.00431405
0.00431376
0.00431389
0.00431399
0.00431402
0.00431352
0.00431363
0.00431405
0.00431405
0.00431404
0.00430973
0.00430944
0.00431172
0.00431303
0.00431198
0.00431144
0.00428856
0.00429216
0.00427759
0.00427977
0.00430042
0.00429541
0.0042683
0.00427319
0.00421584
0.00421674
0.00424199
0.00423853
0.00419888
0.00421898
0.00422155
0.00431227
0.00428794
0.00429304
0.00429315
0.00427539
0.00430027
0.00429738
0.00431183
0.00431066
0.00430559
0.00422558
0.00421466
0.00428997
0.004269
0.00423927
0.00431404
0.00431403
0.00431357
0.0043134
0.00431217
0.00431279
0.00430539
0.00431292
0.00431333
0.00428337
0.00429173
0.0043128
0.00420048
0.00418756
0.00430302
0.0043051
0.00431397
0.00431399
0.00431369
0.00431283
0.00431391
0.00431394
0.00429963
0.00410859
0.00410659
0.00426858
0.00427105
0.00431184
0.00431185
0.00430916
0.00430896
0.00431184
0.00431184
0.00354531
0.00362932
0.00382901
0.00384673
0.00364614
0.00366502
0.00345923
0.00418147
0.0041684
0.00429511
0.00340987
0.00339403
0.00349982
0.00350347
0.00346286
0.00361725
0.0036317
0.00338622
0.00339966
0.00431362
0.00431359
0.00430998
0.0043113
0.00431366
0.00431364
0.00389373
0.00420116
0.00420883
0.00418488
0.00419304
0.00387307
0.00425666
0.00429886
0.00430203
0.00430141
0.0043002
0.00426042
0.00421192
0.00425121
0.00424648
0.00417654
0.00416659
0.004189
0.00362973
0.00364139
0.00364951
0.00355408
0.00418072
0.00387639
0.00383119
0.00391834
0.00388789
0.00414833
0.00403197
0.00403542
0.00419114
0.00421048
0.00429092
0.00431403
0.00431403
0.00431399
0.00357055
0.00357711
0.00384686
0.00384678
0.003376
0.00364109
0.00359562
0.00359675
0.0035781
0.00358827
0.00365319
0.00313205
0.00416332
0.00417399
0.00431405
0.00431405
0.00431405
0.00430797
0.0043074
0.00431133
0.00430922
0.00431111
0.00431238
0.00431053
0.00431087
0.00428408
0.00429574
0.00425608
0.00425942
0.00425982
0.004256
0.00429035
0.00426535
0.00426407
0.00409472
0.00403378
0.0040332
0.00404398
0.00404184
0.00408408
0.00431158
0.00431296
0.00431302
0.00431278
0.00431292
0.00431124
0.00429987
0.00430967
0.00430414
0.00430222
0.00430957
0.00431195
0.00431197
0.00427401
0.00427488
0.00428566
0.00427621
0.00431188
0.00431187
0.00430814
0.00431188
0.00431188
0.00430938
0.00430866
0.00431184
0.00431184
0.00425828
0.00426979
0.00426505
0.00427375
0.00427226
0.00425717
0.00357505
0.00358246
0.00355972
0.00355896
0.00377835
0.00364882
0.00364085
0.00404678
0.00404617
0.0041382
0.00406545
0.00408071
0.00403766
0.00404954
0.00412532
0.00431401
0.00431399
0.00431402
0.00431397
0.00431403
0.00431404
0.00431405
0.00431402
0.00431403
0.00431401
0.00408117
0.00417633
0.00417065
0.00419221
0.00418396
0.00408761
0.00412211
0.00414959
0.004138
0.00416608
0.00416017
0.00411267
0.00431402
0.00431404
0.00431403
0.00431352
0.00431309
0.00431396
0.00431388
0.00354752
0.00363189
0.00357085
0.0035692
0.00357335
0.00357202
0.00376215
0.00377591
0.00364208
0.00351762
0.00351809
0.00367773
0.00353268
0.00352413
0.00353297
0.00374781
0.00356999
0.00353595
0.00416956
0.00418005
0.0042299
0.00414076
0.0041438
0.00413286
0.00413495
0.00420992
0.00415408
0.0041585
0.00366815
0.00355542
0.00356679
0.00354555
0.0035464
0.0036749
0.00431393
0.00431396
0.00431385
0.0043134
0.00431369
0.00431389
0.00430716
0.00431151
0.00430901
0.00430851
0.00430966
0.00431011
0.0043086
0.00430917
0.00428736
0.00429302
0.0042635
0.00426452
0.00426077
0.00426218
0.00430117
0.00428092
0.00428173
0.00426369
0.00426516
0.00429335
0.0042644
0.00422541
0.00421838
0.00420244
0.00423564
0.0042319
0.00425975
0.00422489
0.00422403
0.00423585
0.00422954
0.00425794
0.00427272
0.00424171
0.00424538
0.00422819
0.00423525
0.0042695
0.00422222
0.00413081
0.0042053
0.0041995
0.00403813
0.00404325
0.00428352
0.00430271
0.00430151
0.00428084
0.00429646
0.0043075
0.00430463
0.00424354
0.004234
0.00427949
0.00428158
0.00429977
0.00426399
0.00425388
0.00430887
0.00431044
0.00431304
0.00431139
0.0043069
0.00430045
0.0043065
0.00431312
0.0043136
0.0043137
0.00431313
0.00431333
0.00431232
0.00431112
0.00431212
0.0043137
0.0043133
0.00431314
0.00431373
0.0043134
0.00431379
0.00431288
0.00431292
0.00431235
0.00431304
0.00404644
0.00402548
0.00416317
0.00400524
0.00402345
0.00396714
0.00408218
0.00390999
0.00389357
0.00397559
0.00396312
0.004252
0.00418773
0.00420242
0.0041586
0.00417264
0.00424816
0.00429397
0.00426892
0.00427599
0.00421095
0.00425211
0.00428655
0.00417563
0.00415261
0.00422592
0.00406771
0.00408192
0.0040434
0.00405539
0.0042215
0.00424082
0.0041352
0.00414614
0.00409788
0.00411568
0.00423742
0.00430232
0.00430575
0.00381094
0.00362395
0.0036494
0.00357272
0.0035971
0.00380811
0.00365562
0.00366318
0.0036624
0.00372185
0.00379636
0.00344414
0.00346693
0.00348815
0.0034472
0.00381819
0.00379564
0.0035304
0.00355057
0.00349166
0.00351227
0.00379167
0.00378732
0.00377219
0.00385465
0.00383406
0.0036363
0.00361795
0.00371421
0.00370001
0.00427097
0.00427192
0.00430922
0.00431186
0.00431187
0.00431183
0.00431183
0.00430888
0.00354352
0.00377037
0.00380467
0.00360372
0.00347245
0.00369259
0.00373002
0.00344635
0.00342713
0.00397049
0.00366375
0.00366073
0.00392129
0.00361526
0.00355425
0.00365611
0.00364368
0.00394145
0.00349144
0.00346765
0.00356655
0.00359854
0.00346773
0.00344106
0.00350598
0.00426502
0.00428737
0.00428557
0.00429003
0.00428874
0.0042666
0.00424244
0.00424776
0.00424789
0.0042379
0.00423786
0.00424201
0.00424896
0.00427727
0.00427521
0.00428304
0.00428006
0.00425253
0.00351687
0.00363143
0.00364367
0.00361386
0.00362235
0.00351922
0.00358332
0.00371741
0.00374319
0.00366236
0.00368838
0.00355352
0.00356782
0.00349402
0.00349686
0.00351241
0.0035019
0.00352982
0.00358493
0.00360299
0.00351767
0.00355161
0.00352584
0.00425834
0.00425527
0.0042191
0.00417057
0.00418481
0.00359684
0.00361916
0.00372529
0.00358791
0.00355975
0.00363113
0.00361565
0.00374425
0.00356083
0.0035612
0.00403594
0.00403776
0.00431405
0.00431405
0.00431405
0.00431405
0.00431405
0.00431405
0.00431405
0.00431405
0.00431405
0.00431405
0.00431405
0.00431405
0.00431405
0.00431405
0.00431405
0.00431405
0.00431405
0.00431405
0.00431405
0.00431405
0.00431405
0.00431405
0.00431405
0.00431405
0.00431405
0.00431405
0.00431405
0.00431405
0.00431405
0.00431405
0.00431405
0.00431405
0.00431405
0.00431405
0.00431405
0.00431405
0.00431405
0.00431405
0.00431405
0.00431405
0.00431405
0.00431405
0.00431405
0.00431405
0.00431405
0.00431405
0.00431405
0.00431405
0.00431405
0.00431405
0.00431405
0.00431405
0.00431405
0.00431405
0.00431405
0.00431405
0.00431405
0.00431405
0.00431405
0.00431405
0.00431405
0.00431405
0.00431405
0.00431405
0.00431405
0.00431405
0.00431405
0.00431405
0.00431405
0.00431405
0.00431405
0.00431405
0.00431405
0.00431405
0.00431405
0.00431405
0.00431405
0.00431405
0.00431405
0.00431405
0.00431405
0.00431405
0.00431405
0.00431405
0.00431405
0.00431404
0.00431404
0.00431405
0.00431405
0.00431405
0.00431405
0.00431405
0.00431405
0.00431405
0.00431405
0.00431405
0.00431405
0.00431405
0.00431405
0.00431405
0.00431404
0.00431404
0.00431405
0.00431405
0.00431405
0.00431405
0.00431405
0.00431405
0.00431405
0.00431405
0.00431405
0.00431405
0.00431404
0.00431404
0.00431405
0.00431405
0.00431405
0.00431405
0.00431405
0.00431405
0.00431405
0.00431405
0.00431405
0.00431405
0.00431405
0.00431405
0.00431405
0.00431405
0.00431405
0.00431405
0.00431405
0.00431405
0.00431405
0.00431405
0.00431405
0.00431405
0.00431344
0.00431342
0.00357355
0.00426375
0.00426789
0.00431405
0.00431405
0.00431405
0.00431405
0.00431405
0.00431405
0.00431405
0.00431405
0.00431405
0.00431405
0.00431405
0.00431405
0.00431404
0.00390866
0.00390002
0.0040901
0.00431405
0.00431405
0.00431405
0.00431405
0.00431405
0.00431405
0.00431405
0.00431405
0.00431405
0.00431405
0.00431405
0.00431296
0.00410282
0.00391125
0.00420854
0.00431397
0.00431405
0.00431405
0.00431405
0.00431405
0.00431405
0.00431405
0.00431405
0.00431405
0.00431405
0.00431405
0.00431405
0.00431405
0.00431405
0.00431404
0.00431404
0.00431405
0.00431405
0.00431404
0.00431403
0.00431405
0.00431405
0.00431405
0.00431404
0.00431404
0.00431405
0.00431405
0.00431403
0.00431404
0.00431403
0.00431403
0.00431405
0.00431404
0.00431404
0.00431405
0.00431405
0.00431404
0.00431404
0.00431404
0.00431404
0.00431405
0.00431405
0.00431405
0.00431405
0.00431404
0.00431405
0.00431405
0.00431342
0.00431364
0.00431405
0.00337572
0.00379379
0.00379914
0.00399768
0.00399843
0.00313847
0.00431405
0.00431405
0.00431405
0.00431405
0.00431405
0.00431405
0.00431405
0.00431405
0.00431404
0.00431405
0.00431405
0.00431405
0.00431405
0.00431405
0.00431405
0.00431405
0.00431405
0.00431405
0.00431405
0.00431405
0.00431405
0.00431405
0.00431405
0.00431405
0.00431405
0.00431405
0.00431405
0.00431405
0.00431405
0.00431405
0.00431404
0.004314
0.00431405
0.00431405
0.00431405
0.00431405
0.00431405
0.00431405
0.00431405
0.00431405
0.00431405
0.00431405
0.00431405
0.00431405
0.00431405
0.00431405
0.00431405
0.00431405
0.00431405
0.00431405
0.00431405
0.00431405
0.00431405
0.00431405
0.00431405
0.00431405
0.00431307
0.00431378
0.00431372
0.004314
0.00431397
0.00431374
0.00431325
0.00431281
0.00431353
0.00431405
0.00431405
0.00431405
0.00431405
0.00431405
0.00431405
0.00431405
0.00431405
0.00431405
0.00431405
0.00431405
0.00431405
0.00431405
0.00431405
0.00431405
0.00431405
0.00431405
0.00431405
0.00431404
0.00431404
0.00431405
0.00430912
0.00431283
0.00431283
0.00431297
0.00431291
0.00430956
0.00431405
0.00431405
0.00431405
0.00431405
0.00431405
0.00431405
0.00431405
0.00431405
0.00431405
0.00431405
0.00431405
0.00431405
0.00431405
0.00431405
0.00431405
0.00431405
0.00431405
0.00431405
0.00431404
0.00431404
0.00431405
0.00431065
0.00431399
0.004314
0.00431305
0.00431308
0.00431022
0.00430363
0.00428533
0.00428775
0.00431405
0.00431405
0.00431405
0.00431405
0.00431405
0.00431405
0.00431405
0.00431405
0.00431405
0.00431193
0.00429928
0.00430213
0.00430697
0.00430748
0.00431184
0.00431405
0.00431405
0.00431405
0.00431405
0.00431405
0.00431405
0.00431405
0.00431405
0.00431405
0.00431348
0.00431193
0.00431207
0.00431063
0.00431091
0.00431323
0.00431371
0.00431344
0.00431404
0.00367602
0.00430722
0.00430723
0.00416309
0.00416768
0.00350734
0.0043122
0.00431203
0.00385232
0.00431405
0.00431387
0.00431396
0.00431398
0.00431387
0.00431405
0.00431395
0.00431403
0.00431401
0.00431405
0.00431405
0.00431403
0.00431405
0.00431405
0.00431405
0.00431403
0.00431371
0.00431398
0.00431405
0.00431405
0.00431405
0.00431402
0.00431404
0.00431405
0.00431379
0.0043135
0.00431343
0.00431404
0.00431403
0.00431404
0.00431405
0.00431405
0.00431405
0.00431405
0.00431405
0.00431405
0.00431403
0.00431403
0.00431399
0.00431036
0.00431312
0.00431304
0.00431365
0.00431357
0.00431219
0.00431405
0.00431404
0.00431404
0.00430839
0.00430046
0.00430258
0.00427652
0.00427747
0.00429867
0.00430393
0.00430488
0.00431007
0.00431404
0.00431404
0.00431405
0.00431243
0.00431324
0.00431333
0.00431374
0.00431401
0.00431402
0.00431338
0.00431342
0.00431271
0.00431405
0.00431405
0.00431404
0.0043098
0.00431298
0.00431301
0.00431285
0.00431286
0.00430929
0.00431405
0.00431404
0.00431404
0.00429597
0.00427033
0.00426923
0.00428227
0.00428116
0.00430084
0.00429724
0.00427474
0.00427561
0.00426845
0.00426795
0.00429496
0.00431403
0.00431403
0.00431405
0.00431251
0.00431245
0.00430946
0.00431405
0.00431403
0.00431403
0.00430133
0.00424201
0.0042299
0.00428059
0.0042785
0.00430473
0.00430216
0.00428449
0.0042834
0.00422581
0.0042114
0.00429879
0.00431127
0.00430574
0.0043064
0.00429035
0.00429251
0.00430613
0.00431404
0.00431404
0.00431405
0.00431229
0.00431375
0.00431373
0.00431385
0.00431384
0.00431322
0.00430971
0.00431261
0.00431256
0.00431371
0.00431369
0.00431141
0.00431405
0.00431404
0.00431404
0.00430927
0.00429589
0.00429476
0.00430123
0.0043005
0.00431046
0.00430629
0.00428438
0.00428253
0.00429354
0.00429224
0.00430833
0.004313
0.00430999
0.00431033
0.00430297
0.00430516
0.00431244
0.00431339
0.00431388
0.00431386
0.00431404
0.00431404
0.00431353
0.00431405
0.00431405
0.00431405
0.00431213
0.00424848
0.00424007
0.00423563
0.00424523
0.00431206
0.00431101
0.00430253
0.00430191
0.00431366
0.00430221
0.0043027
0.00431405
0.00431405
0.00431405
0.00431405
0.00431405
0.00431405
0.00431405
0.00431405
0.00431405
0.00431405
0.00431405
0.00431405
0.00431405
0.00431405
0.00431405
0.00431405
0.00431405
0.00431405
0.00431404
0.00431404
0.00431405
0.00431257
0.00431398
0.00431398
0.00431397
0.00431397
0.00431248
0.00426433
0.00423231
0.00423713
0.00420043
0.00420795
0.00424813
0.00431405
0.00431405
0.00431405
0.00431405
0.00431405
0.00431405
0.00431377
0.00431392
0.00431401
0.00431405
0.00431405
0.00431405
0.00431405
0.00431405
0.00431405
0.00431405
0.00431405
0.00431405
0.00431176
0.00431401
0.00431396
0.004314
0.00431401
0.00431164
0.00431405
0.00431404
0.00431404
0.00405346
0.00391937
0.00390571
0.00398945
0.00397634
0.00410219
0.0042348
0.00418681
0.00419309
0.00431405
0.00431405
0.00431405
0.00431374
0.00431404
0.00431404
0.00431403
0.00431404
0.00431377
0.00412738
0.00401472
0.00400245
0.00406851
0.00406014
0.00415703
0.00431388
0.00431404
0.00431404
0.00431404
0.00431404
0.00431389
0.00431405
0.00431405
0.00431405
0.00431405
0.00431405
0.00431405
0.00431405
0.00431405
0.00431405
0.00431405
0.00431405
0.00431405
0.00431405
0.00431405
0.00431405
0.00431405
0.00431405
0.00431405
0.00431405
0.00431405
0.00431405
0.00431405
0.00431404
0.00431405
0.00431405
0.00431405
0.00431405
0.00431403
0.00431404
0.00431402
0.00431405
0.00431405
0.00431405
0.00429435
0.00429813
0.00431172
0.0043125
0.00430958
0.00430991
0.00428404
0.00426247
0.00426517
0.00424159
0.00424548
0.00427231
0.00427959
0.00430348
0.0043025
0.00430515
0.00430436
0.00428152
0.00431329
0.00431116
0.00431138
0.00431291
0.00431355
0.00431401
0.00431376
0.00431
0.00431248
0.00431058
0.0043129
0.00431241
0.00431402
0.00431399
0.00431385
0.00431405
0.00431404
0.00431405
0.00431389
0.00431384
0.00431396
0.00431401
0.00431395
0.00431392
0.00428543
0.00428687
0.00430366
0.00430162
0.00428296
0.00428415
0.00430943
0.00431006
0.0043124
0.00431166
0.00430822
0.00430883
0.0043121
0.00431216
0.00430977
0.00431402
0.00431395
0.00431394
0.00431398
0.00431396
0.00431402
0.004314
0.00431391
0.0043139
0.00431393
0.00431392
0.00431401
0.00430968
0.00431204
0.00431207
0.00431379
0.00431383
0.00431357
0.00431404
0.00431403
0.00431403
0.00431404
0.00431404
0.00431404
0.00431403
0.004314
0.00431399
0.00431402
0.00431401
0.00431404
0.00431305
0.00431364
0.00431372
0.0042757
0.00427507
0.00429791
0.00429891
0.00427701
0.00427634
0.00427019
0.00427087
0.00429548
0.00429489
0.004269
0.00426956
0.00431195
0.00431193
0.00430779
0.004314
0.00431389
0.0043139
0.00431389
0.00431389
0.004314
0.004314
0.00431391
0.00431391
0.0043139
0.0043139
0.004314
0.00430778
0.00431202
0.00431198
0.004314
0.00431388
0.00431388
0.00431389
0.00431389
0.004314
0.00431399
0.00431388
0.00431388
0.00431388
0.00431388
0.00431399
0.00427107
0.00424591
0.00430212
0.00380479
0.0039792
0.00399523
0.00386171
0.00387732
0.00367315
0.00430413
0.00427613
0.00427364
0.00429786
0.00420528
0.00418652
0.00430106
0.00430202
0.00430994
0.00430868
0.00429856
0.00429988
0.00431293
0.00431287
0.0043104
0.00431401
0.00431393
0.00431394
0.00431392
0.00431392
0.00431401
0.00431402
0.00431395
0.00431396
0.00431394
0.00431395
0.00431401
0.00431105
0.00431305
0.004313
0.0039465
0.00378822
0.00377641
0.00388942
0.00387033
0.00401192
0.00428784
0.00428616
0.00430675
0.00393611
0.00409043
0.00410187
0.00400818
0.00402138
0.00384237
0.0040197
0.00422827
0.00423402
0.00421568
0.00422209
0.00400544
0.00430797
0.00429085
0.00428939
0.00381632
0.00363569
0.00362835
0.00376249
0.00374365
0.00390446
0.0043092
0.00430961
0.00431291
0.00424936
0.00427504
0.00427256
0.00428923
0.00428748
0.004267
0.00426971
0.00426664
0.00423523
0.00431257
0.00430822
0.00430873
0.00416742
0.00395776
0.003928
0.00399379
0.00396854
0.00417316
0.00417191
0.00408533
0.00407697
0.00428459
0.00421567
0.00422717
0.00426769
0.00427011
0.00428855
0.00431405
0.00431405
0.00431405
0.00431405
0.00431405
0.00431405
0.0043136
0.004314
0.004314
0.004314
0.004314
0.00431358
0.00423065
0.0042279
0.00382172
0.00431199
0.00430032
0.00430059
0.00429998
0.00430037
0.00431216
0.00431308
0.00431399
0.00431399
0.00431398
0.00431399
0.00431303
0.00431405
0.00431404
0.00431404
0.00360676
0.00357781
0.00337785
0.00415881
0.00400452
0.00396144
0.00401251
0.00400787
0.00415913
0.00428369
0.00419482
0.00418358
0.00422491
0.00424274
0.00428579
0.00312332
0.00367905
0.0038072
0.00431405
0.00431405
0.00431405
0.00431405
0.00431405
0.00431405
0.00431405
0.00431405
0.00431405
0.00431405
0.00431405
0.00431405
0.00431405
0.00431405
0.00431405
0.00431405
0.00431405
0.00431405
0.00431387
0.00431383
0.00431325
0.00431404
0.00431399
0.00431401
0.00431396
0.00431398
0.00431403
0.00431339
0.0043125
0.00431233
0.00431282
0.00431282
0.00430912
0.00431397
0.00431374
0.00431374
0.00431374
0.00431374
0.00431397
0.00431398
0.00431376
0.00431378
0.00431374
0.00431375
0.00431397
0.00430938
0.00431287
0.00431284
0.00428253
0.00428361
0.00430289
0.00431158
0.00431176
0.00431344
0.00429625
0.00430648
0.00430585
0.00430755
0.00430705
0.00429745
0.00430705
0.00426127
0.00423706
0.00426233
0.0042619
0.00430713
0.00366686
0.00409757
0.00409694
0.00431405
0.00431405
0.00431405
0.00431405
0.00431405
0.00431405
0.00431405
0.00431405
0.00431405
0.00431359
0.00431354
0.00431382
0.00431405
0.00431405
0.00431404
0.00431405
0.00431405
0.00431405
0.00431405
0.00431405
0.00431405
0.00431405
0.00431404
0.00431404
0.00431405
0.00431405
0.00431405
0.00431401
0.00431404
0.00431404
0.00431329
0.0043132
0.0043107
0.004314
0.00431383
0.00431386
0.00431379
0.00431381
0.00431399
0.00431402
0.00431392
0.00431395
0.00431388
0.0043139
0.00431401
0.00431178
0.00431347
0.00431338
0.00429379
0.0042973
0.00430745
0.00420969
0.00427152
0.00426105
0.00428862
0.00428235
0.00424323
0.00413788
0.00423179
0.00423008
0.00423553
0.00423361
0.00414234
0.00429922
0.0042785
0.00427958
0.00427133
0.00429367
0.0042918
0.00429614
0.004295
0.00427359
0.00431043
0.00430564
0.00430632
0.00431277
0.00431308
0.00431198
0.0043138
0.00431373
0.00431363
0.00431361
0.00431313
0.00431311
0.00431317
0.00431315
0.00431362
0.00431397
0.00431375
0.00431374
0.00431376
0.00431375
0.00431397
0.00430937
0.00431288
0.0043129
0.00427269
0.00427155
0.00429639
0.00408138
0.00421566
0.00421943
0.00420762
0.00421138
0.00406465
0.00427304
0.00427386
0.00429681
0.00411982
0.00422486
0.00422297
0.00422846
0.00422676
0.00412562
0.0040398
0.00420393
0.00420513
0.0042052
0.00420364
0.00404475
0.0042949
0.00426773
0.00426768
0.00431358
0.00431307
0.00431308
0.00431306
0.00431306
0.00431358
0.00431326
0.00431329
0.0043137
0.00430923
0.00431237
0.00431228
0.00431357
0.00431307
0.00431306
0.0043131
0.00431308
0.00431358
0.00431356
0.00431304
0.00431305
0.00431304
0.00431304
0.00431356
0.00430428
0.00430503
0.00431104
0.00427342
0.00429306
0.00429145
0.00429616
0.00429469
0.00427666
0.00430673
0.00429401
0.00429511
0.00431379
0.00431377
0.00431293
0.00431402
0.00431397
0.00431397
0.00431396
0.00431397
0.00431402
0.00431403
0.00431399
0.00431399
0.00431398
0.00431398
0.00431403
0.00431315
0.00431382
0.0043138
0.00429795
0.00429695
0.00430954
0.00410833
0.00424879
0.00425304
0.00423931
0.00424422
0.00409912
0.0041934
0.00426356
0.00426654
0.00425685
0.00426035
0.00418701
0.00431025
0.00429971
0.00429886
0.00381387
0.00368166
0.00367323
0.003702
0.00369079
0.00382343
0.00430366
0.00430312
0.00431118
0.0042157
0.0042741
0.00427624
0.00426928
0.00427178
0.00421073
0.00366498
0.00365681
0.00378718
0.00431405
0.00431404
0.00431403
0.00422333
0.00422761
0.0042614
0.00425208
0.00421438
0.00421921
0.00431404
0.00431405
0.00431405
0.00431405
0.00431405
0.00431404
0.00431403
0.00431399
0.00431402
0.00394221
0.00393118
0.0040646
0.00364984
0.00378689
0.00379681
0.00368803
0.00383269
0.00384977
0.00380687
0.00381844
0.00367325
0.0040935
0.00396425
0.00395291
0.00403505
0.00402554
0.00413435
0.00376805
0.0038979
0.00390891
0.00386776
0.00388431
0.00375343
0.00431403
0.00431401
0.004314
0.00431404
0.00431403
0.00431404
0.00431397
0.00431386
0.00431381
0.00431398
0.00431391
0.004314
0.00431224
0.00431216
0.00431314
0.00428145
0.00425561
0.00426
0.00424818
0.00425145
0.00427922
0.00428909
0.00426902
0.00427146
0.00426377
0.00426662
0.00428752
0.00425624
0.00425953
0.00428218
0.00417175
0.00422681
0.00422172
0.00423504
0.00423115
0.00417892
0.00421616
0.00421063
0.00414
0.00427511
0.00424912
0.00425274
0.00431213
0.00430899
0.00430972
0.00430698
0.00430825
0.00431171
0.00431362
0.00431279
0.00431324
0.00431066
0.00431182
0.00431333
0.00430072
0.00428313
0.00428475
0.0043076
0.00429631
0.00430392
0.00428697
0.00429068
0.00430506
0.00431376
0.00431338
0.00431178
0.00431399
0.00431386
0.00431396
0.0043135
0.0043137
0.00431395
0.00431393
0.00431375
0.00431366
0.004314
0.00431398
0.00431402
0.00431362
0.00431387
0.00431393
0.00431375
0.00431381
0.00431349
0.00416775
0.00424693
0.00424466
0.00425404
0.00424982
0.00417169
0.00430446
0.0042886
0.00429082
0.0042807
0.00428182
0.00430099
0.00415504
0.00423922
0.00423745
0.0042427
0.00424092
0.00415799
0.00430697
0.0043076
0.00431138
0.00427879
0.00429827
0.00429722
0.00430032
0.0042993
0.00428037
0.00431372
0.00431336
0.00431332
0.00431352
0.00431343
0.00431374
0.0043099
0.00431227
0.00431247
0.00431199
0.00431202
0.00430966
0.00431366
0.00431322
0.0043132
0.00431328
0.00431325
0.00431367
0.00410812
0.00422508
0.00422611
0.00422214
0.00422386
0.00410657
0.00429757
0.00427441
0.00427366
0.00409786
0.00421758
0.00421549
0.00422118
0.00421944
0.0041037
0.00429576
0.00427156
0.00427227
0.00426803
0.0042685
0.00429477
0.00406989
0.00420951
0.00420735
0.00421342
0.00421146
0.00407645
0.00431362
0.00431312
0.00431313
0.00431309
0.00431311
0.00431361
0.00430785
0.00431191
0.00431189
0.00431218
0.00431209
0.00430801
0.00431366
0.0043132
0.00431323
0.00431315
0.00431317
0.00431365
0.00431355
0.00431304
0.00431304
0.00431305
0.00431304
0.00431355
0.00431355
0.00431303
0.00431303
0.00431303
0.00431303
0.00431355
0.00416342
0.00401048
0.00399057
0.00404013
0.00402675
0.00417309
0.00412336
0.00392794
0.00391244
0.00396832
0.0039466
0.00413328
0.00393872
0.00395848
0.00378469
0.00422065
0.00411317
0.00410139
0.00419585
0.00406375
0.00405204
0.00408881
0.00407595
0.0042024
0.00369483
0.00389562
0.00391687
0.0036781
0.00366831
0.00397852
0.00408413
0.0038666
0.00384136
0.00389858
0.00388424
0.00409527
0.00401526
0.00372278
0.00369494
0.00380511
0.00376223
0.00403379
0.00431025
0.00430282
0.00430355
0.00429612
0.00429727
0.0043082
0.00381354
0.00380004
0.00395834
0.00399786
0.0038497
0.00383008
0.00366303
0.00364576
0.00382924
0.00388525
0.00371782
0.00368862
0.00429493
0.00427918
0.00428124
0.00427411
0.00427676
0.00429357
0.00429997
0.0042868
0.00428865
0.0042831
0.00428494
0.00429881
0.00423015
0.00426366
0.00426095
0.00386149
0.00373651
0.00371719
0.00376017
0.00375583
0.00387539
0.00417142
0.00410584
0.00410626
0.00409019
0.00409828
0.00416494
0.00431405
0.00431405
0.00431405
0.00431405
0.00431405
0.00431405
0.00431397
0.00431404
0.00431404
0.00431404
0.00431404
0.00431398
0.00431405
0.00431405
0.00431405
0.00431405
0.00431405
0.00431405
0.00431405
0.00431405
0.00431405
0.00431405
0.00431405
0.00431404
0.00431405
0.00431405
0.00431405
0.00431405
0.00431405
0.00431405
0.00431405
0.00431405
0.00431405
0.00431405
0.00431405
0.00431405
0.00431364
0.00431394
0.00431391
0.00431036
0.00431312
0.00431315
0.00428298
0.00429841
0.00429738
0.00430033
0.00429937
0.00428445
0.00431199
0.00430795
0.00430839
0.00431404
0.00431404
0.00431399
0.00430796
0.0043116
0.00431121
0.00431228
0.00431195
0.0043086
0.00431395
0.00431401
0.00431402
0.00431396
0.00431399
0.0043139
0.00431404
0.00431403
0.00431402
0.00431207
0.00431264
0.00431304
0.0043022
0.00430911
0.00430755
0.00431074
0.00431009
0.00430493
0.00431274
0.00431345
0.00431348
0.00431293
0.00431295
0.00430967
0.00431398
0.00431377
0.00431376
0.00431378
0.00431378
0.00431398
0.00412269
0.00423655
0.00423947
0.00423216
0.0042341
0.00411572
0.00430042
0.00428016
0.00427925
0.00415838
0.0042486
0.00425122
0.00424254
0.00424546
0.0041512
0.00431269
0.00431264
0.00430977
0.0043139
0.00431389
0.00431344
0.00431399
0.004314
0.00431403
0.00423301
0.00428182
0.00428342
0.00427824
0.0042801
0.0042291
0.00431159
0.00430464
0.00430417
0.00430043
0.0043084
0.004308
0.00430905
0.00430875
0.0043012
0.00380382
0.00393769
0.00394856
0.00391855
0.00392787
0.00379432
0.0041518
0.00405197
0.0040437
0.00431405
0.00431405
0.00431405
0.00431405
0.00431405
0.00431405
0.00431405
0.00431405
0.00431405
0.00431405
0.00431404
0.00431404
0.00431405
0.00431405
0.00431405
0.00431404
0.00431404
0.00431405
0.00430881
0.00430921
0.00431239
0.00428984
0.00430225
0.0043013
0.00430391
0.00430313
0.00429158
0.004314
0.00431403
0.00431404
0.00431373
0.00431395
0.00431389
0.00428521
0.00430255
0.00430138
0.00430568
0.00430396
0.00428779
0.00431261
0.00431071
0.00431141
0.00431364
0.00431387
0.00431389
0.00431352
0.00431358
0.00431292
0.00427845
0.00427771
0.00429926
0.0041068
0.00422934
0.00423063
0.00422712
0.00422818
0.00410626
0.00417687
0.00425793
0.00426023
0.00425358
0.00425582
0.00417264
0.00431016
0.0043128
0.00431274
0.00431313
0.00431309
0.00431118
0.00406233
0.0040773
0.00391589
0.00385568
0.00403333
0.00404825
0.00428072
0.00427792
0.00425291
0.00429037
0.00429194
0.00430289
0.00426393
0.00428549
0.00428323
0.00410118
0.00409352
0.00417654
0.0038631
0.00398452
0.00399534
0.00396048
0.0039727
0.00384756
0.00390843
0.00402992
0.00403975
0.00400825
0.00401953
0.00389838
0.00419778
0.00424257
0.00423881
0.00424968
0.00424626
0.00420442
0.00428981
0.00427238
0.0042745
0.00383451
0.00371473
0.00373015
0.00372438
0.00371845
0.00383926
0.0033759
0.00357519
0.00357858
0.00361003
0.00363478
0.00312728
0.00417791
0.0040251
0.00395312
0.0040931
0.0040704
0.004175
0.00431405
0.00431405
0.00431405
0.00431405
0.00431405
0.00431405
0.00431405
0.00431405
0.00431405
0.00431405
0.00431405
0.00431405
0.00431405
0.00431405
0.00431405
0.00431405
0.00431405
0.00431405
0.00431405
0.00431405
0.00431405
0.00431405
0.00431405
0.00431405
0.00431405
0.00431405
0.00431405
0.00431405
0.00431405
0.00431405
0.00431405
0.00431405
0.00431405
0.00431405
0.00431405
0.00431405
0.00431405
0.00431405
0.00431405
0.00431405
0.00431405
0.00431405
0.00431405
0.00431405
0.00431405
0.00431405
0.00431405
0.00431405
0.00431405
0.00431405
0.00431405
0.00431405
0.00431405
0.00431405
0.00431405
0.00431405
0.00431405
0.00431405
0.00431405
0.00431405
0.00431405
0.00431405
0.00431405
0.00431405
0.00431405
0.00431405
0.00431405
0.00431405
0.00431405
0.00431405
0.00431405
0.00431405
0.00431405
0.00431405
0.00431405
0.00431405
0.00431405
0.00431405
0.00431405
0.00431405
0.00431405
0.00431405
0.00431405
0.00431405
0.00431405
0.00431405
0.00431405
0.00431405
0.00431405
0.00431405
0.00431405
0.00431405
0.00431405
0.00431405
0.00431405
0.00431405
0.00431405
0.00431405
0.00431405
0.00431405
0.00431405
0.00431405
0.00431405
0.00431405
0.00431405
0.00431405
0.00431404
0.00431404
0.00431405
0.00431405
0.00431405
0.00431405
0.00431405
0.00431405
0.00431405
0.00431405
0.00431405
0.00351676
0.00399969
0.00399696
0.00431405
0.00431405
0.00431405
0.00431405
0.00431405
0.00431405
0.00431405
0.00431405
0.00431405
0.00431404
0.00431363
0.00431369
0.00408122
0.00430732
0.00430728
0.00431405
0.00431405
0.00431405
0.00431405
0.00431405
0.00431405
0.00431405
0.00431405
0.00431405
0.00431405
0.00431405
0.00431405
0.00431405
0.00431403
0.00431404
0.00431166
0.00410517
0.004104
0.00421133
0.00431392
0.00431395
0.00431405
0.00431405
0.00431405
0.00431404
0.00431404
0.00431405
0.00431405
0.00431405
0.00431405
0.00431405
0.00431405
0.00431405
0.00431405
0.00431405
0.00431405
0.00431405
0.00431405
0.00431405
0.00431405
0.00431405
0.00431405
0.00431405
0.00431405
0.00431405
0.00431405
0.00431405
0.00431405
0.00431405
0.00431405
0.00431405
0.00431405
0.00431405
0.00431405
0.00431405
0.00431405
0.00431405
0.00431405
0.00431405
0.00431405
0.00431405
0.00431405
0.00431405
0.00431095
0.00431326
0.0043133
0.00431405
0.00431405
0.00431405
0.00380283
0.00380531
0.0034969
0.00431405
0.00431405
0.00431405
0.00431405
0.00431405
0.00431404
0.00431398
0.00431399
0.00431397
0.00431385
0.00431396
0.00431397
0.00431207
0.00431336
0.00431332
0.00431329
0.00431325
0.00431166
0.00431394
0.00431393
0.0043136
0.00431199
0.0043062
0.00430586
0.00430548
0.00430508
0.0043117
0.0043122
0.00431232
0.00431359
0.00431405
0.00431405
0.00431405
0.00431405
0.00431405
0.00431405
0.00431405
0.00431405
0.00431405
0.00431272
0.00431371
0.00431373
0.00431358
0.00431361
0.0043123
0.00431405
0.00431405
0.00431405
0.00431405
0.00431405
0.00431405
0.00431405
0.00431405
0.00431405
0.00431405
0.00431405
0.00431405
0.00431199
0.00431352
0.00431355
0.00431333
0.00431337
0.00431137
0.00431369
0.00431395
0.00431394
0.00431399
0.00431398
0.00431381
0.00431385
0.00431399
0.00431399
0.00431405
0.00431405
0.00431405
0.00431405
0.00431405
0.00431405
0.00431405
0.00431405
0.00431405
0.00431405
0.00431405
0.00431405
0.00427511
0.00429229
0.00429084
0.00429868
0.00429783
0.00428509
0.00404763
0.00416161
0.00416849
0.0041116
0.0041206
0.00397939
0.00431405
0.00431405
0.00431405
0.00431404
0.00431404
0.00431405
0.00431405
0.00431405
0.00431405
0.00428971
0.0043002
0.00429949
0.00431404
0.00431404
0.00431404
0.00431405
0.00431405
0.00431405
0.00412637
0.0042062
0.00421052
0.00417488
0.00418068
0.00408043
0.00431405
0.00431405
0.00431405
0.00431405
0.00431405
0.00431405
0.00431405
0.00431405
0.00431405
0.00431405
0.00431405
0.00431405
0.00431404
0.00431403
0.00431404
0.00431402
0.00431402
0.00431404
0.00431399
0.0043138
0.00431379
0.00431382
0.00431381
0.00431399
0.00431405
0.00431405
0.00431405
0.00431404
0.00431404
0.00431405
0.00431403
0.004314
0.004314
0.00431362
0.00431242
0.00431251
0.00431405
0.00431405
0.00431405
0.00431405
0.00431405
0.00431405
0.00431405
0.00431405
0.00431405
0.00431405
0.00431405
0.00431405
0.00431405
0.00431405
0.00431405
0.00431405
0.00431405
0.00431405
0.00431405
0.00431405
0.00431405
0.00431405
0.00431405
0.00431405
0.00431405
0.00431405
0.00431405
0.00431405
0.00431405
0.00431405
0.00431405
0.00431405
0.00431405
0.00431405
0.00431405
0.00431405
0.00431405
0.00431405
0.00431405
0.00431405
0.00431405
0.00431405
0.00431405
0.00431405
0.00431405
0.00431405
0.00431405
0.00431405
0.00431405
0.00431405
0.00431405
0.00431405
0.00431405
0.00431405
0.00431405
0.00431405
0.00431405
0.00431405
0.00431405
0.00431405
0.00431405
0.00431405
0.00431405
0.00431405
0.00431405
0.00431405
0.00431405
0.00431405
0.00431405
0.00431344
0.00431397
0.00431397
0.00431397
0.00431397
0.00431343
0.00401436
0.00400711
0.00354376
0.00426237
0.00418025
0.00418439
0.00417975
0.00417965
0.00426243
0.00431405
0.00431405
0.00431405
0.00431405
0.00431405
0.00431405
0.00431405
0.00431405
0.00431405
0.00431405
0.00431405
0.00431405
0.0043134
0.00431352
0.00431404
0.00390595
0.00428015
0.0042791
0.00428331
0.00428168
0.00390308
0.00430735
0.00430734
0.00408581
0.00431405
0.00431395
0.00431395
0.00431396
0.00431396
0.00431405
0.00431405
0.00431405
0.00431405
0.00431404
0.00431405
0.00431405
0.00431404
0.00431404
0.00431404
0.00431405
0.00431405
0.00431405
0.00431405
0.00431405
0.00431405
0.00431403
0.00431404
0.00431404
0.00431404
0.00431404
0.00431403
0.00431403
0.00431404
0.00431404
0.00431404
0.00431404
0.00431403
0.00431404
0.00431405
0.00431404
0.00431405
0.00431405
0.00431404
0.00431349
0.00431398
0.00431397
0.004314
0.00431401
0.00431365
0.00431405
0.00431404
0.00431404
0.00358129
0.00358369
0.00337981
0.00318786
0.00361885
0.00360583
0.00431405
0.00431405
0.00431405
0.00431405
0.00431405
0.00431405
0.00431405
0.00431405
0.00431405
0.00431405
0.00431405
0.00431405
0.00431405
0.00431405
0.00431405
0.00431405
0.00431405
0.00431405
0.00431405
0.00431405
0.00431405
0.00431405
0.00431405
0.00431405
0.00431405
0.00431405
0.00431405
0.00431405
0.00431405
0.00431405
0.00431405
0.00431405
0.00431405
0.00431403
0.00431404
0.00431404
0.00431403
0.00431404
0.00431402
0.00431405
0.00431405
0.00431405
0.00431405
0.00431405
0.00431405
0.00431405
0.00431405
0.00431405
0.00431405
0.00431405
0.00431405
0.00431405
0.00431405
0.00431405
0.00431405
0.00431405
0.00431405
0.00431405
0.00431405
0.00431405
0.00431405
0.00431405
0.00431405
0.00431405
0.00431405
0.00431405
0.00431319
0.00431322
0.0043108
0.004314
0.00431384
0.00431383
0.00431385
0.00431384
0.004314
0.00431405
0.00431405
0.00431405
0.00430031
0.00430797
0.00430745
0.00430885
0.00430843
0.00430125
0.00409544
0.00409413
0.00368054
0.00430724
0.00426261
0.00426264
0.00416483
0.00401932
0.00401636
0.00402336
0.00402167
0.00416635
0.00350039
0.00380685
0.00380741
0.004301
0.00430138
0.00431209
0.00386521
0.00423516
0.00423308
0.00431394
0.00431404
0.00431404
0.00431403
0.00431404
0.00431388
0.00431405
0.00431405
0.00431405
0.00431404
0.00431405
0.00431404
0.00431384
0.00431398
0.00431394
0.00431401
0.004314
0.00431393
0.00431404
0.00431405
0.00431405
0.00431405
0.00431405
0.00431404
0.00431391
0.00431394
0.00431379
0.00431405
0.00431405
0.00431405
0.00431405
0.00431405
0.00431404
0.00431403
0.00431404
0.00431404
0.00431404
0.00431404
0.00431403
0.00431403
0.00431404
0.00431404
0.00431404
0.00431404
0.00431403
0.00423797
0.00428277
0.00428429
0.00427959
0.00428123
0.00423393
0.00422149
0.00427615
0.00427793
0.00427213
0.00427424
0.00421675
0.00431404
0.00431405
0.00431405
0.00431342
0.00431339
0.00431219
0.00431153
0.00431321
0.00431317
0.00431404
0.00431405
0.00431405
0.00431405
0.00431405
0.00431404
0.00430376
0.00430958
0.00430923
0.00431017
0.0043099
0.00430449
0.00431404
0.00431401
0.00431401
0.00431401
0.00431401
0.00431404
0.00431357
0.00431392
0.00431391
0.00430676
0.00430651
0.00431207
0.00424614
0.00428744
0.00428841
0.00428488
0.00428623
0.00424324
0.00423448
0.00427995
0.0042805
0.00428795
0.00428194
0.00423668
0.00431257
0.00431258
0.00431367
0.0043022
0.00430924
0.00430925
0.00430947
0.0043093
0.0043024
0.00431405
0.00431405
0.00431405
0.00431405
0.00431405
0.00431405
0.00431368
0.0043137
0.00431264
0.00431239
0.00431363
0.00431365
0.00431405
0.00431405
0.00431405
0.00431405
0.00431405
0.00431405
0.00431405
0.00431405
0.00431405
0.00431405
0.00431405
0.00431405
0.00431346
0.00431349
0.00431188
0.00431151
0.0043134
0.00431343
0.00431396
0.00431396
0.00431372
0.00431379
0.00431397
0.00431397
0.00431405
0.00431405
0.00431405
0.00431405
0.00431405
0.00431405
0.00431405
0.00431405
0.00431405
0.00431405
0.00431405
0.00431405
0.00431405
0.00431405
0.00431405
0.00431405
0.00431405
0.00431405
0.00431405
0.00431405
0.00431405
0.00431405
0.00431405
0.00431405
0.00431405
0.00431405
0.00431405
0.00431405
0.00431405
0.00431405
0.00431405
0.00431405
0.00431405
0.00431405
0.00431405
0.00431405
0.00431405
0.00431405
0.00431405
0.00431405
0.00431405
0.00431405
0.00431405
0.00431405
0.00431404
0.00431405
0.00431405
0.00431405
0.00429562
0.00430552
0.00430474
0.00430687
0.00430622
0.00429689
0.00429481
0.00429364
0.00427747
0.00428335
0.00429689
0.0042959
0.00431318
0.00431374
0.00431364
0.00431389
0.00431383
0.00431338
0.00431086
0.00431295
0.00431262
0.00431348
0.00431325
0.00431176
0.00428573
0.00428705
0.00424954
0.00419876
0.00426734
0.00426983
0.00426241
0.00426494
0.00419238
0.00414583
0.00415397
0.00403405
0.00399192
0.00412894
0.00413753
0.00394745
0.00406549
0.00407391
0.00404863
0.00405756
0.00393775
0.0039905
0.0040961
0.00409875
0.00408153
0.00408946
0.00397993
0.00422036
0.00425701
0.00425356
0.00426161
0.00425986
0.00422456
0.00429581
0.00430908
0.00430959
0.00406801
0.00405519
0.00394866
0.00422523
0.00425939
0.00425934
0.00431405
0.00431405
0.00431405
0.00431405
0.00431405
0.00431405
0.00431405
0.00431405
0.00431405
0.00431405
0.00431405
0.00431405
0.00431405
0.00431405
0.00431405
0.00431405
0.00431405
0.00431405
0.00431405
0.00431405
0.00431405
0.00428125
0.00428192
0.00423837
0.00431405
0.00431405
0.00431404
0.00431405
0.00431405
0.00431405
0.00419659
0.00420148
0.00411752
0.00408985
0.00418623
0.0041915
0.00431405
0.00431405
0.00431405
0.00431405
0.00431405
0.00431405
0.00431405
0.00431405
0.00431405
0.00431405
0.00431405
0.00431405
0.00431405
0.00431405
0.00431405
0.00431405
0.00431405
0.00431405
0.00431405
0.00431405
0.00431405
0.00431405
0.00431405
0.00431405
0.00431405
0.00431405
0.00431405
0.00431405
0.00431405
0.00431405
0.00431405
0.00431405
0.00431405
0.00431405
0.00431405
0.00431405
0.00431405
0.00431405
0.00431405
0.00431405
0.00431405
0.00431405
0.00431405
0.00431405
0.00431405
0.00431405
0.00431405
0.00431405
0.00431405
0.00431405
0.00431405
0.00431405
0.00431404
0.00431404
0.00431405
0.00431405
0.00431405
0.00431405
0.00431405
0.00431405
0.00431405
0.00431405
0.00431405
0.00431405
0.00431405
0.00431405
0.00431405
0.00431405
0.00431405
0.00431405
0.00431401
0.00431402
0.00431132
0.00410864
0.00410629
0.00421488
0.00431387
0.0043139
0.00431405
0.00431405
0.00431405
0.00431404
0.00431404
0.00431405
0.00431405
0.00431405
0.00431405
0.00431405
0.00431405
0.00431405
0.00431405
0.00431405
0.00431405
0.00368498
0.00409358
0.00409381
0.00423839
0.00423695
0.00387742
0.00430274
0.00430255
0.00431067
0.00431367
0.00431259
0.00431263
0.00431405
0.00431405
0.00431405
0.00431405
0.00431405
0.00431405
0.00431401
0.00431401
0.00431391
0.00431318
0.00431383
0.00431384
0.00431375
0.00431376
0.00431292
0.00431405
0.00431405
0.00431405
0.00431405
0.00431405
0.00431405
0.00431405
0.00431405
0.00431405
0.00431405
0.00431405
0.00431405
0.00431405
0.00431405
0.00431405
0.00431405
0.00431405
0.00431405
0.00431405
0.00431405
0.00431405
0.00431405
0.00431405
0.00431405
0.00431405
0.00431405
0.00431405
0.00431405
0.00431405
0.00431405
0.00431405
0.00431405
0.00431405
0.00431405
0.00431405
0.00431405
0.00431405
0.00431405
0.00431405
0.00431405
0.00431405
0.00431405
0.00431405
0.00431405
0.00431405
0.00431405
0.00431405
0.00431405
0.00431405
0.00431405
0.00431405
0.00431405
0.00431405
0.00431405
0.00431405
0.00431405
0.00431405
0.00431405
0.00431405
0.00431405
0.00431405
0.00431405
0.00431405
0.00431405
0.00431405
0.00431405
0.00431405
0.00431405
0.00431405
0.00431405
0.00431405
0.00431405
0.00431405
0.00431405
0.00431405
0.00431405
0.00431405
0.00431405
0.00431405
0.00431405
0.00431405
0.00431405
0.00431405
0.00431405
0.00431405
0.00431405
0.00431405
0.00431405
0.00431405
0.00431405
0.00431405
0.00431405
0.00431405
0.00431405
0.00431405
0.00431405
0.00431405
0.00431405
0.00431405
0.00431405
0.00431405
0.00431405
0.00431405
0.00431405
0.00431405
0.00431405
0.00431405
0.00431405
0.00431405
0.00431405
0.00431405
0.00431404
0.00431404
0.00431405
0.00431405
0.00431405
0.00431405
0.00431405
0.00431405
0.00431405
0.00431405
0.00431405
0.00431405
0.00431404
0.00431405
0.00431405
0.00431405
0.00431405
0.00431405
0.00431405
0.00431405
0.00431405
0.00431405
0.00431405
0.00431405
0.00431405
0.00431405
0.00431405
0.00431405
0.00431405
0.00431405
0.00431405
0.00431405
0.00431405
0.00431405
0.00431405
0.00431405
0.00431405
0.00431405
0.00431405
0.00431405
0.00431405
0.00431405
0.00431405
0.00431405
0.00431405
0.00431397
0.00431397
0.00431344
0.00426141
0.0042623
0.00430723
0.00431214
0.0043017
0.00430202
0.00431388
0.00431403
0.00431403
0.00431405
0.00431405
0.00431405
0.00431405
0.00431405
0.00431405
0.00431405
0.00431405
0.00431404
0.00431104
0.00430358
0.00430656
0.00431405
0.00431405
0.00431405
0.00431405
0.00431405
0.00431405
0.00431405
0.00431405
0.00431405
0.00431405
0.00431405
0.00431405
0.00431405
0.00431405
0.00431405
0.00431405
0.00431405
0.00431405
0.00431401
0.0043139
0.00431389
0.004314
0.00431387
0.00431386
0.00431389
0.00431388
0.00431401
0.00431404
0.00431402
0.00431402
0.00431402
0.00431402
0.00431404
0.00431402
0.00431403
0.00431404
0.004314
0.004314
0.00431386
0.0043139
0.00431401
0.004314
0.00431405
0.00431405
0.00431405
0.00431405
0.00431405
0.00431405
0.00431381
0.00431382
0.00431313
0.00431298
0.00431378
0.00431379
0.00431405
0.00431405
0.00431405
0.00431405
0.00431405
0.00431405
0.00431405
0.00431405
0.00431405
0.00431405
0.00431405
0.00431405
0.00431405
0.00431405
0.00431405
0.00431405
0.00431405
0.00431405
0.00431405
0.00431405
0.00431405
0.00431405
0.00431405
0.00431405
0.00431405
0.00431405
0.00431405
0.00431405
0.00431405
0.00431405
0.00431405
0.00431405
0.00431405
0.00431405
0.00431405
0.00431405
0.00431405
0.00431405
0.00431405
0.00431405
0.00431405
0.00431405
0.00431405
0.00431405
0.00431405
0.00431405
0.00431405
0.00431405
0.00431405
0.00431405
0.00431405
0.00431405
0.00431405
0.00431405
0.00431405
0.00431405
0.00431405
0.00431405
0.00431405
0.00431405
0.00431405
0.00431405
0.00431405
0.00431405
0.00431405
0.00431405
0.00431405
0.00431405
0.00431405
0.00431405
0.00431405
0.00431405
0.00431405
0.00431405
0.00431405
0.00431405
0.00431405
0.00431405
0.00431405
0.00431405
0.00431405
0.00431405
0.00431405
0.00431405
0.00431405
0.00431405
0.00431405
0.00431405
0.00431405
0.00431405
0.00431404
0.00431305
0.00431326
0.00410049
0.0043073
0.00430734
0.00431405
0.00431405
0.00431405
0.00431405
0.00431405
0.00431405
0.00431405
0.00431405
0.00431405
0.00431405
0.00431405
0.00431405
0.00431405
0.00431405
0.00431405
0.00431405
0.00431405
0.00431405
0.00431405
0.00431405
0.00431405
0.00431405
0.00431405
0.00431405
0.00431405
0.00431405
0.00431405
0.00431405
0.00431405
0.00431405
0.00431405
0.00431405
0.00431405
0.00431405
0.00431405
0.00431405
0.00431405
0.00431405
0.00431405
0.00431405
0.00431405
0.00431405
0.00431405
0.00431405
0.00431405
0.00431405
0.00431405
0.00431405
0.00431405
0.00431405
0.00431405
0.00431405
0.00431405
0.00431405
0.00431405
0.00431405
0.00431405
0.00431405
0.00431405
0.00431405
0.00427888
0.00427877
0.00391711
0.00431395
0.00431395
0.00431405
0.00431405
0.00431405
0.00431405
0.00431405
0.00431405
0.00431405
0.00431405
0.00431405
0.00431405
0.00413111
0.00355663
0.00264647
0.00412638
0.00354622
0.00263413
0.00406671
0.00345464
0.00257012
0.00406289
0.00344962
0.00257032
0.00262119
0.0022326
0.00197828
0.00430714
0.00417642
0.00320996
0.004143
0.00355697
0.00247154
0.00411968
0.00350803
0.00243822
0.0026114
0.00222395
0.00197683
0.00325897
0.00283241
0.00226605
0.0043053
0.00415405
0.00316009
0.0041518
0.00358307
0.00264459
0.00415499
0.00358792
0.00264481
0.00410297
0.00351097
0.00261772
0.0041011
0.00351143
0.00262331
0.00402237
0.00339303
0.00253744
0.00402807
0.0034025
0.00254607
0.0030726
0.00256737
0.00206476
0.00309739
0.00266302
0.00209985
0.0031365
0.00278902
0.00226145
0.0043131
0.00427883
0.00370338
0.00423768
0.0037847
0.00268282
0.00424817
0.00381908
0.00270598
0.00423445
0.00377275
0.00267537
0.0041387
0.00356306
0.00263747
0.00411756
0.00353558
0.00263496
0.00408271
0.00348304
0.00259798
0.00404477
0.00342642
0.0025481
0.00388989
0.00322714
0.00245281
0.0043041
0.00411362
0.00311435
0.00262684
0.00221529
0.00197522
0.00301738
0.00259055
0.00209005
0.00309313
0.00267752
0.00211663
0.00345017
0.00277479
0.00216446
0.00307694
0.00241051
0.00201531
0.00312592
0.00243996
0.00202282
0.00318797
0.0024786
0.00203117
0.0031472
0.00245347
0.00202498
0.00327965
0.00253936
0.00204584
0.0032057
0.00249017
0.00203427
0.00326488
0.0025294
0.00204311
0.00306552
0.00240406
0.00201369
0.00301799
0.00237732
0.0020084
0.00295953
0.00234697
0.00200168
0.00300357
0.00236948
0.00200627
0.00283503
0.00228934
0.00198752
0.00288013
0.00230835
0.00199252
0.00294234
0.00233792
0.00199928
0.00289948
0.00231833
0.00199476
0.00281585
0.00227994
0.00198595
0.00254675
0.00216698
0.00196173
0.00257784
0.00219403
0.00196963
0.00296965
0.00248004
0.00205939
0.00425111
0.00383056
0.00271371
0.00426135
0.00387644
0.00274566
0.00426418
0.00388996
0.00275864
0.00414263
0.0035706
0.00264323
0.00416551
0.00360851
0.00265977
0.00411407
0.00352991
0.00263086
0.00408558
0.00348577
0.00259577
0.00400811
0.0033742
0.00252393
0.00404008
0.00341774
0.00254401
0.00383688
0.00316218
0.00239777
0.00386415
0.00319421
0.00244138
0.00384278
0.00317044
0.00240513
0.00388261
0.0032186
0.00244059
0.00386798
0.00319822
0.00244471
0.0037443
0.00304377
0.00233389
0.00367767
0.00297512
0.00226815
0.00366727
0.00296631
0.00225891
0.0034346
0.00276167
0.00215673
0.0033943
0.00273946
0.00219478
0.00418292
0.00364107
0.00265761
0.00418541
0.00364368
0.00265053
0.00413303
0.00355662
0.00264065
0.00417966
0.00363474
0.00265626
0.0041754
0.00362375
0.002646
0.00412259
0.00353958
0.00262946
0.00407132
0.00346313
0.0025754
0.00399176
0.00335017
0.00253074
0.0039948
0.003352
0.00252753
0.00405986
0.00344709
0.00257337
0.00398538
0.00334129
0.00251993
0.00397882
0.00333233
0.00250989
0.00266148
0.00223648
0.00197991
0.00265636
0.00223478
0.00197952
0.00262772
0.00223293
0.001978
0.00266557
0.00223575
0.00197985
0.00266839
0.00223475
0.00197967
0.00430814
0.00418903
0.00325641
0.0036342
0.00293139
0.00225783
0.0036226
0.00292228
0.00224438
0.00416533
0.00360573
0.00250564
0.00425548
0.00386612
0.00275436
0.00410106
0.00346831
0.00240927
0.00259933
0.00221168
0.00197437
0.00326078
0.00284366
0.002251
0.00430325
0.00413339
0.00311817
0.00420311
0.00368555
0.00266947
0.00414927
0.00358097
0.00264889
0.00415877
0.00359536
0.00264949
0.00410579
0.00351364
0.002616
0.00409393
0.00350132
0.00260711
0.00401762
0.00338634
0.00253503
0.00403248
0.00340878
0.00254826
0.00395672
0.00330569
0.00249726
0.00364219
0.00293896
0.00226797
0.00365082
0.00295039
0.0022576
0.00431304
0.00427503
0.00360479
0.00431258
0.004258
0.00350412
0.0030847
0.00259957
0.0020718
0.00309325
0.00263477
0.00208193
0.00424251
0.0037999
0.00270202
0.00424545
0.00381005
0.00270618
0.00422985
0.0037595
0.00268838
0.00419209
0.00365721
0.00264996
0.00418848
0.00364904
0.00264763
0.00413549
0.00355836
0.00263669
0.00416726
0.00360964
0.00265765
0.00417204
0.00361663
0.00264314
0.00411965
0.00353608
0.00263001
0.00407764
0.00347311
0.00258747
0.00400276
0.0033622
0.0025307
0.0039986
0.00335594
0.0025267
0.00405074
0.00343634
0.0025574
0.00396921
0.0033175
0.00250274
0.00397403
0.00332369
0.0025045
0.00390203
0.0032379
0.00247075
0.00389854
0.00323555
0.00246952
0.00264296
0.00221996
0.00197614
0.00265009
0.0022283
0.00197831
0.00262818
0.00221758
0.00197543
0.00266516
0.00222919
0.00197841
0.0026685
0.00223282
0.00197919
0.00265631
0.00222376
0.00197769
0.00305411
0.00264911
0.00212416
0.00307903
0.00267468
0.00212694
0.00430964
0.00420924
0.00332063
0.00359216
0.00289482
0.00224167
0.00360306
0.00290645
0.0022343
0.00361197
0.00291396
0.00223549
0.00420689
0.00371574
0.00260636
0.00417895
0.00364073
0.00253928
0.00422349
0.00376366
0.00265077
0.00423761
0.0038094
0.00270176
0.00407211
0.00340975
0.00236615
0.00364333
0.00284138
0.00212301
0.00309087
0.0024186
0.00201744
0.00310713
0.00242826
0.00202003
0.00317267
0.00246872
0.00202854
0.00315998
0.00246065
0.00202648
0.00322605
0.00250383
0.00203766
0.00324916
0.0025195
0.00204061
0.00305449
0.00239873
0.00201261
0.00303502
0.00238715
0.00201081
0.00297925
0.00235796
0.00200361
0.00299199
0.0023638
0.00200474
0.00284815
0.0022939
0.00198858
0.00286316
0.00230042
0.0019903
0.00292778
0.00233075
0.00199729
0.00291658
0.00232661
0.00199612
0.00279685
0.00227066
0.00198375
0.00258743
0.00220361
0.00197237
0.00292059
0.00233267
0.00201963
0.00425897
0.00386636
0.00274146
0.00425402
0.00384329
0.00272874
0.00426721
0.00390595
0.00278201
0.00419621
0.00366826
0.00265839
0.0042003
0.00367992
0.00266944
0.00414743
0.00358134
0.0026561
0.00416322
0.00360616
0.0026613
0.00410957
0.0035198
0.00261994
0.00408941
0.00349171
0.0025983
0.00401385
0.00338216
0.00253423
0.00403586
0.00341194
0.00254445
0.00396505
0.00331401
0.00250415
0.00396214
0.00331306
0.00250694
0.00395054
0.00329389
0.00250139
0.00383241
0.00315574
0.00239595
0.00385956
0.00318754
0.00243423
0.00385035
0.00317902
0.00241704
0.00387284
0.00320471
0.00243054
0.00387722
0.00321038
0.00243284
0.0036888
0.00298473
0.00228074
0.00365819
0.00295787
0.00225551
0.00341955
0.00275295
0.00215449
0.00340608
0.00274538
0.00217176
0.0043136
0.00429231
0.00378507
0.00431385
0.00430205
0.00392821
0.00431384
0.00430192
0.00393576
0.00306534
0.0025945
0.00215747
0.00311201
0.00267673
0.00219929
0.00392463
0.00317634
0.00224853
0.00374802
0.00295449
0.00215984
0.00394966
0.00321211
0.00226411
0.00371822
0.00292288
0.00215116
0.00262054
0.00219467
0.00196678
0.00257238
0.00217672
0.00196335
0.00255509
0.00217944
0.00196545
0.00256486
0.00217353
0.00196272
0.00255944
0.00218202
0.00196608
0.00332986
0.00274366
0.0022855
0.00429078
0.00403089
0.00291829
0.00428697
0.00400897
0.0028862
0.00371855
0.00301247
0.00230983
0.00377295
0.00307659
0.00235953
0.00376791
0.00306999
0.00235544
0.00371353
0.00300658
0.00230729
0.00369989
0.00299483
0.00229502
0.00430958
0.00417802
0.00325217
0.00431104
0.00421307
0.00333322
0.00291343
0.00255873
0.00225153
0.0035163
0.00282753
0.00219777
0.00267729
0.00223094
0.00198165
0.00270967
0.00224626
0.00198669
0.00282356
0.00239778
0.00202199
0.00291685
0.00232988
0.00201128
0.0032046
0.0027911
0.0022061
0.00422423
0.00374258
0.00267851
0.00390565
0.00324133
0.00247339
0.00391069
0.0032477
0.00245995
0.00392926
0.00327014
0.00248845
0.00337221
0.00272693
0.00215314
0.00428286
0.00398176
0.0029067
0.00267218
0.0022378
0.001981
0.00431151
0.00424323
0.00345715
0.00431043
0.00422471
0.00338047
0.00356569
0.00287138
0.00222837
0.00349967
0.00281407
0.00218575
0.00355763
0.0028644
0.00222784
0.00354756
0.00285336
0.00222992
0.00426531
0.00390483
0.00280544
0.00381638
0.00303488
0.00219004
0.00384351
0.00306776
0.00220209
0.00404619
0.00336583
0.0023454
0.00402168
0.00332462
0.0023229
0.00260351
0.0021884
0.00196575
0.0025946
0.00218398
0.00196478
0.00254761
0.00217039
0.001963
0.00255783
0.00218526
0.00196788
0.00265522
0.00222646
0.00197925
0.00267231
0.0022376
0.00198107
0.00266581
0.00223295
0.00198015
0.00284825
0.00240745
0.00202553
0.00290114
0.00234922
0.00201296
0.00322576
0.00281158
0.00221508
0.00429745
0.00408142
0.00300268
0.00429897
0.00409425
0.00303096
0.00421104
0.00370496
0.0026662
0.00422019
0.00372852
0.00266488
0.00420601
0.00369315
0.00267625
0.00394635
0.00328656
0.00249445
0.00393364
0.00327421
0.00249137
0.00373761
0.00303622
0.00232434
0.00336529
0.00271648
0.00213826
0.00304691
0.00250105
0.00204948
0.0030099
0.00247622
0.0020781
0.00314971
0.00273082
0.00220684
0.00338127
0.00273969
0.00220017
0.00338281
0.00273157
0.00219184
0.00337915
0.00274388
0.00219605
0.00337522
0.00274212
0.00218396
0.00389287
0.00312889
0.00222396
0.00293971
0.00239395
0.00202438
0.00296027
0.00240894
0.00202785
0.0037723
0.00298131
0.00216879
0.00398052
0.00325608
0.00228175
0.00369214
0.00289514
0.00214271
0.00354158
0.00274849
0.00210023
0.00356553
0.00277024
0.00210671
0.00337046
0.00260798
0.00206165
0.00338627
0.00261939
0.00206496
0.00352079
0.00272918
0.00209433
0.00350379
0.002715
0.00208946
0.00334502
0.00258874
0.00205828
0.00332454
0.00257374
0.00205485
0.00262409
0.00219539
0.00196717
0.00263979
0.00220114
0.00196817
0.00271608
0.00223378
0.00197499
0.0027056
0.00222972
0.00197412
0.00272775
0.00223852
0.00197611
0.0027408
0.00224453
0.00197764
0.00261654
0.00219437
0.00196697
0.00257926
0.00217899
0.00196381
0.0025519
0.00217666
0.00196469
0.00255604
0.00216926
0.00196187
0.0025617
0.00218166
0.00196623
0.00290226
0.00236561
0.00201719
0.00291856
0.00237985
0.00202099
0.00429254
0.00404263
0.00293419
0.00429434
0.00405602
0.00296076
0.00428348
0.00398705
0.00286792
0.00382349
0.00314233
0.00240521
0.00382759
0.00314743
0.00240929
0.00372423
0.00302012
0.00231336
0.00381882
0.00313666
0.00240032
0.00380858
0.00312724
0.00238316
0.00377779
0.00308401
0.0023635
0.00376139
0.00306238
0.00234516
0.0033579
0.0027467
0.00222791
0.00306029
0.00252597
0.002055
0.0030144
0.00245837
0.00203948
0.0030312
0.00247852
0.00204421
0.00431354
0.00429102
0.00380789
0.00431278
0.00427023
0.00362406
0.00431203
0.004254
0.003528
0.00353274
0.00284094
0.00221239
0.00267352
0.00223472
0.00198126
0.00266887
0.00223279
0.00198046
0.00274782
0.00227222
0.00199527
0.00278876
0.00232369
0.00200845
0.00295039
0.0023395
0.00203008
0.00317982
0.00276608
0.00220483
0.00422771
0.00375449
0.00269042
0.00391505
0.00325349
0.0024634
0.00392085
0.00326169
0.00247291
0.00339303
0.00274408
0.00224758
0.00338953
0.00273868
0.00222068
0.00337485
0.0027317
0.00216389
0.00429083
0.00402583
0.00297236
0.0042997
0.0040766
0.00304403
0.00267014
0.00223552
0.00198046
0.00266732
0.00222925
0.0019788
0.00299686
0.00244027
0.00203522
0.00297882
0.00242384
0.00203135
0.00357464
0.00287915
0.00223117
0.0035837
0.00288718
0.00223462
0.0034695
0.00279082
0.00216759
0.00348364
0.00280093
0.00217573
0.00379253
0.00300571
0.00217879
0.0038734
0.00310368
0.0022137
0.00400019
0.00328782
0.00230118
0.00367061
0.00287219
0.00213558
0.00362185
0.00282132
0.00211915
0.00359252
0.00279483
0.00211339
0.00342434
0.00265011
0.00207393
0.00340376
0.00263361
0.00206911
0.00344778
0.00266906
0.00207923
0.00347433
0.00269078
0.00208467
0.00329646
0.0025513
0.00204762
0.00267187
0.00221525
0.00197123
0.00265606
0.0022079
0.0019695
0.00268625
0.00222246
0.00197281
0.00269683
0.00222685
0.00197358
0.00277481
0.00225927
0.00198039
0.00278393
0.00226328
0.00198103
0.00276719
0.0022575
0.0019801
0.00275515
0.00225199
0.00197926
0.00261268
0.00219405
0.0019669
0.00258654
0.00218121
0.00196424
0.00254936
0.00217366
0.00196387
0.00254129
0.00216035
0.00196065
0.00255978
0.00218084
0.00196652
0.0026727
0.00223852
0.00198128
0.00267072
0.00223668
0.00198092
0.0028609
0.00233453
0.00201081
0.00289218
0.00235696
0.00201476
0.00323937
0.00282269
0.00221793
0.00430067
0.00411027
0.00307449
0.00427767
0.0039563
0.00282734
0.00428162
0.00397669
0.00285601
0.00427517
0.00394169
0.00280695
0.00427155
0.00392425
0.00280676
0.00421348
0.00370972
0.00266031
0.00421659
0.00371764
0.00265948
0.00394169
0.00328064
0.00249105
0.00393731
0.00327654
0.00249033
0.00373074
0.00302816
0.00231789
0.00379264
0.00311034
0.00236048
0.00379985
0.00311867
0.00236915
0.0037822
0.00309141
0.0023689
0.00378739
0.00310289
0.00235787
0.00375331
0.00305526
0.00233354
0.00336135
0.00272202
0.00216416
0.00431378
0.00429931
0.00389833
)
;

boundaryField
{
    topAndBottom
    {
        type            calculated;
        value           nonuniform List<scalar> 
72
(
0.00431405
0.00431405
0.00431405
0.00431405
0.00431405
0.00431405
0.00431405
0.00431405
0.00431405
0.00431405
0.00431405
0.00431405
0.00431405
0.00431405
0.00431405
0.00431405
0.00431405
0.00431405
0.00431405
0.00431405
0.00431405
0.00431405
0.00431405
0.00431405
0.00431405
0.00431405
0.00431405
0.00431405
0.00431405
0.00431405
0.00431405
0.00431405
0.00431405
0.00431405
0.00431405
0.00431405
0.00431405
0.00431405
0.00431405
0.00431405
0.00431405
0.00431405
0.00431405
0.00431405
0.00431405
0.00431405
0.00431405
0.00431405
0.00431405
0.00431405
0.00431405
0.00431405
0.00431405
0.00431405
0.00431405
0.00431405
0.00431405
0.00431405
0.00431405
0.00431405
0.00431405
0.00431405
0.00431405
0.00431405
0.00431405
0.00431405
0.00431405
0.00431405
0.00431405
0.00431405
0.00431405
0.00431405
)
;
    }
    inlet
    {
        type            calculated;
        value           uniform 0.00431405;
    }
    outlet
    {
        type            calculated;
        value           nonuniform List<scalar> 
24
(
0.00431405
0.00431405
0.00431405
0.00431405
0.00431405
0.00431405
0.00431405
0.00431405
0.00431404
0.00431386
0.00430812
0.00421894
0.00426967
0.00431395
0.00431405
0.00431405
0.00431405
0.00431405
0.00431405
0.00431405
0.00431405
0.00431405
0.00431405
0.00431405
)
;
    }
    wing
    {
        type            calculated;
        value           uniform 0.00188496;
    }
    front
    {
        type            empty;
    }
    back
    {
        type            empty;
    }
}


// ************************************************************************* //
