/*--------------------------------*- C++ -*----------------------------------*\
| =========                 |                                                 |
| \\      /  F ield         | OpenFOAM: The Open Source CFD Toolbox           |
|  \\    /   O peration     | Version:  5.x                                   |
|   \\  /    A nd           | Web:      www.OpenFOAM.org                      |
|    \\/     M anipulation  |                                                 |
\*---------------------------------------------------------------------------*/
FoamFile
{
    version     2.0;
    format      ascii;
    class       volScalarField;
    location    "300";
    object      Y;
}
// * * * * * * * * * * * * * * * * * * * * * * * * * * * * * * * * * * * * * //

dimensions      [0 0 0 0 0 0 0];

internalField   nonuniform List<scalar> 
6584
(
0.00632995
0.00632995
0.00632995
0.00632995
0.00632995
0.00632995
0.00632995
0.00632995
0.00632995
0.00632995
0.00632995
0.00632995
0.00632995
0.00632995
0.00632995
0.00632995
0.00632995
0.00632995
0.00632995
0.00632995
0.00632995
0.00632995
0.00632995
0.00632995
0.0063299
0.0063299
0.0063299
0.0063299
0.0063299
0.0063299
0.0063299
0.0063299
0.0063299
0.0063299
0.0063299
0.0063299
0.0063299
0.0063299
0.0063299
0.0063299
0.0063299
0.0063299
0.0063299
0.0063299
0.0063299
0.0063299
0.0063299
0.0063299
0.00632985
0.00632985
0.00632985
0.00632985
0.00632985
0.00632985
0.00632985
0.00632985
0.00632985
0.00632988
0.00632988
0.00632988
0.00632988
0.00632988
0.00632988
0.00632985
0.00632985
0.00632985
0.00632985
0.00632985
0.00632985
0.00632985
0.00632985
0.00632985
0.0063298
0.0063298
0.0063298
0.0063298
0.0063298
0.00632981
0.00632981
0.00632981
0.00632981
0.00632983
0.00632983
0.00632983
0.00632983
0.00632983
0.00632983
0.00632983
0.00632981
0.00632981
0.00632981
0.00632981
0.00632981
0.0063298
0.0063298
0.0063298
0.00632976
0.00632976
0.00632976
0.00632976
0.00632976
0.00632976
0.00632976
0.00632976
0.00632978
0.00632978
0.00632978
0.00632978
0.00632978
0.00632978
0.00632978
0.00632978
0.00632978
0.00632976
0.00632976
0.00632976
0.00632976
0.00632976
0.00632976
0.00632976
0.00632971
0.00632971
0.00632971
0.00632971
0.00632971
0.00632971
0.00632971
0.00632973
0.00632973
0.00632973
0.00632974
0.00632974
0.00632974
0.00632974
0.00632973
0.00632973
0.00632973
0.00632971
0.00632971
0.00632971
0.00632971
0.00632971
0.00632971
0.00632971
0.00632966
0.00632966
0.00632966
0.00632966
0.00632966
0.00632966
0.00632966
0.00632968
0.00632968
0.00632968
0.00632969
0.0063297
0.0063297
0.00632969
0.0063297
0.00632968
0.00632968
0.00632966
0.00632966
0.00632966
0.00632966
0.00632966
0.00632966
0.00632966
0.00632961
0.00632961
0.00632961
0.00632961
0.00632961
0.00632961
0.00632961
0.00632964
0.00632963
0.00632964
0.00632965
0.00632965
0.00632965
0.00632965
0.00632964
0.00632964
0.00632961
0.00632961
0.00632961
0.00632961
0.00632961
0.00632961
0.00632961
0.00632956
0.00632956
0.00632956
0.00632956
0.00632956
0.00632956
0.00632956
0.00632959
0.00632959
0.00632959
0.0063296
0.0063296
0.0063296
0.0063296
0.00632959
0.00632959
0.00632956
0.00632956
0.00632956
0.00632956
0.00632956
0.00632956
0.00632956
0.00632951
0.00632951
0.00632951
0.00632951
0.00632951
0.00632951
0.00632951
0.00632954
0.00632954
0.00632954
0.00632955
0.00632956
0.00632956
0.00632956
0.00632954
0.00632954
0.00632952
0.00632952
0.00632951
0.00632951
0.00632951
0.00632951
0.00632951
0.00632946
0.00632946
0.00632946
0.00632946
0.00632946
0.00632947
0.00632947
0.00632949
0.00632949
0.00632949
0.00632951
0.00632951
0.00632952
0.00632951
0.0063295
0.00632949
0.00632947
0.00632947
0.00632947
0.00632947
0.00632946
0.00632946
0.00632946
0.00632942
0.00632942
0.00632942
0.00632942
0.00632942
0.00632942
0.00632942
0.00632944
0.00632944
0.00632945
0.00632946
0.00632947
0.00632947
0.00632947
0.00632945
0.00632945
0.00632942
0.00632942
0.00632942
0.00632942
0.00632942
0.00632942
0.00632942
0.00632937
0.00632937
0.00632937
0.00632937
0.00632937
0.00632937
0.00632937
0.00632939
0.0063294
0.0063294
0.00632941
0.00632942
0.00632943
0.00632942
0.0063294
0.0063294
0.00632937
0.00632937
0.00632937
0.00632937
0.00632937
0.00632937
0.00632937
0.00632932
0.00632932
0.00632932
0.00632932
0.00632932
0.00632932
0.00632932
0.00632932
0.00632935
0.00632935
0.00632936
0.00632937
0.0060793
0.00632937
0.00632937
0.00632936
0.00632935
0.00632933
0.00632932
0.00632932
0.00632932
0.00632932
0.00632932
0.00632932
0.00632927
0.00632927
0.00632927
0.00632927
0.00632927
0.00632927
0.00632927
0.00632927
0.0063293
0.0063293
0.00632931
0.00632931
0.00626822
0.00632932
0.00632931
0.00632931
0.00632928
0.00632928
0.00632927
0.00632927
0.00632927
0.00632927
0.00632927
0.00632927
0.00632922
0.00632922
0.00632922
0.00632922
0.00632922
0.00632922
0.00632922
0.00632922
0.00632925
0.00632925
0.00632925
0.00632926
0.00627321
0.00632926
0.00632926
0.00632926
0.00632923
0.00632923
0.00632923
0.00632922
0.00632922
0.00632922
0.00632922
0.00632922
0.00632917
0.00632917
0.00632917
0.00632917
0.00632917
0.00632917
0.00632917
0.00632918
0.00632918
0.0063292
0.0063292
0.00632888
0.00630345
0.00632921
0.00632921
0.00632921
0.00632918
0.00632918
0.00632918
0.00632917
0.00632917
0.00632917
0.00632917
0.00632917
0.00632912
0.00632912
0.00632912
0.00632912
0.00632912
0.00632913
0.00632913
0.00632913
0.00632913
0.00632913
0.00632915
0.00632862
0.00630412
0.00632916
0.00632914
0.00632914
0.00632913
0.00632913
0.00632913
0.00632913
0.00632912
0.00632912
0.00632912
0.00632912
0.00632907
0.00632907
0.00632907
0.00632908
0.00632908
0.00632908
0.00632908
0.00632908
0.00632908
0.00632908
0.00632902
0.00631719
0.00631732
0.00632909
0.00632909
0.00632909
0.00632908
0.00632908
0.00632908
0.00632908
0.00632908
0.00632907
0.00632907
0.00632907
0.00632903
0.00632903
0.00632903
0.00632903
0.00632903
0.00632903
0.00632903
0.00632903
0.00632903
0.00632903
0.00632892
0.00631714
0.00631736
0.00632904
0.00632904
0.00632904
0.00632904
0.00632903
0.00632903
0.00632903
0.00632903
0.00632902
0.00632902
0.00632902
0.00632898
0.00632898
0.00632898
0.00632898
0.00632898
0.00632898
0.00632898
0.00632898
0.00632898
0.00632898
0.00632882
0.0063171
0.00631738
0.00632899
0.00632899
0.00632899
0.00632899
0.00632898
0.00632898
0.00632898
0.00632898
0.00632898
0.00632898
0.00632897
0.00632893
0.00632893
0.00632893
0.00632893
0.00632893
0.00632893
0.00632893
0.00632893
0.00632894
0.00632893
0.00632873
0.00631705
0.00631739
0.00632895
0.00632894
0.00632894
0.00632894
0.00632894
0.00632893
0.00632893
0.00632893
0.00632893
0.00632893
0.00632893
0.00632888
0.00632888
0.00632888
0.00632888
0.00632888
0.00632888
0.00632888
0.00632889
0.00632889
0.00632888
0.00632864
0.006317
0.00631739
0.0063289
0.0063289
0.00632889
0.00632889
0.00632889
0.00632888
0.00632888
0.00632888
0.00632888
0.00632888
0.00632888
0.00632883
0.00632883
0.00632883
0.00632883
0.00632883
0.00632883
0.00632884
0.00632884
0.00632884
0.00632884
0.00632855
0.00631695
0.00631739
0.00632885
0.00632885
0.00632884
0.00632884
0.00632884
0.00632883
0.00632883
0.00632883
0.00632883
0.00632883
0.00632883
0.00632878
0.00632878
0.00632878
0.00632878
0.00632878
0.00632879
0.00632879
0.00632879
0.00632879
0.00632879
0.00632846
0.0063169
0.00631739
0.0063288
0.0063288
0.0063288
0.00632879
0.00632879
0.00632878
0.00632878
0.00632878
0.00632878
0.00632878
0.00632878
0.00632873
0.00632873
0.00632873
0.00632873
0.00632874
0.00632874
0.00632874
0.00632874
0.00632874
0.00632874
0.00632837
0.00631685
0.00631738
0.00632875
0.00632875
0.00632875
0.00632874
0.00632874
0.00632874
0.00632873
0.00632873
0.00632873
0.00632873
0.00632873
0.00632868
0.00632869
0.00632869
0.00632869
0.00632869
0.00632869
0.00632869
0.00632869
0.00632869
0.00632869
0.00632827
0.00631681
0.00631737
0.0063287
0.0063287
0.0063287
0.00632869
0.00632869
0.00632869
0.00632868
0.00632868
0.00632868
0.00632868
0.00632868
0.00632864
0.00632864
0.00632864
0.00632864
0.00632864
0.00632864
0.00632864
0.00632864
0.00632865
0.00632864
0.00632818
0.00631676
0.00631737
0.00632866
0.00632865
0.00632865
0.00632865
0.00632864
0.00632864
0.00632864
0.00632863
0.00632863
0.00632863
0.00632863
0.00632859
0.00632859
0.00632859
0.00632859
0.00632859
0.00632859
0.00632859
0.0063286
0.0063286
0.00632859
0.00632809
0.00631671
0.00631736
0.00632861
0.00632861
0.0063286
0.0063286
0.00632859
0.00632859
0.00632859
0.00632858
0.00632858
0.00632858
0.00632858
0.00632854
0.00632854
0.00632854
0.00632854
0.00632854
0.00632854
0.00632855
0.00632855
0.00632855
0.00632854
0.006328
0.00631666
0.00631735
0.00632856
0.00632856
0.00632855
0.00632855
0.00632854
0.00632854
0.00632854
0.00632854
0.00632853
0.00632853
0.00632853
0.00632849
0.00632849
0.00632849
0.00632849
0.00632849
0.00632849
0.0063285
0.0063285
0.0063285
0.00632849
0.00632792
0.00631662
0.00631733
0.00632851
0.00632851
0.0063285
0.0063285
0.0063285
0.00632849
0.00632849
0.00632849
0.00632848
0.00632848
0.00632848
0.00632844
0.00632844
0.00632844
0.00632844
0.00632844
0.00632845
0.00632845
0.00632845
0.00632845
0.00632844
0.00632783
0.00631657
0.00631732
0.00632846
0.00632846
0.00632846
0.00632845
0.00632845
0.00632844
0.00632844
0.00632844
0.00632844
0.00632843
0.00632843
0.00632839
0.00632839
0.00632839
0.0063284
0.0063284
0.0063284
0.0063284
0.0063284
0.0063284
0.00632839
0.00632774
0.00631652
0.00631731
0.00632841
0.00632841
0.00632841
0.0063284
0.0063284
0.00632839
0.00632839
0.00632839
0.00632839
0.00632839
0.00632838
0.00632834
0.00632834
0.00632835
0.00632835
0.00632835
0.00632835
0.00632835
0.00632835
0.00632836
0.00632834
0.00632766
0.00631648
0.00631729
0.00632837
0.00632836
0.00632836
0.00632835
0.00632835
0.00632834
0.00632834
0.00632834
0.00632834
0.00632834
0.00632834
0.0063283
0.0063283
0.0063283
0.0063283
0.0063283
0.0063283
0.0063283
0.00632831
0.00632831
0.00632829
0.00632757
0.00631643
0.00631727
0.00632832
0.00632832
0.00632831
0.0063283
0.0063283
0.0063283
0.00632829
0.00632829
0.00632829
0.00632829
0.00632829
0.00632825
0.00632825
0.00632825
0.00632825
0.00632825
0.00632825
0.00632826
0.00632826
0.00632826
0.00632824
0.00632749
0.00631638
0.00631726
0.00632827
0.00632827
0.00632826
0.00632826
0.00632825
0.00632825
0.00632824
0.00632824
0.00632824
0.00632824
0.00632824
0.00632961
0.00632961
0.00632965
0.00632956
0.00632956
0.0063296
0.00632952
0.00632952
0.00632956
0.00632947
0.00632948
0.00632952
0.00632942
0.00632943
0.00632947
0.00632937
0.00620627
0.00607293
0.00632938
0.00632943
0.00632965
0.0063297
0.00632965
0.0063297
0.00632961
0.00632961
0.00632965
0.00632962
0.00632965
0.00632961
0.00632961
0.00632965
0.00632956
0.00632956
0.0063296
0.00632958
0.00632958
0.0063296
0.00632958
0.0063296
0.00632956
0.00632957
0.0063296
0.00632952
0.00632952
0.00632956
0.00632954
0.00632954
0.00632956
0.00632949
0.00632955
0.00632952
0.00632952
0.00632956
0.00632947
0.00632947
0.00632951
0.00632949
0.00632949
0.00632951
0.00632947
0.00632945
0.00632948
0.00632948
0.00632951
0.00632945
0.00632947
0.00632943
0.00632943
0.00632947
0.0063294
0.00632942
0.00632932
0.00624447
0.00620279
0.00621097
0.00632933
0.00632938
0.0063296
0.00632962
0.00632962
0.00632962
0.0063296
0.00632965
0.00632962
0.0063296
0.00632962
0.00632962
0.00632962
0.0063296
0.00632956
0.00632958
0.00632958
0.00632958
0.00632956
0.0063296
0.00632958
0.00632955
0.00632958
0.00632958
0.00632958
0.00632956
0.0063296
0.00632958
0.00632959
0.00632952
0.00632953
0.00632953
0.00632954
0.00632951
0.00632956
0.00632954
0.00632945
0.00632949
0.00632954
0.00632954
0.00632952
0.00632956
0.00632954
0.00632954
0.00632949
0.00632947
0.00632951
0.00632949
0.00632947
0.00632948
0.0063295
0.00632949
0.00632948
0.00632952
0.0063295
0.0063295
0.00632944
0.00632942
0.00632947
0.00632945
0.00632943
0.00632945
0.00632947
0.00632945
0.00632946
0.00632939
0.00632937
0.00632942
0.0063294
0.00632938
0.0063294
0.00632963
0.00632963
0.00632965
0.00632963
0.00632964
0.00632942
0.00632942
0.00632946
0.00632945
0.00632945
0.00632947
0.00632875
0.00632831
0.00632938
0.00632938
0.00632942
0.00632965
0.00632963
0.00632965
0.00632962
0.00632963
0.00632947
0.00632949
0.00632949
0.00632867
0.00632886
0.00632929
0.00632933
0.00632887
0.00632908
0.00632821
0.00632727
0.00632945
0.00632945
0.00632943
0.00632933
0.00632934
0.00632943
0.00632941
0.00632941
0.00632967
0.00632967
0.00632965
0.00632965
0.00632967
0.00632967
0.00632963
0.00632963
0.00632963
0.00632965
0.00632963
0.00632964
0.00632959
0.00632959
0.00632953
0.00632953
0.00632947
0.00632946
0.00632945
0.0063275
0.00632946
0.00632904
0.0063288
0.0063289
0.0063291
0.00632942
0.00632962
0.00632961
0.00632961
0.00632962
0.00632961
0.00632961
0.00632962
0.00632963
0.00632963
0.00632963
0.00632962
0.00632961
0.00632961
0.00632957
0.00632957
0.00632959
0.00632959
0.00632956
0.00632957
0.00632957
0.00632957
0.00632958
0.00632956
0.00632957
0.00632957
0.00632959
0.00632959
0.0063296
0.00632958
0.00632959
0.00632959
0.00632953
0.00632952
0.00632955
0.00632955
0.00632941
0.00632943
0.00632953
0.00632953
0.00632954
0.00632952
0.00632953
0.00632952
0.00632955
0.00632955
0.00632956
0.00632954
0.00632955
0.00632955
0.00632871
0.00632948
0.00632907
0.00632894
0.00632924
0.00632908
0.00632948
0.0063295
0.00632896
0.0063295
0.00632948
0.00632948
0.00632951
0.00632951
0.00632952
0.0063295
0.00632951
0.00632951
0.00632923
0.00632929
0.00632946
0.00632932
0.00632924
0.00632936
0.00632933
0.00632946
0.0063291
0.00632922
0.00632944
0.00632844
0.00632885
0.0063276
0.00632835
0.00632944
0.00632703
0.0063293
0.0063293
0.00630969
0.00632935
0.0063293
0.00623047
0.006329
0.00632906
0.00632964
0.00632937
0.00632937
0.00632942
0.0063294
0.0063294
0.00632942
0.00619582
0.00632927
0.00632937
0.00632964
0.00632942
0.00632944
0.00632944
0.00632683
0.0063269
0.00621986
0.00632919
0.00632911
0.00632711
0.00632743
0.00632721
0.00632897
0.00598113
0.00632966
0.00632966
0.00632965
0.00632965
0.00632966
0.00632966
0.00632959
0.00632959
0.00632958
0.00632958
0.0063296
0.00632959
0.00632955
0.00632955
0.00632954
0.00632956
0.00632955
0.00632955
0.00632951
0.00632954
0.00632947
0.00632945
0.00632299
0.00632149
0.00632941
0.00632912
0.00632925
0.00632936
0.00632934
0.00624777
0.00632964
0.00632963
0.00632965
0.0063296
0.0063296
0.0063296
0.00632961
0.00632962
0.00632962
0.0063296
0.00632961
0.00632961
0.00632957
0.00632957
0.00632956
0.00632958
0.00632957
0.00632957
0.00632957
0.00632957
0.00632958
0.00632955
0.00632956
0.00632956
0.00632958
0.00632958
0.00632958
0.00632956
0.00632957
0.00632957
0.00632958
0.00632958
0.00632956
0.00632956
0.00632956
0.00632954
0.00632953
0.00632953
0.00632953
0.00632953
0.00632953
0.00632955
0.00632955
0.00632955
0.00632953
0.00632954
0.00632954
0.00632943
0.00632945
0.00632953
0.00632953
0.00632954
0.00632952
0.00632952
0.00632952
0.00632955
0.00632956
0.00632956
0.00632954
0.00632954
0.00632954
0.00632947
0.00632909
0.00632919
0.00632904
0.00632895
0.00632948
0.00632949
0.00632949
0.0063295
0.00632948
0.00632949
0.00632948
0.00632943
0.00632938
0.00632937
0.00632939
0.0063294
0.00632943
0.0063281
0.00632816
0.00632941
0.00632939
0.00632939
0.00632801
0.00632808
0.00632473
0.00632337
0.00632964
0.00632964
0.00632964
0.00632235
0.00632859
0.00632345
0.00632396
0.00632393
0.00632854
0.00632964
0.00632964
0.00632964
0.00632964
0.00632964
0.00632864
0.00632872
0.00632714
0.00632692
0.00632931
0.00632784
0.00632775
0.00632808
0.00632787
0.00632931
0.00632893
0.00632897
0.00632788
0.00632772
0.00632934
0.00632837
0.00632818
0.00632746
0.00632759
0.00632963
0.00632963
0.00632963
0.00632962
0.00632963
0.00632962
0.00632958
0.00632959
0.00632952
0.00632954
0.00632947
0.00632945
0.00632776
0.00632918
0.00632911
0.00632926
0.00632921
0.0063277
0.00632891
0.00632882
0.00632908
0.00632896
0.00632896
0.00632577
0.00632644
0.00632448
0.00632543
0.00632892
0.00632064
0.00632188
0.00632961
0.00632962
0.00632961
0.00632962
0.00632962
0.00632962
0.0063296
0.0063296
0.00632961
0.0063296
0.00632963
0.00632963
0.00632962
0.00632963
0.00632962
0.00632961
0.0063296
0.00632961
0.00632961
0.00632961
0.00632962
0.00632961
0.00632961
0.00632962
0.00632961
0.00632961
0.00632957
0.00632957
0.00632957
0.00632957
0.00632956
0.00632958
0.00632957
0.00632955
0.00632955
0.00632956
0.00632956
0.00632956
0.00632956
0.00632956
0.00632959
0.00632959
0.0063296
0.00632959
0.00632958
0.00632958
0.00632959
0.00632958
0.00632959
0.00632958
0.00632959
0.00632956
0.00632957
0.00632957
0.00632957
0.00632957
0.00632956
0.00632957
0.00632957
0.00632952
0.00632953
0.00632953
0.0063295
0.00632949
0.00632949
0.00632949
0.00632949
0.00632949
0.00632949
0.00632949
0.00632954
0.00632955
0.00632955
0.00632953
0.00632952
0.00632954
0.00632954
0.0063295
0.00632949
0.00632952
0.00632951
0.00632954
0.00632954
0.00632954
0.00632941
0.00632944
0.00632953
0.00632953
0.00632953
0.00632952
0.00632952
0.00632953
0.00632955
0.00632955
0.00632955
0.00632954
0.00632954
0.00632955
0.00632882
0.00632897
0.00632948
0.00632948
0.00632948
0.00632948
0.0063289
0.00632918
0.00632947
0.00632946
0.00632948
0.00632947
0.00632915
0.00632949
0.00632949
0.00632949
0.00632949
0.00632907
0.00632949
0.00632948
0.00632949
0.00632949
0.00632908
0.006329
0.00632907
0.00632947
0.00632861
0.00632884
0.00632878
0.00632858
0.00632884
0.00632948
0.00632888
0.00632894
0.00632925
0.00632718
0.00632741
0.00632766
0.00632718
0.00632926
0.00632713
0.00632914
0.00632743
0.00632916
0.006328
0.00632931
0.00632927
0.00632935
0.00632932
0.00632806
0.00632671
0.0063269
0.0063282
0.00632824
0.0063277
0.00632797
0.00632553
0.00632503
0.00632966
0.00632966
0.00632969
0.0063294
0.0063294
0.00632938
0.00632965
0.00632965
0.00632964
0.00632964
0.00632965
0.00632965
0.00632967
0.00632967
0.00632965
0.0063296
0.00632959
0.00632959
0.00632958
0.00632958
0.00632958
0.0063295
0.00632955
0.00632951
0.00632951
0.0063295
0.00632935
0.00632931
0.00632945
0.00632921
0.00632925
0.00632947
0.00632961
0.00632961
0.0063296
0.0063296
0.0063296
0.0063296
0.00632962
0.00632962
0.00632962
0.0063296
0.00632959
0.0063296
0.00632955
0.00632958
0.00632957
0.00632958
0.00632956
0.00632956
0.00632956
0.00632958
0.00632958
0.00632958
0.00632952
0.00632952
0.00632952
0.00632951
0.00632952
0.00632952
0.00632945
0.00632938
0.00632938
0.00632949
0.00632953
0.00632954
0.00632954
0.00632956
0.00632956
0.00632956
0.00632954
0.00632954
0.00632954
0.00632951
0.00632951
0.00632951
0.00632951
0.00632951
0.00632952
0.00632946
0.00632947
0.00632947
0.00632393
0.00632389
0.00632938
0.00632938
0.00632941
0.00632392
0.00632392
0.00632926
0.00632927
0.00632939
0.00632963
0.00632963
0.00632865
0.00632837
0.00632844
0.00632884
0.00632888
0.00632821
0.00632829
0.00632852
0.00632847
0.00632906
0.00632641
0.00632615
0.00632742
0.00632848
0.00632839
0.00632934
0.00632966
0.00632966
0.00632965
0.00632963
0.00632963
0.00632963
0.00632963
0.00632962
0.00632962
0.00632963
0.00632964
0.00632964
0.00632959
0.00632959
0.00632959
0.00632959
0.00632959
0.00632959
0.00632952
0.00632953
0.00632933
0.00632934
0.00632947
0.00632946
0.00632927
0.0063293
0.00632798
0.00632802
0.00632843
0.00632837
0.0063275
0.00632806
0.00632812
0.00632947
0.00632927
0.00632932
0.00632962
0.00632961
0.00632961
0.00632961
0.00632962
0.00632962
0.00632962
0.0063296
0.0063296
0.00632961
0.00632961
0.00632961
0.00632963
0.00632963
0.00632963
0.00632963
0.00632963
0.00632963
0.00632962
0.00632962
0.00632962
0.00632959
0.00632959
0.0063296
0.0063296
0.0063296
0.00632956
0.00632957
0.00632959
0.00632959
0.00632959
0.00632958
0.00632959
0.00632959
0.00632952
0.00632952
0.00632952
0.00632941
0.00632943
0.00632955
0.00632955
0.00632955
0.00632954
0.00632955
0.00632955
0.00632876
0.00632906
0.00632935
0.00632936
0.00632927
0.00632928
0.00632891
0.0063295
0.00632951
0.00632951
0.00632918
0.00632916
0.00632933
0.00632933
0.006329
0.00632926
0.00632926
0.00632915
0.00632915
0.00632951
0.00632951
0.00632951
0.0063295
0.0063295
0.00632951
0.00632929
0.00632945
0.00632945
0.00632946
0.00632945
0.00632927
0.00632864
0.00632931
0.00632935
0.00632933
0.00632932
0.0063287
0.00632776
0.0063286
0.00632851
0.00632676
0.0063265
0.00632723
0.00632168
0.00632454
0.00632453
0.00632468
0.00632935
0.00632865
0.00632853
0.00632873
0.00632868
0.0063293
0.00631688
0.0063169
0.00632661
0.00632713
0.00632911
0.00632964
0.00632964
0.00632964
0.00632676
0.00632677
0.00632586
0.00632351
0.00617323
0.0063273
0.00632667
0.00632677
0.00632629
0.00632649
0.00632739
0.0059812
0.0063186
0.00632515
0.00632965
0.00632965
0.00632964
0.00632958
0.00632958
0.00632958
0.0063296
0.0063296
0.0063296
0.00632959
0.0063296
0.00632951
0.00632954
0.00632907
0.00632913
0.00632906
0.00632905
0.00632945
0.00632929
0.00632927
0.00632267
0.00631911
0.00631909
0.00632026
0.0063199
0.00632225
0.0063296
0.0063296
0.0063296
0.0063296
0.0063296
0.0063296
0.00632955
0.00632957
0.00632957
0.00632957
0.00632956
0.00632956
0.00632956
0.00632939
0.00632938
0.00632944
0.00632947
0.00632953
0.00632953
0.00632953
0.00632955
0.00632955
0.00632955
0.00632954
0.00632954
0.00632954
0.00632904
0.00632916
0.00632912
0.0063292
0.00632919
0.00632903
0.00632385
0.00632387
0.00632423
0.0063239
0.00632804
0.00632648
0.00632644
0.00631944
0.00631952
0.00632433
0.00632059
0.00632129
0.0063193
0.00631984
0.00632384
0.00632964
0.00632963
0.00632963
0.00632964
0.00632964
0.00632964
0.00632964
0.00632964
0.00632964
0.00632964
0.00632323
0.00632641
0.00632624
0.00632686
0.00632663
0.00632339
0.00632487
0.00632561
0.00632526
0.00632611
0.00632593
0.00632445
0.00632964
0.00632964
0.00632964
0.00632963
0.00632963
0.00632964
0.00632963
0.00632861
0.0063288
0.00632851
0.00632854
0.00632709
0.00632701
0.00632863
0.00632866
0.00632779
0.00632815
0.00632815
0.0063289
0.0063281
0.00632801
0.00632813
0.00632902
0.00632835
0.00632822
0.00632638
0.00632666
0.00632801
0.00632546
0.00632559
0.00632513
0.00632524
0.00632756
0.00632602
0.00632608
0.00632748
0.00632584
0.00632606
0.00632551
0.00632564
0.00632752
0.00632963
0.00632963
0.00632963
0.00632962
0.00632962
0.00632962
0.00632959
0.00632958
0.00632959
0.00632958
0.00632959
0.00632959
0.00632959
0.00632959
0.00632952
0.00632954
0.00632917
0.0063292
0.00632914
0.00632915
0.00632947
0.00632935
0.00632935
0.00632926
0.00632928
0.00632945
0.00632921
0.00632812
0.00632799
0.00632759
0.00632831
0.00632824
0.00632888
0.00632827
0.00632822
0.00632852
0.00632837
0.00632885
0.00632905
0.0063285
0.00632856
0.00632827
0.00632839
0.00632901
0.00632815
0.0063248
0.00632721
0.00632706
0.00632065
0.00632117
0.00632962
0.00632961
0.00632961
0.00632961
0.00632962
0.00632962
0.00632962
0.0063296
0.0063296
0.0063296
0.0063296
0.0063296
0.00632961
0.0063296
0.00632963
0.00632963
0.00632963
0.00632963
0.00632962
0.00632962
0.00632963
0.00632961
0.00632961
0.00632961
0.0063296
0.00632961
0.00632961
0.00632961
0.00632961
0.00632962
0.00632962
0.00632961
0.00632962
0.00632962
0.00632962
0.00632961
0.00632961
0.00632961
0.00632961
0.00632957
0.00632956
0.00632957
0.00632957
0.00632957
0.00632957
0.00632957
0.00632955
0.00632955
0.00632956
0.00632956
0.00632959
0.00632959
0.00632959
0.00632959
0.00632959
0.00632959
0.0063296
0.0063296
0.0063296
0.00632959
0.00632959
0.0063296
0.00632959
0.00632959
0.00632958
0.00632958
0.00632958
0.00632957
0.00632958
0.00632958
0.00632959
0.00632958
0.00632959
0.00632958
0.00632958
0.00632958
0.00632956
0.00632957
0.0063295
0.00632946
0.00632947
0.00632942
0.00632944
0.0063295
0.00632948
0.00632947
0.00632947
0.00632949
0.00632949
0.00632934
0.00632936
0.00632934
0.00632933
0.00632949
0.00632949
0.0063294
0.00632941
0.00632939
0.0063294
0.00632949
0.00632953
0.00632953
0.00632954
0.00632954
0.0063295
0.00632949
0.00632952
0.00632952
0.00632941
0.00632944
0.00632955
0.00632955
0.00632955
0.00632954
0.00632954
0.00632954
0.0063288
0.00632933
0.00632934
0.00632903
0.00632888
0.00632929
0.00632931
0.00632924
0.00632921
0.00632949
0.0063294
0.0063294
0.00632949
0.00632938
0.00632936
0.0063294
0.00632939
0.00632949
0.00632932
0.00632928
0.00632923
0.00632925
0.00632903
0.00632915
0.0063292
0.00632903
0.00632931
0.0063293
0.00632933
0.00632932
0.00632905
0.00632869
0.0063288
0.0063287
0.00632855
0.00632855
0.00632861
0.00632886
0.00632923
0.00632921
0.00632928
0.00632925
0.00632888
0.00632726
0.00632826
0.0063283
0.00632822
0.00632824
0.00632734
0.00632748
0.00632851
0.00632858
0.00632835
0.00632843
0.00632728
0.00632702
0.00632776
0.00632775
0.00632791
0.00632783
0.00632758
0.00632812
0.00632818
0.00632782
0.00632798
0.00632766
0.00632872
0.00632867
0.00632791
0.00632665
0.0063271
0.00632408
0.00632419
0.00632782
0.00632591
0.00632556
0.00632637
0.00632623
0.00632791
0.00632465
0.00632455
0.00631779
0.00631843
0.00632976
0.00632976
0.00632978
0.00632976
0.00632976
0.00632978
0.00632976
0.00632976
0.00632978
0.00632976
0.00632976
0.00632978
0.00632971
0.00632971
0.00632973
0.00632971
0.00632971
0.00632974
0.00632971
0.0063297
0.00632974
0.0063297
0.00632971
0.00632974
0.00632971
0.00632971
0.00632974
0.00632971
0.00632971
0.00632973
0.00632966
0.00632966
0.00632969
0.00632966
0.00632965
0.00632969
0.00632968
0.00632968
0.0063297
0.00632968
0.00632968
0.0063297
0.00632968
0.00632968
0.00632969
0.00632966
0.00632966
0.00632968
0.00632961
0.00632961
0.00632965
0.00632963
0.00632963
0.00632964
0.00632964
0.00632964
0.00632965
0.00632963
0.00632963
0.00632965
0.00632961
0.00632961
0.00632964
0.00632956
0.00632956
0.0063296
0.00632959
0.00632959
0.0063296
0.00632959
0.00632959
0.0063296
0.00632959
0.00632959
0.0063296
0.00632957
0.00632957
0.00632959
0.00632952
0.00632952
0.00632955
0.00632954
0.00632954
0.00632955
0.00632955
0.00632955
0.00632956
0.00632954
0.00632954
0.00632956
0.00632952
0.00632952
0.00632954
0.00632947
0.00632947
0.00632951
0.00632949
0.00632949
0.00632951
0.00632951
0.00632951
0.00632951
0.0063295
0.0063295
0.00632952
0.00632948
0.00632948
0.0063295
0.00632942
0.00632942
0.00632946
0.00632946
0.00632946
0.00632947
0.00632946
0.00632945
0.00632947
0.00632943
0.00632943
0.00632945
0.00632937
0.00632937
0.00632941
0.00632941
0.00632941
0.00632942
0.00632938
0.00632938
0.00632941
0.00632932
0.00632932
0.00632935
0.00632932
0.00632932
0.00632936
0.00632935
0.00632935
0.00632936
0.00610127
0.00632429
0.00632522
0.00632933
0.00632934
0.00632937
0.00632933
0.00632933
0.00632936
0.00632928
0.00632927
0.0063293
0.00632928
0.00632927
0.00632931
0.00632927
0.00628263
0.00628318
0.00627206
0.00632928
0.00632932
0.00632929
0.00632929
0.00632932
0.00632928
0.00632929
0.00632931
0.00632923
0.00632922
0.00632925
0.00632904
0.00630536
0.00628251
0.00630309
0.00632923
0.00632927
0.00632924
0.00632924
0.00632926
0.00632961
0.00632961
0.00632961
0.00632961
0.00632961
0.00632961
0.00632965
0.00632964
0.00632964
0.00632956
0.00632957
0.00632957
0.00632957
0.00632957
0.00632956
0.0063296
0.00632959
0.0063296
0.00632952
0.00632952
0.00632952
0.00632953
0.00632953
0.00632952
0.00632956
0.00632955
0.00632955
0.00632947
0.00632948
0.00632948
0.00632948
0.00632949
0.00632948
0.00632952
0.00632951
0.00632951
0.00632944
0.00632944
0.00632943
0.00632947
0.00632947
0.00632947
0.00632937
0.00632939
0.00632939
0.00616597
0.00631532
0.00631315
0.00626318
0.0062632
0.00598124
0.00632943
0.00632942
0.00632942
0.00632965
0.00632967
0.00632967
0.00632965
0.00632965
0.00632964
0.0063297
0.00632968
0.00632968
0.00632964
0.00632965
0.00632966
0.00632966
0.00632965
0.0063297
0.00632968
0.00632968
0.00632961
0.00632962
0.00632962
0.00632962
0.00632962
0.00632961
0.00632964
0.00632963
0.00632963
0.00632963
0.00632963
0.00632962
0.00632965
0.00632964
0.00632964
0.00632961
0.00632963
0.00632962
0.00632962
0.00632962
0.00632961
0.00632965
0.00632963
0.00632963
0.00632956
0.00632957
0.00632957
0.00632958
0.00632957
0.00632956
0.0063296
0.00632959
0.00632958
0.00632958
0.00632959
0.00632959
0.00632958
0.00632958
0.00632958
0.0063296
0.0063296
0.0063296
0.0063296
0.0063296
0.0063296
0.00632957
0.00632958
0.00632958
0.00632958
0.00632958
0.00632957
0.0063296
0.00632959
0.00632959
0.00632952
0.00632953
0.00632953
0.00632953
0.00632953
0.00632952
0.00632955
0.00632954
0.00632954
0.00632954
0.00632955
0.00632954
0.00632954
0.00632954
0.00632954
0.00632956
0.00632955
0.00632955
0.00632952
0.00632954
0.00632954
0.00632953
0.00632953
0.00632952
0.00632956
0.00632955
0.00632954
0.00632947
0.00632948
0.00632948
0.00632949
0.00632948
0.00632947
0.00632951
0.0063295
0.00632949
0.00632949
0.0063295
0.0063295
0.0063295
0.0063295
0.00632949
0.00632951
0.00632951
0.00632951
0.00632947
0.00632937
0.00632938
0.00632948
0.00632949
0.0063295
0.00632949
0.00632949
0.00632948
0.00632951
0.0063295
0.0063295
0.00632945
0.00632936
0.00632938
0.00632945
0.00632945
0.00632947
0.00632943
0.00632944
0.00632945
0.00632944
0.00632944
0.00632943
0.00632947
0.00632946
0.00632945
0.00632941
0.0063294
0.0063294
0.00632941
0.00632941
0.00632942
0.00632932
0.00632934
0.00632933
0.00624672
0.00632933
0.00632931
0.0063291
0.00632903
0.00619461
0.00632926
0.00632927
0.00619997
0.00632935
0.00632934
0.00632933
0.00632937
0.00632935
0.00632936
0.00632961
0.00632961
0.0063296
0.00632963
0.00632962
0.00632961
0.00632962
0.00632962
0.00632962
0.00632962
0.00632962
0.00632962
0.00632964
0.00632964
0.00632965
0.00632962
0.00632963
0.00632963
0.0063296
0.0063296
0.0063296
0.00632962
0.00632962
0.00632962
0.00632962
0.00632962
0.00632962
0.00632962
0.00632962
0.00632962
0.0063296
0.00632961
0.0063296
0.00632956
0.00632956
0.00632956
0.00632958
0.00632958
0.00632958
0.00632957
0.00632957
0.00632958
0.00632958
0.00632958
0.00632958
0.00632956
0.00632956
0.00632956
0.00632958
0.00632958
0.00632958
0.00632958
0.00632957
0.00632958
0.00632958
0.00632958
0.00632958
0.0063296
0.0063296
0.0063296
0.00632958
0.00632958
0.00632958
0.00632959
0.00632959
0.00632958
0.00632952
0.00632952
0.00632952
0.00632954
0.00632953
0.00632953
0.00632953
0.00632953
0.00632953
0.00632953
0.00632953
0.00632953
0.00632951
0.00632952
0.00632952
0.00632956
0.00632955
0.00632956
0.00632954
0.00632954
0.00632954
0.00632954
0.00632953
0.00632953
0.00632952
0.00632952
0.00632952
0.00632955
0.00632955
0.00632954
0.00632949
0.00632949
0.00632949
0.00632947
0.00632947
0.00632947
0.00632951
0.00632951
0.00632951
0.00632949
0.0063295
0.0063295
0.00632947
0.00632945
0.00632945
0.00632939
0.0063294
0.00632948
0.0063295
0.00632949
0.00632949
0.00632949
0.00632949
0.0063295
0.00632948
0.00632948
0.00632948
0.00632951
0.00632952
0.00632952
0.0063295
0.0063295
0.0063295
0.00632951
0.00632951
0.0063295
0.00632944
0.00632944
0.00632944
0.00632942
0.00632942
0.00632942
0.00632946
0.00632946
0.00632947
0.00632945
0.00632945
0.00632945
0.00632943
0.00632941
0.00632941
0.00632938
0.0063294
0.00632944
0.00632947
0.00632947
0.00632947
0.00632945
0.00632946
0.00632946
0.00632946
0.00632946
0.00632946
0.00632938
0.00632937
0.00632937
0.0063293
0.00632935
0.00632938
0.00632942
0.00632941
0.00632942
0.00632939
0.00632927
0.00632926
0.00632963
0.00632963
0.00632964
0.00632964
0.00632964
0.00632963
0.00632965
0.00632964
0.00632964
0.00632964
0.00632964
0.00632964
0.00632944
0.00632944
0.00632942
0.00632946
0.00632945
0.00632945
0.00632945
0.00632945
0.00632945
0.00632946
0.00632945
0.00632945
0.00632946
0.00632946
0.00632946
0.0063287
0.00632797
0.00632808
0.0063272
0.00632739
0.00632839
0.00632938
0.0063294
0.0063294
0.00632964
0.00632964
0.00632964
0.00632963
0.00632963
0.00632963
0.00632964
0.00632964
0.00632965
0.00632963
0.00632964
0.00632963
0.00632964
0.00632964
0.00632963
0.00632948
0.00632948
0.00632947
0.00632949
0.00632948
0.00632948
0.00632948
0.00632948
0.00632949
0.0063293
0.00632909
0.00632908
0.00632916
0.00632915
0.00632932
0.00632812
0.00632684
0.00632701
0.00632945
0.00632944
0.00632944
0.00632944
0.00632944
0.00632945
0.00632943
0.00632944
0.00632944
0.00632933
0.00632919
0.00632918
0.00632923
0.00632923
0.00632934
0.00632942
0.00632942
0.00632943
0.00632941
0.00632941
0.00632941
0.00632941
0.00632941
0.00632941
0.00632967
0.00632966
0.00632966
0.00632966
0.00632966
0.00632967
0.00632965
0.00632966
0.00632966
0.00632965
0.00632965
0.00632965
0.00632967
0.00632966
0.00632966
0.00632966
0.00632966
0.00632967
0.00632963
0.00632963
0.00632963
0.00632964
0.00632964
0.00632965
0.00632963
0.00632963
0.00632963
0.00632964
0.00632964
0.00632964
0.00632933
0.00632935
0.00632945
0.00632946
0.00632945
0.00632945
0.00632902
0.00632859
0.00632864
0.00632818
0.00632826
0.00632884
0.006329
0.00632934
0.00632933
0.00632935
0.00632934
0.00632903
0.00632942
0.00632941
0.0063294
0.00632961
0.00632962
0.00632962
0.00632961
0.00632961
0.00632961
0.00632962
0.00632962
0.00632962
0.00632963
0.00632963
0.00632963
0.00632963
0.00632963
0.00632963
0.00632961
0.00632961
0.00632961
0.00632961
0.00632961
0.00632961
0.00632957
0.00632957
0.00632957
0.00632957
0.00632957
0.00632957
0.00632959
0.00632959
0.00632959
0.00632959
0.00632959
0.00632959
0.00632957
0.00632957
0.00632957
0.00632957
0.00632957
0.00632957
0.00632958
0.00632958
0.00632958
0.00632956
0.00632956
0.00632956
0.00632957
0.00632957
0.00632957
0.00632957
0.00632957
0.00632957
0.00632959
0.00632959
0.00632959
0.0063296
0.0063296
0.00632959
0.0063296
0.0063296
0.0063296
0.00632959
0.00632958
0.00632958
0.00632959
0.00632959
0.00632959
0.00632959
0.00632959
0.00632959
0.00632953
0.00632953
0.00632953
0.00632952
0.00632952
0.00632952
0.00632955
0.00632955
0.00632955
0.00632954
0.00632954
0.00632955
0.00632953
0.00632953
0.00632953
0.00632953
0.00632953
0.00632953
0.00632954
0.00632954
0.00632954
0.00632952
0.00632952
0.00632952
0.00632953
0.00632953
0.00632953
0.00632952
0.00632953
0.00632953
0.00632955
0.00632955
0.00632955
0.00632956
0.00632956
0.00632956
0.00632954
0.00632954
0.00632954
0.00632955
0.00632955
0.00632955
0.00632948
0.00632948
0.00632948
0.00632923
0.0063294
0.0063294
0.00632936
0.00632937
0.0063291
0.00632948
0.00632947
0.00632948
0.0063295
0.0063295
0.0063295
0.00632944
0.00632944
0.00632948
0.00632948
0.00632943
0.00632943
0.00632951
0.00632951
0.00632951
0.00632951
0.00632951
0.00632951
0.00632952
0.00632951
0.00632952
0.0063295
0.0063295
0.0063295
0.00632951
0.0063295
0.0063295
0.0063295
0.0063295
0.00632951
0.00632924
0.00632891
0.00632889
0.00632906
0.00632903
0.00632928
0.00632946
0.00632946
0.00632946
0.00632931
0.00632942
0.00632942
0.0063294
0.00632941
0.00632925
0.00632935
0.00632944
0.00632944
0.00632945
0.00632944
0.00632934
0.00632945
0.00632945
0.00632945
0.00632911
0.00632858
0.00632855
0.00632887
0.00632883
0.0063292
0.00632941
0.00632941
0.00632943
0.00632851
0.00632898
0.00632894
0.00632917
0.00632914
0.00632881
0.0063289
0.00632885
0.00632824
0.00632944
0.00632941
0.00632941
0.0063293
0.00632878
0.00632874
0.0063288
0.0063288
0.0063293
0.00632935
0.00632925
0.00632924
0.00632899
0.00632726
0.00632753
0.00632869
0.00632873
0.00632908
0.00632939
0.00632939
0.00632937
0.00632941
0.0063294
0.0063294
0.0063294
0.0063294
0.0063294
0.00632942
0.00632941
0.00632941
0.00631823
0.00631781
0.00619114
0.00632928
0.00632858
0.00632859
0.00632891
0.00632859
0.0063293
0.00632943
0.00632943
0.00632942
0.00632944
0.00632943
0.00632943
0.00632944
0.00632944
0.00632944
0.00629693
0.00627731
0.00618764
0.00632914
0.00632801
0.00632802
0.00632778
0.00632792
0.00632912
0.00632837
0.00631416
0.00631076
0.00632738
0.00632765
0.00632897
0.00598115
0.00616298
0.00621469
0.00632966
0.00632965
0.00632965
0.00632966
0.00632966
0.00632966
0.00632965
0.00632965
0.00632965
0.00632965
0.00632965
0.00632965
0.00632966
0.00632965
0.00632965
0.00632965
0.00632965
0.00632966
0.00632959
0.00632959
0.00632959
0.00632959
0.00632959
0.00632959
0.00632958
0.00632958
0.00632959
0.0063296
0.0063296
0.00632959
0.00632955
0.00632954
0.00632954
0.00632954
0.00632954
0.00632955
0.00632954
0.00632954
0.00632954
0.00632955
0.00632955
0.00632956
0.00632955
0.00632955
0.00632955
0.00632955
0.00632955
0.00632955
0.00632935
0.00632936
0.00632947
0.0063294
0.0063294
0.00632941
0.00632923
0.00632935
0.00632935
0.00632936
0.00632935
0.00632924
0.00632935
0.00632931
0.0063293
0.00632923
0.00632928
0.00632935
0.006249
0.00632657
0.0063253
0.00632964
0.00632964
0.00632964
0.00632964
0.00632964
0.00632964
0.00632965
0.00632964
0.00632964
0.0063296
0.0063296
0.0063296
0.00632961
0.00632962
0.00632962
0.00632962
0.00632962
0.00632961
0.00632962
0.00632962
0.00632962
0.00632961
0.00632961
0.0063296
0.00632961
0.00632961
0.00632961
0.00632961
0.00632961
0.00632961
0.00632957
0.00632956
0.00632956
0.00632957
0.00632957
0.00632957
0.00632956
0.00632956
0.00632956
0.00632958
0.00632958
0.00632958
0.00632957
0.00632957
0.00632957
0.00632957
0.00632957
0.00632957
0.00632957
0.00632957
0.00632958
0.00632957
0.00632957
0.00632957
0.00632958
0.00632958
0.00632957
0.00632956
0.00632956
0.00632956
0.00632956
0.00632956
0.00632956
0.00632956
0.00632956
0.00632956
0.00632958
0.00632958
0.00632958
0.00632958
0.00632958
0.00632958
0.00632958
0.00632958
0.00632958
0.00632957
0.00632958
0.00632957
0.00632958
0.00632958
0.00632958
0.00632956
0.00632956
0.00632956
0.00632956
0.00632956
0.00632956
0.00632953
0.00632953
0.00632954
0.00632953
0.00632953
0.00632953
0.00632953
0.00632953
0.00632953
0.00632953
0.00632953
0.00632953
0.00632953
0.00632953
0.00632953
0.00632953
0.00632953
0.00632953
0.00632955
0.00632955
0.00632955
0.00632955
0.00632955
0.00632955
0.00632955
0.00632955
0.00632955
0.00632953
0.00632954
0.00632953
0.00632954
0.00632954
0.00632954
0.00632954
0.00632954
0.00632954
0.00632954
0.00632954
0.00632953
0.00632954
0.00632954
0.00632954
0.00632952
0.00632952
0.00632952
0.00632952
0.00632952
0.00632952
0.00632956
0.00632956
0.00632955
0.00632956
0.00632956
0.00632956
0.00632954
0.00632954
0.00632954
0.00632954
0.00632954
0.00632954
0.00632944
0.00632945
0.00632947
0.00632913
0.00632935
0.00632934
0.00632937
0.00632937
0.00632916
0.00632948
0.00632941
0.00632941
0.00632949
0.00632949
0.00632949
0.00632949
0.00632949
0.00632949
0.0063295
0.00632949
0.00632949
0.00632948
0.00632948
0.00632948
0.00632949
0.00632948
0.00632948
0.00632948
0.00632948
0.00632948
0.00632943
0.00632944
0.00632944
0.00632938
0.00632943
0.00632943
0.00632944
0.00632943
0.00632938
0.0063294
0.00632942
0.00632942
0.00632943
0.00632942
0.0063294
0.00632943
0.00632943
0.00632943
0.00632811
0.00632658
0.00632655
0.00632667
0.00632661
0.00632813
0.00632941
0.00632941
0.00632941
0.00632939
0.00632941
0.00632941
0.00632941
0.00632941
0.00632939
0.00632653
0.00632651
0.00632806
0.00632964
0.00632964
0.00632964
0.00632777
0.00632787
0.00632865
0.00632847
0.00632755
0.00632767
0.00632964
0.00632964
0.00632964
0.00632964
0.00632964
0.00632964
0.00632964
0.00632963
0.00632964
0.00632911
0.0063291
0.00632931
0.00632782
0.00632868
0.0063287
0.00632798
0.00632877
0.00632881
0.00632872
0.00632874
0.00632791
0.00632932
0.00632914
0.00632912
0.00632921
0.0063292
0.00632934
0.00632833
0.00632891
0.00632893
0.00632885
0.00632888
0.00632827
0.00632963
0.00632963
0.00632963
0.00632963
0.00632963
0.00632963
0.00632962
0.00632962
0.00632962
0.00632962
0.00632962
0.00632962
0.00632959
0.00632959
0.00632959
0.00632916
0.00632873
0.0063288
0.00632861
0.00632866
0.00632913
0.00632924
0.00632894
0.00632897
0.00632886
0.0063289
0.00632922
0.00632848
0.00632854
0.00632899
0.00632606
0.00632774
0.00632762
0.00632793
0.00632784
0.00632627
0.00632748
0.00632735
0.00632509
0.00632888
0.00632834
0.00632841
0.00632961
0.00632961
0.00632961
0.00632961
0.00632961
0.00632961
0.00632962
0.00632962
0.00632962
0.00632962
0.00632962
0.00632962
0.0063296
0.0063296
0.0063296
0.00632961
0.00632961
0.00632961
0.0063296
0.00632961
0.00632961
0.00632963
0.00632962
0.00632962
0.00632963
0.00632963
0.00632963
0.00632962
0.00632962
0.00632962
0.00632961
0.00632961
0.0063296
0.00632962
0.00632961
0.00632961
0.00632961
0.00632961
0.00632961
0.00632961
0.00632961
0.00632961
0.00632957
0.00632957
0.00632957
0.00632957
0.00632957
0.00632957
0.00632957
0.00632957
0.00632957
0.00632956
0.00632956
0.00632956
0.00632956
0.00632956
0.00632956
0.00632957
0.00632956
0.00632956
0.00632958
0.00632959
0.00632959
0.00632958
0.00632959
0.00632958
0.00632959
0.00632959
0.00632959
0.00632957
0.00632957
0.00632957
0.00632957
0.00632957
0.00632957
0.00632957
0.00632957
0.00632957
0.00632956
0.00632956
0.00632956
0.00632957
0.00632957
0.00632956
0.00632957
0.00632957
0.00632957
0.00632952
0.00632953
0.00632952
0.00632953
0.00632953
0.00632953
0.00632953
0.00632953
0.00632953
0.00632955
0.00632955
0.00632955
0.00632955
0.00632955
0.00632955
0.00632955
0.00632955
0.00632955
0.00632954
0.00632954
0.00632954
0.00632954
0.00632954
0.00632954
0.00632954
0.00632954
0.00632954
0.00632953
0.00632953
0.00632953
0.00632953
0.00632953
0.00632953
0.00632953
0.00632953
0.00632953
0.00632952
0.00632952
0.00632952
0.00632953
0.00632953
0.00632952
0.00632953
0.00632953
0.00632953
0.00632955
0.00632955
0.00632955
0.00632955
0.00632955
0.00632955
0.00632955
0.00632955
0.00632954
0.00632955
0.00632955
0.00632955
0.00632948
0.00632945
0.00632945
0.00632945
0.00632945
0.00632948
0.00632948
0.00632944
0.00632944
0.00632945
0.00632944
0.00632948
0.00632939
0.00632939
0.00632921
0.00632947
0.00632945
0.00632945
0.00632947
0.00632945
0.00632945
0.00632945
0.00632945
0.00632947
0.00632912
0.00632937
0.00632938
0.0063294
0.0063294
0.00632949
0.00632949
0.00632944
0.00632943
0.00632944
0.00632944
0.00632949
0.00632949
0.00632941
0.0063294
0.00632943
0.00632942
0.00632949
0.00632947
0.00632944
0.00632944
0.00632942
0.00632942
0.00632948
0.00632895
0.00632893
0.00632924
0.00632927
0.006329
0.00632897
0.00632865
0.0063286
0.00632913
0.00632919
0.00632878
0.00632871
0.0063293
0.00632908
0.00632911
0.00632901
0.00632905
0.00632928
0.00632934
0.00632917
0.0063292
0.00632913
0.00632915
0.00632933
0.00632814
0.00632881
0.00632876
0.00632824
0.00632691
0.00632677
0.00632702
0.00632704
0.00632828
0.00632548
0.00632234
0.00632217
0.00632171
0.00632204
0.00632527
0.00632966
0.00632967
0.00632967
0.00632967
0.00632967
0.00632966
0.00632939
0.00632939
0.0063294
0.00632938
0.00632939
0.00632939
0.00632965
0.00632965
0.00632965
0.00632965
0.00632965
0.00632965
0.00632964
0.00632965
0.00632965
0.00632965
0.00632964
0.00632964
0.00632965
0.00632965
0.00632965
0.00632965
0.00632965
0.00632965
0.00632967
0.00632967
0.00632967
0.00632965
0.00632966
0.00632966
0.00632959
0.00632959
0.00632959
0.00632951
0.00632951
0.0063295
0.00632923
0.00632939
0.00632938
0.0063294
0.00632939
0.00632924
0.00632947
0.00632945
0.00632945
0.00632961
0.00632961
0.00632961
0.0063296
0.0063296
0.0063296
0.00632961
0.0063296
0.0063296
0.00632962
0.00632962
0.00632962
0.00632962
0.00632962
0.00632962
0.00632962
0.00632962
0.00632962
0.0063296
0.0063296
0.0063296
0.0063296
0.0063296
0.00632959
0.0063296
0.0063296
0.0063296
0.00632958
0.00632958
0.00632958
0.00632952
0.00632952
0.00632952
0.00632952
0.00632952
0.00632952
0.00632952
0.00632952
0.00632952
0.00632951
0.00632952
0.00632951
0.00632952
0.00632952
0.00632952
0.00632952
0.00632952
0.00632952
0.00632951
0.00632951
0.00632951
0.00632951
0.00632951
0.00632951
0.00632951
0.00632951
0.00632951
0.00632947
0.00632947
0.00632947
0.00632947
0.00632947
0.00632947
0.00632938
0.0063294
0.00632939
0.0063294
0.0063294
0.00632938
0.0063294
0.0063294
0.00632941
0.00632926
0.00632936
0.00632936
0.00632935
0.00632936
0.00632927
0.00632845
0.00632897
0.00632899
0.00632894
0.00632896
0.00632842
0.00632934
0.00632922
0.00632921
0.00632966
0.00632966
0.00632966
0.00632966
0.00632966
0.00632966
0.00632965
0.00632965
0.00632965
0.00632964
0.00632964
0.00632963
0.00632964
0.00632964
0.00632964
0.00632963
0.00632964
0.00632964
0.00632945
0.00632945
0.00632946
0.00632929
0.00632941
0.0063294
0.00632942
0.00632941
0.0063293
0.00632963
0.00632963
0.00632963
0.00632963
0.00632963
0.00632963
0.00632959
0.00632959
0.00632959
0.00632959
0.00632959
0.00632959
0.00632959
0.00632959
0.00632959
0.00632959
0.00632959
0.00632959
0.00632958
0.00632959
0.00632959
0.00632952
0.00632952
0.00632952
0.00632952
0.00632952
0.00632952
0.00632952
0.00632952
0.00632952
0.0063295
0.0063295
0.0063295
0.00632951
0.00632951
0.0063295
0.00632951
0.00632951
0.00632951
0.0063295
0.0063295
0.0063295
0.00632941
0.00632942
0.0063293
0.00632926
0.00632941
0.00632941
0.00632906
0.00632902
0.00632857
0.00632921
0.00632923
0.00632936
0.00632876
0.00632912
0.00632909
0.00632926
0.00632925
0.00632935
0.00632862
0.00632904
0.00632905
0.00632901
0.00632902
0.00632858
0.00632871
0.00632909
0.0063291
0.00632907
0.00632908
0.0063287
0.00632679
0.00632809
0.00632801
0.00632824
0.00632817
0.00632697
0.0063291
0.00632877
0.0063288
0.00632394
0.00631264
0.00631916
0.00630981
0.00631089
0.00632361
0.00617954
0.00627088
0.00626681
0.00613429
0.00614441
0.00598118
0.00632522
0.00627924
0.00625135
0.00631417
0.00630031
0.00632515
0.00632965
0.00632965
0.00632965
0.00632965
0.00632965
0.00632965
0.00632964
0.00632965
0.00632965
0.00632981
0.00632981
0.00632983
0.00632981
0.00632981
0.00632983
0.00632981
0.00632981
0.00632983
0.00632981
0.00632981
0.00632983
0.00632976
0.00632976
0.00632978
0.00632976
0.00632976
0.00632978
0.00632971
0.00632971
0.00632973
0.00632973
0.00632973
0.00632974
0.00632973
0.00632973
0.00632974
0.00632971
0.00632971
0.00632973
0.00632966
0.00632966
0.00632968
0.00632968
0.00632968
0.00632969
0.00632969
0.00632969
0.0063297
0.00632966
0.00632966
0.00632968
0.00632961
0.00632961
0.00632964
0.00632964
0.00632964
0.00632965
0.00632961
0.00632961
0.00632964
0.00632956
0.00632956
0.00632959
0.0063296
0.0063296
0.0063296
0.00632957
0.00632957
0.00632959
0.00632952
0.00632952
0.00632954
0.00632955
0.00632955
0.00632956
0.00632952
0.00632952
0.00632954
0.00632947
0.00632947
0.00632949
0.00632951
0.00632951
0.00632952
0.00632947
0.00632947
0.0063295
0.00632942
0.00632942
0.00632944
0.00632945
0.00632945
0.00632946
0.00632947
0.00632947
0.00632947
0.00632943
0.00632943
0.00632945
0.00632937
0.00632937
0.0063294
0.0063294
0.0063294
0.00632941
0.00632941
0.00632941
0.00632942
0.00632938
0.00632938
0.0063294
0.00632932
0.00632932
0.00632935
0.00632935
0.00632935
0.00632936
0.00608659
0.00626369
0.00626317
0.00632936
0.00632936
0.00632937
0.00632933
0.00632933
0.00632935
0.00632927
0.00632927
0.0063293
0.0063293
0.00632928
0.0063293
0.00626966
0.00632895
0.00632896
0.00632931
0.00632931
0.00632932
0.00632928
0.00632928
0.0063293
0.00632923
0.00632923
0.00632925
0.00632924
0.00632924
0.00632926
0.00632918
0.00632917
0.0063292
0.00632873
0.00630528
0.00630532
0.00630378
0.00632918
0.00632921
0.00632919
0.00632919
0.00632921
0.00632942
0.00632943
0.00632943
0.00632939
0.00632939
0.00632938
0.00632965
0.00632966
0.00632966
0.0063297
0.00632969
0.00632969
0.00632961
0.00632961
0.00632961
0.00632961
0.00632961
0.00632961
0.00632957
0.00632957
0.00632956
0.0063296
0.0063296
0.0063296
0.00632956
0.00632957
0.00632957
0.00632952
0.00632952
0.00632952
0.00632956
0.00632955
0.00632955
0.00632952
0.00632953
0.00632953
0.00632951
0.00632951
0.00632951
0.0063295
0.0063295
0.00632949
0.00632948
0.00632948
0.00632948
0.00631095
0.00630875
0.00619969
0.00632938
0.00632937
0.00632937
0.00632962
0.00632962
0.00632962
0.0063296
0.0063296
0.0063296
0.0063296
0.0063296
0.0063296
0.00632949
0.00632949
0.0063295
0.0063295
0.0063295
0.0063295
0.00632945
0.00632946
0.00632946
0.00632939
0.00632939
0.00632939
0.0063294
0.0063294
0.0063294
0.00632939
0.00632939
0.0063294
0.00632963
0.00632963
0.00632963
0.00632965
0.00632965
0.00632964
0.00632942
0.00632944
0.00632943
0.00632945
0.00632945
0.00632945
0.00632947
0.00632946
0.00632946
0.0063294
0.0063294
0.00632938
0.00632942
0.00632941
0.00632941
0.00632964
0.00632964
0.00632965
0.00632963
0.00632963
0.00632963
0.00632947
0.00632947
0.00632947
0.00632949
0.00632949
0.00632949
0.00632945
0.00632945
0.00632945
0.00632943
0.00632943
0.00632943
0.00632942
0.00632942
0.00632943
0.00632967
0.00632967
0.00632967
0.00632965
0.00632965
0.00632965
0.00632967
0.00632967
0.00632967
0.00632964
0.00632964
0.00632965
0.00632894
0.0063292
0.00632919
0.00632927
0.00632926
0.00632908
0.00632936
0.00632942
0.00632942
0.00632942
0.00632942
0.00632933
0.00632937
0.00632939
0.00632939
0.0063294
0.0063294
0.0063294
0.00632965
0.00632965
0.00632965
0.00632914
0.00632929
0.00632928
0.00632963
0.00632964
0.00632963
0.00632965
0.00632964
0.00632964
0.00632938
0.00632942
0.00632942
0.00632942
0.00632942
0.00632937
0.00632969
0.00632968
0.00632968
0.0063294
0.0063294
0.0063294
0.00632967
0.00632967
0.00632967
0.00632965
0.00632966
0.00632965
0.0063296
0.0063296
0.0063296
0.00632959
0.0063296
0.0063296
0.00632951
0.00632951
0.00632951
0.00632951
0.00632951
0.00632951
0.00632961
0.00632961
0.00632961
0.0063296
0.00632961
0.00632961
0.00632947
0.00632947
0.00632947
0.00632939
0.00632939
0.00632938
0.00632965
0.00632965
0.00632965
0.00632972
0.00632972
0.00632971
0.00632971
0.00632972
0.00632972
0.00632972
0.00632972
0.0063297
0.00632974
0.00632973
0.00632973
0.0063297
0.00632972
0.00632972
0.00632972
0.00632972
0.00632971
0.00632974
0.00632973
0.00632973
0.00632971
0.00632972
0.00632972
0.00632966
0.00632967
0.00632967
0.00632967
0.00632967
0.00632966
0.00632969
0.00632968
0.00632968
0.00632969
0.00632969
0.00632968
0.00632968
0.00632968
0.00632968
0.00632968
0.00632968
0.00632968
0.0063297
0.00632969
0.00632969
0.00632963
0.00632964
0.00632964
0.00632959
0.00632959
0.00632959
0.00632954
0.00632955
0.00632955
0.0063295
0.00632951
0.00632951
0.00632946
0.00632946
0.00632946
0.00632933
0.00632934
0.00632932
0.00632936
0.00632935
0.00632935
0.00632935
0.00632935
0.00632935
0.00632936
0.00632936
0.00632936
0.0062673
0.00626545
0.00609391
0.00632415
0.00630946
0.00631014
0.00630944
0.00630944
0.00632415
0.00632934
0.00632935
0.00632935
0.00632935
0.00632935
0.00632934
0.00632937
0.00632936
0.00632936
0.00632931
0.0063293
0.0063293
0.00632923
0.00632926
0.00632929
0.00628278
0.00632771
0.00632735
0.00632861
0.00632814
0.00628296
0.00632894
0.00632895
0.0062709
0.0063293
0.00632929
0.00632928
0.00632932
0.0063293
0.00632931
0.00632961
0.00632961
0.00632961
0.00632957
0.00632957
0.00632957
0.00632956
0.00632957
0.00632956
0.0063296
0.0063296
0.0063296
0.0063296
0.0063296
0.0063296
0.00632953
0.00632953
0.00632953
0.00632952
0.00632952
0.00632952
0.00632956
0.00632956
0.00632956
0.00632955
0.00632956
0.00632955
0.00632952
0.00632952
0.00632952
0.00632951
0.00632951
0.00632951
0.00632938
0.00632938
0.00632937
0.00632939
0.00632939
0.00632938
0.00632939
0.00632939
0.00632939
0.00626327
0.00626062
0.00615965
0.00598874
0.00613432
0.0061317
0.00632966
0.00632966
0.00632965
0.00632967
0.00632967
0.00632967
0.00632967
0.00632967
0.00632967
0.00632969
0.00632969
0.0063297
0.00632968
0.00632969
0.00632969
0.00632968
0.00632968
0.00632968
0.00632969
0.00632969
0.0063297
0.00632968
0.00632969
0.00632969
0.00632969
0.00632969
0.00632968
0.00632962
0.00632962
0.00632962
0.00632964
0.00632964
0.00632963
0.00632962
0.00632963
0.00632963
0.00632962
0.00632962
0.00632962
0.00632962
0.00632962
0.00632963
0.00632958
0.00632957
0.00632957
0.00632959
0.00632959
0.00632958
0.00632958
0.00632958
0.00632958
0.00632953
0.00632953
0.00632953
0.00632955
0.00632955
0.00632954
0.00632953
0.00632953
0.00632954
0.00632949
0.00632948
0.00632948
0.0063295
0.0063295
0.00632949
0.0063295
0.0063295
0.0063295
0.0063295
0.0063295
0.0063295
0.00632949
0.0063295
0.0063295
0.00632949
0.00632949
0.0063295
0.00632937
0.00632943
0.00632943
0.00632943
0.00632943
0.00632937
0.00632407
0.00632292
0.00624584
0.00632933
0.00632909
0.00632917
0.00632908
0.0063273
0.00632757
0.00632658
0.00632697
0.00632906
0.00619699
0.00630661
0.00630476
0.00632861
0.00632863
0.00632926
0.00620374
0.00631895
0.00631862
0.00632937
0.00632937
0.00632938
0.00632936
0.00632936
0.00632936
0.00632962
0.00632962
0.00632962
0.00632962
0.00632962
0.00632961
0.00632962
0.00632962
0.00632962
0.00632962
0.00632962
0.00632962
0.00632958
0.00632958
0.00632958
0.00632957
0.00632958
0.00632958
0.0063296
0.0063296
0.0063296
0.00632959
0.00632959
0.00632959
0.00632958
0.00632959
0.00632959
0.00632954
0.00632954
0.00632954
0.00632953
0.00632953
0.00632953
0.00632955
0.00632955
0.00632955
0.00632954
0.00632955
0.00632954
0.00632949
0.00632949
0.00632949
0.00632949
0.00632949
0.00632949
0.00632949
0.00632949
0.00632949
0.0063295
0.00632949
0.00632949
0.00632949
0.00632949
0.0063295
0.00632949
0.00632949
0.00632949
0.0063295
0.0063295
0.0063295
0.00632951
0.00632951
0.00632951
0.0063295
0.0063295
0.0063295
0.00632939
0.00632943
0.00632943
0.00632943
0.00632943
0.00632939
0.00632946
0.00632946
0.00632945
0.00632946
0.00632946
0.00632946
0.00632946
0.00632946
0.00632946
0.00632938
0.00632939
0.00632939
0.00632937
0.00632938
0.00632938
0.00632939
0.00632939
0.00632937
0.0063293
0.00632936
0.00632935
0.00632937
0.00632936
0.00632932
0.00632938
0.00632938
0.00632938
0.00632927
0.00632935
0.00632935
0.00632934
0.00632934
0.00632926
0.00632964
0.00632963
0.00632963
0.00632964
0.00632964
0.00632964
0.00632945
0.00632945
0.00632945
0.00632946
0.00632946
0.00632946
0.00632964
0.00632964
0.00632964
0.00632963
0.00632963
0.00632963
0.00632964
0.00632963
0.00632963
0.00632963
0.00632963
0.00632964
0.00632948
0.00632948
0.00632948
0.00632948
0.00632949
0.00632948
0.00632944
0.00632945
0.00632944
0.00632944
0.00632944
0.00632944
0.00632967
0.00632967
0.00632967
0.00632966
0.00632967
0.00632967
0.00632967
0.00632967
0.00632966
0.00632967
0.00632967
0.00632966
0.00632965
0.00632965
0.00632965
0.00632966
0.00632966
0.00632966
0.00632966
0.00632966
0.00632966
0.00632967
0.00632967
0.00632967
0.00632966
0.00632967
0.00632967
0.00632967
0.00632967
0.00632966
0.00632966
0.00632967
0.00632967
0.00632967
0.00632967
0.00632966
0.00632967
0.00632967
0.00632967
0.00632963
0.00632963
0.00632963
0.00632963
0.00632963
0.00632963
0.00632964
0.00632964
0.00632964
0.00632934
0.00632942
0.00632942
0.00632943
0.00632942
0.00632934
0.00632923
0.00632922
0.00632897
0.00632906
0.00632925
0.00632924
0.00632961
0.00632961
0.00632961
0.00632962
0.00632962
0.00632961
0.00632961
0.00632961
0.00632961
0.00632961
0.00632961
0.00632961
0.00632948
0.00632948
0.00632948
0.0063295
0.0063295
0.0063295
0.0063295
0.0063295
0.0063295
0.00632942
0.00632942
0.00632936
0.00632934
0.00632942
0.00632942
0.00632877
0.00632912
0.00632913
0.0063291
0.00632911
0.00632875
0.00632883
0.00632914
0.00632913
0.00632913
0.00632914
0.00632881
0.00632738
0.00632839
0.00632832
0.00632847
0.00632844
0.00632748
0.00632836
0.0063293
0.00632934
0.00632884
0.00632863
0.00632743
0.00632738
0.00632837
0.00632838
0.00632965
0.00632966
0.00632966
0.00632966
0.00632966
0.00632965
0.00632965
0.00632965
0.00632965
0.00632965
0.00632965
0.00632965
0.00632965
0.00632966
0.00632966
0.00632965
0.00632966
0.00632966
0.00632966
0.00632966
0.00632965
0.00632935
0.00632935
0.00632929
0.00632964
0.00632964
0.00632964
0.00632964
0.00632964
0.00632964
0.00632942
0.00632942
0.00632938
0.00632937
0.00632942
0.00632942
0.00632985
0.00632985
0.00632988
0.00632985
0.00632985
0.00632988
0.00632985
0.00632985
0.00632988
0.00632985
0.00632985
0.00632988
0.00632981
0.00632981
0.00632983
0.00632981
0.00632981
0.00632983
0.00632976
0.00632976
0.00632978
0.00632976
0.00632976
0.00632978
0.00632973
0.00632973
0.00632974
0.00632968
0.00632968
0.0063297
0.00632964
0.00632964
0.00632965
0.00632959
0.00632959
0.0063296
0.00632954
0.00632954
0.00632956
0.0063295
0.0063295
0.00632951
0.00632945
0.00632945
0.00632946
0.00632942
0.00632942
0.00632943
0.00632941
0.0063294
0.00632942
0.00632936
0.00632936
0.00632937
0.0063293
0.0063293
0.00632931
0.00632922
0.00632923
0.00632925
0.00632923
0.00632923
0.00632926
0.00632918
0.00632918
0.0063292
0.00632919
0.00632919
0.00632921
0.00632913
0.00632912
0.00632914
0.00632859
0.00630529
0.00630524
0.00630462
0.00632913
0.00632916
0.00632914
0.00632914
0.00632916
0.00632937
0.00632938
0.00632938
0.00632965
0.00632964
0.00632964
0.00632948
0.00632948
0.00632947
0.00632943
0.00632944
0.00632944
0.0062451
0.00632189
0.00632114
0.0063195
0.00631924
0.00620723
0.00632937
0.00632937
0.00632937
0.00632938
0.00632937
0.00632937
0.00632943
0.00632943
0.00632942
0.00632946
0.00632946
0.00632946
0.00632941
0.00632941
0.00632941
0.00632942
0.00632942
0.00632942
0.00632944
0.00632944
0.00632944
0.00632966
0.00632966
0.00632966
0.00632976
0.00632977
0.00632977
0.00632977
0.00632977
0.00632976
0.00632976
0.00632977
0.00632977
0.00632977
0.00632977
0.00632976
0.00632971
0.00632972
0.00632972
0.00632974
0.00632973
0.00632973
0.00632971
0.00632971
0.0063297
0.0063297
0.00632971
0.00632971
0.00632972
0.00632972
0.00632971
0.00632967
0.00632967
0.00632966
0.00632966
0.00632966
0.00632966
0.00632968
0.00632969
0.00632969
0.0063297
0.00632969
0.00632969
0.00632966
0.00632967
0.00632967
0.00632962
0.00632962
0.00632961
0.00632965
0.00632963
0.00632963
0.00632961
0.00632962
0.00632962
0.00632958
0.00632957
0.00632956
0.0063296
0.00632959
0.00632959
0.00632959
0.00632959
0.00632959
0.0063296
0.0063296
0.0063296
0.00632957
0.00632958
0.00632958
0.00632953
0.00632953
0.00632952
0.00632955
0.00632954
0.00632954
0.00632955
0.00632955
0.00632954
0.00632956
0.00632955
0.00632956
0.00632952
0.00632953
0.00632953
0.00632948
0.00632948
0.00632947
0.0063295
0.00632949
0.00632949
0.00632951
0.00632951
0.0063295
0.00632952
0.00632951
0.00632951
0.00632948
0.00632949
0.00632949
0.00632946
0.00632945
0.00632945
0.00632943
0.00632944
0.00632944
0.00632941
0.00632941
0.00632941
0.00632932
0.00632934
0.00632934
0.00632935
0.00632935
0.00632935
0.00632929
0.00632929
0.00632928
0.00632929
0.0063293
0.0063293
0.00632961
0.00632961
0.00632961
0.00632948
0.00632948
0.00632949
0.00632966
0.00632966
0.00632965
0.00632962
0.00632962
0.00632961
0.00632963
0.00632962
0.00632962
0.00632957
0.00632957
0.00632957
0.00632958
0.00632958
0.00632958
0.00632953
0.00632953
0.00632952
0.00632954
0.00632953
0.00632953
0.00632948
0.00632948
0.00632948
0.0063295
0.00632949
0.00632949
0.00632944
0.00632944
0.00632945
0.00632934
0.00632933
0.00632933
0.00632889
0.006329
0.00632932
0.00632926
0.00632864
0.00632866
0.00632934
0.00632934
0.00632935
0.00632937
0.00632936
0.00632936
0.00632962
0.00632962
0.00632962
0.00632949
0.00632949
0.00632949
0.00632938
0.00632937
0.00632938
0.00632963
0.00632963
0.00632964
0.00632963
0.00632963
0.00632963
0.00632944
0.00632943
0.00632943
0.00632945
0.00632945
0.00632945
0.00632964
0.00632964
0.00632964
0.00632965
0.00632965
0.00632965
0.00632948
0.00632948
0.00632948
0.00632949
0.00632949
0.00632949
0.00632948
0.00632949
0.00632948
0.00632945
0.00632945
0.00632944
0.00632945
0.00632945
0.00632945
0.00632944
0.00632944
0.00632944
0.00632942
0.00632942
0.00632942
0.00632941
0.00632941
0.00632941
0.00632966
0.00632967
0.00632967
0.00632967
0.00632967
0.00632967
0.00632943
0.00632943
0.00632943
0.00632944
0.00632944
0.00632943
0.00632967
0.00632967
0.00632967
0.00632966
0.00632966
0.00632966
0.0063297
0.00632971
0.00632971
0.00632971
0.00632971
0.0063297
0.00632967
0.00632967
0.00632967
0.00632966
0.00632966
0.00632966
0.00632985
0.00632985
0.00632988
0.00632985
0.00632985
0.00632988
0.00632981
0.00632981
0.00632983
0.00632976
0.00632976
0.00632978
0.00632971
0.00632971
0.00632973
0.00632973
0.00632973
0.00632974
0.00632971
0.00632971
0.00632973
0.00632966
0.00632966
0.00632968
0.00632969
0.00632969
0.0063297
0.00632966
0.00632966
0.00632968
0.00632961
0.00632961
0.00632964
0.00632961
0.00632961
0.00632964
0.00632956
0.00632956
0.00632959
0.00632957
0.00632956
0.00632959
0.00632951
0.00632952
0.00632954
0.00632952
0.00632952
0.00632954
0.00632947
0.00632947
0.00632949
0.00632947
0.00632947
0.00632949
0.00632942
0.00632942
0.00632944
0.00632942
0.00632942
0.00632945
0.00632937
0.00632937
0.0063294
0.00632938
0.00632937
0.0063294
0.00632936
0.00632936
0.00632937
0.00632933
0.00632933
0.00632935
0.00632925
0.00632917
0.0063292
0.00627469
0.00632892
0.00632893
0.00632919
0.00632918
0.00632921
0.0063297
0.00632969
0.00632969
0.00632938
0.00632939
0.00632939
0.00632942
0.00632941
0.00632941
0.00632977
0.00632977
0.00632976
0.00632976
0.00632977
0.00632977
0.00632972
0.00632972
0.00632971
0.00632974
0.00632973
0.00632973
0.00632971
0.00632972
0.00632972
0.00632969
0.00632968
0.00632968
0.00632968
0.00632969
0.00632969
0.00632964
0.00632964
0.00632963
0.00632965
0.00632964
0.00632965
0.00632943
0.00632943
0.00632942
0.00632946
0.00632946
0.00632946
0.00632947
0.00632947
0.00632947
0.00632939
0.00632938
0.00632937
0.00632941
0.0063294
0.0063294
0.00632938
0.00632939
0.00632939
0.00632932
0.00632931
0.00632931
0.00632708
0.00632707
0.00628248
0.00632927
0.00632925
0.00632926
0.0063294
0.0063294
0.0063294
0.0063294
0.0063294
0.0063294
0.00632969
0.00632969
0.00632968
0.00632913
0.00631605
0.00603925
0.00632903
0.0063144
0.00603502
0.00632818
0.0063041
0.00597798
0.00632817
0.006304
0.00597384
0.0063181
0.00624584
0.00574871
0.00632963
0.00632944
0.00626885
0.00632961
0.00632826
0.00622982
0.0063296
0.00632803
0.00622491
0.00631835
0.00624676
0.0057538
0.00626587
0.00611167
0.00542264
0.00632963
0.00632913
0.00626454
0.00632925
0.00631828
0.00606317
0.00632926
0.00631835
0.00606745
0.00632885
0.0063117
0.00600802
0.00632886
0.00631175
0.00600623
0.00632722
0.00629583
0.00594196
0.00632743
0.0062976
0.00594624
0.00630104
0.00618595
0.00554401
0.00630215
0.00618966
0.005559
0.00614474
0.00596078
0.00541959
0.00632964
0.0063296
0.00630351
0.00632952
0.00632492
0.00616431
0.00632955
0.00632575
0.00617581
0.00632952
0.0063248
0.00616013
0.00632913
0.00631613
0.00604913
0.00632899
0.00631386
0.00602424
0.00632856
0.00630808
0.00599069
0.00632768
0.00629959
0.00596269
0.00632094
0.00625988
0.00582411
0.00632963
0.00632954
0.00628381
0.00631695
0.00624139
0.00573448
0.00630336
0.00619364
0.00558047
0.00630253
0.00619095
0.00556437
0.00627844
0.00613178
0.00555469
0.00632895
0.00631333
0.00601418
0.006329
0.00631436
0.00602785
0.00632911
0.00631603
0.00604378
0.0063291
0.00631591
0.0060325
0.00632922
0.00631822
0.00606526
0.00632911
0.00631627
0.00604851
0.00632922
0.00631819
0.00606186
0.00632895
0.00631332
0.00601089
0.0063288
0.00631101
0.00599836
0.00632865
0.00630892
0.00598203
0.00632879
0.00631092
0.00599383
0.00632817
0.00630346
0.00594809
0.00632829
0.00630477
0.00596071
0.00632858
0.0063081
0.0059774
0.00632846
0.00630665
0.00596532
0.006328
0.00630171
0.00594376
0.00632242
0.00626511
0.00581408
0.00631934
0.00625085
0.00576857
0.00630342
0.00619389
0.00558543
0.00632955
0.00632578
0.00617985
0.00632956
0.00632623
0.00619362
0.00632956
0.00632626
0.00619781
0.00632916
0.00631672
0.00605342
0.00632935
0.0063202
0.00607906
0.00632898
0.00631365
0.00602
0.00632856
0.0063081
0.00599354
0.00632677
0.00629255
0.00593024
0.00632756
0.00629855
0.0059584
0.0063172
0.00624414
0.00578194
0.00631917
0.00625224
0.0058003
0.00631766
0.00624603
0.00578643
0.00632043
0.00625755
0.00581956
0.0063193
0.00625263
0.0058046
0.00630937
0.00621648
0.00570678
0.00630375
0.00619885
0.00566641
0.00630286
0.00619613
0.00566136
0.00627624
0.00612641
0.00554934
0.00626817
0.00610729
0.00553272
0.00632941
0.00632165
0.00609944
0.00632941
0.00632166
0.00610239
0.00632913
0.00631603
0.00604155
0.0063294
0.00632159
0.00609538
0.00632936
0.00632059
0.00609108
0.006329
0.00631391
0.00603076
0.00632826
0.00630498
0.00598223
0.00632627
0.00628909
0.00591251
0.00632628
0.00628916
0.0059159
0.00632817
0.00630399
0.00597119
0.00632595
0.00628689
0.00590818
0.00632562
0.00628477
0.00590382
0.00631505
0.00623427
0.00571222
0.00631546
0.00623576
0.00571737
0.00631792
0.00624545
0.00574367
0.00631463
0.00623281
0.00570706
0.00631422
0.00623137
0.00570188
0.00632963
0.00632946
0.00627259
0.0062994
0.0061863
0.00563972
0.0062982
0.00618271
0.00563461
0.00632961
0.00632861
0.00623454
0.00632962
0.00632923
0.00625926
0.0063296
0.006328
0.00622073
0.00631866
0.006248
0.00575887
0.00628246
0.00613825
0.00542718
0.00632962
0.0063291
0.0062588
0.00632947
0.0063232
0.00612264
0.00632925
0.00631825
0.0060598
0.00632928
0.00631882
0.00607177
0.00632886
0.00631175
0.00601153
0.00632867
0.00630943
0.00600202
0.00632714
0.00629528
0.00593768
0.0063275
0.00629805
0.00595049
0.00632472
0.00627922
0.00588379
0.00630016
0.00618836
0.00564453
0.00630132
0.00619158
0.00565201
0.00632964
0.00632961
0.006306
0.00632964
0.0063296
0.00630205
0.00630136
0.00618699
0.00554857
0.00630175
0.0061883
0.00555367
0.00632954
0.00632571
0.00616874
0.00632955
0.00632573
0.0061724
0.00632951
0.00632476
0.00615473
0.00632941
0.00632184
0.00611064
0.00632941
0.0063217
0.00610625
0.00632913
0.00631605
0.00604484
0.00632935
0.00632022
0.00608171
0.00632935
0.00632028
0.00608706
0.006329
0.00631384
0.00602684
0.00632843
0.00630675
0.00598646
0.00632648
0.00629048
0.00592424
0.00632634
0.00628953
0.00592022
0.00632786
0.00630112
0.00596697
0.00632521
0.00628221
0.00589502
0.00632538
0.00628326
0.00589943
0.0063216
0.00626325
0.00583239
0.00632159
0.00626311
0.00582864
0.00631627
0.00623876
0.00572722
0.00631587
0.00623727
0.00572247
0.00631737
0.00624307
0.00573884
0.0063134
0.00622858
0.0056918
0.0063138
0.00622992
0.00569674
0.00631303
0.00622733
0.00568735
0.00630316
0.00619306
0.0055751
0.00630287
0.00619213
0.00556973
0.00632963
0.00632948
0.00627874
0.00629453
0.00617238
0.00561732
0.00629618
0.00617695
0.00562503
0.00629713
0.00617966
0.00562961
0.00632961
0.00632867
0.00624522
0.00632961
0.00632863
0.00623823
0.00632962
0.00632871
0.00624989
0.00632962
0.00632874
0.00625447
0.0063296
0.00632797
0.0062147
0.00632947
0.00632387
0.00613626
0.00632895
0.0063134
0.00601847
0.00632896
0.00631369
0.00602316
0.0063291
0.00631597
0.00603947
0.0063291
0.00631595
0.00603605
0.00632914
0.00631684
0.00605323
0.00632922
0.00631814
0.00605793
0.00632895
0.0063133
0.00600763
0.00632884
0.00631163
0.00600301
0.00632879
0.00631083
0.00598663
0.00632879
0.0063109
0.00599058
0.00632818
0.0063035
0.00595142
0.0063282
0.00630376
0.00595607
0.00632858
0.006308
0.00597286
0.00632858
0.00630799
0.00596988
0.0063278
0.0062999
0.00593987
0.006319
0.00624937
0.0057639
0.00630345
0.00619405
0.0055894
0.00632956
0.00632622
0.00619038
0.00632955
0.00632599
0.00618379
0.00632957
0.00632654
0.0062022
0.00632944
0.00632243
0.00611503
0.00632946
0.00632317
0.00611935
0.00632925
0.00631828
0.00605766
0.00632934
0.00632017
0.00607604
0.00632888
0.00631219
0.00601578
0.00632858
0.00630834
0.00599779
0.00632711
0.00629517
0.00593386
0.0063275
0.00629812
0.0059541
0.00632514
0.00628186
0.00589064
0.00632513
0.00628179
0.00588749
0.00632418
0.00627623
0.00587757
0.00631682
0.00624265
0.00577788
0.00631893
0.00625148
0.0057957
0.00631821
0.00624829
0.00579107
0.00631969
0.00625424
0.0058112
0.00632001
0.00625568
0.00581517
0.00630467
0.00620171
0.00567141
0.00630204
0.00619369
0.00565648
0.00627377
0.00612072
0.00554361
0.00627107
0.00611441
0.00553797
0.00632964
0.00632962
0.00631221
0.00632964
0.00632963
0.00631648
0.00632964
0.00632963
0.00631593
0.00628684
0.00614059
0.00546159
0.00628681
0.00614043
0.00545673
0.00632955
0.0063261
0.0061879
0.00632951
0.00632486
0.00615529
0.00632955
0.00632624
0.00619246
0.00632948
0.00632415
0.00615044
0.00632535
0.00628141
0.00586806
0.00632371
0.00627177
0.00583462
0.00632131
0.00625963
0.00579464
0.00632361
0.00627132
0.00582976
0.00632118
0.00625922
0.00578965
0.00620144
0.00603041
0.00547729
0.00632961
0.00632852
0.0062329
0.0063296
0.00632792
0.00622859
0.0063073
0.00620987
0.0056876
0.0063119
0.00622495
0.00572755
0.00631163
0.00622428
0.00572271
0.00630703
0.00620937
0.00568328
0.00630561
0.00620479
0.00567607
0.00632963
0.00632957
0.00629085
0.00632964
0.00632958
0.00629504
0.00590404
0.00572369
0.00544943
0.00628598
0.00615001
0.0055788
0.00630689
0.00620608
0.00562711
0.00630684
0.00620585
0.00562253
0.00630576
0.00620253
0.00560658
0.00628771
0.0061433
0.00547021
0.00628651
0.00613938
0.00544084
0.0063295
0.00632439
0.00614796
0.00632173
0.00626377
0.00583661
0.00632209
0.00626553
0.00584304
0.00632337
0.00627225
0.00585565
0.00625924
0.00608923
0.00548018
0.00632963
0.00632929
0.00627042
0.00631144
0.00622182
0.00566996
0.00632963
0.00632956
0.0062891
0.00632963
0.00632954
0.00628297
0.00629153
0.0061643
0.00560194
0.0062843
0.00614571
0.00557329
0.0062907
0.0061622
0.00559722
0.00628942
0.00615939
0.00558931
0.00632963
0.00632925
0.00626329
0.00632951
0.00632499
0.00616862
0.00632952
0.00632523
0.0061735
0.00632958
0.00632725
0.00621047
0.00632958
0.00632708
0.00620574
0.00632475
0.00627784
0.00585406
0.00632442
0.00627585
0.00584923
0.0063221
0.00626345
0.00580951
0.00631994
0.00625347
0.0057757
0.00630923
0.00621455
0.00564476
0.00631091
0.00621994
0.00566473
0.00630966
0.006216
0.00564925
0.00630526
0.00620088
0.00560151
0.0062889
0.00614714
0.00547589
0.00628647
0.00613955
0.00543938
0.00632962
0.0063286
0.00624661
0.00632962
0.00632861
0.00625016
0.00632947
0.00632347
0.00613206
0.00632948
0.0063237
0.00614354
0.00632947
0.00632341
0.00612639
0.00632391
0.00627472
0.00587345
0.00632347
0.0062725
0.00586011
0.00630879
0.00621455
0.00570219
0.00625677
0.00608419
0.00547404
0.00629957
0.00618089
0.00553149
0.00628678
0.0061404
0.00546518
0.00628671
0.00614012
0.00545108
0.00626218
0.00609396
0.00550633
0.00626238
0.0060942
0.005512
0.00626179
0.00609344
0.00550037
0.00626121
0.00609233
0.00549497
0.00632955
0.00632605
0.00618181
0.00629454
0.00616474
0.00549923
0.00629571
0.00616843
0.00550443
0.00632951
0.00632492
0.00615999
0.00632958
0.00632703
0.00619731
0.00632948
0.00632394
0.00614562
0.00632942
0.00632243
0.00611807
0.00632942
0.00632249
0.00612288
0.00632932
0.00632019
0.00608451
0.00632932
0.00632022
0.00608799
0.00632941
0.00632238
0.00611394
0.00632941
0.00632237
0.00611074
0.00632925
0.00631892
0.00607983
0.00632923
0.00631842
0.00607545
0.00632555
0.00628268
0.00587476
0.00632574
0.00628393
0.00587881
0.00632681
0.00629153
0.00590643
0.00632674
0.00629098
0.0059017
0.00632695
0.00629261
0.00591116
0.00632713
0.00629409
0.00591586
0.00632529
0.00628111
0.00586362
0.0063239
0.00627279
0.0058395
0.00632152
0.00626062
0.00579962
0.00632347
0.00627084
0.00582515
0.00632087
0.00625787
0.00578473
0.00629032
0.006151
0.00548672
0.00629321
0.00616038
0.00549454
0.00632961
0.00632854
0.006236
0.00632961
0.00632856
0.00623974
0.0063296
0.00632788
0.00622253
0.00631611
0.00624007
0.00576671
0.00631632
0.00624076
0.00577111
0.00630771
0.00621107
0.00569236
0.00631595
0.00623985
0.00576202
0.00631511
0.0062364
0.00575729
0.00631227
0.00622615
0.00573236
0.00631114
0.00622271
0.00571808
0.00625504
0.00608369
0.00548589
0.00630029
0.00618345
0.00553646
0.00629809
0.00617591
0.00552073
0.00629885
0.00617841
0.00552615
0.00632964
0.00632962
0.00630935
0.00632964
0.00632959
0.00629953
0.00632963
0.00632957
0.00629324
0.0062877
0.00615454
0.00558425
0.00630768
0.0062091
0.00563238
0.00630833
0.00621146
0.00563728
0.00630657
0.00620511
0.0056172
0.0063062
0.00620399
0.00561188
0.00628654
0.00613925
0.00546449
0.00628654
0.00613966
0.00544544
0.00632951
0.00632476
0.00615215
0.0063224
0.00626708
0.00584692
0.0063228
0.00626911
0.00585122
0.00626651
0.00610407
0.00552381
0.0062648
0.00610023
0.00551812
0.00625988
0.00608977
0.00548598
0.00632963
0.0063293
0.00627484
0.00632963
0.00632952
0.00627961
0.00631193
0.00622351
0.00567514
0.00631235
0.00622496
0.00567997
0.00629732
0.00617336
0.0055153
0.00629652
0.00617082
0.00550986
0.00629252
0.00616691
0.00560709
0.00629355
0.0061697
0.00561237
0.00628127
0.00613833
0.00556301
0.00628271
0.00614179
0.00556793
0.00632951
0.00632494
0.00616396
0.00632955
0.00632602
0.00617813
0.00632958
0.00632705
0.00620132
0.00632948
0.0063239
0.00614138
0.00632947
0.00632381
0.00613223
0.00632943
0.00632288
0.00612767
0.00632932
0.00632031
0.00609639
0.00632932
0.00632025
0.00609184
0.00632933
0.00632058
0.00610119
0.00632936
0.00632112
0.00610598
0.00632922
0.00631827
0.00606893
0.00632629
0.00628769
0.00588806
0.00632598
0.00628555
0.00588334
0.00632661
0.00629006
0.00589276
0.00632674
0.00629087
0.00589747
0.00632758
0.00629787
0.00592915
0.00632763
0.00629835
0.00593346
0.00632758
0.00629778
0.00592522
0.00632739
0.00629623
0.00592054
0.0063252
0.00628067
0.00585886
0.00632413
0.00627417
0.00584438
0.00632179
0.00626194
0.00580459
0.006323
0.00626813
0.005821
0.00632034
0.0062553
0.00577998
0.00631054
0.00621883
0.00565948
0.00631011
0.00621744
0.00565426
0.00630472
0.00619896
0.00559696
0.00628935
0.00614806
0.00548151
0.00628566
0.00613883
0.00543475
0.00632962
0.00632863
0.0062546
0.00632959
0.00632731
0.00621523
0.0063296
0.00632788
0.00621958
0.00632959
0.00632728
0.00621111
0.00632958
0.00632726
0.00620614
0.00632947
0.00632349
0.00613511
0.00632948
0.00632353
0.00613909
0.00632368
0.00627347
0.00586902
0.00632353
0.00627263
0.00586454
0.00630822
0.0062127
0.00569729
0.00631389
0.00623187
0.00574798
0.00631446
0.00623393
0.00575256
0.00631267
0.00622754
0.00573686
0.0063134
0.00623012
0.00574382
0.00631041
0.00622004
0.00571386
0.00625542
0.00608393
0.00546834
0.00632964
0.00632963
0.00631419
)
;

boundaryField
{
    topAndBottom
    {
        type            slip;
    }
    inlet
    {
        type            fixedValue;
        value           uniform 0.00633;
    }
    outlet
    {
        type            zeroGradient;
    }
    wing
    {
        type            groovyBC;
        refValue        uniform 0.00179731;
        refGradient     uniform 0;
        valueFraction   uniform 1;
        value           uniform 0.00179731;
        valueExpression "YSat*rh";
        gradientExpression "0";
        fractionExpression "1";
        evaluateDuringConstruction 0;
        cyclicSlave     0;
        variables       "rh=0.7;";
        timelines       (
);
        lookuptables    (
);
        lookuptables2D  (
);
    }
    front
    {
        type            empty;
    }
    back
    {
        type            empty;
    }
}


// ************************************************************************* //
