/*--------------------------------*- C++ -*----------------------------------*\
| =========                 |                                                 |
| \\      /  F ield         | OpenFOAM: The Open Source CFD Toolbox           |
|  \\    /   O peration     | Version:  5.x                                   |
|   \\  /    A nd           | Web:      www.OpenFOAM.org                      |
|    \\/     M anipulation  |                                                 |
\*---------------------------------------------------------------------------*/
FoamFile
{
    version     2.0;
    format      ascii;
    class       volScalarField;
    location    "300";
    object      YSat;
}
// * * * * * * * * * * * * * * * * * * * * * * * * * * * * * * * * * * * * * //

dimensions      [0 0 0 0 0 0 0];

internalField   nonuniform List<scalar> 
6584
(
0.00431405
0.00431405
0.00431405
0.00431405
0.00431405
0.00431405
0.00431405
0.00431405
0.00431405
0.00431405
0.00431405
0.00431405
0.00431405
0.00431405
0.00431405
0.00431405
0.00431405
0.00431405
0.00431405
0.00431405
0.00431405
0.00431405
0.00431405
0.00431405
0.00431405
0.00431405
0.00431405
0.00431405
0.00431405
0.00431405
0.00431405
0.00431405
0.00431405
0.00431405
0.00431405
0.00431405
0.00431405
0.00431405
0.00431405
0.00431405
0.00431405
0.00431405
0.00431405
0.00431405
0.00431405
0.00431405
0.00431405
0.00431405
0.00431405
0.00431405
0.00431405
0.00431405
0.00431405
0.00431405
0.00431405
0.00431405
0.00431405
0.00431405
0.00431405
0.00431405
0.00431405
0.00431405
0.00431405
0.00431405
0.00431405
0.00431405
0.00431405
0.00431405
0.00431405
0.00431405
0.00431405
0.00431405
0.00431405
0.00431405
0.00431405
0.00431405
0.00431405
0.00431405
0.00431405
0.00431405
0.00431405
0.00431405
0.00431405
0.00431405
0.00431405
0.00431405
0.00431405
0.00431405
0.00431405
0.00431405
0.00431405
0.00431405
0.00431405
0.00431405
0.00431405
0.00431405
0.00431405
0.00431405
0.00431405
0.00431405
0.00431405
0.00431405
0.00431405
0.00431405
0.00431405
0.00431405
0.00431405
0.00431405
0.00431405
0.00431405
0.00431405
0.00431405
0.00431405
0.00431405
0.00431405
0.00431405
0.00431405
0.00431405
0.00431405
0.00431405
0.00431405
0.00431405
0.00431405
0.00431405
0.00431405
0.00431405
0.00431405
0.00431405
0.00431405
0.00431405
0.00431405
0.00431405
0.00431405
0.00431405
0.00431405
0.00431405
0.00431405
0.00431405
0.00431405
0.00431405
0.00431405
0.00431405
0.00431405
0.00431405
0.00431405
0.00431405
0.00431405
0.00431405
0.00431405
0.00431405
0.00431405
0.00431405
0.00431405
0.00431405
0.00431405
0.00431405
0.00431405
0.00431405
0.00431405
0.00431405
0.00431405
0.00431405
0.00431405
0.00431405
0.00431405
0.00431405
0.00431405
0.00431405
0.00431405
0.00431405
0.00431405
0.00431405
0.00431405
0.00431405
0.00431405
0.00431405
0.00431405
0.00431405
0.00431405
0.00431405
0.00431405
0.00431405
0.00431405
0.00431405
0.00431405
0.00431405
0.00431405
0.00431405
0.00431405
0.00431405
0.00431405
0.00431405
0.00431405
0.00431405
0.00431405
0.00431405
0.00431405
0.00431405
0.00431405
0.00431405
0.00431405
0.00431405
0.00431405
0.00431405
0.00431405
0.00431405
0.00431405
0.00431405
0.00431405
0.00431405
0.00431405
0.00431405
0.00431405
0.00431405
0.00431405
0.00431405
0.00431405
0.00431405
0.00431405
0.00431405
0.00431405
0.00431405
0.00431405
0.00431405
0.00431405
0.00431405
0.00431405
0.00431405
0.00431405
0.00431405
0.00431405
0.00431405
0.00431405
0.00431405
0.00431405
0.00431405
0.00431405
0.00431405
0.00431405
0.00431405
0.00431405
0.00431405
0.00431405
0.00431405
0.00431405
0.00431405
0.00431405
0.00431405
0.00431405
0.00431405
0.00431405
0.00431405
0.00431405
0.00431405
0.00431405
0.00431405
0.00431405
0.00431405
0.00431405
0.00431405
0.00431405
0.00431405
0.00431405
0.00431405
0.00431405
0.00431405
0.00431405
0.00431405
0.00431405
0.00431405
0.00431405
0.00431405
0.00431405
0.00431405
0.00431405
0.00431405
0.00431405
0.00431405
0.00431405
0.00431405
0.00431405
0.00431405
0.00431405
0.00431405
0.00431405
0.00431405
0.00431405
0.00431405
0.00431405
0.00431405
0.00431405
0.00431405
0.00431405
0.00431405
0.00431405
0.00431405
0.00431405
0.00431405
0.00431405
0.00431405
0.00431405
0.00431405
0.00431405
0.00431405
0.00431405
0.00431405
0.00431405
0.00431405
0.00431405
0.00431405
0.00431405
0.00431405
0.00431405
0.00431405
0.00431405
0.00431405
0.00431405
0.00431405
0.00419355
0.00431405
0.00431405
0.00431405
0.00431405
0.00431405
0.00431405
0.00431405
0.00431405
0.00431405
0.00431405
0.00431405
0.00431405
0.00431405
0.00431405
0.00431405
0.00431405
0.00431405
0.00431405
0.00431405
0.00431405
0.00431405
0.00431405
0.00431405
0.0042843
0.00431405
0.00431405
0.00431405
0.00431405
0.00431405
0.00431405
0.00431405
0.00431405
0.00431405
0.00431405
0.00431405
0.00431405
0.00431405
0.00431405
0.00431405
0.00431405
0.00431405
0.00431405
0.00431405
0.00431405
0.00431405
0.00431405
0.00431405
0.00428678
0.00431405
0.00431405
0.00431405
0.00431405
0.00431405
0.00431405
0.00431405
0.00431405
0.00431405
0.00431405
0.00431405
0.00431405
0.00431405
0.00431405
0.00431405
0.00431405
0.00431405
0.00431405
0.00431405
0.00431405
0.00431405
0.00431405
0.00431389
0.00430152
0.00431405
0.00431405
0.00431405
0.00431405
0.00431405
0.00431405
0.00431405
0.00431405
0.00431405
0.00431405
0.00431405
0.00431405
0.00431405
0.00431405
0.00431405
0.00431405
0.00431405
0.00431405
0.00431405
0.00431405
0.00431405
0.00431405
0.00431379
0.00430188
0.00431405
0.00431405
0.00431405
0.00431405
0.00431405
0.00431405
0.00431405
0.00431405
0.00431405
0.00431405
0.00431405
0.00431405
0.00431405
0.00431405
0.00431405
0.00431405
0.00431405
0.00431405
0.00431405
0.00431405
0.00431405
0.00431402
0.00430836
0.00430833
0.00431405
0.00431405
0.00431405
0.00431405
0.00431405
0.00431405
0.00431405
0.00431405
0.00431405
0.00431405
0.00431405
0.00431405
0.00431405
0.00431405
0.00431405
0.00431405
0.00431405
0.00431405
0.00431405
0.00431405
0.00431405
0.00431399
0.00430836
0.00430838
0.00431405
0.00431405
0.00431405
0.00431405
0.00431405
0.00431405
0.00431405
0.00431405
0.00431405
0.00431405
0.00431405
0.00431405
0.00431405
0.00431405
0.00431405
0.00431405
0.00431405
0.00431405
0.00431405
0.00431405
0.00431405
0.00431397
0.00430836
0.00430842
0.00431405
0.00431405
0.00431405
0.00431405
0.00431405
0.00431405
0.00431405
0.00431405
0.00431405
0.00431405
0.00431405
0.00431405
0.00431405
0.00431405
0.00431405
0.00431405
0.00431405
0.00431405
0.00431405
0.00431405
0.00431405
0.00431395
0.00430837
0.00430845
0.00431405
0.00431405
0.00431405
0.00431405
0.00431405
0.00431405
0.00431405
0.00431405
0.00431405
0.00431405
0.00431405
0.00431405
0.00431405
0.00431405
0.00431405
0.00431405
0.00431405
0.00431405
0.00431405
0.00431405
0.00431405
0.00431393
0.00430837
0.00430848
0.00431405
0.00431405
0.00431405
0.00431405
0.00431405
0.00431405
0.00431405
0.00431405
0.00431405
0.00431405
0.00431405
0.00431405
0.00431405
0.00431405
0.00431405
0.00431405
0.00431405
0.00431405
0.00431405
0.00431405
0.00431405
0.00431391
0.00430838
0.0043085
0.00431405
0.00431405
0.00431405
0.00431405
0.00431405
0.00431405
0.00431405
0.00431405
0.00431405
0.00431405
0.00431405
0.00431405
0.00431405
0.00431405
0.00431405
0.00431405
0.00431405
0.00431405
0.00431405
0.00431405
0.00431405
0.00431389
0.00430838
0.00430853
0.00431405
0.00431405
0.00431405
0.00431405
0.00431405
0.00431405
0.00431405
0.00431405
0.00431405
0.00431405
0.00431405
0.00431405
0.00431405
0.00431405
0.00431405
0.00431405
0.00431405
0.00431405
0.00431405
0.00431405
0.00431405
0.00431387
0.00430838
0.00430855
0.00431405
0.00431405
0.00431405
0.00431405
0.00431405
0.00431405
0.00431405
0.00431405
0.00431405
0.00431405
0.00431405
0.00431405
0.00431405
0.00431405
0.00431405
0.00431405
0.00431405
0.00431405
0.00431405
0.00431405
0.00431404
0.00431385
0.00430839
0.00430858
0.00431405
0.00431405
0.00431405
0.00431405
0.00431405
0.00431405
0.00431405
0.00431405
0.00431405
0.00431405
0.00431405
0.00431405
0.00431405
0.00431405
0.00431405
0.00431405
0.00431405
0.00431405
0.00431405
0.00431405
0.00431404
0.00431383
0.00430839
0.0043086
0.00431405
0.00431405
0.00431405
0.00431405
0.00431405
0.00431405
0.00431405
0.00431405
0.00431405
0.00431405
0.00431405
0.00431405
0.00431405
0.00431405
0.00431405
0.00431405
0.00431405
0.00431405
0.00431405
0.00431405
0.00431404
0.00431381
0.0043084
0.00430863
0.00431405
0.00431405
0.00431405
0.00431405
0.00431405
0.00431405
0.00431405
0.00431405
0.00431405
0.00431405
0.00431405
0.00431405
0.00431405
0.00431405
0.00431405
0.00431405
0.00431405
0.00431405
0.00431405
0.00431405
0.00431404
0.00431379
0.0043084
0.00430865
0.00431405
0.00431405
0.00431405
0.00431405
0.00431405
0.00431405
0.00431405
0.00431405
0.00431405
0.00431405
0.00431405
0.00431405
0.00431405
0.00431405
0.00431405
0.00431405
0.00431405
0.00431405
0.00431405
0.00431405
0.00431404
0.00431377
0.00430841
0.00430867
0.00431405
0.00431405
0.00431405
0.00431405
0.00431405
0.00431405
0.00431405
0.00431405
0.00431405
0.00431405
0.00431405
0.00431405
0.00431405
0.00431405
0.00431405
0.00431405
0.00431405
0.00431405
0.00431405
0.00431405
0.00431404
0.00431375
0.00430841
0.00430869
0.00431405
0.00431405
0.00431405
0.00431405
0.00431405
0.00431405
0.00431405
0.00431405
0.00431405
0.00431405
0.00431405
0.00431405
0.00431405
0.00431405
0.00431405
0.00431405
0.00431405
0.00431405
0.00431405
0.00431405
0.00431404
0.00431373
0.00430842
0.00430871
0.00431405
0.00431405
0.00431405
0.00431405
0.00431405
0.00431405
0.00431405
0.00431405
0.00431405
0.00431405
0.00431405
0.00431405
0.00431405
0.00431405
0.00431405
0.00431405
0.00431405
0.00431405
0.00431405
0.00431405
0.00431404
0.00431372
0.00430842
0.00430873
0.00431405
0.00431405
0.00431405
0.00431405
0.00431405
0.00431405
0.00431405
0.00431405
0.00431405
0.00431405
0.00431405
0.00431405
0.00431405
0.00431405
0.00431405
0.00431405
0.00431405
0.00431405
0.00431405
0.00431405
0.00431404
0.0043137
0.00430843
0.00430875
0.00431405
0.00431405
0.00431405
0.00431405
0.00431405
0.00431405
0.00431405
0.00431405
0.00431405
0.00431405
0.00431405
0.00431405
0.00431405
0.00431405
0.00431405
0.00431405
0.00431405
0.00431405
0.00431405
0.00431405
0.00431404
0.00431368
0.00430843
0.00430877
0.00431405
0.00431405
0.00431405
0.00431405
0.00431405
0.00431405
0.00431405
0.00431405
0.00431405
0.00431405
0.00431405
0.00431405
0.00431405
0.00431405
0.00431405
0.00431405
0.00431405
0.00431405
0.00431405
0.00431405
0.00431405
0.00431405
0.00431405
0.00431405
0.00431405
0.00431405
0.00431405
0.00425499
0.00419053
0.00431405
0.00431405
0.00431405
0.00431405
0.00431405
0.00431405
0.00431405
0.00431405
0.00431405
0.00431405
0.00431405
0.00431405
0.00431405
0.00431405
0.00431405
0.00431405
0.00431405
0.00431405
0.00431405
0.00431405
0.00431405
0.00431405
0.00431405
0.00431405
0.00431405
0.00431405
0.00431405
0.00431405
0.00431405
0.00431405
0.00431405
0.00431402
0.00431404
0.00431405
0.00431405
0.00431405
0.00431405
0.00431405
0.00431405
0.00431405
0.00431405
0.00431405
0.00431404
0.00431401
0.00431405
0.00431405
0.00431405
0.00431405
0.00431405
0.00431405
0.00431405
0.00431405
0.00431405
0.00431405
0.00431405
0.00427329
0.00425331
0.00425662
0.00431405
0.00431405
0.00431405
0.00431405
0.00431405
0.00431405
0.00431405
0.00431405
0.00431405
0.00431405
0.00431405
0.00431405
0.00431405
0.00431405
0.00431405
0.00431405
0.00431405
0.00431405
0.00431405
0.00431405
0.00431405
0.00431405
0.00431405
0.00431405
0.00431405
0.00431405
0.00431405
0.00431405
0.00431405
0.00431405
0.00431405
0.00431405
0.00431405
0.00431405
0.00431405
0.00431405
0.00431401
0.00431402
0.00431405
0.00431405
0.00431405
0.00431405
0.00431405
0.00431405
0.00431405
0.00431405
0.00431405
0.00431405
0.00431405
0.00431404
0.00431405
0.00431405
0.00431405
0.00431405
0.00431405
0.00431405
0.00431405
0.00431405
0.00431405
0.00431405
0.00431405
0.00431405
0.00431405
0.00431405
0.00431405
0.00431405
0.00431405
0.00431405
0.00431405
0.00431405
0.00431405
0.00431405
0.00431405
0.00431405
0.00431405
0.00431405
0.00431405
0.00431405
0.00431405
0.00431405
0.00431405
0.00431405
0.00431367
0.00431343
0.00431405
0.00431405
0.00431405
0.00431405
0.00431405
0.00431405
0.00431405
0.00431405
0.00431405
0.00431405
0.00431405
0.00431364
0.00431374
0.00431398
0.004314
0.00431375
0.00431386
0.00431338
0.0043129
0.00431405
0.00431405
0.00431405
0.00431401
0.00431402
0.00431405
0.00431405
0.00431405
0.00431405
0.00431405
0.00431405
0.00431405
0.00431405
0.00431405
0.00431405
0.00431405
0.00431405
0.00431405
0.00431405
0.00431405
0.00431405
0.00431405
0.00431404
0.00431404
0.00431403
0.00431403
0.00431405
0.00431304
0.00431405
0.00431384
0.00431369
0.00431375
0.00431387
0.00431405
0.00431405
0.00431405
0.00431405
0.00431405
0.00431405
0.00431405
0.00431405
0.00431405
0.00431405
0.00431405
0.00431405
0.00431405
0.00431405
0.00431405
0.00431405
0.00431405
0.00431405
0.00431405
0.00431405
0.00431405
0.00431405
0.00431405
0.00431405
0.00431405
0.00431405
0.00431405
0.00431405
0.00431405
0.00431405
0.00431405
0.00431405
0.00431405
0.00431405
0.00431405
0.00431405
0.00431399
0.004314
0.00431405
0.00431405
0.00431405
0.00431405
0.00431405
0.00431405
0.00431405
0.00431405
0.00431405
0.00431405
0.00431405
0.00431405
0.00431366
0.00431405
0.00431383
0.00431377
0.00431393
0.00431384
0.00431405
0.00431405
0.00431378
0.00431405
0.00431404
0.00431404
0.00431405
0.00431405
0.00431405
0.00431405
0.00431405
0.00431405
0.00431394
0.00431398
0.00431405
0.00431398
0.00431393
0.00431401
0.00431398
0.00431405
0.00431387
0.00431394
0.00431405
0.00431351
0.00431373
0.00431309
0.00431346
0.00431405
0.00431278
0.00431401
0.00431401
0.0043047
0.00431402
0.00431401
0.00426457
0.00431382
0.00431385
0.00431405
0.00431405
0.00431405
0.00431405
0.00431405
0.00431405
0.00431405
0.00424926
0.00431401
0.00431405
0.00431405
0.00431405
0.00431405
0.00431405
0.00431282
0.00431285
0.00426189
0.00431396
0.00431393
0.00431295
0.0043131
0.00431294
0.0043138
0.00414731
0.00431405
0.00431405
0.00431405
0.00431405
0.00431405
0.00431405
0.00431405
0.00431405
0.00431405
0.00431405
0.00431405
0.00431405
0.00431405
0.00431405
0.00431405
0.00431405
0.00431405
0.00431405
0.00431403
0.00431404
0.00431403
0.00431401
0.00431059
0.00430983
0.00431405
0.00431388
0.00431396
0.00431405
0.00431405
0.00427484
0.00431405
0.00431405
0.00431405
0.00431405
0.00431405
0.00431405
0.00431405
0.00431405
0.00431405
0.00431405
0.00431405
0.00431405
0.00431405
0.00431405
0.00431405
0.00431405
0.00431405
0.00431405
0.00431405
0.00431405
0.00431405
0.00431405
0.00431405
0.00431405
0.00431405
0.00431405
0.00431405
0.00431405
0.00431405
0.00431405
0.00431405
0.00431405
0.00431405
0.00431405
0.00431405
0.00431405
0.00431405
0.00431405
0.00431405
0.00431405
0.00431405
0.00431405
0.00431405
0.00431405
0.00431405
0.00431405
0.00431405
0.004314
0.00431401
0.00431405
0.00431405
0.00431405
0.00431405
0.00431405
0.00431405
0.00431405
0.00431405
0.00431405
0.00431405
0.00431405
0.00431405
0.00431405
0.00431384
0.0043139
0.00431381
0.00431377
0.00431404
0.00431405
0.00431405
0.00431405
0.00431405
0.00431405
0.00431405
0.00431405
0.00431402
0.00431401
0.00431404
0.00431403
0.00431405
0.00431342
0.00431345
0.00431405
0.00431404
0.00431404
0.00431338
0.00431341
0.00431149
0.00431079
0.00431405
0.00431405
0.00431405
0.00431029
0.00431358
0.00431087
0.00431112
0.00431113
0.00431355
0.00431405
0.00431405
0.00431405
0.00431405
0.00431405
0.00431363
0.00431367
0.00431296
0.00431286
0.00431399
0.0043133
0.00431325
0.00431341
0.00431331
0.004314
0.00431378
0.00431381
0.0043132
0.00431312
0.00431401
0.00431355
0.00431346
0.00431311
0.00431317
0.00431405
0.00431405
0.00431405
0.00431405
0.00431405
0.00431405
0.00431405
0.00431405
0.00431403
0.00431404
0.00431403
0.00431402
0.00431317
0.0043139
0.00431386
0.00431394
0.00431392
0.00431315
0.00431376
0.00431371
0.00431385
0.00431378
0.00431379
0.00431204
0.00431239
0.00431138
0.00431186
0.00431376
0.0043094
0.00431004
0.00431405
0.00431405
0.00431405
0.00431405
0.00431405
0.00431405
0.00431405
0.00431405
0.00431405
0.00431405
0.00431405
0.00431405
0.00431405
0.00431405
0.00431405
0.00431405
0.00431405
0.00431405
0.00431405
0.00431405
0.00431405
0.00431405
0.00431405
0.00431405
0.00431405
0.00431405
0.00431405
0.00431405
0.00431405
0.00431405
0.00431405
0.00431405
0.00431405
0.00431404
0.00431404
0.00431405
0.00431405
0.00431405
0.00431405
0.00431405
0.00431405
0.00431405
0.00431405
0.00431405
0.00431405
0.00431405
0.00431405
0.00431405
0.00431405
0.00431405
0.00431405
0.00431405
0.00431405
0.00431405
0.00431405
0.00431405
0.00431405
0.00431405
0.00431405
0.00431405
0.00431405
0.00431405
0.00431403
0.00431403
0.00431403
0.00431403
0.00431403
0.00431404
0.00431403
0.00431403
0.00431405
0.00431405
0.00431405
0.00431404
0.00431404
0.00431404
0.00431404
0.00431403
0.00431403
0.00431404
0.00431403
0.00431405
0.00431405
0.00431405
0.00431399
0.004314
0.00431405
0.00431405
0.00431405
0.00431405
0.00431405
0.00431405
0.00431405
0.00431405
0.00431405
0.00431405
0.00431405
0.00431405
0.00431371
0.00431378
0.00431405
0.00431405
0.00431405
0.00431405
0.00431374
0.0043139
0.00431405
0.00431404
0.00431405
0.00431405
0.00431388
0.00431404
0.00431404
0.00431404
0.00431404
0.00431383
0.00431404
0.00431405
0.00431404
0.00431404
0.00431384
0.0043138
0.00431383
0.00431405
0.0043136
0.00431371
0.00431369
0.00431359
0.00431371
0.00431404
0.00431373
0.00431377
0.00431396
0.00431299
0.00431309
0.00431321
0.00431298
0.00431396
0.00431296
0.0043139
0.0043131
0.00431391
0.00431328
0.00431397
0.00431395
0.004314
0.00431398
0.00431332
0.00431263
0.00431272
0.00431347
0.00431349
0.00431322
0.00431336
0.00431191
0.00431165
0.00431405
0.00431405
0.00431405
0.00431405
0.00431405
0.00431405
0.00431405
0.00431405
0.00431405
0.00431405
0.00431405
0.00431405
0.00431405
0.00431405
0.00431405
0.00431405
0.00431405
0.00431405
0.00431405
0.00431405
0.00431405
0.00431403
0.00431404
0.00431405
0.00431405
0.00431405
0.00431396
0.00431395
0.00431401
0.00431391
0.00431393
0.00431405
0.00431405
0.00431405
0.00431405
0.00431405
0.00431405
0.00431405
0.00431405
0.00431405
0.00431405
0.00431405
0.00431405
0.00431405
0.00431405
0.00431405
0.00431405
0.00431405
0.00431405
0.00431405
0.00431405
0.00431405
0.00431405
0.00431405
0.00431405
0.00431405
0.00431405
0.00431405
0.00431405
0.00431405
0.00431401
0.00431398
0.00431398
0.00431402
0.00431405
0.00431405
0.00431405
0.00431405
0.00431405
0.00431405
0.00431405
0.00431405
0.00431405
0.00431405
0.00431405
0.00431405
0.00431405
0.00431405
0.00431405
0.00431405
0.00431405
0.00431405
0.00431145
0.00431143
0.00431404
0.00431404
0.00431405
0.00431144
0.00431144
0.00431397
0.00431398
0.00431405
0.00431405
0.00431405
0.00431363
0.00431351
0.00431354
0.00431373
0.00431376
0.00431344
0.00431347
0.0043136
0.00431357
0.00431385
0.00431245
0.00431232
0.00431297
0.00431361
0.00431356
0.00431402
0.00431405
0.00431405
0.00431405
0.00431405
0.00431405
0.00431405
0.00431405
0.00431405
0.00431405
0.00431405
0.00431405
0.00431405
0.00431405
0.00431405
0.00431405
0.00431405
0.00431405
0.00431405
0.00431404
0.00431404
0.00431396
0.00431396
0.00431403
0.00431402
0.00431393
0.00431394
0.00431329
0.00431331
0.00431351
0.00431348
0.00431304
0.00431333
0.00431336
0.00431405
0.00431394
0.00431397
0.00431405
0.00431405
0.00431405
0.00431405
0.00431405
0.00431405
0.00431405
0.00431405
0.00431405
0.00431405
0.00431405
0.00431405
0.00431405
0.00431405
0.00431405
0.00431405
0.00431405
0.00431405
0.00431405
0.00431405
0.00431405
0.00431405
0.00431405
0.00431405
0.00431405
0.00431405
0.00431405
0.00431405
0.00431405
0.00431405
0.00431405
0.00431405
0.00431405
0.00431405
0.00431405
0.00431405
0.00431405
0.00431399
0.004314
0.00431405
0.00431405
0.00431405
0.00431405
0.00431405
0.00431405
0.00431368
0.00431383
0.00431398
0.00431398
0.00431393
0.00431393
0.00431375
0.00431405
0.00431405
0.00431405
0.00431388
0.00431387
0.00431396
0.00431396
0.00431379
0.00431393
0.00431393
0.00431387
0.00431387
0.00431405
0.00431405
0.00431405
0.00431405
0.00431405
0.00431405
0.00431396
0.00431404
0.00431404
0.00431404
0.00431404
0.00431395
0.00431361
0.00431398
0.004314
0.00431399
0.00431399
0.00431365
0.00431317
0.0043136
0.00431356
0.00431264
0.00431251
0.0043129
0.00431039
0.00431174
0.00431174
0.0043118
0.00431402
0.00431369
0.00431363
0.00431373
0.0043137
0.00431401
0.00430751
0.00430751
0.00431248
0.00431276
0.00431388
0.00431405
0.00431405
0.00431405
0.00431278
0.00431279
0.00431236
0.00431124
0.00423928
0.00431304
0.00431274
0.00431279
0.00431256
0.00431266
0.00431308
0.0041473
0.00430854
0.00431173
0.00431405
0.00431405
0.00431405
0.00431405
0.00431405
0.00431405
0.00431405
0.00431405
0.00431405
0.00431405
0.00431405
0.00431403
0.00431404
0.00431383
0.00431385
0.00431382
0.00431381
0.00431401
0.00431393
0.00431392
0.00431043
0.00430861
0.0043086
0.0043092
0.00430902
0.00431022
0.00431405
0.00431405
0.00431405
0.00431405
0.00431405
0.00431405
0.00431405
0.00431405
0.00431405
0.00431405
0.00431405
0.00431405
0.00431405
0.00431398
0.00431398
0.00431401
0.00431401
0.00431405
0.00431405
0.00431405
0.00431405
0.00431405
0.00431405
0.00431405
0.00431405
0.00431405
0.00431381
0.00431388
0.00431385
0.00431389
0.00431389
0.00431381
0.00431141
0.00431142
0.00431159
0.00431143
0.00431339
0.00431265
0.00431263
0.00430879
0.00430883
0.00431128
0.00430936
0.00430973
0.00430871
0.00430898
0.00431103
0.00431405
0.00431405
0.00431405
0.00431405
0.00431405
0.00431405
0.00431405
0.00431405
0.00431405
0.00431405
0.00431075
0.0043124
0.00431231
0.00431263
0.00431251
0.00431083
0.00431161
0.004312
0.00431182
0.00431224
0.00431216
0.0043114
0.00431405
0.00431405
0.00431405
0.00431405
0.00431405
0.00431405
0.00431405
0.00431361
0.00431371
0.00431357
0.00431358
0.00431294
0.0043129
0.00431367
0.00431369
0.00431327
0.00431341
0.00431341
0.00431377
0.0043134
0.00431336
0.00431341
0.00431383
0.00431351
0.00431345
0.00431242
0.00431256
0.00431327
0.00431195
0.00431202
0.00431176
0.00431182
0.00431304
0.00431224
0.00431227
0.00431312
0.00431235
0.00431245
0.00431219
0.00431225
0.00431314
0.00431405
0.00431405
0.00431405
0.00431405
0.00431405
0.00431405
0.00431405
0.00431405
0.00431405
0.00431405
0.00431405
0.00431405
0.00431405
0.00431405
0.00431404
0.00431404
0.00431388
0.00431389
0.00431386
0.00431387
0.00431403
0.00431397
0.00431397
0.00431392
0.00431393
0.00431402
0.0043139
0.00431336
0.00431329
0.00431309
0.00431346
0.00431342
0.00431374
0.00431343
0.00431341
0.00431356
0.00431349
0.00431373
0.00431383
0.00431355
0.00431358
0.00431343
0.0043135
0.00431381
0.00431337
0.00431154
0.00431281
0.00431273
0.00430941
0.00430968
0.00431405
0.00431405
0.00431405
0.00431405
0.00431405
0.00431405
0.00431405
0.00431405
0.00431405
0.00431405
0.00431405
0.00431405
0.00431405
0.00431405
0.00431405
0.00431405
0.00431405
0.00431405
0.00431405
0.00431405
0.00431405
0.00431405
0.00431405
0.00431405
0.00431405
0.00431405
0.00431405
0.00431405
0.00431405
0.00431405
0.00431405
0.00431405
0.00431405
0.00431405
0.00431405
0.00431405
0.00431405
0.00431405
0.00431405
0.00431405
0.00431405
0.00431405
0.00431405
0.00431405
0.00431405
0.00431405
0.00431404
0.00431404
0.00431405
0.00431405
0.00431405
0.00431405
0.00431405
0.00431405
0.00431405
0.00431405
0.00431405
0.00431405
0.00431405
0.00431405
0.00431405
0.00431405
0.00431405
0.00431405
0.00431405
0.00431405
0.00431405
0.00431405
0.00431405
0.00431405
0.00431405
0.00431405
0.00431405
0.00431405
0.00431405
0.00431405
0.00431405
0.00431405
0.00431403
0.00431402
0.00431402
0.004314
0.00431401
0.00431403
0.00431402
0.00431402
0.00431402
0.00431403
0.00431404
0.00431396
0.00431397
0.00431396
0.00431396
0.00431404
0.00431403
0.00431399
0.00431399
0.00431398
0.00431399
0.00431403
0.00431404
0.00431404
0.00431404
0.00431404
0.00431403
0.00431403
0.00431404
0.00431404
0.00431399
0.004314
0.00431405
0.00431405
0.00431405
0.00431405
0.00431405
0.00431405
0.0043137
0.00431396
0.00431397
0.00431381
0.00431373
0.00431394
0.00431395
0.00431391
0.0043139
0.00431404
0.00431399
0.00431399
0.00431404
0.00431398
0.00431397
0.00431399
0.00431399
0.00431404
0.00431395
0.00431393
0.00431391
0.00431392
0.00431381
0.00431387
0.00431389
0.00431381
0.00431396
0.00431395
0.00431397
0.00431396
0.00431382
0.00431364
0.0043137
0.00431365
0.00431357
0.00431357
0.0043136
0.00431372
0.00431391
0.0043139
0.00431394
0.00431392
0.00431373
0.00431302
0.00431349
0.00431351
0.00431347
0.00431348
0.00431306
0.00431312
0.00431361
0.00431365
0.00431354
0.00431357
0.00431303
0.00431291
0.00431325
0.00431324
0.00431331
0.00431328
0.00431317
0.00431342
0.00431345
0.00431328
0.00431335
0.0043132
0.00431366
0.00431364
0.00431324
0.00431259
0.00431283
0.00431152
0.00431158
0.00431328
0.00431238
0.00431221
0.0043126
0.00431253
0.00431333
0.00431178
0.00431174
0.00430796
0.00430828
0.00431405
0.00431405
0.00431405
0.00431405
0.00431405
0.00431405
0.00431405
0.00431405
0.00431405
0.00431405
0.00431405
0.00431405
0.00431405
0.00431405
0.00431405
0.00431405
0.00431405
0.00431405
0.00431405
0.00431405
0.00431405
0.00431405
0.00431405
0.00431405
0.00431405
0.00431405
0.00431405
0.00431405
0.00431405
0.00431405
0.00431405
0.00431405
0.00431405
0.00431405
0.00431405
0.00431405
0.00431405
0.00431405
0.00431405
0.00431405
0.00431405
0.00431405
0.00431405
0.00431405
0.00431405
0.00431405
0.00431405
0.00431405
0.00431405
0.00431405
0.00431405
0.00431405
0.00431405
0.00431405
0.00431405
0.00431405
0.00431405
0.00431405
0.00431405
0.00431405
0.00431405
0.00431405
0.00431405
0.00431405
0.00431405
0.00431405
0.00431405
0.00431405
0.00431405
0.00431405
0.00431405
0.00431405
0.00431405
0.00431405
0.00431405
0.00431405
0.00431405
0.00431405
0.00431405
0.00431405
0.00431405
0.00431405
0.00431405
0.00431405
0.00431405
0.00431405
0.00431405
0.00431405
0.00431405
0.00431405
0.00431405
0.00431405
0.00431405
0.00431405
0.00431405
0.00431405
0.00431405
0.00431405
0.00431405
0.00431405
0.00431405
0.00431405
0.00431405
0.00431405
0.00431405
0.00431405
0.00431405
0.00431405
0.00431405
0.00431405
0.00431405
0.00431405
0.00431405
0.00431405
0.00431405
0.00431405
0.00431405
0.00431405
0.00431405
0.00431405
0.00431405
0.00431405
0.00431405
0.00431405
0.00431405
0.00431405
0.00431405
0.00431405
0.00431405
0.00431405
0.00431405
0.00431405
0.00431405
0.00431405
0.00431405
0.00431405
0.00431405
0.00431405
0.00420401
0.00431151
0.00431196
0.00431405
0.00431405
0.00431405
0.00431405
0.00431405
0.00431405
0.00431405
0.00431405
0.00431405
0.00431405
0.00431405
0.00431405
0.00431405
0.00429165
0.00429188
0.00428621
0.00431405
0.00431405
0.00431405
0.00431405
0.00431405
0.00431405
0.00431405
0.00431405
0.00431405
0.00431405
0.00431405
0.00431396
0.0043026
0.00429161
0.00430133
0.00431405
0.00431405
0.00431405
0.00431405
0.00431405
0.00431405
0.00431405
0.00431405
0.00431405
0.00431405
0.00431405
0.00431405
0.00431405
0.00431405
0.00431405
0.00431405
0.00431405
0.00431405
0.00431405
0.00431405
0.00431405
0.00431405
0.00431405
0.00431405
0.00431405
0.00431405
0.00431405
0.00431405
0.00431405
0.00431405
0.00431405
0.00431405
0.00431405
0.00431405
0.00431405
0.00431405
0.00431405
0.00431405
0.00431405
0.00431405
0.00431405
0.00431405
0.00431405
0.00431405
0.00431405
0.00431405
0.00431405
0.00431405
0.00431405
0.00431405
0.00423578
0.00430732
0.00430628
0.00428164
0.00428164
0.0041473
0.00431405
0.00431405
0.00431405
0.00431405
0.00431405
0.00431405
0.00431405
0.00431405
0.00431405
0.00431405
0.00431405
0.00431405
0.00431405
0.00431405
0.00431405
0.00431405
0.00431405
0.00431405
0.00431405
0.00431405
0.00431405
0.00431405
0.00431405
0.00431405
0.00431405
0.00431405
0.00431405
0.00431405
0.00431405
0.00431405
0.00431405
0.00431405
0.00431405
0.00431405
0.00431405
0.00431405
0.00431405
0.00431405
0.00431405
0.00431405
0.00431405
0.00431405
0.00431405
0.00431405
0.00431405
0.00431405
0.00431405
0.00431405
0.00431405
0.00431405
0.00431405
0.00431405
0.00431405
0.00431405
0.00431405
0.00431405
0.00431405
0.00431405
0.00431405
0.00431405
0.00431405
0.00431405
0.00431405
0.00431405
0.00431405
0.00431405
0.00431405
0.00431405
0.00431405
0.00431405
0.00431405
0.00431405
0.00431405
0.00431405
0.00431405
0.00431405
0.00431405
0.00431405
0.00431405
0.00431405
0.00431405
0.00431405
0.00431405
0.00431405
0.00431405
0.00431405
0.00431405
0.00431405
0.00431405
0.00431405
0.00431405
0.00431405
0.00431405
0.00431405
0.00431405
0.00431405
0.00431405
0.00431405
0.00431405
0.00431405
0.00431405
0.00431405
0.00431405
0.00431405
0.00431405
0.00431405
0.00431405
0.00431405
0.00431405
0.00431405
0.00431405
0.00431405
0.00431405
0.00431405
0.00431405
0.00431405
0.00431405
0.00431405
0.00431405
0.00431404
0.00431398
0.00431399
0.00431405
0.00431405
0.00431405
0.00431405
0.00431405
0.00431405
0.00431405
0.00431405
0.00431405
0.00431405
0.004314
0.00431401
0.00431404
0.00431404
0.00431405
0.00431405
0.00431405
0.00431405
0.00431405
0.00431405
0.00431405
0.00431405
0.00431405
0.00431405
0.00431405
0.00431404
0.00431404
0.00431404
0.00431404
0.00431405
0.00431405
0.00431405
0.00431405
0.00427434
0.00431405
0.00431404
0.00431393
0.0043139
0.00424938
0.00431401
0.00431401
0.00425127
0.00431405
0.00431405
0.00431405
0.00431405
0.00431405
0.00431405
0.00431405
0.00431405
0.00431405
0.00431405
0.00431405
0.00431405
0.00431405
0.00431405
0.00431405
0.00431405
0.00431405
0.00431405
0.00431405
0.00431405
0.00431405
0.00431405
0.00431405
0.00431405
0.00431405
0.00431405
0.00431405
0.00431405
0.00431405
0.00431405
0.00431405
0.00431405
0.00431405
0.00431405
0.00431405
0.00431405
0.00431405
0.00431405
0.00431405
0.00431405
0.00431405
0.00431405
0.00431405
0.00431405
0.00431405
0.00431405
0.00431405
0.00431405
0.00431405
0.00431405
0.00431405
0.00431405
0.00431405
0.00431405
0.00431405
0.00431405
0.00431405
0.00431405
0.00431405
0.00431405
0.00431405
0.00431405
0.00431405
0.00431405
0.00431405
0.00431405
0.00431405
0.00431405
0.00431405
0.00431405
0.00431405
0.00431405
0.00431405
0.00431405
0.00431405
0.00431405
0.00431405
0.00431405
0.00431405
0.00431405
0.00431405
0.00431405
0.00431405
0.00431405
0.00431405
0.00431405
0.00431405
0.00431405
0.00431405
0.00431405
0.00431405
0.00431405
0.00431405
0.00431405
0.00431405
0.00431405
0.00431405
0.00431405
0.00431405
0.00431405
0.00431405
0.00431405
0.00431405
0.00431405
0.00431405
0.00431405
0.00431405
0.00431405
0.00431405
0.00431405
0.00431405
0.00431405
0.00431405
0.00431405
0.00431405
0.00431403
0.00431403
0.00431399
0.004314
0.00431404
0.00431405
0.00431405
0.00431405
0.00431405
0.00431405
0.00431405
0.00431405
0.00431405
0.00431405
0.00431405
0.00431405
0.00431405
0.00431405
0.00431405
0.00431405
0.00431405
0.00431405
0.00431405
0.00431405
0.00431405
0.00431405
0.00431405
0.00431405
0.00431405
0.00431405
0.00431405
0.00431405
0.00431405
0.00431405
0.00431405
0.00431405
0.00431404
0.00431404
0.00431401
0.00431402
0.00431405
0.00431405
0.00431405
0.00431405
0.00431405
0.00431405
0.00431405
0.00431405
0.00431405
0.00431405
0.00431405
0.00431404
0.00431404
0.00431402
0.00431404
0.00431405
0.00431405
0.00431405
0.00431405
0.00431405
0.00431398
0.00431398
0.00431405
0.00431405
0.00431405
0.00431405
0.00431405
0.00431405
0.00431405
0.00431405
0.00431405
0.00431405
0.00431405
0.00431405
0.00431405
0.00431405
0.00431405
0.00431405
0.00431405
0.00431405
0.00431405
0.00431405
0.00431405
0.00431405
0.00431405
0.00431405
0.00431405
0.00431405
0.00431405
0.00431364
0.00431323
0.00431329
0.00431283
0.00431293
0.00431347
0.00431405
0.00431405
0.00431405
0.00431405
0.00431405
0.00431405
0.00431405
0.00431405
0.00431405
0.00431405
0.00431405
0.00431405
0.00431405
0.00431405
0.00431405
0.00431405
0.00431405
0.00431405
0.00431405
0.00431405
0.00431405
0.00431405
0.00431405
0.00431405
0.00431405
0.00431405
0.00431405
0.00431399
0.00431389
0.00431388
0.00431393
0.00431392
0.004314
0.00431333
0.00431265
0.00431274
0.00431405
0.00431405
0.00431405
0.00431405
0.00431405
0.00431405
0.00431405
0.00431405
0.00431405
0.00431401
0.00431394
0.00431394
0.00431397
0.00431396
0.00431402
0.00431405
0.00431405
0.00431405
0.00431405
0.00431405
0.00431405
0.00431405
0.00431405
0.00431405
0.00431405
0.00431405
0.00431405
0.00431405
0.00431405
0.00431405
0.00431405
0.00431405
0.00431405
0.00431405
0.00431405
0.00431405
0.00431405
0.00431405
0.00431405
0.00431405
0.00431405
0.00431405
0.00431405
0.00431405
0.00431405
0.00431405
0.00431405
0.00431405
0.00431405
0.00431405
0.00431405
0.00431405
0.00431405
0.00431405
0.00431397
0.00431399
0.00431405
0.00431405
0.00431404
0.00431404
0.00431382
0.00431357
0.0043136
0.00431334
0.00431339
0.00431372
0.00431381
0.004314
0.004314
0.00431401
0.00431401
0.00431383
0.00431405
0.00431404
0.00431404
0.00431405
0.00431405
0.00431405
0.00431405
0.00431405
0.00431405
0.00431405
0.00431405
0.00431405
0.00431405
0.00431405
0.00431405
0.00431405
0.00431405
0.00431405
0.00431405
0.00431405
0.00431405
0.00431405
0.00431405
0.00431405
0.00431405
0.00431405
0.00431405
0.00431405
0.00431405
0.00431405
0.00431405
0.00431405
0.00431405
0.00431405
0.00431405
0.00431405
0.00431405
0.00431405
0.00431405
0.00431405
0.00431405
0.00431405
0.00431405
0.00431405
0.00431405
0.00431405
0.00431405
0.00431405
0.00431405
0.00431405
0.00431405
0.00431405
0.00431405
0.00431405
0.00431405
0.00431405
0.00431405
0.00431405
0.00431405
0.00431405
0.00431405
0.00431405
0.00431405
0.00431405
0.00431405
0.00431405
0.00431405
0.00431405
0.00431405
0.00431405
0.00431405
0.00431405
0.00431405
0.00431405
0.00431405
0.00431405
0.00431405
0.00431405
0.00431405
0.00431405
0.00431405
0.00431405
0.00431405
0.00431405
0.00431405
0.00431405
0.00431405
0.00431405
0.00431405
0.00431405
0.00431405
0.00431405
0.00431405
0.00431405
0.00431405
0.00431405
0.00431405
0.00431405
0.00431405
0.00431405
0.00431405
0.00431405
0.00431405
0.00431405
0.00431405
0.00431405
0.00431405
0.00431405
0.00431405
0.00431405
0.00431405
0.00431405
0.00431405
0.00431405
0.00431405
0.00431405
0.00431405
0.00431392
0.00431401
0.00431401
0.00431398
0.00431399
0.00431385
0.00431405
0.00431405
0.00431405
0.00431405
0.00431405
0.00431405
0.00431402
0.00431402
0.00431404
0.00431404
0.00431402
0.00431402
0.00431405
0.00431405
0.00431405
0.00431405
0.00431405
0.00431405
0.00431405
0.00431405
0.00431405
0.00431405
0.00431405
0.00431405
0.00431405
0.00431405
0.00431405
0.00431405
0.00431405
0.00431405
0.00431395
0.0043138
0.00431379
0.00431387
0.00431386
0.00431397
0.00431405
0.00431405
0.00431405
0.00431397
0.00431403
0.00431403
0.00431401
0.00431402
0.00431394
0.004314
0.00431405
0.00431405
0.00431405
0.00431405
0.00431399
0.00431405
0.00431405
0.00431405
0.00431388
0.00431363
0.00431361
0.00431377
0.00431376
0.00431393
0.00431404
0.00431404
0.00431405
0.00431354
0.0043138
0.00431378
0.0043139
0.00431389
0.0043137
0.00431376
0.00431373
0.00431341
0.00431405
0.00431403
0.00431403
0.00431401
0.00431376
0.00431374
0.00431377
0.00431377
0.00431401
0.00431402
0.00431398
0.00431397
0.0043138
0.00431283
0.00431298
0.00431363
0.00431365
0.00431386
0.00431405
0.00431405
0.00431405
0.00431405
0.00431405
0.00431405
0.00431405
0.00431405
0.00431405
0.00431405
0.00431405
0.00431405
0.00430854
0.00430832
0.00424699
0.00431401
0.00431366
0.00431367
0.00431381
0.00431366
0.00431401
0.00431405
0.00431405
0.00431405
0.00431405
0.00431405
0.00431405
0.00431405
0.00431405
0.00431405
0.00429855
0.00428912
0.00424626
0.00431394
0.00431339
0.0043134
0.00431329
0.00431336
0.00431393
0.00431351
0.00430647
0.00430482
0.0043129
0.00431306
0.0043138
0.0041473
0.0042334
0.00425818
0.00431405
0.00431405
0.00431405
0.00431405
0.00431405
0.00431405
0.00431405
0.00431405
0.00431405
0.00431405
0.00431405
0.00431405
0.00431405
0.00431405
0.00431405
0.00431405
0.00431405
0.00431405
0.00431405
0.00431405
0.00431405
0.00431405
0.00431405
0.00431405
0.00431405
0.00431405
0.00431405
0.00431405
0.00431405
0.00431405
0.00431405
0.00431405
0.00431405
0.00431405
0.00431405
0.00431405
0.00431405
0.00431405
0.00431405
0.00431405
0.00431405
0.00431405
0.00431405
0.00431405
0.00431405
0.00431405
0.00431405
0.00431405
0.00431397
0.00431397
0.00431403
0.00431404
0.00431404
0.00431405
0.00431394
0.00431402
0.00431401
0.00431402
0.00431402
0.00431395
0.00431405
0.00431403
0.00431402
0.004314
0.00431402
0.00431405
0.00427543
0.00431272
0.00431212
0.00431405
0.00431405
0.00431405
0.00431405
0.00431405
0.00431405
0.00431405
0.00431405
0.00431405
0.00431405
0.00431405
0.00431405
0.00431405
0.00431405
0.00431405
0.00431405
0.00431405
0.00431405
0.00431405
0.00431405
0.00431405
0.00431405
0.00431405
0.00431405
0.00431405
0.00431405
0.00431405
0.00431405
0.00431405
0.00431405
0.00431405
0.00431405
0.00431405
0.00431405
0.00431405
0.00431405
0.00431405
0.00431405
0.00431405
0.00431405
0.00431405
0.00431405
0.00431405
0.00431405
0.00431405
0.00431405
0.00431405
0.00431405
0.00431405
0.00431405
0.00431405
0.00431405
0.00431405
0.00431405
0.00431405
0.00431405
0.00431405
0.00431405
0.00431405
0.00431405
0.00431405
0.00431405
0.00431405
0.00431405
0.00431405
0.00431405
0.00431405
0.00431405
0.00431405
0.00431405
0.00431405
0.00431405
0.00431405
0.00431405
0.00431405
0.00431405
0.00431405
0.00431405
0.00431405
0.00431405
0.00431405
0.00431405
0.00431405
0.00431405
0.00431405
0.00431405
0.00431405
0.00431405
0.00431405
0.00431405
0.00431405
0.00431405
0.00431405
0.00431405
0.00431405
0.00431405
0.00431405
0.00431405
0.00431405
0.00431405
0.00431405
0.00431405
0.00431405
0.00431405
0.00431405
0.00431405
0.00431405
0.00431405
0.00431405
0.00431405
0.00431405
0.00431405
0.00431405
0.00431405
0.00431405
0.00431405
0.00431405
0.00431405
0.00431405
0.00431405
0.00431405
0.00431405
0.00431405
0.00431405
0.00431405
0.00431405
0.00431405
0.00431405
0.00431405
0.00431405
0.00431405
0.00431405
0.00431405
0.00431405
0.00431405
0.00431405
0.00431405
0.00431405
0.00431405
0.00431405
0.00431405
0.00431405
0.00431405
0.00431405
0.00431405
0.00431405
0.00431405
0.00431403
0.00431403
0.00431405
0.00431386
0.00431398
0.00431398
0.00431399
0.00431399
0.00431388
0.00431404
0.004314
0.00431401
0.00431405
0.00431405
0.00431405
0.00431405
0.00431405
0.00431405
0.00431405
0.00431405
0.00431405
0.00431405
0.00431405
0.00431405
0.00431405
0.00431405
0.00431405
0.00431405
0.00431405
0.00431405
0.00431405
0.00431405
0.00431405
0.00431402
0.00431405
0.00431405
0.00431405
0.00431405
0.00431402
0.00431404
0.00431405
0.00431405
0.00431405
0.00431405
0.00431403
0.00431405
0.00431405
0.00431405
0.00431343
0.00431269
0.00431268
0.00431274
0.00431271
0.00431344
0.00431405
0.00431405
0.00431405
0.00431404
0.00431405
0.00431405
0.00431405
0.00431405
0.00431404
0.00431267
0.00431266
0.0043134
0.00431405
0.00431405
0.00431405
0.00431312
0.00431318
0.00431361
0.00431351
0.00431301
0.00431307
0.00431405
0.00431405
0.00431405
0.00431405
0.00431405
0.00431405
0.00431405
0.00431405
0.00431405
0.0043139
0.0043139
0.00431399
0.00431329
0.0043137
0.00431371
0.00431336
0.00431374
0.00431376
0.00431372
0.00431373
0.00431333
0.004314
0.00431391
0.00431391
0.00431395
0.00431395
0.00431401
0.00431353
0.00431381
0.00431382
0.00431378
0.0043138
0.0043135
0.00431405
0.00431405
0.00431405
0.00431405
0.00431405
0.00431405
0.00431405
0.00431405
0.00431405
0.00431405
0.00431405
0.00431405
0.00431405
0.00431405
0.00431405
0.00431389
0.00431367
0.00431371
0.00431361
0.00431364
0.00431387
0.00431393
0.00431378
0.0043138
0.00431374
0.00431376
0.00431393
0.00431351
0.00431354
0.0043138
0.00431219
0.00431309
0.00431303
0.00431319
0.00431315
0.0043123
0.00431295
0.00431288
0.00431169
0.00431374
0.00431343
0.00431347
0.00431405
0.00431405
0.00431405
0.00431405
0.00431405
0.00431405
0.00431405
0.00431405
0.00431405
0.00431405
0.00431405
0.00431405
0.00431405
0.00431405
0.00431405
0.00431405
0.00431405
0.00431405
0.00431405
0.00431405
0.00431405
0.00431405
0.00431405
0.00431405
0.00431405
0.00431405
0.00431405
0.00431405
0.00431405
0.00431405
0.00431405
0.00431405
0.00431405
0.00431405
0.00431405
0.00431405
0.00431405
0.00431405
0.00431405
0.00431405
0.00431405
0.00431405
0.00431405
0.00431405
0.00431405
0.00431405
0.00431405
0.00431405
0.00431405
0.00431405
0.00431405
0.00431405
0.00431405
0.00431405
0.00431405
0.00431405
0.00431405
0.00431405
0.00431405
0.00431405
0.00431405
0.00431405
0.00431405
0.00431405
0.00431405
0.00431405
0.00431405
0.00431405
0.00431405
0.00431405
0.00431405
0.00431405
0.00431405
0.00431405
0.00431405
0.00431405
0.00431405
0.00431405
0.00431405
0.00431405
0.00431405
0.00431405
0.00431405
0.00431405
0.00431405
0.00431405
0.00431405
0.00431405
0.00431405
0.00431405
0.00431405
0.00431405
0.00431405
0.00431405
0.00431405
0.00431405
0.00431405
0.00431405
0.00431405
0.00431405
0.00431405
0.00431405
0.00431405
0.00431405
0.00431405
0.00431405
0.00431405
0.00431405
0.00431405
0.00431405
0.00431405
0.00431405
0.00431405
0.00431405
0.00431405
0.00431405
0.00431405
0.00431405
0.00431405
0.00431405
0.00431405
0.00431405
0.00431405
0.00431405
0.00431405
0.00431405
0.00431405
0.00431405
0.00431405
0.00431405
0.00431405
0.00431405
0.00431405
0.00431405
0.00431405
0.00431405
0.00431405
0.00431405
0.00431405
0.00431405
0.00431405
0.00431405
0.00431405
0.00431405
0.00431405
0.00431403
0.00431403
0.00431403
0.00431403
0.00431405
0.00431405
0.00431402
0.00431402
0.00431403
0.00431402
0.00431405
0.004314
0.004314
0.00431391
0.00431405
0.00431404
0.00431404
0.00431405
0.00431404
0.00431403
0.00431404
0.00431404
0.00431405
0.00431386
0.00431399
0.004314
0.004314
0.00431399
0.00431404
0.00431404
0.00431402
0.00431401
0.00431402
0.00431402
0.00431405
0.00431404
0.004314
0.004314
0.00431401
0.00431401
0.00431404
0.00431404
0.00431403
0.00431403
0.00431401
0.00431401
0.00431404
0.00431382
0.00431381
0.00431395
0.00431397
0.00431384
0.00431383
0.00431366
0.00431364
0.00431389
0.00431392
0.00431373
0.0043137
0.00431397
0.00431385
0.00431387
0.00431382
0.00431384
0.00431396
0.00431399
0.0043139
0.00431392
0.00431388
0.00431389
0.00431399
0.00431336
0.00431371
0.00431368
0.00431349
0.00431285
0.00431279
0.00431291
0.00431292
0.00431351
0.00431189
0.00431027
0.00431019
0.00430994
0.00431011
0.00431178
0.00431405
0.00431405
0.00431405
0.00431405
0.00431405
0.00431405
0.00431405
0.00431405
0.00431405
0.00431405
0.00431405
0.00431405
0.00431405
0.00431405
0.00431405
0.00431405
0.00431405
0.00431405
0.00431405
0.00431405
0.00431405
0.00431405
0.00431405
0.00431405
0.00431405
0.00431405
0.00431405
0.00431405
0.00431405
0.00431405
0.00431405
0.00431405
0.00431405
0.00431405
0.00431405
0.00431405
0.00431405
0.00431405
0.00431405
0.00431405
0.00431405
0.00431405
0.00431392
0.004314
0.004314
0.00431401
0.00431401
0.00431392
0.00431405
0.00431404
0.00431404
0.00431405
0.00431405
0.00431405
0.00431405
0.00431405
0.00431405
0.00431405
0.00431405
0.00431405
0.00431405
0.00431405
0.00431405
0.00431405
0.00431405
0.00431405
0.00431405
0.00431405
0.00431405
0.00431405
0.00431405
0.00431405
0.00431405
0.00431405
0.00431405
0.00431405
0.00431405
0.00431405
0.00431405
0.00431405
0.00431405
0.00431405
0.00431405
0.00431405
0.00431405
0.00431405
0.00431405
0.00431405
0.00431405
0.00431405
0.00431405
0.00431405
0.00431405
0.00431405
0.00431405
0.00431405
0.00431405
0.00431405
0.00431405
0.00431405
0.00431405
0.00431405
0.00431405
0.00431405
0.00431405
0.00431405
0.00431405
0.00431405
0.00431405
0.00431405
0.00431405
0.00431405
0.00431405
0.00431405
0.00431404
0.00431405
0.00431405
0.00431405
0.00431405
0.00431404
0.00431405
0.00431405
0.00431405
0.00431397
0.00431403
0.00431402
0.00431403
0.00431403
0.00431398
0.00431359
0.00431384
0.00431385
0.00431383
0.00431384
0.00431357
0.00431402
0.00431396
0.00431396
0.00431405
0.00431405
0.00431405
0.00431405
0.00431405
0.00431405
0.00431405
0.00431405
0.00431405
0.00431405
0.00431405
0.00431405
0.00431405
0.00431405
0.00431405
0.00431405
0.00431405
0.00431405
0.00431404
0.00431404
0.00431405
0.00431395
0.00431402
0.00431401
0.00431402
0.00431402
0.00431396
0.00431405
0.00431405
0.00431405
0.00431405
0.00431405
0.00431405
0.00431405
0.00431405
0.00431405
0.00431405
0.00431405
0.00431405
0.00431405
0.00431405
0.00431405
0.00431405
0.00431405
0.00431405
0.00431405
0.00431405
0.00431405
0.00431405
0.00431405
0.00431405
0.00431405
0.00431405
0.00431405
0.00431405
0.00431405
0.00431405
0.00431405
0.00431405
0.00431405
0.00431405
0.00431405
0.00431405
0.00431405
0.00431405
0.00431405
0.00431405
0.00431405
0.00431405
0.00431402
0.00431402
0.00431396
0.00431394
0.00431402
0.00431402
0.00431384
0.00431382
0.00431358
0.00431393
0.00431394
0.00431401
0.00431368
0.00431388
0.00431386
0.00431398
0.00431398
0.00431402
0.00431367
0.00431388
0.00431389
0.00431386
0.00431387
0.00431365
0.00431372
0.00431391
0.00431391
0.00431389
0.0043139
0.00431371
0.00431257
0.00431328
0.00431324
0.00431337
0.00431333
0.00431267
0.00431387
0.00431367
0.00431369
0.00431144
0.00430603
0.00430916
0.00430468
0.00430519
0.00431128
0.00424233
0.00428604
0.00428408
0.00421969
0.00422452
0.0041473
0.00431177
0.00428937
0.00427589
0.0043063
0.00429958
0.00431173
0.00431405
0.00431405
0.00431405
0.00431405
0.00431405
0.00431405
0.00431405
0.00431405
0.00431405
0.00431405
0.00431405
0.00431405
0.00431405
0.00431405
0.00431405
0.00431405
0.00431405
0.00431405
0.00431405
0.00431405
0.00431405
0.00431405
0.00431405
0.00431405
0.00431405
0.00431405
0.00431405
0.00431405
0.00431405
0.00431405
0.00431405
0.00431405
0.00431405
0.00431405
0.00431405
0.00431405
0.00431405
0.00431405
0.00431405
0.00431405
0.00431405
0.00431405
0.00431405
0.00431405
0.00431405
0.00431405
0.00431405
0.00431405
0.00431405
0.00431405
0.00431405
0.00431405
0.00431405
0.00431405
0.00431405
0.00431405
0.00431405
0.00431405
0.00431405
0.00431405
0.00431405
0.00431405
0.00431405
0.00431405
0.00431405
0.00431405
0.00431405
0.00431405
0.00431405
0.00431405
0.00431405
0.00431405
0.00431405
0.00431405
0.00431405
0.00431405
0.00431405
0.00431405
0.00431405
0.00431405
0.00431405
0.00431405
0.00431405
0.00431405
0.00431405
0.00431405
0.00431405
0.00431405
0.00431405
0.00431405
0.00431405
0.00431405
0.00431405
0.00431405
0.00431405
0.00431405
0.00431405
0.00431405
0.00431405
0.00431405
0.00431405
0.00431405
0.00431405
0.00431405
0.00431405
0.00431405
0.00431405
0.00431405
0.00431405
0.00431405
0.00431405
0.00431405
0.00431405
0.00431405
0.00431405
0.00431405
0.00431405
0.00419702
0.0042819
0.00428164
0.00431405
0.00431405
0.00431405
0.00431405
0.00431405
0.00431405
0.00431405
0.00431405
0.00431405
0.00431405
0.00431404
0.00431405
0.00428501
0.00431388
0.00431387
0.00431405
0.00431405
0.00431405
0.00431405
0.00431405
0.00431405
0.00431405
0.00431405
0.00431405
0.00431405
0.00431405
0.00431405
0.00431405
0.00431405
0.00431405
0.00431383
0.00430259
0.00430259
0.0043017
0.00431405
0.00431405
0.00431405
0.00431405
0.00431405
0.00431405
0.00431405
0.00431405
0.00431405
0.00431405
0.00431405
0.00431405
0.00431405
0.00431405
0.00431405
0.00431405
0.00431405
0.00431405
0.00431405
0.00431405
0.00431405
0.00431405
0.00431405
0.00431405
0.00431405
0.00431405
0.00431405
0.00431405
0.00431405
0.00431405
0.00431405
0.00431405
0.00431405
0.00431405
0.00431405
0.00431405
0.00431405
0.00431405
0.00431405
0.00431405
0.00431405
0.00431405
0.00431405
0.00431405
0.00431405
0.00431405
0.00431405
0.00431405
0.00431405
0.00431405
0.00430523
0.00430418
0.00425182
0.00431405
0.00431405
0.00431405
0.00431405
0.00431405
0.00431405
0.00431405
0.00431405
0.00431405
0.00431405
0.00431405
0.00431405
0.00431405
0.00431405
0.00431405
0.00431405
0.00431405
0.00431405
0.00431405
0.00431405
0.00431405
0.00431405
0.00431405
0.00431405
0.00431405
0.00431405
0.00431405
0.00431404
0.00431404
0.00431405
0.00431405
0.00431405
0.00431405
0.00431405
0.00431405
0.00431405
0.00431405
0.00431405
0.00431405
0.00431405
0.00431405
0.00431405
0.00431405
0.00431405
0.00431405
0.00431405
0.00431405
0.00431405
0.00431405
0.00431405
0.00431405
0.00431405
0.00431405
0.00431405
0.00431405
0.00431405
0.00431405
0.00431405
0.00431405
0.00431405
0.00431405
0.00431405
0.00431405
0.00431405
0.00431405
0.00431405
0.00431405
0.00431405
0.00431405
0.00431405
0.00431405
0.00431405
0.00431405
0.00431405
0.00431405
0.00431405
0.00431405
0.00431405
0.00431405
0.00431405
0.00431405
0.00431405
0.00431405
0.00431405
0.00431377
0.00431393
0.00431392
0.00431397
0.00431396
0.00431386
0.004314
0.00431404
0.00431404
0.00431403
0.00431403
0.00431398
0.00431405
0.00431405
0.00431405
0.00431405
0.00431405
0.00431405
0.00431405
0.00431405
0.00431405
0.00431389
0.00431398
0.00431397
0.00431405
0.00431405
0.00431405
0.00431405
0.00431405
0.00431405
0.00431402
0.00431404
0.00431404
0.00431404
0.00431404
0.00431401
0.00431405
0.00431405
0.00431405
0.00431405
0.00431405
0.00431405
0.00431405
0.00431405
0.00431405
0.00431405
0.00431405
0.00431405
0.00431405
0.00431405
0.00431405
0.00431405
0.00431405
0.00431405
0.00431405
0.00431405
0.00431405
0.00431405
0.00431405
0.00431405
0.00431405
0.00431405
0.00431405
0.00431405
0.00431405
0.00431405
0.00431405
0.00431405
0.00431405
0.00431405
0.00431405
0.00431405
0.00431405
0.00431405
0.00431405
0.00431405
0.00431405
0.00431405
0.00431405
0.00431405
0.00431405
0.00431405
0.00431405
0.00431405
0.00431405
0.00431405
0.00431405
0.00431405
0.00431405
0.00431405
0.00431405
0.00431405
0.00431405
0.00431405
0.00431405
0.00431405
0.00431405
0.00431405
0.00431405
0.00431405
0.00431405
0.00431405
0.00431405
0.00431405
0.00431405
0.00431405
0.00431405
0.00431405
0.00431405
0.00431405
0.00431405
0.00431405
0.00431405
0.00431405
0.00431405
0.00431405
0.00431405
0.00431405
0.00431405
0.00431405
0.00431405
0.00431405
0.00431405
0.00431405
0.00431405
0.00431405
0.00431405
0.00431405
0.00431405
0.00431405
0.00431405
0.00431405
0.00431405
0.00431405
0.00431405
0.00431405
0.00431405
0.00431405
0.00431405
0.00431405
0.00431405
0.00431405
0.00431405
0.00431405
0.00431405
0.00431405
0.00431405
0.00428368
0.00428277
0.00420051
0.00431144
0.0043042
0.00430454
0.00430418
0.00430418
0.00431143
0.00431405
0.00431405
0.00431405
0.00431405
0.00431405
0.00431405
0.00431405
0.00431405
0.00431405
0.00431405
0.00431405
0.00431405
0.00431403
0.00431404
0.00431405
0.00429171
0.0043133
0.00431314
0.00431372
0.0043135
0.00429178
0.00431388
0.00431388
0.00428563
0.00431405
0.00431405
0.00431405
0.00431405
0.00431405
0.00431405
0.00431405
0.00431405
0.00431405
0.00431405
0.00431405
0.00431405
0.00431405
0.00431405
0.00431405
0.00431405
0.00431405
0.00431405
0.00431405
0.00431405
0.00431405
0.00431405
0.00431405
0.00431405
0.00431405
0.00431405
0.00431405
0.00431405
0.00431405
0.00431405
0.00431405
0.00431405
0.00431405
0.00431405
0.00431405
0.00431405
0.00431405
0.00431405
0.00431405
0.00431405
0.00431405
0.00431405
0.00431405
0.00431405
0.00431405
0.00431405
0.00431405
0.00431405
0.00428239
0.00428112
0.00423273
0.00415081
0.0042197
0.00421845
0.00431405
0.00431405
0.00431405
0.00431405
0.00431405
0.00431405
0.00431405
0.00431405
0.00431405
0.00431405
0.00431405
0.00431405
0.00431405
0.00431405
0.00431405
0.00431405
0.00431405
0.00431405
0.00431405
0.00431405
0.00431405
0.00431405
0.00431405
0.00431405
0.00431405
0.00431405
0.00431405
0.00431405
0.00431405
0.00431405
0.00431405
0.00431405
0.00431405
0.00431405
0.00431405
0.00431405
0.00431405
0.00431405
0.00431405
0.00431405
0.00431405
0.00431405
0.00431405
0.00431405
0.00431405
0.00431405
0.00431405
0.00431405
0.00431405
0.00431405
0.00431405
0.00431405
0.00431405
0.00431405
0.00431405
0.00431405
0.00431405
0.00431405
0.00431405
0.00431405
0.00431405
0.00431405
0.00431405
0.00431405
0.00431405
0.00431405
0.00431405
0.00431405
0.00431405
0.00431405
0.00431405
0.00431405
0.00431405
0.00431405
0.00431405
0.00431405
0.00431405
0.00431405
0.004314
0.00431403
0.00431403
0.00431404
0.00431404
0.00431401
0.00431153
0.00431099
0.00427393
0.00431405
0.00431394
0.00431397
0.00431392
0.00431306
0.00431319
0.00431273
0.00431291
0.00431391
0.00425052
0.00430316
0.00430228
0.00431368
0.00431369
0.00431401
0.0042531
0.00430891
0.00430874
0.00431405
0.00431405
0.00431405
0.00431405
0.00431405
0.00431405
0.00431405
0.00431405
0.00431405
0.00431405
0.00431405
0.00431405
0.00431405
0.00431405
0.00431405
0.00431405
0.00431405
0.00431405
0.00431405
0.00431405
0.00431405
0.00431405
0.00431405
0.00431405
0.00431405
0.00431405
0.00431405
0.00431405
0.00431405
0.00431405
0.00431405
0.00431405
0.00431405
0.00431405
0.00431405
0.00431405
0.00431405
0.00431405
0.00431405
0.00431405
0.00431405
0.00431405
0.00431405
0.00431405
0.00431405
0.00431405
0.00431405
0.00431405
0.00431405
0.00431405
0.00431405
0.00431405
0.00431405
0.00431405
0.00431405
0.00431405
0.00431405
0.00431405
0.00431405
0.00431405
0.00431405
0.00431405
0.00431405
0.00431405
0.00431405
0.00431405
0.00431405
0.00431405
0.00431405
0.00431405
0.00431405
0.00431405
0.00431402
0.00431404
0.00431404
0.00431404
0.00431404
0.00431402
0.00431405
0.00431405
0.00431405
0.00431405
0.00431405
0.00431405
0.00431405
0.00431405
0.00431405
0.00431405
0.00431405
0.00431405
0.00431404
0.00431405
0.00431405
0.00431405
0.00431405
0.00431404
0.00431402
0.00431404
0.00431404
0.00431405
0.00431404
0.00431402
0.00431405
0.00431405
0.00431405
0.00431398
0.00431403
0.00431403
0.00431403
0.00431403
0.00431398
0.00431405
0.00431405
0.00431405
0.00431405
0.00431405
0.00431405
0.00431405
0.00431405
0.00431405
0.00431405
0.00431405
0.00431405
0.00431405
0.00431405
0.00431405
0.00431405
0.00431405
0.00431405
0.00431405
0.00431405
0.00431405
0.00431405
0.00431405
0.00431405
0.00431405
0.00431405
0.00431405
0.00431405
0.00431405
0.00431405
0.00431405
0.00431405
0.00431405
0.00431405
0.00431405
0.00431405
0.00431405
0.00431405
0.00431405
0.00431405
0.00431405
0.00431405
0.00431405
0.00431405
0.00431405
0.00431405
0.00431405
0.00431405
0.00431405
0.00431405
0.00431405
0.00431405
0.00431405
0.00431405
0.00431405
0.00431405
0.00431405
0.00431405
0.00431405
0.00431405
0.00431405
0.00431405
0.00431405
0.00431405
0.00431405
0.00431405
0.00431405
0.00431405
0.00431405
0.00431405
0.00431405
0.00431405
0.00431405
0.00431405
0.00431405
0.00431405
0.00431405
0.00431405
0.00431405
0.00431405
0.00431405
0.00431405
0.00431405
0.00431405
0.00431398
0.00431403
0.00431402
0.00431403
0.00431403
0.00431399
0.00431394
0.00431393
0.00431379
0.00431384
0.00431396
0.00431395
0.00431405
0.00431405
0.00431405
0.00431405
0.00431405
0.00431405
0.00431405
0.00431405
0.00431405
0.00431405
0.00431405
0.00431405
0.00431405
0.00431405
0.00431405
0.00431405
0.00431405
0.00431405
0.00431405
0.00431405
0.00431405
0.00431403
0.00431403
0.004314
0.00431399
0.00431403
0.00431403
0.00431375
0.00431392
0.00431393
0.00431391
0.00431392
0.00431374
0.00431378
0.00431394
0.00431393
0.00431393
0.00431393
0.00431377
0.00431289
0.00431345
0.00431341
0.0043135
0.00431348
0.00431295
0.00431353
0.00431401
0.00431403
0.00431379
0.00431369
0.00431311
0.00431289
0.00431344
0.00431345
0.00431405
0.00431405
0.00431405
0.00431405
0.00431405
0.00431405
0.00431405
0.00431405
0.00431405
0.00431405
0.00431405
0.00431405
0.00431405
0.00431405
0.00431405
0.00431405
0.00431405
0.00431405
0.00431405
0.00431405
0.00431405
0.00431404
0.00431404
0.00431402
0.00431405
0.00431405
0.00431405
0.00431405
0.00431405
0.00431405
0.00431404
0.00431404
0.00431402
0.00431401
0.00431404
0.00431404
0.00431405
0.00431405
0.00431405
0.00431405
0.00431405
0.00431405
0.00431405
0.00431405
0.00431405
0.00431405
0.00431405
0.00431405
0.00431405
0.00431405
0.00431405
0.00431405
0.00431405
0.00431405
0.00431405
0.00431405
0.00431405
0.00431405
0.00431405
0.00431405
0.00431405
0.00431405
0.00431405
0.00431405
0.00431405
0.00431405
0.00431405
0.00431405
0.00431405
0.00431405
0.00431405
0.00431405
0.00431405
0.00431405
0.00431405
0.00431405
0.00431405
0.00431405
0.00431405
0.00431405
0.00431405
0.00431405
0.00431405
0.00431405
0.00431405
0.00431405
0.00431405
0.00431405
0.00431405
0.00431405
0.00431405
0.00431405
0.00431405
0.00431405
0.00431405
0.00431405
0.00431405
0.00431405
0.00431405
0.00431405
0.00431405
0.00431405
0.00431405
0.00431405
0.00431405
0.00431405
0.00431404
0.00431404
0.00431379
0.00430263
0.00430259
0.00430213
0.00431405
0.00431405
0.00431405
0.00431405
0.00431405
0.00431405
0.00431405
0.00431405
0.00431405
0.00431405
0.00431405
0.00431405
0.00431405
0.00431405
0.00431405
0.00431405
0.00431405
0.00427358
0.0043105
0.00431014
0.0043092
0.00430906
0.0042548
0.00431405
0.00431405
0.00431405
0.00431405
0.00431405
0.00431405
0.00431405
0.00431405
0.00431405
0.00431405
0.00431405
0.00431405
0.00431405
0.00431405
0.00431405
0.00431405
0.00431405
0.00431405
0.00431405
0.00431405
0.00431405
0.00431405
0.00431405
0.00431405
0.00431405
0.00431405
0.00431405
0.00431405
0.00431405
0.00431405
0.00431405
0.00431405
0.00431405
0.00431405
0.00431405
0.00431405
0.00431405
0.00431405
0.00431405
0.00431405
0.00431405
0.00431405
0.00431405
0.00431405
0.00431405
0.00431405
0.00431405
0.00431405
0.00431405
0.00431405
0.00431405
0.00431405
0.00431405
0.00431405
0.00431405
0.00431405
0.00431405
0.00431405
0.00431405
0.00431405
0.00431405
0.00431405
0.00431405
0.00431405
0.00431405
0.00431405
0.00431405
0.00431405
0.00431405
0.00431405
0.00431405
0.00431405
0.00431405
0.00431405
0.00431405
0.00431405
0.00431405
0.00431405
0.00431405
0.00431405
0.00431405
0.00431405
0.00431405
0.00431405
0.00431405
0.00431405
0.00431405
0.00431405
0.00431405
0.00431405
0.00431405
0.00431405
0.00431405
0.00431405
0.00431405
0.00431405
0.00431405
0.00431405
0.00431405
0.00431405
0.00431405
0.00431405
0.00431405
0.00431405
0.00431405
0.00431405
0.00431405
0.00431405
0.00431405
0.00431405
0.00431405
0.00431405
0.00431405
0.00431405
0.00431405
0.00431405
0.00431405
0.00431405
0.00431405
0.00431405
0.00431405
0.00431405
0.00431405
0.00431405
0.00431405
0.00431405
0.00431405
0.00431405
0.00431405
0.00431405
0.00431405
0.00431405
0.00431405
0.00431405
0.00431405
0.00431405
0.00431405
0.00431405
0.00431405
0.00431405
0.00431405
0.00431405
0.00431405
0.00431405
0.00431405
0.00431405
0.00431405
0.00431405
0.00431405
0.00431405
0.00431405
0.00431405
0.00431405
0.00431405
0.00431405
0.00431405
0.00431405
0.00431405
0.00431405
0.00431405
0.00431405
0.00431405
0.00431405
0.00431405
0.00431405
0.00431405
0.00431405
0.00431405
0.00431405
0.00431405
0.00431405
0.00431405
0.00431405
0.00431405
0.00431405
0.00431405
0.00431405
0.00431405
0.00431405
0.00431405
0.00431385
0.0043139
0.00431404
0.00431401
0.0043137
0.00431371
0.00431405
0.00431405
0.00431405
0.00431405
0.00431405
0.00431405
0.00431405
0.00431405
0.00431405
0.00431405
0.00431405
0.00431405
0.00431405
0.00431405
0.00431405
0.00431405
0.00431405
0.00431405
0.00431405
0.00431405
0.00431405
0.00431405
0.00431405
0.00431405
0.00431405
0.00431405
0.00431405
0.00431405
0.00431405
0.00431405
0.00431405
0.00431405
0.00431405
0.00431405
0.00431405
0.00431405
0.00431405
0.00431405
0.00431405
0.00431405
0.00431405
0.00431405
0.00431405
0.00431405
0.00431405
0.00431405
0.00431405
0.00431405
0.00431405
0.00431405
0.00431405
0.00431405
0.00431405
0.00431405
0.00431405
0.00431405
0.00431405
0.00431405
0.00431405
0.00431405
0.00431405
0.00431405
0.00431405
0.00431405
0.00431405
0.00431405
0.00431405
0.00431405
0.00431405
0.00431405
0.00431405
0.00431405
0.00431405
0.00431405
0.00431405
0.00431405
0.00431405
0.00431405
0.00431405
0.00431405
0.00431405
0.00431405
0.00431405
0.00431405
0.00431405
0.00431405
0.00431405
0.00431405
0.00431405
0.00431405
0.00431405
0.00431405
0.00431405
0.00431405
0.00431405
0.00431405
0.00431405
0.00431405
0.00431405
0.00431405
0.00431405
0.00431405
0.00431405
0.00431405
0.00431405
0.00431405
0.00431405
0.00431405
0.00431405
0.00431405
0.00431405
0.00431405
0.00431405
0.00431405
0.00431405
0.00431405
0.00431405
0.00431405
0.00431405
0.00431405
0.00431405
0.00431405
0.00431405
0.00431405
0.00431405
0.00431405
0.00431405
0.00431405
0.00431405
0.00431405
0.00431405
0.00431405
0.00431405
0.00431405
0.00431405
0.00431405
0.00431405
0.00431405
0.00431405
0.00431405
0.00431405
0.00431405
0.00431405
0.00431405
0.00431405
0.00431405
0.00431405
0.00431405
0.00431405
0.00431405
0.00431405
0.00431405
0.00431405
0.00431405
0.00431405
0.00431405
0.00431405
0.00431405
0.00431405
0.00431405
0.00431401
0.00431402
0.00428752
0.00431389
0.00431388
0.00431405
0.00431405
0.00431405
0.00431405
0.00431405
0.00431405
0.00431405
0.00431405
0.00431405
0.00431405
0.00431405
0.00431405
0.00431405
0.00431405
0.00431405
0.00431405
0.00431405
0.00431405
0.00431405
0.00431405
0.00431405
0.00431405
0.00431405
0.00431405
0.00431405
0.00431405
0.00431405
0.00431405
0.00431405
0.00431405
0.00431405
0.00431405
0.00431405
0.00431405
0.00431405
0.00431405
0.00431405
0.00431405
0.00431405
0.00431405
0.00431405
0.00431405
0.00431405
0.00431405
0.00431405
0.00431405
0.00431405
0.00431405
0.00431405
0.00431405
0.00431405
0.00431405
0.00431405
0.00431405
0.00431405
0.00431405
0.00431405
0.00431405
0.00431405
0.00431405
0.00431301
0.00431301
0.00429161
0.00431405
0.00431405
0.00431405
0.00431405
0.00431405
0.00431405
0.00431405
0.00431405
0.00431405
0.00431405
0.00431405
0.00431405
0.00431384
0.00430752
0.00417634
0.00431379
0.00430672
0.00417435
0.00431338
0.0043017
0.00414759
0.00431338
0.00430164
0.00414566
0.00430841
0.0042739
0.00404191
0.00431405
0.00431396
0.00428493
0.00431404
0.0043134
0.00426634
0.00431404
0.00431329
0.004264
0.00430852
0.00427425
0.00404424
0.00428391
0.00421071
0.00389803
0.00431405
0.00431381
0.00428287
0.0043139
0.00430861
0.00418758
0.0043139
0.00430864
0.00418958
0.00431371
0.0043054
0.00416168
0.00431371
0.00430542
0.00416083
0.00431291
0.00429764
0.00413072
0.00431301
0.0042985
0.00413272
0.00430088
0.00424698
0.00395062
0.00430142
0.00424895
0.00395719
0.00422639
0.00414038
0.00389675
0.00431405
0.00431403
0.00430151
0.00431401
0.0043118
0.00423524
0.00431402
0.0043122
0.00424069
0.00431401
0.00431175
0.00423327
0.00431384
0.00430756
0.00418097
0.00431378
0.00430645
0.00416929
0.00431357
0.00430364
0.00415355
0.00431314
0.0042995
0.00414043
0.00430972
0.00427984
0.00407561
0.00431405
0.00431401
0.00429209
0.0043079
0.00427207
0.00403539
0.004302
0.00425105
0.00396664
0.0043016
0.00424962
0.00395955
0.00428805
0.00421681
0.00395192
0.00431376
0.00430624
0.00416483
0.00431378
0.00430673
0.0041712
0.00431383
0.00430754
0.00417864
0.00431383
0.00430748
0.00417337
0.00431388
0.00430859
0.00418869
0.00431383
0.00430765
0.00418085
0.00431388
0.00430858
0.0041871
0.00431376
0.00430623
0.00416329
0.00431369
0.00430512
0.00415746
0.00431362
0.00430411
0.00414986
0.00431369
0.00430507
0.00415535
0.00431339
0.00430147
0.00413408
0.00431345
0.00430211
0.00413994
0.00431359
0.00430372
0.0041477
0.00431353
0.00430301
0.00414209
0.00431331
0.00430063
0.00413207
0.0043105
0.00428267
0.00407203
0.00430898
0.00427601
0.00405104
0.00430203
0.0042512
0.00396882
0.00431402
0.00431221
0.0042426
0.00431403
0.00431243
0.00424913
0.00431403
0.00431244
0.00425112
0.00431386
0.00430785
0.00418299
0.00431394
0.00430953
0.00419504
0.00431377
0.00430635
0.0041673
0.00431357
0.00430365
0.00415489
0.00431268
0.00429602
0.00412523
0.00431307
0.00429899
0.00413842
0.00430786
0.00427229
0.004056
0.00430883
0.00427615
0.00406452
0.00430809
0.00427318
0.00405808
0.00430946
0.00427871
0.00407348
0.0043089
0.00427633
0.00406653
0.00430402
0.00425918
0.00402134
0.00430118
0.00425049
0.00400285
0.00430072
0.00424914
0.00400055
0.00428693
0.00421418
0.00394948
0.00428286
0.00420489
0.0039419
0.00431397
0.00431023
0.00420463
0.00431397
0.00431023
0.00420602
0.00431384
0.00430751
0.00417741
0.00431397
0.0043102
0.00420272
0.00431395
0.00430972
0.0042007
0.00431378
0.00430648
0.00417235
0.00431342
0.00430213
0.00414959
0.00431243
0.00429429
0.00411694
0.00431244
0.00429434
0.00411853
0.00431338
0.00430163
0.00414441
0.00431227
0.00429322
0.00411491
0.0043121
0.00429218
0.00411287
0.00430707
0.00426913
0.00402526
0.00430724
0.00426972
0.0040276
0.00430834
0.0042738
0.0040396
0.00430689
0.00426856
0.00402292
0.00430672
0.004268
0.00402058
0.00431405
0.00431397
0.00428672
0.00429893
0.00424417
0.00399067
0.00429831
0.00424237
0.00398834
0.00431405
0.00431356
0.00426858
0.00431405
0.00431386
0.00428036
0.00431404
0.00431328
0.00426201
0.00430867
0.00427477
0.00404658
0.00429185
0.00422322
0.00389996
0.00431405
0.0043138
0.00428014
0.00431399
0.00431098
0.00421556
0.0043139
0.00430859
0.00418599
0.00431391
0.00430887
0.00419161
0.00431371
0.00430543
0.00416333
0.00431362
0.0043043
0.00415886
0.00431287
0.00429736
0.00412872
0.00431304
0.00429873
0.00413472
0.00431164
0.0042894
0.00410348
0.00429933
0.00424523
0.00399287
0.00429992
0.00424684
0.00399627
0.00431405
0.00431404
0.00430271
0.00431405
0.00431403
0.00430082
0.00430104
0.00424754
0.00395261
0.00430123
0.00424823
0.00395485
0.00431402
0.00431218
0.00423734
0.00431402
0.00431219
0.00423908
0.00431401
0.00431173
0.00423072
0.00431397
0.00431032
0.00420991
0.00431397
0.00431026
0.00420784
0.00431384
0.00430752
0.00417896
0.00431394
0.00430954
0.00419629
0.00431394
0.00430957
0.0041988
0.00431378
0.00430645
0.00417051
0.00431351
0.00430299
0.00415157
0.00431254
0.00429501
0.00412243
0.00431247
0.00429454
0.00412055
0.00431323
0.00430025
0.00414243
0.0043119
0.00429091
0.00410875
0.00431198
0.00429143
0.00411081
0.00431005
0.00428149
0.00407947
0.00431004
0.0042814
0.00407772
0.00430759
0.00427092
0.00403209
0.00430742
0.00427032
0.00402992
0.00430809
0.00427276
0.00403739
0.00430638
0.00426691
0.00401602
0.00430654
0.00426743
0.00401825
0.00430623
0.00426643
0.00401402
0.0043019
0.00425073
0.00396427
0.00430177
0.00425024
0.00396191
0.00431405
0.00431398
0.00428966
0.00429641
0.00423718
0.00398046
0.00429725
0.00423945
0.00398395
0.00429775
0.00424084
0.00398605
0.00431405
0.00431359
0.00427367
0.00431405
0.00431357
0.00427034
0.00431405
0.00431361
0.00427589
0.00431405
0.00431362
0.00427807
0.00431404
0.00431326
0.00425915
0.00431399
0.0043113
0.00422204
0.00431376
0.00430627
0.00416683
0.00431376
0.00430641
0.00416901
0.00431383
0.00430751
0.00417663
0.00431383
0.00430749
0.00417503
0.00431385
0.00430793
0.00418306
0.00431388
0.00430855
0.00418526
0.00431376
0.00430622
0.00416177
0.00431371
0.00430542
0.00415962
0.00431369
0.00430503
0.00415199
0.00431369
0.00430506
0.00415384
0.00431339
0.00430149
0.00413563
0.0043134
0.00430162
0.00413779
0.00431359
0.00430366
0.00414559
0.00431359
0.00430366
0.00414421
0.00431321
0.00429975
0.00413027
0.00430882
0.00427536
0.00404888
0.00430204
0.00425132
0.00397056
0.00431403
0.00431242
0.00424759
0.00431403
0.00431232
0.00424447
0.00431403
0.00431258
0.0042532
0.00431398
0.00431061
0.00421197
0.00431399
0.00431096
0.00421401
0.0043139
0.0043086
0.00418498
0.00431394
0.00430952
0.00419362
0.00431372
0.00430565
0.00416532
0.00431358
0.00430377
0.00415688
0.00431285
0.00429729
0.00412693
0.00431305
0.00429877
0.00413641
0.00431185
0.00429072
0.0041067
0.00431184
0.00429066
0.00410522
0.00431137
0.00428794
0.00410059
0.00430767
0.00427159
0.00405411
0.00430871
0.00427579
0.00406239
0.00430836
0.00427426
0.00406024
0.00430909
0.00427711
0.00406958
0.00430925
0.00427781
0.00407143
0.00430164
0.00425191
0.00400514
0.0043003
0.00424791
0.00399831
0.00428568
0.0042114
0.00394686
0.00428432
0.00420834
0.00394429
0.00431405
0.00431404
0.00430568
0.00431405
0.00431404
0.00430773
0.00431405
0.00431404
0.00430747
0.00429397
0.00422448
0.00391472
0.00429395
0.00422436
0.00391262
0.00431402
0.00431236
0.00424644
0.00431401
0.00431177
0.00423102
0.00431402
0.00431243
0.0042486
0.004314
0.00431143
0.00422873
0.004312
0.00429069
0.004097
0.00431116
0.00428591
0.00408152
0.00430994
0.00428004
0.00406304
0.0043111
0.00428568
0.00407928
0.00430988
0.00427986
0.00406075
0.00425021
0.00416824
0.00391664
0.00431405
0.00431353
0.00426779
0.00431404
0.00431323
0.00426574
0.00430297
0.00425593
0.00401254
0.00430527
0.00426324
0.00403088
0.00430514
0.00426292
0.00402866
0.00430283
0.00425566
0.00401056
0.00430212
0.00425343
0.00400728
0.00431405
0.00431402
0.00429545
0.00431405
0.00431402
0.00429745
0.00411167
0.00402902
0.0039067
0.00429193
0.00422585
0.00396289
0.00430359
0.00425709
0.00398718
0.00430358
0.00425701
0.00398516
0.0043031
0.00425544
0.00397812
0.00429441
0.00422588
0.0039184
0.00429379
0.00422379
0.00390578
0.00431401
0.00431155
0.00422751
0.00431012
0.00428176
0.00408145
0.0043103
0.00428262
0.00408443
0.00431095
0.00428591
0.00409033
0.00427827
0.00419591
0.0039181
0.00431405
0.00431389
0.00428568
0.00430556
0.00426412
0.00400622
0.00431405
0.00431401
0.00429461
0.00431405
0.004314
0.00429168
0.00429482
0.00423305
0.00397343
0.00429106
0.00422371
0.00396038
0.00429437
0.00423195
0.00397127
0.0042937
0.00423051
0.00396769
0.00431405
0.00431387
0.00428228
0.00431401
0.00431183
0.00423732
0.00431401
0.00431195
0.00423962
0.00431404
0.00431292
0.00425714
0.00431403
0.00431284
0.0042549
0.00431169
0.00428891
0.00409052
0.00431153
0.00428794
0.00408828
0.00431034
0.00428186
0.00406991
0.00430927
0.00427721
0.00405431
0.00430463
0.00426104
0.003995
0.00430533
0.00426332
0.00400388
0.00430481
0.00426167
0.00399699
0.00430287
0.00425464
0.00397589
0.00429498
0.00422774
0.00392087
0.00429378
0.00422386
0.00390519
0.00431405
0.00431356
0.00427432
0.00431405
0.00431356
0.00427602
0.004314
0.00431111
0.00422001
0.004314
0.00431122
0.00422543
0.00431399
0.00431108
0.00421733
0.00431123
0.00428719
0.00409866
0.004311
0.00428605
0.00409241
0.00430373
0.00425824
0.00401924
0.00427705
0.00419352
0.00391533
0.00430017
0.00424442
0.00394513
0.00429395
0.00422442
0.00391626
0.00429389
0.00422419
0.00391018
0.00427979
0.00419833
0.00392993
0.00427992
0.00419851
0.00393251
0.00427957
0.00419802
0.00392723
0.00427927
0.00419745
0.00392477
0.00431402
0.00431234
0.00424356
0.00429772
0.00423632
0.00393104
0.00429829
0.00423813
0.00393331
0.00431401
0.0043118
0.00423324
0.00431403
0.00431281
0.0042509
0.00431399
0.00431133
0.00422645
0.00431397
0.00431061
0.00421347
0.00431397
0.00431064
0.00421574
0.00431393
0.00430954
0.00419771
0.00431393
0.00430955
0.00419934
0.00431397
0.00431059
0.00421153
0.00431397
0.00431058
0.00421002
0.00431389
0.00430892
0.00419551
0.00431388
0.00430869
0.00419346
0.0043121
0.00429132
0.0041001
0.00431219
0.00429194
0.00410197
0.00431273
0.00429568
0.00411477
0.00431269
0.0042954
0.00411258
0.0043128
0.00429621
0.00411696
0.00431289
0.00429693
0.00411914
0.00431197
0.00429053
0.00409494
0.00431126
0.00428643
0.00408378
0.00431005
0.00428051
0.00406535
0.00431103
0.00428543
0.00407714
0.00430972
0.00427924
0.00405847
0.00429568
0.00422969
0.00392558
0.00429707
0.00423419
0.003929
0.00431405
0.00431353
0.00426927
0.00431405
0.00431354
0.00427105
0.00431404
0.00431322
0.00426286
0.00430733
0.00427038
0.00404895
0.00430743
0.0042707
0.00405099
0.00430318
0.00425654
0.00401473
0.00430725
0.00427029
0.00404677
0.00430684
0.00426865
0.00404459
0.00430545
0.00426381
0.0040331
0.00430489
0.00426217
0.00402652
0.0042762
0.00419324
0.00392047
0.00430051
0.00424571
0.0039473
0.00429945
0.0042419
0.00394043
0.00429981
0.00424317
0.00394279
0.00431405
0.00431404
0.00430431
0.00431405
0.00431403
0.00429961
0.00431405
0.00431402
0.0042966
0.00429282
0.0042281
0.00396537
0.00430394
0.00425851
0.00398951
0.00430423
0.0042596
0.00399167
0.00430346
0.00425667
0.00398281
0.0043033
0.00425614
0.00398046
0.00429384
0.00422392
0.00391592
0.00429381
0.00422394
0.00390775
0.00431401
0.00431173
0.00422949
0.00431046
0.00428338
0.00408625
0.00431066
0.00428438
0.00408826
0.00428201
0.0042033
0.00393788
0.00428114
0.00420142
0.00393529
0.0042786
0.0041962
0.00392073
0.00431405
0.00431389
0.0042878
0.00431405
0.004314
0.00429008
0.00430576
0.00426482
0.00400854
0.00430593
0.00426541
0.0040107
0.00429907
0.00424061
0.00393806
0.00429868
0.00423934
0.00393568
0.00429535
0.00423439
0.00397578
0.00429589
0.00423582
0.00397819
0.00428948
0.00422001
0.00395568
0.00429024
0.00422175
0.00395793
0.00431401
0.00431181
0.00423511
0.00431402
0.00431233
0.00424181
0.00431403
0.00431282
0.0042528
0.00431399
0.00431131
0.00422445
0.00431399
0.00431127
0.00422014
0.00431398
0.00431082
0.00421799
0.00431393
0.00430959
0.00420328
0.00431393
0.00430956
0.00420115
0.00431393
0.00430972
0.00420554
0.00431394
0.00430998
0.00420779
0.00431388
0.00430861
0.00419041
0.00431247
0.00429378
0.00410626
0.00431232
0.00429274
0.00410407
0.00431263
0.00429493
0.00410844
0.00431269
0.00429534
0.00411062
0.00431311
0.00429876
0.0041253
0.00431313
0.004299
0.0041273
0.0043131
0.00429871
0.00412348
0.00431301
0.00429797
0.00412131
0.00431192
0.00429029
0.00409274
0.00431138
0.00428711
0.00408604
0.00431019
0.00428114
0.00406764
0.0043108
0.00428412
0.00407522
0.00430946
0.00427805
0.00405628
0.00430518
0.00426287
0.00400154
0.004305
0.00426228
0.00399921
0.00430263
0.0042537
0.00397389
0.00429521
0.00422823
0.00392332
0.00429339
0.0042235
0.00390322
0.00431405
0.00431357
0.00427814
0.00431404
0.00431294
0.00425939
0.00431404
0.00431322
0.00426146
0.00431404
0.00431293
0.00425743
0.00431404
0.00431292
0.00425507
0.004314
0.00431112
0.00422144
0.004314
0.00431113
0.00422332
0.00431112
0.00428657
0.00409658
0.00431103
0.00428614
0.00409449
0.00430344
0.00425734
0.00401699
0.00430624
0.00426651
0.00404029
0.00430652
0.00426748
0.0040424
0.00430565
0.00426446
0.00403517
0.00430601
0.00426569
0.00403836
0.00430453
0.00426089
0.00402458
0.00427639
0.00419337
0.00391275
0.00431405
0.00431404
0.00430663
)
;

boundaryField
{
    topAndBottom
    {
        type            calculated;
        value           nonuniform List<scalar> 
72
(
0.00431405
0.00431405
0.00431405
0.00431405
0.00431405
0.00431405
0.00431405
0.00431405
0.00431405
0.00431405
0.00431405
0.00431405
0.00431405
0.00431405
0.00431405
0.00431405
0.00431405
0.00431405
0.00431405
0.00431405
0.00431405
0.00431405
0.00431405
0.00431405
0.00431405
0.00431405
0.00431405
0.00431405
0.00431405
0.00431405
0.00431405
0.00431405
0.00431405
0.00431405
0.00431405
0.00431405
0.00431405
0.00431405
0.00431405
0.00431405
0.00431405
0.00431405
0.00431405
0.00431405
0.00431405
0.00431405
0.00431405
0.00431405
0.00431405
0.00431405
0.00431405
0.00431405
0.00431405
0.00431405
0.00431405
0.00431405
0.00431405
0.00431405
0.00431405
0.00431405
0.00431405
0.00431405
0.00431405
0.00431405
0.00431405
0.00431405
0.00431405
0.00431405
0.00431405
0.00431405
0.00431405
0.00431405
)
;
    }
    inlet
    {
        type            calculated;
        value           uniform 0.00431405;
    }
    outlet
    {
        type            calculated;
        value           nonuniform List<scalar> 
24
(
0.00431405
0.00431405
0.00431405
0.00431405
0.00431405
0.00431405
0.00431405
0.00431405
0.00431405
0.00431404
0.00431368
0.00430843
0.00430877
0.00431405
0.00431405
0.00431405
0.00431405
0.00431405
0.00431405
0.00431405
0.00431405
0.00431405
0.00431405
0.00431405
)
;
    }
    wing
    {
        type            calculated;
        value           uniform 0.00256758;
    }
    front
    {
        type            empty;
    }
    back
    {
        type            empty;
    }
}


// ************************************************************************* //
