/*--------------------------------*- C++ -*----------------------------------*\
| =========                 |                                                 |
| \\      /  F ield         | OpenFOAM: The Open Source CFD Toolbox           |
|  \\    /   O peration     | Version:  5.x                                   |
|   \\  /    A nd           | Web:      www.OpenFOAM.org                      |
|    \\/     M anipulation  |                                                 |
\*---------------------------------------------------------------------------*/
FoamFile
{
    version     2.0;
    format      ascii;
    class       volScalarField;
    location    "100";
    object      p_rgh;
}
// * * * * * * * * * * * * * * * * * * * * * * * * * * * * * * * * * * * * * //

dimensions      [0 2 -2 0 0 0 0];

internalField   nonuniform List<scalar> 
6584
(
12.8782
13.7399
14.7692
16.3054
18.2653
20.7859
23.8434
27.4753
31.334
35.1961
38.0195
38.6707
36.2755
30.9185
23.661
15.8754
8.66452
2.38963
-2.72045
-6.76984
-9.84666
-12.1908
-13.7376
-15.0014
12.5759
13.5198
14.4877
16.0096
17.9226
20.4381
23.5253
27.323
31.446
35.7818
39.0947
40.1097
37.6703
31.851
24.0183
15.6308
8.10488
1.69656
-3.39357
-7.3761
-10.3499
-12.6431
-14.0828
-15.451
11.9269
12.8897
13.7419
15.181
16.9726
19.4412
22.5974
26.85
31.5426
36.0125
41.8877
45.0785
43.6454
37.0945
27.4831
14.6547
6.3924
-0.319216
-5.31349
-9.05885
-11.7497
-13.8396
-15.0618
-16.4141
11.0755
11.9727
12.6569
13.9201
15.4858
17.7694
20.9347
25.6227
31.9602
38.1919
47.2919
54.0875
53.5535
43.8298
29.9085
16.8231
3.34361
-3.68139
-8.37198
-11.6293
-13.8446
-15.562
-16.4689
-17.6583
10.0877
10.8373
11.294
12.255
13.4375
15.2569
18.0889
22.7653
28.5558
39.4597
53.4885
67.7919
69.6805
52.9168
30.5782
12.981
1.37164
-9.03142
-12.8486
-15.0878
-16.5586
-17.6914
-18.1815
-19.0693
9.02
9.54241
9.71099
10.2202
10.8118
11.6462
13.5828
16.3997
23.8278
35.4353
55.1541
89.5104
105.948
71.986
26.4733
3.40589
-8.00427
-16.1698
-18.5522
-19.3069
-19.7651
-20.1038
-20.0845
-20.54
7.95385
8.18607
8.03003
7.97263
7.8268
7.3558
7.8201
9.26485
12.3894
20.9499
45.1308
106.301
198.136
80.703
13.4246
-16.123
-22.0908
-25.5785
-25.3283
-24.0553
-23.2325
-22.5999
-22.0092
-21.9278
6.97978
6.89352
6.42114
5.76182
4.80992
2.89671
1.17663
0.349403
-3.43153
-6.92071
-2.15733
28.5733
4.91248
-41.7373
-47.8628
-41.1286
-36.2639
-32.4739
-28.8416
-26.59
-24.9104
-23.7477
-23.0765
6.17992
5.79456
5.07091
3.8942
2.2367
-0.894642
-4.77209
-8.49527
-19.5877
-39.0464
-69.052
-148.42
-218.594
-122.338
-83.6987
-60.7585
-46.0692
-38.6675
-32.8976
-29.3448
-26.7225
-25.0787
-23.8397
5.6125
4.99764
4.14327
2.66149
0.613463
-3.07091
-8.18522
-13.9278
-28.6708
-55.9536
-102.635
-211.07
-332.352
-175.384
-106.599
-73.8549
-52.2762
-42.4186
-35.3988
-31.0063
-27.7471
-25.807
-24.1052
5.29759
4.55848
3.72076
2.21367
0.202293
-3.18875
-8.14717
-14.1249
-27.0837
-49.904
-88.6346
-165.476
-305.36
-174.259
-106.938
-75.7328
-53.1082
-42.839
-35.8401
-31.2674
-27.8103
-25.8141
-23.8203
5.21179
4.46211
3.77192
2.49288
0.893323
-1.54192
-5.15571
-9.70949
-17.0437
-27.7188
-44.3252
-65.4014
-195.754
-130.315
-87.6854
-66.8986
-48.7311
-40.0524
-34.2379
-30.1336
-26.9037
-25.0917
-23.003
5.29653
4.6306
4.16745
3.2686
2.28527
1.05308
-0.696989
-3.06333
-4.2389
-2.81329
1.8987
26.3716
-67.0757
-71.4107
-59.8122
-51.9683
-40.9521
-35.0617
-31.06
-27.8866
-25.2035
-23.7386
-21.7351
5.47667
4.95307
4.73478
4.24862
3.89466
3.73364
3.72354
5.22344
6.00818
14.4542
28.1612
70.7527
163.342
16.5045
-24.5902
-34.5452
-36.3998
-32.1258
-29.1942
-27.0221
-24.9562
-22.961
-21.9271
-20.1411
5.67985
5.31889
5.31257
5.17593
5.31083
5.84528
6.8631
9.22152
11.8168
20.5603
33.943
56.717
64.9325
29.5493
-3.71771
-17.7032
-22.5638
-23.9419
-23.5062
-22.803
-21.7701
-20.446
-19.848
-18.3494
5.84967
5.64259
5.78984
5.90199
6.34338
7.24481
8.67146
11.5059
14.1318
20.3473
28.992
38.6823
38.4809
18.8164
3.96807
-8.37592
-15.4738
-17.648
-18.6408
-18.8661
-18.6529
-17.9046
-17.6829
-16.4979
5.95074
5.87228
6.11108
6.37348
6.96071
7.98136
9.45089
12.0504
15.6146
17.5864
23.2658
27.5343
24.1536
14.4486
4.57175
-3.5138
-9.97771
-12.8543
-14.6493
-15.4274
-15.7934
-15.4699
-15.5462
-14.6618
5.96644
5.98488
6.26186
6.59098
7.20541
8.14261
9.47707
11.1672
14.4503
15.0083
18.8838
18.0785
16.2773
9.29488
1.21245
-1.14558
-6.48182
-9.37176
-11.5019
-12.5428
-13.2787
-13.2468
-13.5323
-12.9084
5.89474
5.97882
6.25556
6.5903
7.16629
7.91086
9.0786
9.94461
12.542
11.6415
15.5816
12.9767
10.513
8.18664
0.669396
-0.233678
-5.00539
-7.01287
-9.15529
-10.2007
-11.1343
-11.2775
-11.6931
-11.2827
5.74313
5.86615
6.12023
6.42402
6.93855
7.46691
8.48391
8.7864
10.8862
9.70782
12.2573
10.6028
8.85374
6.80049
1.18404
0.361168
-3.88572
-5.26322
-7.37447
-8.30246
-9.32963
-9.5619
-10.0484
-9.80355
5.52382
5.665
5.88601
6.13985
6.58803
6.91511
7.79486
7.7224
9.40127
8.14809
9.69823
8.19983
6.93903
5.56411
1.30645
0.689581
-2.98478
-3.94347
-5.98546
-6.75564
-7.81699
-8.0815
-8.59775
-8.47537
5.25019
5.39435
5.57918
5.77607
6.16008
6.31623
7.06987
6.75308
8.08177
6.82107
7.89958
6.4606
5.46084
4.5484
1.18664
0.80515
-2.34245
-2.97397
-4.89703
-5.49832
-6.55291
-6.81217
-7.33069
-7.29398
4.93525
5.07215
5.22205
5.3631
5.68852
5.71023
6.35162
5.88776
6.94582
5.72987
6.51197
5.23396
4.41286
3.75674
1.04048
0.832001
-1.87679
-2.25542
-4.03707
-4.47734
-5.49737
-5.72822
-6.23109
-6.2501
4.59048
4.71424
4.83259
4.92387
5.19727
5.12011
5.66364
5.12239
5.97013
4.83275
5.40036
4.29168
3.6016
3.12455
0.898404
0.817412
-1.52513
-1.7124
-3.34815
-3.64523
-4.6143
-4.80446
-5.28077
-5.33202
4.2253
4.33352
4.42442
4.47465
4.70227
4.55761
5.01557
4.44656
5.12712
4.09493
4.50476
3.55577
2.9485
2.60895
0.761305
0.778515
-1.25522
-1.29743
-2.78986
-2.96464
-3.87297
-4.01728
-4.46092
-4.52675
3.84737
3.94008
4.00765
4.02636
4.21348
4.02817
4.41027
3.84769
4.39085
3.46938
3.75977
2.95903
2.41014
2.19308
0.640448
0.729688
-1.04543
-0.978232
-2.33357
-2.40586
-3.24804
-3.3461
-3.75408
-3.822
3.46271
3.54159
3.58951
3.58645
3.73723
3.53291
3.84711
3.31439
3.74386
2.93265
3.13895
2.46739
1.98554
1.869
0.537808
0.67702
-0.881347
-0.731625
-1.95712
-1.94531
-2.71985
-2.77383
-3.14503
-3.20591
3.07601
3.1438
3.17502
3.15891
3.27677
3.0705
3.32328
2.83792
3.17372
2.47376
2.61813
2.06838
1.64422
1.58072
0.425357
0.61657
-0.750579
-0.537075
-1.64137
-1.56251
-2.26893
-2.28302
-2.61768
-2.66625
2.69073
2.75058
2.76747
2.74587
2.83398
2.63874
2.83624
2.4087
2.66482
2.07608
2.16895
1.72997
1.34901
1.33575
0.326831
0.558075
-0.646293
-0.384388
-1.37572
-1.24306
-1.88238
-1.8611
-2.1602
-2.19338
2.30975
2.36483
2.36945
2.34868
2.40931
2.23444
2.38294
2.01602
2.20227
1.72192
1.77345
1.43806
1.09159
1.12748
0.239286
0.500786
-0.562943
-0.264141
-1.14997
-0.974456
-1.54845
-1.4966
-1.76148
-1.77807
1.93547
1.98828
1.9823
1.96728
2.00229
1.85472
1.95791
1.65203
1.77762
1.40069
1.42059
1.18425
0.867942
0.946351
0.156956
0.441443
-0.497017
-0.169514
-0.955514
-0.7468
-1.25718
-1.1795
-1.41164
-1.41171
1.5697
1.62198
1.60719
1.60048
1.61375
1.49399
1.55417
1.30671
1.3786
1.09939
1.10093
0.962562
0.67986
0.786492
0.0755649
0.374964
-0.448068
-0.0969894
-0.785899
-0.55179
-0.999337
-0.900976
-1.1018
-1.08674
1.21345
1.26539
1.24414
1.2474
1.24326
1.15003
1.1736
0.97757
1.00249
0.811112
0.80773
0.765019
0.524599
0.638113
-0.00522869
0.29952
-0.409353
-0.0410957
-0.632247
-0.382161
-0.766497
-0.653674
-0.824114
-0.796543
0.870264
0.921569
0.896574
0.909887
0.890503
0.820314
0.805999
0.630378
0.6013
0.486877
0.527143
0.610603
0.476472
0.510984
-0.11499
0.173847
-0.406458
-0.00702214
-0.488506
-0.231264
-0.548432
-0.429769
-0.569844
-0.534687
0.528985
0.571252
0.548673
0.566321
0.545624
0.502216
0.480168
0.351502
0.301431
0.233011
0.277799
0.423625
0.354716
0.332648
-0.165261
0.0928223
-0.327321
0.0289859
-0.328267
-0.10246
-0.338908
-0.231874
-0.336075
-0.299719
0.246638
0.292462
0.276381
0.309757
0.283902
0.253725
0.154776
-0.23107
-0.539083
-0.619573
-0.155055
0.636149
1.39066
0.280302
-0.753686
-0.533152
-0.63102
0.0284359
-0.154404
0.0536263
-0.100916
-0.0204567
-0.0920336
-0.0700122
-132.734
-211.867
15.8916
-209.298
-354.969
-238.566
-175.89
-340.357
-362.578
-78.3298
-223.668
-328.455
16.7523
-79.5045
-205.696
69.6761
183.981
177.743
24.2982
-62.5278
50.8317
196.83
44.7169
102.386
-54.0145
-116.328
22.3307
-142.752
126.271
-194.891
-116.158
-40.065
-98.8672
-189.598
-130.739
-184.732
-267.113
-222.06
-433.619
-343.987
-325.591
-192.478
-139.818
-96.1309
-162.855
-191.339
-205.784
-283.552
-296.266
-489.079
-492.304
-315.108
-204.239
-201.821
-56.6577
-75.587
-153.444
-130.307
-155.991
-218.008
-341.467
-424.99
-211.444
-158.377
-196.904
-161.54
-245.399
-82.6001
-88.1951
-141.658
30.2816
-51.3265
62.2662
73.2184
166.626
72.5798
43.0208
28.8015
-213.468
-121.575
-72.7863
-134.514
-229.86
88.1289
-116.32
-336.363
-167.147
-120.405
-159.956
-326.362
-294.74
-271.803
-193.212
-280.882
-303.694
-238.12
-279.9
-487.148
-438.194
-318.445
-423.972
-483.447
-333.329
-419.836
-302.056
-225.997
-277.61
-200.296
-287.426
-231.261
-303.31
-291.34
-429.038
-485.614
-365.494
-484.516
-420.057
-486.846
-487.554
-369.146
-151.491
-84.5248
-225.769
-161.096
-251.414
-335.876
-271.321
-333.204
-250.945
-415.452
-338.829
-286.609
-6.48216
41.965
-75.2705
-14.305
-63.7287
-149.499
-239.696
-159.763
-151.21
97.1856
117.148
47.7271
93.3075
85.5604
38.4568
-48.8582
-102.189
78.4754
-19.3179
276.247
-8.45815
12.1227
-63.7005
-27.6036
-16.5894
-75.4261
8.66577
-46.1765
11.0312
-28.0301
-70.8866
174.844
-83.7964
107.215
-132.062
-85.9081
-84.3005
-146.933
-117.565
-121.164
-82.8913
33.3098
56.2997
-77.5672
-40.2745
-53.3058
-103.011
-133.178
-148.092
-66.0945
59.6619
89.8643
-54.3417
20.6281
-15.9125
319.622
201.646
118.196
157.039
221.006
324.564
-56.5255
-32.8981
-66.1405
251.197
-28.5107
6.79735
-399.251
-390.507
-500.836
-499.417
-378.872
-385.403
-196.204
-164.139
-202.871
67.8468
16.7014
-47.5487
5.97329
-14.0266
-211.184
-184.97
-253.205
-216.346
-256.313
-198.041
-205.303
-91.9282
-38.9773
-111.487
-200.554
-269.295
-259.926
-294.978
-295.19
-258.746
-260.475
-465.418
-464.399
-460.68
-393.163
-369.033
-416.074
-399.673
-463.142
-381.993
-318.973
-279.302
-360.405
-330.386
-388.348
-265.113
-260.296
-305.145
-303.174
-460.516
-462.985
-461.659
-405.651
-419.515
-380.379
-399.817
-458.478
-496.448
-427.32
-419.998
-422.995
-427.654
-497.132
-125.895
-123.311
-126.822
-164.388
-82.7777
-121.771
-113.608
-199.358
-168.699
-189.736
-291.781
-298.08
-379.856
-348.473
-373.149
-313.363
-339.827
-374.459
3.24955
30.4103
-47.9841
-41.3405
-77.5164
-3.35915
-36.4149
-39.2762
-35.1593
-1.19976
-100.612
-102.812
-54.5082
-158.943
-109.571
-113.07
-109.458
130.309
149.39
206.266
93.8762
123.493
207.469
114.764
72.9914
489.468
24.6314
54.3481
20.8367
50.9235
80.7939
46.6632
106.115
79.5084
88.9019
255.436
36.0472
-9.03522
-15.7845
51.3103
60.6301
254.679
158.13
149.827
64.6801
78.852
128.765
125.231
211.998
476.674
323.386
206.657
312.335
375.533
492.777
-251.656
-208.762
-227.348
-422.979
-368.599
-365.853
-295.04
-249.219
-243.408
-250.983
-252.554
-296.766
-496.365
-495.153
-357.642
-408.888
92.9428
76.3706
-2.06907
13.8474
56.766
116.154
95.0956
109.901
-8.45039
-69.1244
163.661
-309.266
-336.937
-364.047
-239.09
-193.881
-128.411
-264.351
-211.912
-260.9
-287.26
-244.104
-252.066
-229.961
-243.305
-284.102
-288.583
-309.788
-300.557
-328.201
-326.803
-300.014
-297.94
-291.934
-271.462
-480.17
-448.795
-440.092
-411.888
-402.881
-450.958
-441.62
-476.178
-237.896
-225.826
-257.558
-278.867
-295.644
-312.326
-305.929
-333.031
-329.522
-316.139
-326.465
-297.299
-443.278
-477.24
-475.86
-445.996
-452.153
-412.208
-413.925
-435.997
-491.821
-458.888
-451.6
-455.926
-459.151
-493.915
-268.573
-276.534
-257.021
-341.98
-330.467
-320.914
-295.929
-276.119
-304.12
-237.291
-266.316
-284.692
15.6298
29.3579
0.937099
52.5211
33.2075
22.5017
144.171
154.601
68.7658
83.7136
59.6828
130.248
141.515
115.289
98.7773
92.867
379.425
140.976
19.0645
-15.908
-11.6389
18.1128
-20.9023
-23.8097
46.1907
30.2127
244.064
-21.3013
7.54252
-105.796
-99.0268
42.7947
48.6966
42.9345
48.7149
41.1509
60.5757
51.4223
45.8994
-61.3997
-55.8403
-74.5905
-81.7997
72.1639
77.4106
64.1545
83.9189
101.074
-128.824
-107.333
-30.0157
-187.362
-129.428
-152.142
-419.143
-372.057
-497.88
-499.038
-362.473
-403.569
-187.091
-185.808
-203.709
-161.557
-179.731
-180.235
-235.278
-253.708
-209.476
-228.214
46.4585
65.1267
84.9644
26.3283
56.4904
40.3362
63.1126
29.8799
-233.439
-203.688
-224.652
-167.206
-195.574
-225.577
-249.869
-260.581
-230.539
-245.997
-159.314
-120.208
-157.413
-177.107
-191.033
-308.266
-329.046
-301.777
-308.973
-258.569
-205.5
-300.54
-272.827
-222.171
-255.823
-297.808
-319.825
-313.58
-289.255
-316.546
-322.303
-310.796
-312.36
-331.105
-329.874
-321.758
-328.345
-299.991
-324.998
-320.383
-282.546
-292.819
-264.178
-278.118
-302.484
-308.169
-295.179
-301.821
-270.292
-290.533
-283.93
-479.305
-450.399
-427.72
-414.697
-445.457
-473.841
-440.384
-429.446
-277.756
-290.709
-274.439
-300.303
-287.007
-316.16
-304.906
-265.535
-247.364
-282.098
-269.87
-333.92
-332.841
-304.852
-335.392
-338.608
-332.016
-336.525
-329.735
-317.918
-335.848
-332.459
-300.25
-328.642
-332.652
-447.691
-471.052
-433.83
-441.603
-471.35
-442.919
-419.211
-429.321
-462.903
-458.598
-494.252
-495.439
-461.972
-461.423
-141.593
-142.279
-139.488
-124.379
-160.207
-144.789
-148.984
-99.3729
-97.8398
-85.0149
-119.208
-103.25
-105.438
-220.698
-205.262
-241.39
-225.937
-183.114
-180.03
-165.137
-200.384
-185.15
-189.954
-300.152
-283.373
-274.92
-283.654
-299.076
-259.206
-276.547
-303.984
-315.253
-324.087
-305.053
15.478
21.1717
10.9561
38.1704
25.1997
19.3234
39.9502
-20.2226
5.6225
-15.3271
-138.319
-135.825
-155.343
-109.823
-129.635
-131.2
-130.116
-137.282
159.497
181.859
107.627
125.438
155.532
122.7
29.1765
-17.3602
24.7782
-3.19755
33.703
66.8036
638.077
463.598
373.809
521.236
557.201
661.915
93.7725
183.541
134.58
-179.343
-204.167
-245.478
-429.424
-431.536
-436.407
-494.024
-492.67
-194.023
-173.999
-192.18
-425.976
-420.755
-420.153
-251.035
-232.65
-228.238
-182.11
-139.75
-172.258
-254.465
-241.196
-220.381
-194.762
-241.781
-210.459
-244.322
-270.058
-258.202
-483.13
-442.434
-446.858
-442.557
-468.696
-465.881
-480.4
-394.655
-386.224
-408.245
-249.864
-218.798
-201.997
-241.933
-256.585
-244.363
-433.656
-431.607
-428.402
-483.483
-481.942
-466.915
-469.491
-488.636
-473.457
-471.362
-472.325
-474.914
-490.816
-217.198
-223.706
-237.269
-400.484
-390.614
-401.605
-205.503
-196.3
-226.616
152.068
153.63
115.066
92.1377
74.4581
151.15
151.905
68.7498
100.365
65.6559
-6.07795
14.8737
-116.395
-81.6393
-86.9338
-88.3268
-72.235
-71.0084
-76.3167
-39.0944
-44.3097
-45.5023
-101.348
-95.3333
-96.2598
98.5111
82.3049
76.027
213.492
327.057
284.208
-79.6984
-96.9504
-78.6957
-47.6044
-201.488
-182.241
-4.68895
71.9528
93.776
-409.573
-413.101
-406.331
-383.337
-396.779
-403.178
-504.111
-499.589
-384.959
-378.957
-372.767
-392.21
-396.41
-390.852
-200.504
-205.262
-163.777
-169.638
-169.262
-210.062
-214.914
-222.033
-226.23
-208.687
-219.311
-245.424
-246.04
-251.669
-192.08
-201.806
-224.705
-272.658
-277.807
-255.917
-258.397
-256.464
-65.0843
-109.405
-144.441
-133.905
-125.937
-139.87
-185.285
-234.58
-223.257
-281.667
-273.479
-246.953
-281.622
-282.369
-468.888
-463.483
-353.999
-341.165
-362.582
-404.585
-376.947
-366.162
-249.418
-260.886
-273.244
-455.71
-464.586
-481.041
-480.546
-496.141
-498.374
-481.878
-481.37
-130.744
-132.056
-130.762
-125.41
-164.437
-159.639
-160.26
-204.071
-218.769
-208.877
-214.324
-209.577
-242.409
-238.905
-173.238
-174.115
-169.215
-205.215
-201.02
-370.033
-380.148
-395.359
-359.88
-351.381
-360.622
-56.5214
-55.4201
-45.7766
-75.7818
-65.4647
-61.7513
-82.0804
-85.2134
-103.101
-59.87
-73.5113
-75.2943
-153.708
-151.18
-157.585
-116.412
-107.709
-153.604
185.623
187.379
199.594
121.253
107.713
121.158
104.36
137.349
125.631
116.983
194.36
160.087
91.3083
110.238
92.8102
174.682
357.32
83.5356
54.1559
57.2303
191.885
192.551
220.602
69.4929
69.3064
64.6454
79.4798
74.2806
74.0646
215.639
173.39
163.816
361.324
504.474
464.554
-427.102
-428.423
-426.073
-371.4
-373.137
-366.978
-385.85
-375.058
-496.705
-492.79
-362.009
-365.679
-348.752
-355.447
-414.401
-414.071
-408.43
85.8746
90.6076
97.972
79.8439
84.6782
79.6686
-345.529
-344.163
-335.264
-360.37
-352.497
-355.099
-480.388
-446.053
-448.245
-449.293
-477.917
-463.452
-461.118
-439.644
-434.776
-439.401
-482.825
-460.959
-464.234
-479.721
-476.821
-474.975
-489.881
-492.962
-476.985
-478.268
-337.444
-338.787
-343.102
-329.065
-333.73
-333.798
156.238
159.821
142.011
146.394
134.55
141.668
137.003
121.215
113.183
109.081
114.569
121.035
103.021
107.465
103.938
80.0338
56.6411
45.0249
113.915
325.741
282.367
351.542
167.181
200.322
250.576
-2.24064
-4.26944
-13.2907
14.1563
5.06425
7.23265
-36.2606
-37.1757
-44.7606
-21.9662
-30.0637
-29.1414
58.8812
78.7064
19.8893
-75.8638
-106.864
-35.9834
-40.7739
-111.748
-93.8669
-92.2756
-98.4031
44.3909
46.3227
37.7741
40.6043
43.6616
-60.4177
-65.7249
-66.8645
-42.8232
-37.6575
-48.3083
-50.4999
-49.1349
-55.0435
-73.2959
-66.6793
-67.6411
-64.7091
-71.8281
-51.5028
-58.1111
-89.2211
-88.3026
-80.9464
89.2912
90.5761
84.8913
103.244
96.6881
95.0121
-136.504
-107.733
-103.358
-172.563
-180.65
-160.103
-413.743
-413.358
-419.221
-424.715
-394.518
-392.013
-405.392
-398.623
-501.512
-500.923
-377.502
-382.594
-369.19
-373.069
-367.353
-373.769
-369.147
-403.959
-399.919
-398.137
-390.349
-187.982
-194.926
-174.609
-175.508
-181.609
-242.197
-242.385
-235.052
-253.635
-249.231
-248.416
-215.447
-216.578
-210.925
-228.431
-222.043
-221.489
-220.585
36.2785
32.4147
22.8927
51.8239
40.5768
-224.905
-233.28
-240.351
-239.138
-229.507
-213.312
-222.746
-266.94
-268.891
-274.881
-271.133
-256.765
-256.062
-264.055
-163.413
-148.105
-159.817
-124.288
-197.402
-186.698
-178.857
-318.406
-302.508
-291.531
-325.152
-315.125
-327.866
-331.408
-319.288
-240.387
-242.261
-260.661
-224.462
-239.889
-224.002
-288.704
-273.492
-280.446
-284.576
-320.204
-322.934
-312.342
-314.946
-315.013
-313.829
-312.803
-330.103
-329.039
-322.97
-325.369
-287.843
-293.405
-287.592
-295.226
-294.579
-290.824
-267.852
-280.385
-278.092
-286.69
-283.399
-272.311
-284.287
-286.607
-303.822
-305.514
-304.475
-311.189
-308.046
-305.819
-297.725
-300.935
-297.743
-305.451
-305.656
-300.581
-473.394
-457.695
-296.396
-296.671
-298.994
-286.263
-292.292
-292.06
-312.125
-301.319
-304.491
-307.924
-260.023
-260.687
-266.952
-248.604
-254.055
-253.715
-277.726
-277.005
-281.008
-270.891
-273.678
-273.697
-336.046
-337.686
-334.794
-337.568
-324.721
-320.734
-333.309
-332.276
-451.081
-467.127
-495.93
-480.047
-478.575
-479.8
-481.106
-497.381
-135.685
-141.841
-136.366
-137.461
-155.279
-154.293
-148.061
-226.083
-219.721
-215.405
-220.6
-226.234
-236.335
-240.934
-244.181
-231.601
-236.202
-230.966
-235.911
-232.253
-184.921
-179.325
-178.024
-196.545
-190.161
-294.872
-291.189
-297.041
-279.335
-285.381
-289.573
-290.535
-295.122
-264.369
-263.191
-258.064
-270.284
-316.897
-316.504
-323.227
-302.962
-309.552
-310.682
17.5214
16.2864
20.0753
8.40832
12.5538
14.4297
34.5628
31.3811
34.7034
23.9256
27.8268
29.5589
35.1657
-22.2932
-17.3645
-32.5152
-27.2179
0.282828
-1.4966
3.46891
-12.1628
-6.18395
-5.44018
-136.944
-144.14
-145.774
-123.21
-144.9
165.208
172.514
113.978
119.865
110.758
131.788
125.542
119.699
130.214
137.462
143.027
129.259
56.1261
75.3707
61.0126
83.2526
95.5311
71.1697
94.9023
77.7497
63.2604
67.7866
43.1714
41.7839
29.5062
41.6023
45.0344
50.6191
89.5711
79.7577
110.228
178.738
106.473
179.643
106.452
83.969
81.8315
32.0753
39.914
20.6083
4.22727
13.1813
8.63969
9.26377
36.4333
13.5399
41.0781
88.3759
102.463
167.754
149.498
282.402
210.486
168.521
82.4798
48.0632
58.2926
-23.7656
-25.9594
-8.14834
-23.7611
-45.5089
-3.49029
-19.501
-23.0383
-0.718966
3.82891
6.5277
36.4959
-81.4585
-76.3537
-24.0518
-103.109
-73.9112
-48.6634
-50.2737
-83.0928
-57.6993
-81.8957
-100.957
-85.5506
-162.399
-182.223
-167.224
-276.772
-214.678
-167.517
-167.336
-117.565
-98.0629
-55.658
-82.0699
-86.3199
-103.447
-124.492
-124.486
-211.262
-235.258
-234.962
-338.15
-268.748
-257.572
-179.901
-133.728
-129.845
-40.0067
-50.2206
-76.0161
-79.3054
-91.4196
-103.531
-154.412
-167.247
-180.192
-269.725
-226.501
-248.672
-144.046
-118.067
-129.378
-14.8093
-9.96016
-40.0116
-52.511
-53.5015
-68.2356
-146.961
-132.751
-170.644
-86.0967
-82.9765
-101.835
7.10791
19.2725
-1.14096
-24.2497
-44.2437
-67.1919
-33.8471
-45.947
-63.6969
18.5508
26.5161
22.5866
34.8539
55.1499
58.7771
70.7635
88.6805
104.432
124.75
113.054
125.567
30.4905
1.34418
-17.9441
-10.8909
-19.8242
-31.2175
21.0416
27.7448
27.9112
32.3616
35.168
51.1931
42.2248
45.3668
69.2536
43.0765
30.8729
40.2761
19.2404
9.61429
3.88567
1.95912
-6.7951
-12.0453
25.9922
28.1903
33.7484
33.1455
31.4247
40.5788
28.2368
25.6204
28.3747
16.4602
11.0292
10.7045
-150.002
-130.145
-114.779
-181.755
-203.158
-251.157
32.9015
-3.76933
-16.428
-232.701
-228.551
-205.518
-344.963
-382.471
-399.392
-265.087
-303.611
-262.253
-192.487
-203.798
-185.173
-350.728
-387.645
-368.889
-403.121
-411.483
-367.63
-83.1507
-97.1039
-91.2708
-239.591
-260.861
-234.066
-361.323
-338.313
-315.316
-97.0206
-98.1667
-79.1594
-216.2
-196.091
-187.361
104.082
89.7464
56.2032
205.885
187.847
171.989
167.005
168.65
202.937
-59.7336
-40.7152
-45.9444
104.005
167.74
95.3422
745.22
623.793
625.58
165.534
196.817
277.603
762.361
787.511
66.3486
90.5092
66.484
151.862
178.833
101.111
-66.9196
-45.678
-37.1137
-62.0464
-52.6327
-79.4933
5.19429
-23.5256
-41.5465
-109.741
-119.14
-176.849
151.204
107.57
89.657
-152.122
-94.7702
-111.298
-90.6496
-95.7057
-127.84
-33.4003
-63.3953
-65.0057
-120.576
-112.674
-91.8009
-173.429
-135.512
-144.819
-102.649
-121.427
-165.525
-206.107
-195.104
-174.315
-262.337
-248.101
-253.231
-207.238
-215.47
-229.109
-352.574
-361.76
-351.554
-254.689
-224.117
-291.986
-178.591
-205.263
-221.751
-157.608
-183.745
-161.043
-113.512
-120.681
-101.106
-183.627
-143.973
-134.746
-149.292
-148.965
-188.333
-228.902
-233.222
-209.335
-288.481
-270.877
-267.037
-278.784
-279.378
-297.284
-257.288
-265.194
-335.213
-207.589
-238.025
-232.798
-232.74
-238.196
-207.03
-63.1064
-77.7412
-68.4377
-110.658
-89.6588
-71.5905
-122.037
-106.731
-122.196
-139.747
-153.676
-142.554
-182.998
-165.624
-143.762
-209.865
-202.118
-210.453
-347.249
-353.817
-346.826
-183.611
-214.901
-256.071
-173.449
-193.417
-174.866
-223.07
-209.727
-186.581
-173.549
-179.104
-160.815
-247.658
-241.867
-240.002
-92.8012
-115.897
-130.823
-106.027
-112.962
-91.1103
-154.711
-133.554
-123.968
20.2283
27.5483
38.4677
-48.868
-35.7517
-38.8309
71.0891
82.9625
67.181
97.6762
87.9469
70.3218
142.486
120.328
126.65
62.1026
74.3612
94.8906
42.8121
64.5498
55.0654
72.0521
67.2809
42.4318
-204.063
-188.57
-198.389
-87.4516
-129.334
-169.351
-94.913
-107.548
-81.9796
-153.848
-184.663
-158.143
56.3046
60.3171
100.118
-132.964
-109.288
-94.0658
-328.077
-336.383
-344.477
-175.299
-192.529
-184.238
-129.055
-166.046
-152.893
-189.066
-175.705
-149.088
-295.409
-280.207
-297.884
-292.695
-276.222
-277.846
-257.783
-262.148
-276.479
-200.32
-222.768
-215.248
-284.439
-290.363
-287.574
-312.916
-311.864
-301.81
-285.356
-282.843
-276.249
-352.7
-376.28
-332.759
-428.922
-423.35
-416.87
-355.95
-327.536
-312.455
-414.094
-407.858
-415.443
-283.364
-314.455
-344.449
-234.078
-225.404
-217.908
-262.373
-257.387
-271.267
-193.495
-213.888
-222.326
-285.408
-292.891
-296.487
-234.984
-239.132
-235.478
-305.125
-314.732
-313.675
-300.061
-302.903
-292.835
-405.933
-393.529
-359.238
-415.405
-417.733
-424.368
-369.865
-411.921
-409.191
-141.901
-143.322
-158.265
-85.567
-95.2597
-93.9489
-218.836
-229.064
-230.867
-163.304
-178.361
-170.584
-256.779
-259.28
-253.538
-340.189
-334.647
-330.9
-295.806
-269.691
-255.645
-320.027
-311.192
-321.149
-246.156
-257.125
-262.34
-410.875
-407.115
-410.307
-331.354
-341.573
-354.86
-301.293
-329.853
-304.839
1.13764
3.87389
-3.94732
45.4892
38.9318
35.6129
-66.0267
-66.0023
-75.8465
-12.0481
-20.4395
-22.3996
-76.13
-74.9034
-61.9189
-154.591
-135.113
-137.285
-228.316
-224.257
-235.22
-154.846
-185.476
-194.56
-169.282
-176.359
-156.779
110.658
137.916
121.225
140.402
142.914
111.494
55.2938
59.5066
52.2043
70.479
108.52
114.676
-53.6751
-23.5272
-22.8775
-31.3514
-24.4011
-73.2553
49.4034
12.582
-4.23911
311.759
257.966
233.509
-18.0321
-17.5313
-1.39592
-53.1772
-34.9623
-28.907
-25.9382
-39.4279
-39.8807
-40.7791
-39.152
-24.5293
-70.9291
-54.5966
-49.1801
0.372805
2.98301
11.7114
-45.3876
-38.0672
-38.8814
-9.33179
-24.8014
-12.7071
129.835
140.424
193.812
-123.752
-94.0606
-56.751
4.08422
-9.64263
52.2496
-105.906
-34.0705
-32.6325
-50.8305
-45.1318
-87.5409
-110.996
-103.401
-85.9085
-135.331
-111.918
-119.806
-104.615
-111.327
-125.56
36.748
39.0614
35.8938
58.0304
54.5352
52.5124
-60.4671
-59.6777
-52.6192
-137.154
-117.603
-115.145
-112.932
-112.065
-144.186
-75.1573
-101.288
-101.32
63.8916
65.6265
61.6232
92.7738
87.8028
84.8226
-18.8716
-34.4106
-55.5173
3.2066
-14.669
-7.8444
-30.3337
-22.9178
-6.56115
274.373
318.911
431.942
189.441
279.447
251.425
197.392
277.03
179.885
181.437
216.755
187.935
270.461
319.164
220.192
442.511
358.89
292.72
-27.1574
-98.2881
-72.1686
135.763
133.384
183.932
-15.369
18.2108
9.11816
47.7411
58.8083
13.8886
-202.997
-185.213
-185.581
-210.035
-212.182
-207.173
60.2407
66.106
72.9826
20.1652
28.8412
25.1128
-25.473
-32.45
-46.2115
-4.29524
-18.4346
-17.9143
-26.4041
-22.5643
-9.38991
-212.754
-192.137
-170.468
-209.853
-236.411
-218.805
-188.823
-171.388
-182.419
-73.224
-95.0995
-111.138
-67.9099
-80.2667
-51.4748
-281.479
-292.478
-281.656
-246.749
-258.412
-270.546
-303.078
-301.355
-292.53
-297.51
-305.922
-304.352
-266.298
-263.228
-254.144
-264.809
-271.667
-268.813
-446.271
-443.259
-457.601
-385.575
-403.621
-411.813
-387.036
-394.519
-377.469
-411.158
-431.921
-437.429
-419.02
-425.799
-405.88
-466.298
-451.994
-448.909
-371.973
-363.917
-375.253
-306.53
-323.974
-336.428
-296.427
-310.788
-293.516
-351.02
-368.882
-378.18
-348.112
-358.961
-341.235
-394.456
-384.584
-376.785
-268.843
-272.7
-267.673
-257.44
-260.609
-264.529
-315.449
-315.693
-304.522
-303.203
-313.39
-314.396
-447.567
-450.476
-464.436
-410.741
-432.061
-425.767
-442.747
-437.861
-415.584
-386.856
-403.306
-394.815
-418.768
-411.087
-393.71
-454.092
-440.924
-444.402
-425.711
-449.231
-451.276
-442.197
-446.189
-423.424
-425.422
-449.856
-446.869
-452.113
-451.718
-427.187
-124.514
-138.426
-132.386
-88.2371
-88.3624
-83.2475
-120.246
-115.084
-116.67
-103.728
-105.37
-115.561
-180.121
-183.626
-199.047
-294.39
-289.042
-286.555
-303.614
-305.795
-300.004
-376.063
-380.904
-385.154
-356.856
-368.28
-359.178
-386.25
-377.38
-365.309
-322.315
-331.229
-321.457
-350.085
-340.872
-331.28
-369.597
-365.314
-369.785
7.50317
9.53001
5.33404
32.658
28.9801
26.7692
-47.1273
-56.4138
-56.9027
-46.3758
-47.5016
-42.379
-78.2537
-73.0277
-72.2688
-17.1106
-18.2019
-9.52101
-36.385
-27.1802
-21.7989
-30.72
-29.1287
-38.0501
-30.1035
-28.7547
-33.9196
0.722204
-4.0675
-5.81775
-100.177
-87.3173
-88.2611
-95.7943
-95.8325
-102.782
-55.4017
-62.6672
-61.5753
-109.454
-116.306
-116.713
-125.202
-124.755
-113.332
136.767
151.174
140.439
172.464
155.229
143.226
99.0534
102.861
97.6137
104.307
116.897
142.533
79.1024
85.7059
80.3366
47.305
35.4997
42.8493
13.0282
25.2356
41.3236
70.0572
60.712
70.1077
38.9905
50.1899
58.0718
99.5733
108.611
116.463
84.4854
98.7237
90.3726
112.909
102.655
88.6619
19.1399
15.3601
27.3358
-10.5449
2.73804
12.5614
-4.3967
-0.567938
-12.9784
227.009
241.638
298.671
160.651
179.504
179.966
162.532
173.402
156.908
132.444
149.543
144.36
149.325
151.874
132.134
280.766
206.257
203.455
432.242
465.525
592.284
319.189
383.811
375.271
316.245
410.474
296.3
341.041
385.093
354.233
424.268
492.376
383.714
611.47
536.371
470.112
-236.78
-242.78
-257.284
-216.723
-229.449
-223.131
-239.989
-234.609
-220.277
-358.518
-370.032
-379.851
-276.521
-274.18
-292.316
-249.177
-263.217
-265.089
-256.621
-259.965
-244.706
-253.469
-267.526
-266.536
-266.854
-267.216
-251.312
-297.432
-279.095
-278.301
-364.679
-360.012
-352.769
3.50781
16.0285
9.54613
31.8152
23.27
9.70815
47.2192
35.3712
43.8314
111.031
121.582
135.641
103.155
113.564
102.995
122.418
115.773
105.796
-17.4068
20.5134
23.7894
18.6038
21.1571
-25.6598
116.8
70.1828
52.8204
-320.135
-328.494
-320.306
-222.427
-199.84
-215.272
-171.665
-185.07
-207.029
-138.074
-162.523
-151.807
-248.476
-264.378
-280.71
-227.406
-246.846
-231.465
-281.002
-262.623
-243.273
-271.808
-274.33
-290.181
-248.611
-261.753
-258.803
-265.658
-263.601
-248.518
-236.208
-248.895
-244.294
-256.143
-252.395
-237.934
-280.523
-265.773
-269.117
-295.299
-292.778
-285.381
-307.168
-300.275
-302.117
-295.857
-298.132
-303.436
-327.433
-316.218
-317.055
-314.871
-315.707
-327.298
-302.065
-311.148
-309.952
-295.631
-291.364
-293.654
-287.134
-289.274
-293.616
-275.211
-280.866
-278.488
-431.521
-427.407
-433.827
-405.149
-415.505
-420.732
-446.825
-460
-462.937
-454.613
-457.578
-445.885
-235.503
-247.434
-251.989
-236.311
-241.804
-229.186
-264.707
-251.814
-245.916
-284.809
-288.599
-280.988
-300.702
-293.915
-290.532
-301.121
-297.733
-307.019
-315.865
-315.289
-304.495
-332.773
-320.182
-320.572
-318.06
-319.249
-331.162
-319.593
-306.907
-304.104
-312.569
-309.858
-323.1
-296.233
-305.862
-308.138
-447.315
-460.367
-457.582
-465.554
-463.29
-451.348
-424.858
-424.368
-408.275
-430.44
-424.362
-428.22
-455.503
-469.267
-471.345
-465.21
-467.676
-455.375
-456.27
-470.219
-468.255
-473.408
-472.298
-459.538
-271.41
-265.361
-262.974
-269.596
-266.713
-272.989
-255.055
-260.676
-262.959
-325.842
-329.096
-323.933
-290.099
-301.44
-306.734
-285.606
-292.097
-282.144
-311.63
-301.787
-294.978
-246.306
-252.003
-241.744
-272.191
-262.375
-256.749
-273.739
-268.247
-279.05
18.6779
11.3928
8.45828
17.0715
14.5186
22.0084
-1.17272
6.82289
13.2231
45.7365
42.3301
49.0898
29.2995
35.7281
39.0963
29.182
32.3776
25.7119
147.12
153.234
150.819
159.895
156.208
150.484
73.7173
66.4232
61.1785
75.4321
70.9391
78.6403
56.0636
63.461
67.4157
148.809
146.057
138.37
187.75
202.151
145.184
-14.2369
-5.67524
-7.7694
-31.5436
-30.6965
-22.6003
36.4978
86.4684
86.4194
212.399
145.339
153.282
-26.4409
-54.1755
-12.7494
45.0669
41.9941
39.5139
46.119
43.313
46.1426
57.2661
55.4848
59.0399
49.08
52.202
54.2682
49.4224
51.315
48.104
74.1061
69.6989
67.5946
72.7288
71.3443
75.8826
62.8371
67.0046
68.2787
-83.7568
-93.0164
-116.867
-38.6426
-67.3017
-58.7131
-168.961
-183.36
-205.049
-139.218
-162.837
-150.269
-386.901
-391.769
-377.6
-191.971
-193.735
-187.036
-205.456
-199.928
-197.963
-167.649
-168.262
-162.261
-180.645
-174.339
-173.705
52.4135
59.6396
54.5244
71.3004
65.9737
58.8414
79.4311
72.6679
78.0384
50.6297
41.6634
46.5193
31.8982
36.894
45.1442
-211.276
-221.047
-215.166
-232.553
-226.566
-218.092
-177.69
-191.722
-181.475
-208.238
-200.751
-186.955
-253.321
-267.767
-264.616
-236.27
-246.609
-238.902
-260.078
-252.485
-241.001
-147.286
-160.716
-176.325
-133.98
-146.315
-133.242
-170.35
-158.115
-144.292
-290.337
-302.648
-311.933
-233.182
-246.343
-236.256
-270.284
-257.522
-244.332
-281.172
-269.607
-283.937
-318.922
-307.563
-308.646
-304.103
-306.041
-316.661
-292.087
-299.637
-297.383
-308.81
-307.23
-297.694
-323.105
-312.021
-313.561
-309.489
-310.666
-321.497
-276.526
-273.97
-266.283
-288.746
-282.782
-285.148
-277.367
-280.21
-286.335
-422.686
-434.284
-438.274
-425.336
-430.23
-420.411
-452.203
-439.565
-435.351
-458.558
-455.162
-469.819
-435.762
-448.344
-451.894
-441.525
-445.185
-434.19
-282.275
-279.342
-275.336
-286.865
-283.259
-286.532
-272.269
-276.895
-280.603
-333.695
-320.561
-320.309
-320.505
-320.591
-333.128
-305.911
-316.013
-315.828
-310.351
-311.791
-300.726
-329.703
-316.259
-314.746
-319.197
-317.806
-331.035
-435.594
-447.5
-444.484
-454.022
-450.973
-439.954
-467.587
-453.703
-457.134
-432.869
-436.948
-448.739
-422.132
-432.814
-428.941
-440.779
-437.195
-427.147
-460.614
-474.893
-475.784
-472.703
-474.34
-461.535
-461.038
-475.571
-474.913
-475.858
-476.326
-463.189
-134.451
-135.347
-140.389
-125.066
-130.231
-129.45
-155.24
-156.426
-161.334
-145.831
-151.285
-150.083
-98.7224
-93.4283
-93.8437
-91.3921
-93.9005
-98.8847
-114.05
-114.846
-119.965
-104.218
-109.588
-108.68
-111.422
-109.814
-104.282
-210.163
-215.24
-210.21
-175.017
-176.572
-182.338
-166.241
-171.252
-170.026
-195.513
-200.033
-205.171
-188.153
-194.397
-190.415
-280.38
-283.342
-277.579
-318.156
-312.079
-310.023
17.3362
13.4436
11.5234
23.1424
25.1718
21.2462
-18.7104
-23.7246
-25.1559
-10.4677
-8.7029
-13.5964
-142.514
-143.332
-136.609
-156.131
-149.868
-148.997
-116.746
-116.663
-109.763
-130.059
-123.367
-123.126
-124.034
-123.164
-130.025
165.588
171.092
164.669
191.378
180.079
172.981
142.593
153.13
172.612
128.655
139.612
132.128
11.0059
32.8087
74.3469
0.604413
13.8507
-6.64019
47.5142
32.5381
19.3469
51.0338
43.4617
59.5572
593.652
622.536
688.464
455.192
530.247
526.145
430.97
515.494
426.936
570.746
658
679.99
607.818
646.757
572.754
722.233
704.911
652.094
179.268
139.443
147.783
97.5487
120.398
186.877
-238.119
-223.329
-230.498
-201.46
-194.012
-185.804
-245.205
-243.656
-249.387
-231.492
-237.657
-239.064
-233.874
-235.817
-229.828
-166.335
-178.049
-193.685
-250.04
-239.023
-244.763
-230.17
-236.164
-245.95
-211.853
-199.886
-182.357
-230.307
-215.295
-226.901
-195.877
-205.902
-219.902
-253.793
-250.246
-238.644
-266.168
-257.58
-261.147
-247.498
-253.429
-262.3
-412.012
-405.129
-398.925
-239.387
-232.671
-242.075
-214.569
-223.538
-229.805
-209.629
-216.436
-207.011
-246.834
-244.691
-239.685
-254.357
-249.694
-251.847
-240.783
-243.694
-247.922
-228.399
-224.797
-220.35
-234.646
-230.052
-233.102
-397.523
-401.38
-405.467
-201.996
-213.095
-216.819
-231.175
-220.778
-217.053
108.633
100.811
107.269
86.234
93.7207
100.54
81.7421
87.6119
80.576
80.0914
68.9146
58.2862
87.2049
78.5532
91.1124
92.8589
90.3988
95.5996
80.5261
85.4042
87.4611
80.8366
83.1697
78.4714
246.583
235.578
199.971
327.399
275.913
283.6
224.631
257.253
311.908
20.275
21.3273
-8.73532
90.0035
52.2914
44.6034
51.0688
54.801
95.5037
-223.747
-217.917
-216.22
-220.095
-219.192
-225.258
-207.558
-213.295
-214.337
-120.656
-102.726
-91.7889
-128.935
-112.986
-131.966
-279.514
-271.559
-274.573
-264.688
-268.379
-276.933
-252.011
-260.341
-256.804
-369.225
-359.26
-351.284
-395.722
-388.695
-399.621
-252.335
-256.319
-252.555
-264.918
-262.92
-258.788
-271.135
-267.077
-269.007
-208.908
-205.038
-200.556
-214.955
-210.456
-213.938
-390.508
-387.251
-391.67
-355.121
-359.452
-364.549
-57.5484
-52.2871
-51.3192
-67.0276
-67.8824
-62.568
-82.8569
-89.6168
-89.033
-102.877
-95.2411
-95.4836
-68.4372
-69.3799
-76.5143
114
107.807
102.979
115.811
111.089
116.088
100.826
106.132
110.291
133.723
127.324
131.617
119.57
124.367
130.012
97.3764
91.8607
85.6953
104.132
97.7018
103.506
85.2201
91.6995
99.1976
200.305
219.828
208.059
202.945
213.555
196.597
247.535
222.347
207.853
192.367
198.676
241.156
170.04
186.945
176.386
183.334
189.931
170.468
412.654
405.079
359.532
507.882
450.401
456.709
401.914
432.774
494.647
50.2781
55.6583
50.9805
60.3354
62.2756
55.0031
60.7944
55.9658
49.8874
48.0631
39.5311
37.3592
38.1689
46.2319
45.6049
29.6589
18.2847
21.2924
18.6206
22.5575
28.1023
96.1906
106.232
96.8917
120.309
114.771
102.118
-4.93828
-10.4098
-3.01002
4.94407
5.35325
15.0405
37.3164
47.4601
55.6755
220.28
214.375
194.391
-30.5977
-31.1235
-19.7653
-11.9896
-18.0004
-6.0907
-22.7906
-28.3522
-2.47743
-66.3509
-57.375
-43.9411
-25.4135
-36.4803
-28.6287
-240.089
-218.704
-198.863
-97.6875
-80.0704
-69.8138
-29.2167
-40.6189
-40.5669
-336.796
-310.02
-305.285
-109.687
-89.6616
-86.806
-22.8093
-30.2947
-36.922
-294.479
-276.464
-286.032
-99.1652
-83.4804
-88.3584
-10.6065
-12.7355
-21.8442
-31.9293
-33.0259
-48.0306
-179.633
-172.355
-187.163
-74.0593
-66.1292
-75.6952
1.52056
3.55438
-4.011
11.0173
17.8325
7.18514
35.4292
42.9215
33.2103
-46.3118
-45.5297
-55.7442
9.79297
13.5382
9.45748
32.3658
40.0341
37.0501
148.553
143.912
155.194
23.7201
11.2616
2.88173
-24.9361
-28.1674
-36.2223
13.62
17.3232
15.9549
51.3153
56.5496
64.1995
57.1595
52.4812
59.1161
27.5214
21.1075
20.6379
-12.2277
-16.4249
-21.8794
19.2205
23.4097
25.7599
4.53
-1.33593
-3.55735
20.8962
20.8295
24.3874
22.2316
22.3061
26.7961
19.7278
17.9957
21.7759
11.8275
10.4197
10.6765
22.7101
11.2817
6.40942
16.9294
29.0829
36.2999
64.0182
86.5089
69.6174
191.472
209.77
218.366
-99.5994
-87.1311
-103.612
-177.578
-154.48
-168.366
-185.466
-165.829
-171.87
-115.139
-129.239
-144.182
-298.804
-289.985
-316.474
-170.764
-154.621
-149.385
-171.466
-174.515
-192.262
-294.644
-301.602
-323.433
-139.953
-132.841
-143.778
-164.937
-160.475
-151.997
-201.597
-215.379
-226.609
158.373
147.423
151.118
41.311
45.2488
35.4713
-107.782
-124.548
-139.516
-317.067
-306.544
-317.765
-341.132
-331.955
-322.91
-328.232
-323.253
-328.085
-334.079
-338.887
-344.356
-157.866
-168.988
-171.39
103.013
110.431
105.235
100.057
93.8904
86.6711
48.6229
58.9967
49.62
-81.0875
-70.0145
-89.7336
68.2507
47.2459
51.5646
-5.03725
-18.5627
-19.8596
-24.4824
-26.1964
-18.4033
-75.0628
-66.5508
-66.5823
-40.3923
-33.6844
-19.6997
-69.7391
-50.4608
-54.7622
74.6432
60.8112
91.4835
-121.237
-92.4924
-101.227
-93.2546
-91.9135
-83.56
-143.368
-134.784
-137.854
-136.311
-135.405
-146.657
-68.3545
-80.4282
-78.2238
-42.3444
-45.4331
-57.5713
316.603
346.006
356.489
138.121
168.74
143.652
362.789
360.042
326.42
215.41
196.678
220.954
-40.3011
-41.3252
-48.7436
3.26667
-5.01796
-2.24078
-7.90371
-9.73394
-5.03379
-37.6836
-32.6505
-31.454
32.8577
26.3931
18.546
59.862
51.8605
43.5846
240.272
283.415
233.833
22.9854
18.9351
10.1928
-42.5839
-27.389
-52.34
136.391
108.295
123.06
24.8876
22.5968
26.6995
-1.04251
3.41835
5.20412
38.9767
28.7615
14.5922
7.59991
19.4039
7.87601
118.774
108.366
82.8188
114.083
128.941
155.986
-189.355
-201.966
-193.483
-216.911
-209.423
-195.179
-188.404
-195.1
-202.161
-179.718
-187.327
-180.186
-152.386
-164.756
-153.091
-184.883
-174.948
-161.026
-206.006
-209.967
-199.45
56.3344
67.5474
75.83
249.641
266.233
310.998
87.541
75.2604
74.4377
128.393
117.34
103.224
137.126
129.845
156.905
103.689
115.837
120.605
158.612
129.476
137.197
98.5756
115.028
127.063
93.514
103.095
90.8011
62.6804
64.1858
79.668
19.2842
35.5665
26.8253
80.38
49.6546
30.2988
70.6811
62.295
87.6032
164.361
143.826
142.453
268.028
239.701
249.423
196.472
219.297
240.34
182.631
199.602
182.347
-79.367
-53.7191
-51.7385
-252.798
-236.513
-259.434
-312.776
-312.307
-338.678
-254.173
-265.638
-282.516
-142.1
-157.307
-163.343
58.4877
49.0684
47.3856
46.9761
49.2538
60.2407
94.5175
86.2782
82.2324
92.2131
90.0403
100.04
128.971
134.589
136.759
117.764
126.625
121.014
138.754
132.974
122.494
19.7116
16.6909
28.6397
-4.49723
4.94639
8.94799
-8.83963
-0.796319
-9.81784
45.0576
42.7341
46.7515
43.6975
49.6649
46.4122
51.7724
50.8826
44.5864
66.1633
58.651
60.3903
39.686
45.4787
49.1735
33.6627
39.4652
34.4333
50.9553
45.0412
36.8702
-238.592
-223.021
-236.351
-389.022
-372.624
-364.101
-382.294
-375.009
-394.057
-278.948
-265.274
-250.245
-289.267
-275.378
-291.27
-382.061
-367.332
-370.244
-355.789
-359.574
-375.24
-407.038
-389.207
-383.326
-393.039
-388.776
-409.239
-354.122
-342.785
-347.46
-328.454
-333.888
-345.932
100.623
87.9328
90.7712
77.919
84.8432
97.3067
63.1619
72.8524
66.5735
197.297
195.402
191.417
190.226
191.654
190.273
158.772
108.601
83.6785
137.68
127.231
159.627
84.8049
103.632
114.408
176.842
193.806
178.931
227.327
210.693
187.77
246.584
232.506
256.622
163.485
145.734
139.188
150.04
148.651
171.787
105.537
126.091
124.16
-54.1418
-72.5131
-81.8165
-19.9116
-17.9998
-36.9842
-139.335
-130.333
-110.764
-166.301
-147.255
-158.05
-140.32
-130.392
-105.122
-154.522
-163.374
-180.627
-155.259
-137.633
-149.156
-305.285
-279.559
-266.938
-165.4
-162.517
-178.163
-190.756
-171.3
-171.212
-330.257
-307.25
-310.848
-102.839
-93.271
-99.1653
-133.026
-122.397
-113.853
-177.386
-169.005
-173.944
-159.05
-163.745
-171.59
-147.578
-155.525
-150.647
-241.763
-228.928
-241.767
-173.064
-172.198
-178.077
-160.066
-166.037
-166.928
95.5404
87.3759
88.1307
81.5357
86.2734
93.8942
135.421
143.998
152.645
131.092
136.146
127.925
139.298
138.666
134.5
82.5748
76.0943
69.4136
85.8813
81.9653
89.9004
72.6473
58.7538
55.9424
57.8589
58.939
70.3786
-140.976
-127.327
-115.244
-155.239
-139.717
-153.704
-176.505
-164.632
-174.055
-146.426
-158.023
-168.792
-361.265
-345.927
-335.353
-360.449
-350.797
-368.588
-346.263
-337.615
-348.314
-325.388
-310.612
-297.907
-329.392
-317.834
-334.806
-402.746
-385.19
-385.828
-377.251
-379.108
-398.025
-412.272
-393.521
-391.032
-390.753
-389.961
-410.781
-148.272
-146.435
-141.441
-156.337
-151.709
-153.342
-168.223
-165.971
-161.51
-175.549
-171.13
-173.346
-287.29
-280.422
-287.476
-309.997
-317.308
-323.239
-349.924
-344.849
-349.359
-321.929
-313.215
-319.217
-297.178
-303.732
-313.15
-148.272
-147.56
-153.828
-133.818
-141.112
-141.847
-164.897
-167.349
-156.633
-188.733
-178.183
-175.641
-183.092
-180.082
-191.014
118.63
114.585
105.805
132.743
123.512
127.908
113.099
118.63
127.129
144.114
133.426
131.191
131.24
132.831
144.486
82.166
87.2347
77.487
113.399
99.3207
94.3908
103.071
102.231
115.569
-22.4267
-48.0923
-57.5805
23.7562
23.5562
-0.0610209
-41.7831
-33.7118
-32.4838
-57.806
-58.0758
-49.7574
-0.373156
30.3091
39.5259
-81.8304
-86.5349
-112.89
-31.8301
-59.4536
-57.7336
-68.0271
-62.619
-31.7828
-109.033
-100.569
-102.238
-128.666
-126.12
-117.613
-112.944
-124.146
-124.546
-89.7849
-90.859
-101.788
294.873
320.324
296.648
359.205
339.186
308.398
390.199
371.465
402.179
275.445
247.781
245.475
239.21
199.137
162.145
238.468
224.057
265.549
164.047
191.399
206.856
292.446
272.498
253.48
283.435
278.665
306.776
214.847
248.497
251.234
428.886
390.678
398.091
339.355
366.289
395.458
312.394
341.382
319.388
-54.8986
-53.7855
-30.6334
-91.8318
-72.0793
-76.7084
130.481
161.847
176.126
-197.186
-196.21
-201.944
-184.283
-190.203
-191.227
-26.8448
-34.578
-33.116
-9.97009
-11.9408
-19.947
-206.024
-195.096
-203.332
-180.546
-189.491
-199.539
-230.663
-219.947
-226.745
-208.236
-215.784
-225.198
-136.047
-129.355
-134.617
-188.808
-185.385
-180.818
-195.265
-190.733
-194.074
-18.7891
-13.9333
-12.3893
-26.6453
-28.1081
-23.1676
147.186
140.941
145.435
134.24
138.334
143.854
165.412
156.428
163.587
148.279
153.542
160.268
125.075
117.249
109.042
131.811
122.208
132.895
111.493
101.953
101.652
168.816
175.537
186.921
155.609
144.394
136.761
513.089
487.48
440.935
539.398
528.535
566.297
366.727
317.731
269.619
354.042
346.513
397.973
456.66
436.152
466.474
608.312
559.26
555.104
503.039
536.268
576.433
126.9
124.142
131.253
25.6384
-1.72282
-13.1347
87.312
81.2262
54.6058
14.9758
19.1277
21.0653
9.19266
7.15658
11.41
44.7858
47.3391
43.5785
49.567
49.894
44.9823
48.4897
45.5337
41.2314
40.5165
35.3518
32.9308
39.6227
44.312
42.5249
30.4775
22.8441
23.7221
26.9053
31.3434
33.2411
9.06372
2.63913
7.17012
75.9805
63.5912
62.1344
4.02407
-3.99327
3.83092
-61.7004
-59.8928
-42.9207
-140.362
-125.269
-108.478
-180.742
-160.252
-152.977
-166.575
-150.362
-154.454
-115.975
-108.638
-119.703
-51.7646
-55.2818
-69.7455
-57.5115
-58.7427
-70.6922
72.8782
80.3101
80.6694
33.7354
37.0784
39.2248
14.4629
17.6467
17.6755
-5.51498
-9.31396
-12.8378
16.1744
19.1379
21.1419
3.57198
1.399
0.0845906
19.8163
13.0136
17.7018
12.4473
19.2751
19.1045
13.9124
12.4477
15.0898
3.48742
15.1877
10.1556
78.534
76.1148
65.8769
17.1634
0.13014
1.71139
-87.2875
-82.075
-71.8785
-83.6646
-98.7506
-98.5813
80.6329
80.9764
77.2181
70.6006
75.5803
78.8038
122.141
123.628
115.164
79.6662
90.1227
91.3282
2.49075
-1.29002
8.08011
-60.9049
-50.4436
-51.877
22.0546
8.08556
12.7507
31.5587
29.9074
39.7355
-11.3319
-3.82934
-1.56587
17.3979
32.9363
48.5039
88.9837
80.2692
75.4909
83.874
84.0783
94.2218
92.3619
81.9828
83.1822
70.0737
76.5942
85.437
60.6489
63.2069
54.4902
72.3526
74.2606
83.9553
158.879
159.551
176.313
178.249
160.543
159.431
37.5943
49.1567
45.3099
20.377
15.946
6.88136
57.1537
46.2738
33.4832
120.793
124.303
107.366
138.293
142.886
158.556
-28.1734
-15.3791
-8.46538
-31.6319
-25.5468
-37.5841
-3.29581
-14.9359
-17.5524
-94.2336
-75.839
-82.1662
-76.7749
-62.2407
-69.1492
-46.4369
-56.6734
-68.5872
-198.469
-217.426
-232.749
-183.008
-201.388
-185.89
-148.219
-135.444
-154.965
-85.7128
-71.2798
-70.027
-70.7536
-73.5874
-87.5097
-264.669
-287.966
-289.012
-281.171
-286.038
-265.067
-160.576
-159.293
-181.636
-59.7771
-52.0387
-45.0021
-64.4525
-59.782
-68.6721
-233.481
-249.017
-239.252
-266.561
-258.677
-243.825
-132.061
-140.353
-155.974
-36.3198
-28.1088
-29.7309
-83.2245
-95.4919
-101.035
-30.1099
-43.1416
-37.6383
40.6302
40.9828
33.4639
72.8483
77.4767
70.9569
42.1661
40.0072
41.4717
24.6287
20.6463
24.9435
-222.146
-211.233
-192.464
-254.498
-240.946
-252.401
125.635
106.627
90.6336
-132.337
-142.975
-163.934
-99.4125
-121.714
-114.822
-243.976
-266.885
-275.468
-245.497
-257.553
-237.765
-259.566
-279.684
-274.187
-287.237
-284.697
-265.894
-193.742
-204.364
-191.983
-228.032
-216.778
-206.184
-114.606
-113.048
-127.537
77.6682
76.5299
76.3401
75.7604
80.0149
75.1809
64.4371
70.7859
66.5682
59.2896
58.7857
56.4054
37.4774
46.3077
43.8325
-102.918
-113.032
-97.1823
-262.604
-270.522
-278.208
114.476
122.58
121.07
-43.6012
-45.5648
-21.9895
-80.6518
-63.2685
-57.4352
-19.9476
-9.97475
-7.43065
-40.2597
-39.9763
-29.6188
11.142
22.3668
-4.07519
76.1689
48.1018
32.0679
-92.6814
-101.916
-107.613
-128.136
-131.305
-139.317
-115.318
-123.114
-119.686
-123.156
-124.192
-113.565
-145.775
-134.955
-133.779
-103.283
-95.1069
-86.5266
-22.7985
-34.791
-30.6908
3.11635
-1.03143
-12.8933
216.139
219.212
189.658
233.586
246.591
267.101
16.3443
23.7522
25.6411
5.50277
2.78838
10.0818
63.785
48.0055
55.9737
173.943
145.761
153.602
166.474
152.073
141.918
142.153
153.269
168.928
66.9093
59.1402
70.6909
133.655
123.467
144.05
37.9609
40.9758
38.8678
29.0465
23.8754
22.1543
15.4317
9.85366
10.8112
-3.04662
-7.25731
-3.75921
12.8379
15.139
19.763
56.4787
64.0554
63.018
-14.3265
-16.7342
-11.5907
4.78709
4.56598
10.3228
109.843
125.376
123.169
-31.2647
-30.4005
-22.9341
-4.80699
-8.17537
-1.72656
-51.4755
-45.9325
-37.4921
-12.4257
-18.2247
-13.7518
-68.7209
-59.0267
-52.0707
-15.2462
-21.4609
-20.7348
-76.4579
-65.2515
-62.0359
-12.7181
-17.2936
-20.1243
-72.5445
-62.9827
-64.1474
-6.60896
-8.56524
-13.2249
-59.8984
-53.9793
-58.4315
0.309313
0.901758
-3.80735
-43.9703
-41.9192
-47.7456
-16.7646
-21.2918
-29.6529
-29.2737
-30.2903
-35.8269
37.7026
33.866
39.0725
36.364
29.5993
35.0047
-1.78049
-4.81673
-7.13935
122.294
125.934
107.35
8.35675
-1.77936
5.6806
15.6399
24.3029
29.0531
69.2104
64.9146
70.3293
60.512
55.0121
61.7328
45.4891
37.9149
34.8675
50.4033
50.8514
40.6975
11.1943
15.7061
26.2775
29.5981
23.9793
29.4922
65.7874
69.0624
87.0488
-58.25
-55.7125
-77.2677
-12.1447
-35.3101
-42.1692
-19.6268
-19.6358
-11.4076
-145.986
-151.808
-137.974
-178.76
-165.509
-159.224
13.5214
8.79952
14.661
-4.07726
3.21653
6.85828
-37.7564
-48.08
-44.9945
11.2108
11.5102
7.56122
39.5599
33.9774
38.5685
30.4834
25.0703
29.9643
-2.38553
-9.13403
-20.2235
36.0343
30.5726
39.348
92.2035
78.6323
75.2845
-499.619
-501.267
-506.478
-509.581
-516.909
-538.422
-503.041
-501.051
-507.225
-498.625
-497.482
-501.799
-123.237
-123.055
-123.699
-91.2564
-75.4424
-122.155
-254.568
-245.987
-275.247
-250.552
-243.111
-264.698
-127.912
-127.336
-127.877
197.688
184.79
117.403
-117.72
-113.378
-171.676
-478.054
-475.79
-479.958
-479.768
-478.237
-486.558
-512.988
-512.389
-517.131
-514.781
-515.976
-520.925
-474.924
-477.718
-490.2
-475.724
-478.166
-487.123
61.7218
61.1499
61.2095
53.0808
52.5685
52.9385
307.453
343.381
292.686
485.416
480.432
423.73
-384.613
-389.79
-413.002
-360.272
-354.476
-362.369
-385.407
-383.433
-393.739
-494.845
-494.658
-504.02
-507.986
-508.56
-512.916
-510.525
-510.463
-515.401
-491.444
-490.145
-498.706
-339.304
-342.797
-354.598
-105.354
-101.302
-174.593
-109.13
-108.59
-110.852
46.9069
47.3014
51.239
50.8018
50.2093
50.7709
16.3794
16.8918
15.9496
-338.209
-337.602
-339.96
-344.305
-349.474
-365.717
-330.871
-329.038
-332.027
-338.508
-341.074
-347.839
-328.511
-324.622
-327.512
-333.438
-332.251
-338.355
-329.526
-328.425
-331.728
-340.651
-341.269
-343.87
-348.005
-347.716
-354.455
-353.534
-358.447
-375.25
-345.44
-344.433
-347.93
-329.758
-329.62
-333.25
-344.19
-346.105
-358.768
-348.301
-347.589
-354.425
-347.202
-352.128
-367.423
-331.704
-335.103
-349.722
-195.388
-194.984
-197.649
-145.211
-144.399
-145.302
44.27
46.7744
53.9807
-361.798
-355.271
-370.88
-331.787
-327.06
-335.989
-332.896
-328.854
-345.888
-496.716
-504.378
-526.695
-472.024
-468.317
-472.876
-515.033
-519.988
-534.426
-512.306
-510.504
-516.063
-464.802
-466.277
-482.323
-482.609
-479.872
-483.846
-281.275
-279.689
-281.413
-304.557
-304.326
-306.086
-289.261
-288.352
-292.038
-331.386
-330.853
-336.224
-308.616
-308.323
-309.361
-190.521
-190.216
-191.732
-139.964
-138.679
-140.507
-132.286
-131.176
-132.152
28.879
28.974
26.1648
66.6531
69.4956
70.7475
-448.219
-448.651
-452.539
-443.606
-442.298
-446.09
-494.954
-494.821
-498.635
-456.794
-461.209
-474.001
-462.74
-467.139
-484.602
-507.275
-507.016
-515.691
-510.864
-512.601
-526.765
-438.811
-437.816
-441.063
-442.55
-440.002
-443.131
-496.669
-497.196
-502.12
-438.719
-441.973
-455.484
-432.089
-432.082
-440.967
-82.5017
-81.9363
-82.2505
-88.1767
-87.4795
-87.929
-118.72
-118.817
-119.706
-76.9295
-76.4799
-76.7122
-71.4192
-71.0366
-71.1997
-37.0828
-35.4272
-72.2395
-104.086
-104.311
-106.139
-98.1048
-98.7052
-102.357
-255.433
-231.564
-248.345
-231.905
-196.601
-232.933
-249.714
-241.164
-254.02
-133.075
-132.214
-132.904
179.596
177.329
163.682
-118.586
-113.101
-133.001
-438.802
-437.856
-452.961
-480.906
-480.487
-484.238
-482.771
-487.77
-508.236
-514.168
-513.066
-520.306
-523.796
-532.266
-557.191
-469.303
-468.532
-474.551
-475.397
-475.148
-478.19
-409.039
-412.235
-426.549
-110.376
-110.226
-110.705
-118.312
-117.503
-118.001
319.768
289.129
158.53
122.123
113.851
-62.9185
58.4888
57.9884
58.1566
55.6913
55.2319
55.5102
-373.832
-375.895
-388.627
-364.145
-361.742
-368.062
-384.163
-382.897
-387.348
-443.946
-443.918
-455.602
-442.007
-439.672
-445.026
-492.536
-490.703
-495.061
-459.309
-458.404
-461.698
-461.413
-460.168
-467.787
-505.509
-504.289
-508.832
-514.136
-519.118
-536.253
-451.68
-450.96
-456.158
-447.161
-443.216
-447.025
-500.28
-506.579
-527.909
-416.575
-414.931
-417.326
-423.145
-421.041
-424.893
-344.049
-343.337
-345.306
-340.261
-340.241
-342.495
-101.09
-100.394
-101.03
-94.3436
-93.6403
-94.3978
-115.54
-117.042
-122.318
-60.7759
-60.429
-60.5683
-66.0044
-65.6604
-65.7981
-55.3823
-54.913
-54.9237
47.4805
46.7258
48.298
48.8297
48.0966
48.9602
-9.42012
1.88968
-68.7234
-74.0487
-73.5515
-73.9057
-82.5246
-81.503
-82.1492
-90.4457
-89.8082
-91.3706
-224.291
-214.031
-241.303
-223.759
-222.458
-244.325
-220.003
-203.822
-228.104
-229.342
-213.229
-258.714
-249.21
-248.522
-261.201
-295.853
-296.217
-299.136
-337.896
-336.281
-339.289
-340.851
-340.188
-346.616
-331.404
-330.622
-333.009
-333.965
-334.409
-337.021
-336.797
-340.636
-355.725
-332.437
-334.237
-342.099
-345.055
-347.715
-354.187
-351.256
-356.886
-373.661
-350.062
-353.331
-362.521
-346.332
-346.792
-350.189
-331.98
-330.759
-334.303
-336.688
-335.03
-340.432
-344.47
-343.465
-347.368
-343.647
-344.12
-347.991
-327.689
-327.037
-338.152
-138.876
-137.866
-138.847
36.2969
37.0819
37.8831
-337.507
-335.085
-342.415
-351.475
-357.432
-376.387
-330.97
-329.431
-360.386
-443.942
-447.177
-464.793
-438.907
-437.244
-445.342
-485.621
-486.721
-490.883
-476.673
-477.73
-487.451
-518.231
-522.303
-539.463
-518.371
-518.334
-529.56
-465.368
-464.494
-470.349
-477.918
-476.41
-479.451
-412.325
-411.677
-414.029
-409.238
-409.294
-412.16
-399.484
-400.202
-406.283
-274.822
-273.42
-274.596
-301.112
-302.134
-306.573
-297.679
-299.923
-309.059
-316.504
-314.806
-316.403
-322.951
-321.077
-323.449
-149.167
-149.218
-153.91
-125.277
-124.411
-125.12
41.5936
42.994
42.1182
53.9608
56.0985
56.2629
655.862
679.363
672.951
819.731
896.569
968.476
874.955
956.602
1025.92
159.743
159.303
164.762
157.819
156.156
158.461
-275.329
-272.658
-283.64
-292.459
-295.293
-306.742
-276.837
-281.02
-304.676
-296.577
-299.586
-314.058
-248.51
-247.901
-249.227
-214.008
-213.421
-214.567
-171.881
-171.486
-172.343
-210.024
-209.997
-211.383
-167.843
-167.972
-169.111
205.115
201.075
191.278
-240.998
-231.85
-246.254
-257.882
-261.154
-299.521
-166.611
-166.629
-167.377
-212.691
-212.319
-213.068
-208.081
-208.159
-209.159
-161.874
-162.206
-163.272
-158.356
-161.15
-167.094
-77.5106
-48.5205
-165.638
3.06147
-6.16181
-113.28
293.238
329.292
-328.862
-23.1151
-23.1166
-26.1882
7.98713
9.09561
10.3903
15.0504
17.7493
24.2076
23.5915
23.2985
23.956
148.891
150.32
154.36
161.645
159.876
159.752
-410.578
-414.601
-435.42
-347.612
-347.052
-348.414
-356.437
-354.129
-356.579
-373.554
-374.96
-380.038
123.113
120.26
119.668
-181.036
-161.13
-208.91
-37.4073
-36.9692
-36.9677
117.065
123.087
37.002
64.1706
63.0828
17.8327
-52.3574
-52.0654
-52.3881
-12.8791
-11.9996
-13.1909
-45.8714
-45.8004
-46.269
-38.4827
-38.6596
-39.2018
-182.233
-179.709
-218.869
-285.558
-282.701
-291.178
-290.202
-291.421
-310.868
-275.29
-267.505
-294.967
-269.151
-260.775
-274.133
-240.675
-242.903
-252.967
-232.656
-231.547
-235.607
-188.03
-186.434
-188.328
-153.838
-152.762
-155.411
-11.2394
-10.9549
-10.7072
-31.9128
-31.405
-31.1487
-16.532
-16.4285
-16.1834
27.4976
27.3672
27.8543
144.594
148.502
156.944
164.885
162.447
161.095
-188.057
-178.526
-195.243
-182.125
-171.199
-199.126
-417.63
-417.297
-421.716
-412.667
-414.161
-431.362
-427.78
-432.226
-443.888
-391.372
-388.75
-392.448
-375.907
-375.706
-377.708
-183.223
-182.485
-183.719
128.192
122.455
113.453
69.1621
68.0747
66.0783
161.567
166.513
180.655
158.207
156.836
158.243
107.205
110.739
121.784
96.9754
97.1224
99.986
110.852
110.886
117.033
113.393
111.566
114.23
-270.273
-268.606
-273.46
103.271
103.061
101.156
97.2533
97.3916
97.2069
-286.258
-285.252
-289.598
-268.237
-266.061
-275.866
-294.27
-292.971
-299.135
-306.158
-304.211
-307.712
-308.063
-306.388
-312.842
-320.208
-322.124
-326.995
-316.25
-316.538
-319.121
-307.999
-307.433
-310.663
-311.041
-311.78
-315.253
-327.305
-333.065
-349.642
-325.024
-324.665
-331.628
-256.512
-254.095
-256.012
-262.269
-260.046
-262.994
-288.855
-286.929
-289.334
-284.407
-283.426
-285.466
-295.471
-293.336
-297.529
-303.887
-304.293
-314.057
-245.863
-244.856
-246.864
-218.925
-217.831
-219.154
-176.498
-175.619
-176.512
-207.149
-208.066
-211.782
-164.92
-166.334
-170.816
120.916
122.917
123.316
111.499
112.391
110.954
-237.335
-222
-243.745
-206.305
-210.96
-238.073
-259.765
-257.538
-270.669
-262.484
-262.313
-263.69
-267.075
-266.792
-267.585
-171.36
-170.981
-171.584
-258.194
-258.672
-261.054
-255.47
-258.15
-267.255
-217.972
-217.357
-218.162
-204.521
-205.758
-209.841
154.985
143.914
117.348
64.535
63.9978
63.3818
79.9251
80.0426
79.8685
74.5259
74.3837
73.7671
707.055
728.39
724.662
318.16
310.647
201.864
207.048
200.987
143.98
-32.5094
-34.8106
-41.4475
1.47986
2.04209
2.42684
-5.80174
-5.28964
-5.07608
17.6443
17.7231
20.152
20.067
19.547
20.5284
154.193
156.434
162.043
159.608
158.257
158.988
-401.099
-396.926
-403.175
-364.023
-362.851
-367.881
-372.084
-375.422
-387.675
83.5732
90.3721
100.745
90.54
91.2987
96.4006
114.95
114.153
114.965
-177.641
-157.119
-226.593
-168.845
-129.575
-203.869
-43.2388
-42.9796
-43.1661
-49.5681
-49.202
-49.2351
85.4104
85.5364
85.4751
91.1225
91.2227
91.132
-58.883
-58.4409
-58.7618
-66.1019
-65.6834
-66.1846
6.18525
7.06252
6.53148
-3.445
-2.62924
-3.37306
-283.884
-280.961
-285.792
-286.836
-281.232
-291.134
-265.179
-259.203
-267.665
-294.722
-293.224
-297.124
-309.392
-309.728
-322.07
-312.224
-314.488
-330.11
-313.485
-311.737
-315.064
-313.751
-312.86
-315.352
-316.709
-316.625
-324.175
-319.394
-325.849
-343.964
-320.803
-319.738
-322.229
-277.459
-279.928
-290.783
-269.963
-269.295
-275.52
-280.229
-282.608
-290.357
-281.236
-281.225
-283.462
-313.023
-310.145
-313.702
-314.916
-313.798
-317.542
-309.869
-308.289
-311.615
-308.957
-310.954
-322.05
-243.064
-243.424
-247.751
-224.893
-223.271
-225.178
-181.743
-180.409
-181.591
-204.485
-206.37
-215.668
-160.846
-162.04
-168.206
-26.0766
-25.2033
-23.6266
-21.2469
-21.0161
-20.4278
32.2297
32.5134
33.2831
134.897
139.144
146.122
168.034
162.079
149.655
-173.343
-161.311
-208.421
-299.453
-301.88
-335.747
-285.755
-274.259
-286.589
-302.389
-298.893
-317.424
-300.438
-297.938
-305.544
-412.087
-409.949
-414.613
-410.561
-407.787
-415.206
-384.518
-382.258
-384.433
-379.594
-378.334
-380.116
-176.887
-176.249
-177.017
-238.933
-237.475
-239.09
-247.18
-246.519
-250.063
-223.873
-223.418
-224.021
-231.974
-230.598
-231.589
-199.451
-200.382
-205.922
141.51
138.407
132.994
838.518
906.609
963.399
)
;

boundaryField
{
    topAndBottom
    {
        type            slip;
    }
    inlet
    {
        type            zeroGradient;
    }
    outlet
    {
        type            fixedValue;
        value           uniform 0;
    }
    wing
    {
        type            zeroGradient;
    }
    front
    {
        type            empty;
    }
    back
    {
        type            empty;
    }
}


// ************************************************************************* //
