/*--------------------------------*- C++ -*----------------------------------*\
| =========                 |                                                 |
| \\      /  F ield         | OpenFOAM: The Open Source CFD Toolbox           |
|  \\    /   O peration     | Version:  5.x                                   |
|   \\  /    A nd           | Web:      www.OpenFOAM.org                      |
|    \\/     M anipulation  |                                                 |
\*---------------------------------------------------------------------------*/
FoamFile
{
    version     2.0;
    format      ascii;
    class       volScalarField;
    location    "100";
    object      xf;
}
// * * * * * * * * * * * * * * * * * * * * * * * * * * * * * * * * * * * * * //

dimensions      [0 0 0 0 0 0 0];

internalField   nonuniform List<scalar> 
6584
(
0.0538899
0.0538899
0.0538899
0.0538899
0.0538899
0.0538899
0.0538899
0.0538899
0.0538899
0.0538899
0.0538899
0.0538899
0.0538899
0.0538899
0.0538899
0.0538899
0.0538899
0.0538899
0.0538899
0.0538899
0.0538899
0.0538899
0.0538899
0.0538899
0.0538886
0.0538886
0.0538886
0.0538886
0.0538886
0.0538886
0.0538886
0.0538886
0.0538886
0.0538886
0.0538886
0.0538886
0.0538886
0.0538886
0.0538886
0.0538886
0.0538886
0.0538886
0.0538886
0.0538886
0.0538886
0.0538886
0.0538886
0.0538886
0.0538873
0.0538873
0.0538873
0.0538873
0.0538873
0.0538873
0.0538873
0.0538873
0.0538873
0.0538879
0.0538879
0.0538879
0.0538879
0.0538879
0.0538879
0.0538873
0.0538873
0.0538873
0.0538873
0.0538873
0.0538873
0.0538873
0.0538873
0.0538873
0.053886
0.053886
0.053886
0.053886
0.053886
0.053886
0.053886
0.053886
0.053886
0.0538866
0.0538866
0.0538866
0.0538866
0.0538866
0.0538866
0.0538866
0.053886
0.053886
0.053886
0.053886
0.053886
0.053886
0.053886
0.053886
0.0538847
0.0538847
0.0538847
0.0538847
0.0538847
0.0538847
0.0538847
0.0538847
0.0538853
0.0538853
0.0538853
0.0538853
0.0538853
0.0538853
0.0538853
0.0538853
0.0538853
0.0538847
0.0538847
0.0538847
0.0538847
0.0538847
0.0538847
0.0538847
0.0538834
0.0538834
0.0538834
0.0538834
0.0538834
0.0538834
0.0538834
0.053884
0.053884
0.053884
0.0538843
0.0538843
0.0538843
0.0538843
0.053884
0.053884
0.053884
0.0538834
0.0538834
0.0538834
0.0538834
0.0538834
0.0538834
0.0538834
0.0538821
0.0538821
0.0538821
0.0538821
0.0538821
0.0538821
0.0538821
0.0538827
0.0538827
0.0538827
0.053883
0.0538831
0.0538831
0.053883
0.053883
0.0538827
0.0538827
0.0538821
0.0538821
0.0538821
0.0538821
0.0538821
0.0538821
0.0538821
0.0538808
0.0538808
0.0538808
0.0538808
0.0538808
0.0538808
0.0538808
0.0538814
0.0538814
0.0538814
0.0538817
0.0538817
0.0538817
0.0538817
0.0538814
0.0538815
0.0538808
0.0538808
0.0538808
0.0538808
0.0538808
0.0538808
0.0538808
0.0538795
0.0538795
0.0538795
0.0538795
0.0538795
0.0538795
0.0538795
0.0538801
0.0538802
0.0538802
0.0538804
0.0538805
0.0538805
0.0538805
0.0538802
0.0538802
0.0538795
0.0538795
0.0538795
0.0538795
0.0538795
0.0538795
0.0538795
0.0538782
0.0538782
0.0538782
0.0538782
0.0538782
0.0538782
0.0538782
0.0538789
0.0538789
0.0538789
0.0538792
0.0538793
0.0538793
0.0538792
0.0538789
0.0538789
0.0538783
0.0538782
0.0538782
0.0538782
0.0538782
0.0538782
0.0538782
0.0538769
0.0538769
0.0538769
0.0538769
0.0538769
0.0538769
0.053877
0.0538776
0.0538776
0.0538777
0.053878
0.0538781
0.0538781
0.053878
0.0538777
0.0538777
0.053877
0.0538769
0.0538769
0.0538769
0.0538769
0.0538769
0.0538769
0.0538756
0.0538756
0.0538756
0.0538756
0.0538756
0.0538756
0.0538757
0.0538763
0.0538763
0.0538764
0.0538767
0.0538768
0.0538769
0.0538768
0.0538765
0.0538764
0.0538757
0.0538757
0.0538756
0.0538756
0.0538756
0.0538756
0.0538756
0.0538743
0.0538743
0.0538743
0.0538743
0.0538743
0.0538743
0.0538744
0.053875
0.0538751
0.0538751
0.0538754
0.0538755
0.0538756
0.0538755
0.0538752
0.0538751
0.0538745
0.0538744
0.0538743
0.0538743
0.0538743
0.0538743
0.0538743
0.053873
0.053873
0.053873
0.053873
0.053873
0.053873
0.0538731
0.0538731
0.0538738
0.0538738
0.0538741
0.0538741
0.0487689
0.053874
0.0538742
0.0538739
0.0538739
0.0538732
0.0538731
0.0538731
0.053873
0.053873
0.053873
0.053873
0.0538717
0.0538717
0.0538717
0.0538717
0.0538717
0.0538718
0.0538718
0.0538718
0.0538725
0.0538725
0.0538728
0.0538725
0.0523346
0.0538726
0.0538726
0.0538726
0.0538719
0.0538719
0.0538718
0.0538718
0.0538717
0.0538717
0.0538717
0.0538717
0.0538704
0.0538704
0.0538704
0.0538704
0.0538704
0.0538705
0.0538705
0.0538705
0.0538712
0.0538712
0.0538711
0.0538712
0.0523846
0.053871
0.0538712
0.0538713
0.0538706
0.0538706
0.0538705
0.0538705
0.0538704
0.0538704
0.0538704
0.0538704
0.0538691
0.0538691
0.0538691
0.0538691
0.0538691
0.0538692
0.0538692
0.0538692
0.0538692
0.0538699
0.0538698
0.0538655
0.0530779
0.0538696
0.0538699
0.05387
0.0538693
0.0538693
0.0538692
0.0538692
0.0538691
0.0538691
0.0538691
0.0538691
0.0538678
0.0538678
0.0538678
0.0538678
0.0538678
0.0538679
0.0538679
0.0538679
0.0538679
0.0538679
0.0538685
0.0538609
0.0530822
0.0538682
0.053868
0.053868
0.053868
0.053868
0.0538679
0.0538679
0.0538678
0.0538678
0.0538678
0.0538678
0.0538665
0.0538665
0.0538665
0.0538665
0.0538665
0.0538666
0.0538666
0.0538666
0.0538666
0.0538666
0.053866
0.0535911
0.0534702
0.0538663
0.0538667
0.0538667
0.0538667
0.0538667
0.0538666
0.0538666
0.0538665
0.0538665
0.0538665
0.0538664
0.0538652
0.0538652
0.0538652
0.0538652
0.0538652
0.0538653
0.0538653
0.0538653
0.0538654
0.0538653
0.0538644
0.0535896
0.0534698
0.053865
0.0538654
0.0538654
0.0538654
0.0538654
0.0538653
0.0538653
0.0538652
0.0538652
0.0538652
0.0538651
0.0538639
0.0538639
0.0538639
0.0538639
0.0538639
0.053864
0.053864
0.053864
0.0538641
0.053864
0.0538628
0.0535881
0.0534693
0.0538636
0.053864
0.0538641
0.0538641
0.0538641
0.053864
0.0538639
0.0538639
0.0538639
0.0538639
0.0538638
0.0538626
0.0538626
0.0538626
0.0538626
0.0538627
0.0538627
0.0538627
0.0538627
0.0538628
0.0538627
0.0538613
0.0535866
0.0534685
0.0538621
0.0538627
0.0538628
0.0538628
0.0538628
0.0538627
0.0538626
0.0538626
0.0538626
0.0538625
0.0538625
0.0538613
0.0538613
0.0538613
0.0538613
0.0538614
0.0538614
0.0538614
0.0538614
0.0538615
0.0538614
0.0538598
0.0535852
0.0534677
0.0538607
0.0538614
0.0538615
0.0538614
0.0538615
0.0538614
0.0538613
0.0538613
0.0538613
0.0538612
0.0538612
0.05386
0.05386
0.05386
0.05386
0.0538601
0.0538601
0.0538601
0.0538601
0.0538602
0.0538601
0.0538584
0.0535837
0.0534668
0.0538592
0.0538601
0.0538602
0.0538601
0.0538602
0.0538601
0.05386
0.05386
0.05386
0.0538599
0.0538599
0.0538587
0.0538587
0.0538587
0.0538587
0.0538588
0.0538588
0.0538589
0.0538588
0.0538589
0.0538588
0.053857
0.0535823
0.0534657
0.0538577
0.0538587
0.0538588
0.0538588
0.0538589
0.0538588
0.0538587
0.0538587
0.0538586
0.0538586
0.0538586
0.0538574
0.0538574
0.0538574
0.0538574
0.0538575
0.0538575
0.0538576
0.0538575
0.0538576
0.0538575
0.0538556
0.0535809
0.0534647
0.0538563
0.0538574
0.0538575
0.0538575
0.0538576
0.0538575
0.0538574
0.0538574
0.0538573
0.0538573
0.0538573
0.0538561
0.0538561
0.0538561
0.0538561
0.0538562
0.0538562
0.0538563
0.0538563
0.0538563
0.0538562
0.0538542
0.0535793
0.0534637
0.0538549
0.0538561
0.0538562
0.0538562
0.0538563
0.0538562
0.0538561
0.0538561
0.053856
0.053856
0.053856
0.0538548
0.0538548
0.0538548
0.0538548
0.0538549
0.0538549
0.053855
0.053855
0.053855
0.0538548
0.0538527
0.0535778
0.0534626
0.0538535
0.0538548
0.0538549
0.0538549
0.053855
0.0538549
0.0538548
0.0538548
0.0538547
0.0538547
0.0538547
0.0538535
0.0538535
0.0538535
0.0538535
0.0538536
0.0538536
0.0538537
0.0538537
0.0538537
0.0538535
0.0538513
0.0535763
0.0534615
0.0538521
0.0538535
0.0538536
0.0538536
0.0538537
0.0538536
0.0538535
0.0538535
0.0538534
0.0538534
0.0538534
0.0538522
0.0538522
0.0538522
0.0538522
0.0538523
0.0538523
0.0538524
0.0538524
0.0538524
0.0538522
0.0538499
0.0535748
0.0534603
0.0538507
0.0538522
0.0538523
0.0538523
0.0538524
0.0538523
0.0538522
0.0538522
0.0538521
0.0538521
0.0538521
0.0538509
0.0538509
0.0538509
0.0538509
0.053851
0.053851
0.0538511
0.0538511
0.0538511
0.0538509
0.0538486
0.0535734
0.0534591
0.0538493
0.0538508
0.053851
0.053851
0.0538511
0.053851
0.0538509
0.0538509
0.0538508
0.0538508
0.0538508
0.0538496
0.0538496
0.0538496
0.0538496
0.0538497
0.0538497
0.0538498
0.0538498
0.0538498
0.0538496
0.0538472
0.0535719
0.0534579
0.0538478
0.0538495
0.0538497
0.0538497
0.0538498
0.0538497
0.0538496
0.0538496
0.0538495
0.0538495
0.0538495
0.0538483
0.0538483
0.0538483
0.0538483
0.0538484
0.0538484
0.0538485
0.0538485
0.0538485
0.0538483
0.0538458
0.0535704
0.0534566
0.0538464
0.0538482
0.0538484
0.0538484
0.0538485
0.0538484
0.0538483
0.0538482
0.0538482
0.0538482
0.0538482
0.053847
0.053847
0.053847
0.053847
0.0538471
0.0538471
0.0538472
0.0538472
0.0538472
0.053847
0.0538445
0.053569
0.0534554
0.053845
0.0538469
0.0538471
0.0538471
0.0538472
0.0538471
0.053847
0.0538469
0.0538469
0.0538469
0.0538468
0.0538457
0.0538457
0.0538457
0.0538457
0.0538458
0.0538458
0.0538459
0.0538459
0.0538459
0.0538457
0.0538431
0.0535675
0.0534541
0.0538436
0.0538456
0.0538457
0.0538458
0.0538459
0.0538458
0.0538457
0.0538456
0.0538456
0.0538456
0.0538455
0.0538444
0.0538444
0.0538444
0.0538444
0.0538445
0.0538445
0.0538446
0.0538446
0.0538446
0.0538444
0.0538417
0.053566
0.0534527
0.0538422
0.0538443
0.0538444
0.0538445
0.0538446
0.0538445
0.0538444
0.0538443
0.0538443
0.0538443
0.0538442
0.0538806
0.0538806
0.0538817
0.0538794
0.0538794
0.0538804
0.0538782
0.0538782
0.0538793
0.053877
0.053877
0.0538781
0.0538757
0.0538758
0.0538769
0.0538743
0.0514792
0.0486598
0.0538744
0.0538756
0.0538819
0.0538831
0.0538819
0.0538831
0.0538807
0.0538806
0.0538818
0.0538811
0.0538817
0.0538806
0.0538807
0.0538817
0.0538795
0.0538794
0.0538805
0.05388
0.0538799
0.0538804
0.0538797
0.0538803
0.0538794
0.0538795
0.0538804
0.0538783
0.0538782
0.0538793
0.0538788
0.0538787
0.0538792
0.0538767
0.0538787
0.0538783
0.0538783
0.0538792
0.053877
0.053877
0.0538781
0.0538776
0.0538775
0.053878
0.0538654
0.0538708
0.053877
0.0538771
0.053878
0.0538535
0.0538644
0.0538758
0.0538759
0.0538768
0.0538482
0.0538509
0.0538729
0.0521986
0.0514177
0.0511378
0.0538727
0.0538742
0.0538805
0.0538811
0.0538811
0.053881
0.0538805
0.0538817
0.0538811
0.0538804
0.053881
0.0538811
0.053881
0.0538804
0.0538793
0.0538798
0.0538799
0.0538798
0.0538792
0.0538804
0.0538799
0.0538788
0.0538797
0.0538798
0.0538797
0.0538791
0.0538804
0.0538798
0.05388
0.0538781
0.0538786
0.0538787
0.0538786
0.053878
0.0538792
0.0538786
0.0538715
0.0538765
0.0538787
0.0538784
0.0538773
0.0538791
0.0538784
0.0538788
0.0538773
0.0538768
0.053878
0.0538774
0.0538645
0.0538657
0.0538775
0.0538746
0.053875
0.0538771
0.0538746
0.0538776
0.053876
0.0538754
0.0538767
0.0538761
0.0538512
0.0538533
0.0538749
0.0538739
0.0538764
0.0538745
0.0538711
0.0538753
0.0538746
0.053837
0.0538478
0.0538812
0.0538811
0.0538817
0.0538813
0.0538816
0.0538758
0.0538757
0.0538768
0.0538763
0.0538762
0.0538767
0.0537186
0.0537164
0.0538744
0.0538746
0.0538755
0.0538817
0.0538813
0.0538817
0.0538811
0.0538812
0.0538768
0.0538774
0.0538775
0.0537797
0.0537774
0.0537774
0.0537764
0.0537759
0.0537779
0.0537157
0.0537107
0.0538762
0.0538737
0.0538723
0.0537766
0.0537763
0.0538721
0.0538703
0.0538751
0.0538824
0.0538824
0.0538818
0.0538818
0.0538824
0.0538824
0.0538812
0.0538813
0.0538812
0.0538816
0.0538813
0.0538814
0.05388
0.0538801
0.0538781
0.0538781
0.053869
0.0538686
0.0538539
0.0537241
0.0538637
0.0537206
0.053719
0.0537319
0.053733
0.0538497
0.053881
0.0538808
0.0538807
0.053881
0.0538807
0.0538807
0.053881
0.0538813
0.0538814
0.0538813
0.053881
0.0538807
0.0538807
0.0538796
0.0538795
0.0538802
0.0538801
0.0538792
0.0538793
0.0538794
0.0538796
0.0538798
0.0538793
0.0538795
0.0538794
0.0538801
0.0538802
0.0538804
0.0538799
0.0538801
0.05388
0.0538783
0.0538783
0.0538789
0.0538789
0.0538719
0.053873
0.0538778
0.0538784
0.0538786
0.0538781
0.0538783
0.0538777
0.0538788
0.053879
0.0538792
0.0538787
0.0538789
0.0538788
0.0537826
0.0538771
0.0538015
0.053804
0.0538018
0.0538
0.053877
0.0538777
0.0538069
0.0538776
0.0538653
0.0538652
0.0538758
0.0538778
0.053878
0.0538775
0.0538777
0.0538758
0.0537775
0.0537772
0.0538764
0.0538008
0.0538003
0.0538005
0.0538004
0.0538763
0.053777
0.0537779
0.0538521
0.0537286
0.0537316
0.0537239
0.0537277
0.0538524
0.0537088
0.0537654
0.0537641
0.0534768
0.0537763
0.0537657
0.052287
0.0537137
0.0537206
0.0538815
0.0538745
0.0538743
0.0538755
0.053875
0.0538748
0.0538753
0.0509542
0.0537973
0.0538135
0.0538816
0.0538755
0.0538761
0.0538762
0.0536995
0.0536976
0.0518101
0.0537555
0.0537513
0.0537001
0.0537015
0.0536697
0.0537109
0.0469625
0.053882
0.053882
0.0538817
0.0538817
0.053882
0.053882
0.0538801
0.0538802
0.05388
0.0538799
0.0538803
0.0538802
0.0538789
0.053879
0.0538788
0.0538793
0.0538791
0.053879
0.0538775
0.0538785
0.0538661
0.053868
0.0536464
0.0536383
0.0538493
0.0537332
0.0537402
0.0538661
0.0538648
0.052249
0.0538815
0.0538813
0.0538817
0.0538805
0.0538805
0.0538803
0.0538808
0.0538808
0.0538811
0.0538805
0.0538807
0.0538807
0.0538795
0.0538796
0.0538794
0.0538799
0.0538797
0.0538796
0.0538797
0.0538796
0.0538798
0.0538791
0.0538792
0.0538794
0.0538798
0.0538799
0.05388
0.053879
0.0538795
0.0538796
0.0538797
0.0538798
0.0538792
0.0538793
0.0538792
0.0538787
0.0538785
0.0538784
0.0538785
0.0538783
0.0538784
0.0538791
0.053879
0.0538791
0.0538785
0.0538786
0.0538787
0.0538711
0.0538751
0.0538782
0.0538785
0.0538786
0.053878
0.0538781
0.0538775
0.0538789
0.0538791
0.0538792
0.0538786
0.0538787
0.0538786
0.0538645
0.0537955
0.053799
0.053812
0.0538019
0.0538656
0.0538754
0.0538772
0.0538774
0.0538769
0.0538771
0.0538753
0.0538757
0.0537996
0.0538003
0.0538113
0.0538122
0.0538756
0.0537011
0.0537
0.053875
0.0538106
0.0538112
0.0537035
0.0537017
0.0536571
0.0536483
0.0538814
0.0538815
0.0538814
0.0536514
0.0537178
0.0536645
0.0536645
0.0536684
0.0537178
0.0538815
0.0538815
0.0538816
0.0538814
0.0538815
0.053774
0.0537769
0.0537061
0.0537011
0.0537766
0.0537162
0.0537183
0.0537168
0.0537154
0.0537762
0.0537733
0.0537747
0.0537138
0.0537124
0.0537769
0.0537199
0.0537185
0.0537006
0.0536994
0.0538811
0.0538811
0.0538813
0.053881
0.0538811
0.0538811
0.0538799
0.0538802
0.0538775
0.0538784
0.0538672
0.0538673
0.053732
0.0537775
0.0537764
0.0537779
0.053778
0.0537296
0.0537736
0.0537763
0.0537769
0.0537746
0.05372
0.0536728
0.0536754
0.0536672
0.0536707
0.0537198
0.0536324
0.0536464
0.0538808
0.0538809
0.0538807
0.053881
0.0538809
0.0538809
0.0538805
0.0538804
0.0538807
0.0538806
0.0538811
0.0538812
0.0538811
0.0538812
0.0538811
0.0538806
0.0538805
0.0538805
0.0538806
0.0538808
0.0538809
0.0538806
0.0538808
0.0538808
0.0538808
0.0538807
0.0538794
0.0538796
0.0538797
0.0538795
0.0538793
0.0538797
0.0538795
0.053879
0.0538788
0.0538793
0.0538791
0.0538794
0.0538793
0.0538794
0.0538802
0.0538801
0.0538804
0.0538803
0.0538799
0.0538798
0.0538801
0.0538799
0.05388
0.05388
0.0538801
0.053879
0.0538795
0.0538795
0.0538796
0.0538795
0.0538793
0.0538794
0.0538795
0.0538781
0.0538783
0.0538784
0.0538769
0.0538761
0.0538765
0.0538768
0.0538736
0.0538734
0.0538758
0.0538742
0.0538788
0.0538789
0.053879
0.0538785
0.0538782
0.0538788
0.0538785
0.0538775
0.0538769
0.0538781
0.0538778
0.0538788
0.0538787
0.0538788
0.0538701
0.0538746
0.0538783
0.0538784
0.0538781
0.0538775
0.0538782
0.0538783
0.0538789
0.053879
0.0538789
0.0538786
0.0538788
0.0538789
0.0537918
0.0538009
0.0538685
0.0538684
0.0538688
0.0538684
0.0537976
0.0538019
0.0538678
0.0538593
0.0538681
0.0538678
0.0538
0.0538727
0.0538702
0.0538737
0.0538734
0.0538171
0.0538702
0.0538694
0.0538697
0.05387
0.0538199
0.0537993
0.0537958
0.0538647
0.053776
0.0537865
0.0537769
0.0537734
0.053789
0.0538651
0.0537981
0.0537974
0.053776
0.0537142
0.0537196
0.0537182
0.0537127
0.053776
0.0537078
0.0537754
0.0537213
0.053776
0.0537264
0.0537786
0.0537781
0.0537788
0.0537785
0.0537257
0.0537084
0.053711
0.0537003
0.0536998
0.0537006
0.0537039
0.0536593
0.0536585
0.0538819
0.053882
0.053883
0.0538749
0.053872
0.0538683
0.0538818
0.0538818
0.0538816
0.0538816
0.0538818
0.0538818
0.0538824
0.0538824
0.0538818
0.0538805
0.0538803
0.0538802
0.0538798
0.0538797
0.0538797
0.0538769
0.0538786
0.0538781
0.0538778
0.0538778
0.0538596
0.0538568
0.0538699
0.0537986
0.0537963
0.0538639
0.0538807
0.0538808
0.0538806
0.0538804
0.0538806
0.0538806
0.0538809
0.0538808
0.0538809
0.0538803
0.0538803
0.0538804
0.0538789
0.0538796
0.0538796
0.0538797
0.0538791
0.0538792
0.0538791
0.0538798
0.0538799
0.0538799
0.0538783
0.0538784
0.0538782
0.0538772
0.0538774
0.0538781
0.053872
0.053864
0.0538623
0.0538764
0.0538784
0.0538785
0.0538785
0.053879
0.0538791
0.0538791
0.0538785
0.0538786
0.0538785
0.0538779
0.0538771
0.0538772
0.053876
0.0538779
0.0538779
0.0538745
0.0538766
0.0538768
0.0536536
0.0536524
0.0538099
0.0538105
0.0538749
0.0536558
0.0536547
0.0537402
0.053739
0.053846
0.0538813
0.0538813
0.0537771
0.0537597
0.0537627
0.0537786
0.0537745
0.0537541
0.0537568
0.0537549
0.0537552
0.0537778
0.0537
0.0536968
0.0537108
0.0537184
0.0537192
0.0537767
0.0538821
0.053882
0.0538817
0.0538812
0.0538812
0.0538812
0.0538812
0.053881
0.053881
0.0538813
0.0538815
0.0538814
0.05388
0.05388
0.05388
0.0538801
0.0538801
0.05388
0.0538778
0.0538782
0.0538511
0.0538506
0.053869
0.0538679
0.0538468
0.0538492
0.0537392
0.0537412
0.0537401
0.0537402
0.0537254
0.053743
0.0537452
0.0538638
0.0537967
0.0537981
0.0538809
0.0538807
0.0538807
0.0538807
0.053881
0.0538809
0.0538809
0.0538804
0.0538804
0.0538807
0.0538806
0.0538806
0.0538813
0.0538812
0.0538812
0.0538812
0.0538812
0.0538813
0.053881
0.0538809
0.0538809
0.0538801
0.0538802
0.0538803
0.0538803
0.0538803
0.0538792
0.0538794
0.0538801
0.0538802
0.0538802
0.0538799
0.05388
0.0538801
0.0538782
0.0538775
0.053878
0.0538711
0.0538736
0.0538788
0.0538789
0.0538788
0.0538787
0.0538788
0.0538788
0.0537857
0.0538029
0.0538295
0.0538284
0.0538266
0.0538252
0.0538009
0.0538762
0.0538769
0.0538778
0.0538346
0.0538316
0.053853
0.0538511
0.05381
0.0538299
0.0538282
0.0538289
0.0538265
0.0538777
0.0538778
0.0538758
0.0538753
0.0538776
0.0538776
0.0537988
0.053858
0.053858
0.0538585
0.0538581
0.0537981
0.0537297
0.05377
0.0537789
0.0537701
0.0537701
0.0537304
0.0537257
0.0537422
0.053741
0.0537064
0.0537021
0.053717
0.0536238
0.0536542
0.053653
0.0536659
0.0537763
0.053721
0.0537191
0.0537199
0.0537209
0.0537661
0.0535935
0.0535952
0.0536761
0.0536792
0.0537209
0.0538815
0.0538816
0.0538815
0.053698
0.0536969
0.0536594
0.0536199
0.0508653
0.0537022
0.0536929
0.053695
0.0536877
0.0536903
0.0537021
0.046937
0.0535168
0.0536536
0.0538819
0.0538818
0.0538816
0.0538798
0.0538798
0.0538798
0.0538803
0.0538803
0.0538803
0.0538802
0.0538802
0.0538772
0.0538785
0.0538211
0.0538251
0.0538177
0.053818
0.053869
0.0538541
0.0538516
0.0536451
0.0536201
0.0536199
0.0536304
0.0536266
0.0536432
0.0538804
0.0538804
0.0538805
0.0538803
0.0538804
0.0538804
0.0538789
0.0538796
0.0538795
0.0538795
0.0538792
0.0538792
0.0538793
0.053867
0.0538658
0.0538719
0.0538757
0.0538784
0.0538784
0.0538783
0.053879
0.053879
0.053879
0.0538785
0.0538786
0.0538787
0.0538093
0.0538231
0.0538209
0.0538211
0.0538225
0.0538062
0.0536514
0.0536506
0.05366
0.0536569
0.0537029
0.0536817
0.0536824
0.0536206
0.0536216
0.0536545
0.0536279
0.0536319
0.0536208
0.0536235
0.0536512
0.0538814
0.0538813
0.0538813
0.0538814
0.0538815
0.0538815
0.0538816
0.0538814
0.0538815
0.0538815
0.0536618
0.053685
0.0536848
0.0536876
0.0536861
0.0536611
0.0536777
0.0536838
0.0536817
0.0536851
0.0536852
0.053673
0.0538815
0.0538815
0.0538815
0.0538813
0.0538813
0.0538814
0.0538814
0.0537743
0.0537791
0.0537658
0.0537684
0.0537044
0.0537028
0.0537381
0.0537376
0.0537178
0.0537496
0.0537516
0.0537734
0.0537434
0.0537405
0.0537456
0.0537765
0.0537529
0.0537499
0.053696
0.0536978
0.0537149
0.0536859
0.0536881
0.0536821
0.0536837
0.0537112
0.0536946
0.0536938
0.0536998
0.0536825
0.0536851
0.0536774
0.0536801
0.0536991
0.0538811
0.0538811
0.0538811
0.053881
0.053881
0.0538811
0.05388
0.0538799
0.0538799
0.0538799
0.0538801
0.0538801
0.05388
0.0538801
0.0538776
0.0538783
0.0538341
0.0538375
0.053828
0.0538309
0.0538682
0.0538494
0.0538478
0.0538493
0.0538474
0.0538674
0.0538402
0.0537399
0.0537379
0.0537273
0.0537408
0.0537412
0.0537739
0.0537557
0.0537533
0.0537628
0.0537589
0.053775
0.0537771
0.0537567
0.0537564
0.0537526
0.053755
0.0537761
0.0537475
0.053668
0.0536891
0.0536887
0.053635
0.0536402
0.0538809
0.0538808
0.0538808
0.0538808
0.0538809
0.0538809
0.0538809
0.0538805
0.0538805
0.0538804
0.0538804
0.0538805
0.0538806
0.0538805
0.0538812
0.0538812
0.0538812
0.0538813
0.0538811
0.0538811
0.0538811
0.0538806
0.0538806
0.0538806
0.0538805
0.0538805
0.0538805
0.0538805
0.0538806
0.0538808
0.0538808
0.0538808
0.0538809
0.0538809
0.0538809
0.0538807
0.0538808
0.0538807
0.0538807
0.0538795
0.0538794
0.0538797
0.0538796
0.0538796
0.0538795
0.0538796
0.0538789
0.0538789
0.0538792
0.0538792
0.0538802
0.0538801
0.0538802
0.0538801
0.0538801
0.0538801
0.0538803
0.0538803
0.0538804
0.0538802
0.0538803
0.0538803
0.0538803
0.0538802
0.0538799
0.0538798
0.0538798
0.0538797
0.0538797
0.0538798
0.05388
0.05388
0.05388
0.0538799
0.0538799
0.05388
0.0538792
0.0538794
0.0538767
0.0538729
0.0538741
0.0538701
0.0538715
0.0538765
0.0538763
0.0538748
0.0538752
0.0538766
0.0538731
0.0538592
0.0538616
0.0538572
0.0538573
0.0538731
0.0538753
0.0538672
0.0538686
0.0538639
0.0538657
0.0538748
0.0538784
0.0538784
0.0538788
0.0538786
0.0538772
0.053877
0.053878
0.053878
0.0538705
0.0538741
0.0538789
0.0538789
0.053879
0.0538787
0.0538787
0.0538787
0.0537891
0.0538283
0.0538295
0.0538034
0.0537978
0.0538251
0.0538264
0.0538411
0.0538378
0.0538718
0.0538569
0.0538583
0.0538739
0.0538607
0.0538592
0.0538596
0.0538606
0.0538739
0.0538481
0.0538445
0.0538318
0.0538313
0.0538134
0.0538261
0.0538294
0.0537985
0.0538229
0.0538233
0.0538206
0.0538217
0.0537971
0.0537794
0.0537835
0.0537752
0.0537675
0.0537652
0.0537728
0.0537952
0.0538194
0.0538197
0.0538222
0.0538206
0.0537946
0.0537159
0.0537335
0.0537329
0.0537354
0.0537345
0.0537178
0.0537159
0.0537362
0.0537376
0.0537331
0.0537345
0.0537131
0.0537084
0.0537331
0.0537314
0.0537377
0.0537354
0.0537245
0.0537363
0.0537362
0.0537315
0.0537342
0.0537269
0.0537429
0.0537431
0.0537268
0.0537067
0.053714
0.0536509
0.0536512
0.0537021
0.0536797
0.0536766
0.0536828
0.0536824
0.0537034
0.0536648
0.0536634
0.0536052
0.0536114
0.0538847
0.0538847
0.0538853
0.0538846
0.0538846
0.0538853
0.0538846
0.0538846
0.0538853
0.0538846
0.0538847
0.0538853
0.0538834
0.0538833
0.053884
0.0538833
0.0538833
0.0538843
0.0538833
0.0538833
0.0538843
0.0538833
0.0538833
0.0538843
0.0538833
0.0538833
0.0538843
0.0538833
0.0538834
0.053884
0.0538821
0.053882
0.053883
0.053882
0.0538819
0.053883
0.0538826
0.0538826
0.0538831
0.0538825
0.0538825
0.0538831
0.0538826
0.0538826
0.053883
0.053882
0.0538821
0.0538827
0.0538808
0.0538808
0.0538817
0.0538814
0.0538814
0.0538817
0.0538816
0.0538816
0.0538817
0.0538812
0.0538813
0.0538818
0.0538808
0.0538808
0.0538814
0.0538795
0.0538795
0.0538804
0.0538801
0.0538801
0.0538804
0.0538803
0.0538803
0.0538805
0.05388
0.0538801
0.0538805
0.0538795
0.0538796
0.0538802
0.0538783
0.0538783
0.0538792
0.0538789
0.0538789
0.0538792
0.0538791
0.0538791
0.0538793
0.0538788
0.0538789
0.0538793
0.0538783
0.0538784
0.053879
0.053877
0.053877
0.053878
0.0538777
0.0538777
0.053878
0.0538779
0.0538779
0.0538781
0.0538777
0.0538777
0.0538781
0.0538771
0.0538771
0.0538778
0.0538758
0.0538758
0.0538767
0.0538767
0.0538767
0.0538768
0.0538764
0.0538764
0.0538769
0.0538759
0.0538759
0.0538765
0.0538745
0.0538745
0.0538754
0.0538751
0.0538752
0.0538755
0.0538746
0.0538746
0.0538753
0.0538732
0.0538731
0.0538738
0.0538731
0.053873
0.053874
0.0538736
0.0538729
0.0538736
0.0491164
0.0536009
0.053626
0.053873
0.0538732
0.0538742
0.0538732
0.0538733
0.053874
0.0538719
0.0538718
0.0538725
0.0538718
0.0538716
0.0538726
0.0538715
0.0528867
0.0528955
0.0523757
0.0538712
0.0538723
0.0538716
0.0538719
0.0538729
0.0538719
0.053872
0.0538727
0.0538705
0.0538704
0.053871
0.0538677
0.0533352
0.0528846
0.0530743
0.0538638
0.0538708
0.0538703
0.0538705
0.0538712
0.0538806
0.0538808
0.0538808
0.0538807
0.0538808
0.0538805
0.0538817
0.0538815
0.0538815
0.0538794
0.0538796
0.0538796
0.0538796
0.0538795
0.0538793
0.0538805
0.0538802
0.0538803
0.0538782
0.0538784
0.0538784
0.0538784
0.0538784
0.0538781
0.0538792
0.053879
0.0538791
0.053877
0.0538771
0.0538771
0.0538772
0.0538772
0.053877
0.0538781
0.0538778
0.0538779
0.0538759
0.0538759
0.0538757
0.0538768
0.0538766
0.0538767
0.0538738
0.0538747
0.0538748
0.0507246
0.05348
0.053442
0.0524191
0.0524234
0.0469296
0.0538755
0.0538754
0.0538754
0.0538818
0.0538824
0.0538824
0.0538817
0.0538817
0.0538816
0.0538831
0.0538826
0.0538825
0.0538816
0.0538817
0.0538821
0.053882
0.0538819
0.0538831
0.0538826
0.0538826
0.0538807
0.053881
0.053881
0.0538811
0.053881
0.0538807
0.0538817
0.0538813
0.0538813
0.0538811
0.0538811
0.053881
0.0538817
0.0538816
0.0538816
0.0538807
0.0538812
0.0538811
0.0538811
0.053881
0.0538807
0.0538817
0.0538814
0.0538814
0.0538795
0.0538798
0.0538798
0.0538799
0.0538798
0.0538795
0.0538804
0.0538801
0.05388
0.05388
0.0538802
0.0538802
0.05388
0.05388
0.0538799
0.0538805
0.0538804
0.0538804
0.0538803
0.0538803
0.0538803
0.0538795
0.0538799
0.0538799
0.0538798
0.0538798
0.0538795
0.0538804
0.0538801
0.0538801
0.0538783
0.0538786
0.0538786
0.0538787
0.0538786
0.0538783
0.0538792
0.0538789
0.0538788
0.0538788
0.053879
0.053879
0.0538788
0.0538788
0.0538787
0.0538792
0.0538792
0.0538791
0.0538783
0.0538787
0.0538787
0.0538786
0.0538786
0.0538784
0.0538792
0.0538789
0.0538789
0.0538771
0.0538774
0.0538773
0.0538775
0.0538774
0.0538771
0.053878
0.0538777
0.0538776
0.0538776
0.0538778
0.0538778
0.0538777
0.0538778
0.0538775
0.053878
0.053878
0.0538779
0.0538652
0.0538446
0.0538456
0.0538771
0.0538775
0.0538775
0.0538774
0.0538774
0.0538771
0.0538781
0.0538778
0.0538777
0.0538537
0.0537985
0.0537983
0.0538456
0.0538452
0.0538642
0.0538758
0.0538761
0.0538763
0.0538762
0.0538762
0.0538759
0.0538768
0.0538765
0.0538765
0.0538485
0.0538063
0.053806
0.0538081
0.0538078
0.0538505
0.0538724
0.0538727
0.0538732
0.0522329
0.0538643
0.053863
0.0537508
0.0537488
0.051278
0.0537974
0.0537972
0.0510112
0.053873
0.0538538
0.0538613
0.0538663
0.0538544
0.0538736
0.0538806
0.0538806
0.0538805
0.0538811
0.0538809
0.0538808
0.0538809
0.0538809
0.0538811
0.053881
0.0538809
0.0538811
0.0538816
0.0538816
0.0538817
0.0538811
0.0538812
0.0538812
0.0538804
0.0538804
0.0538804
0.053881
0.053881
0.053881
0.053881
0.0538809
0.0538809
0.0538809
0.0538809
0.053881
0.0538805
0.0538805
0.0538805
0.0538794
0.0538794
0.0538793
0.0538799
0.0538798
0.0538798
0.0538797
0.0538797
0.0538799
0.0538798
0.0538798
0.0538798
0.0538792
0.0538792
0.0538793
0.0538799
0.0538799
0.0538799
0.0538798
0.0538796
0.0538797
0.0538797
0.0538797
0.0538797
0.0538802
0.0538803
0.0538804
0.0538798
0.0538798
0.0538798
0.0538801
0.0538801
0.0538799
0.0538782
0.0538782
0.0538781
0.0538786
0.0538786
0.0538785
0.0538785
0.0538785
0.0538787
0.0538786
0.0538785
0.0538786
0.053878
0.053878
0.0538781
0.0538792
0.0538791
0.0538792
0.0538786
0.0538786
0.0538787
0.0538787
0.0538784
0.0538785
0.0538779
0.0538779
0.0538775
0.053879
0.0538789
0.0538787
0.0538772
0.0538754
0.0538756
0.0538756
0.0538757
0.0538768
0.053878
0.0538779
0.053878
0.0538757
0.053876
0.0538775
0.0538645
0.0538456
0.0538457
0.053847
0.053848
0.053866
0.0538775
0.0538772
0.0538773
0.0538745
0.0538773
0.0538773
0.0538768
0.0538769
0.0538751
0.0538767
0.0538778
0.0538778
0.0538774
0.0538775
0.053875
0.0538778
0.0538778
0.0538775
0.0538759
0.0538743
0.0538745
0.0538735
0.0538737
0.0538755
0.0538766
0.0538752
0.0538753
0.0538746
0.0538747
0.0538762
0.0538515
0.0538086
0.0538084
0.0537984
0.0537984
0.0538531
0.0538747
0.0538766
0.0538767
0.0538763
0.0538765
0.0538743
0.0538766
0.0538765
0.0538763
0.0538742
0.0538083
0.0538096
0.0537912
0.0538026
0.0538738
0.0538752
0.0538733
0.0538734
0.0538446
0.0537366
0.0537315
0.0538812
0.0538814
0.0538814
0.0538814
0.0538815
0.0538812
0.0538817
0.0538815
0.0538815
0.0538816
0.0538815
0.0538816
0.0538762
0.0538761
0.0538758
0.0538768
0.0538764
0.0538763
0.0538763
0.0538765
0.0538765
0.0538764
0.0538764
0.0538763
0.0538767
0.0538766
0.0538765
0.0537182
0.0537027
0.0537035
0.0536996
0.053701
0.0537171
0.0538745
0.0538748
0.0538749
0.0538816
0.0538816
0.0538817
0.0538813
0.0538814
0.0538814
0.0538814
0.0538815
0.0538818
0.0538812
0.0538814
0.0538813
0.0538814
0.0538814
0.0538812
0.0538771
0.0538772
0.0538769
0.0538775
0.0538772
0.0538771
0.0538773
0.0538773
0.0538775
0.0537772
0.0537567
0.0537569
0.0537555
0.0537551
0.0537761
0.0537153
0.0536981
0.0536985
0.0538762
0.053876
0.0538761
0.0538731
0.0538759
0.0538762
0.0538756
0.0538759
0.0538729
0.0537769
0.0537563
0.053756
0.0537558
0.0537558
0.0537763
0.0538713
0.0538753
0.0538754
0.0538749
0.0538751
0.0538711
0.0538752
0.0538752
0.053875
0.0538824
0.0538821
0.0538821
0.0538822
0.0538822
0.0538825
0.0538818
0.0538821
0.0538821
0.0538819
0.0538819
0.0538818
0.0538824
0.0538821
0.0538822
0.0538821
0.0538821
0.0538824
0.0538813
0.0538812
0.0538812
0.0538815
0.0538815
0.0538816
0.0538813
0.0538813
0.0538813
0.0538815
0.0538815
0.0538814
0.0537978
0.0537983
0.0538538
0.0538638
0.0538447
0.0538446
0.0537205
0.0537067
0.0537069
0.0537042
0.0537046
0.0537192
0.0537327
0.05377
0.0537701
0.0537698
0.0537699
0.0537327
0.0538501
0.0538075
0.0538072
0.0538808
0.0538809
0.0538809
0.0538807
0.0538806
0.0538807
0.053881
0.0538811
0.053881
0.0538813
0.0538813
0.0538813
0.0538813
0.0538813
0.0538814
0.0538806
0.0538806
0.0538806
0.0538808
0.0538807
0.0538807
0.0538795
0.0538796
0.0538796
0.0538795
0.0538794
0.0538795
0.0538802
0.0538802
0.0538802
0.0538801
0.0538801
0.0538801
0.0538795
0.0538795
0.0538795
0.0538797
0.0538796
0.0538796
0.0538798
0.0538797
0.0538797
0.0538794
0.0538793
0.0538793
0.0538795
0.0538794
0.0538794
0.0538793
0.0538794
0.0538794
0.0538801
0.0538801
0.0538801
0.0538803
0.0538802
0.0538802
0.0538804
0.0538803
0.0538803
0.05388
0.0538799
0.0538799
0.0538801
0.05388
0.05388
0.05388
0.05388
0.0538801
0.0538783
0.0538783
0.0538784
0.0538783
0.0538782
0.0538783
0.0538789
0.0538789
0.053879
0.0538789
0.0538788
0.0538789
0.0538782
0.0538783
0.0538779
0.0538785
0.0538785
0.0538784
0.0538786
0.0538785
0.0538786
0.0538782
0.0538782
0.0538781
0.0538783
0.0538782
0.0538783
0.0538775
0.0538781
0.0538782
0.0538791
0.053879
0.053879
0.0538792
0.0538791
0.0538791
0.0538788
0.0538788
0.0538787
0.0538789
0.0538788
0.0538788
0.053876
0.0538754
0.0538772
0.0538029
0.053828
0.0538273
0.053827
0.053826
0.0537988
0.0538769
0.0538758
0.0538759
0.0538776
0.053876
0.0538761
0.0538469
0.0538468
0.0538653
0.0538651
0.0538459
0.0538465
0.0538774
0.0538775
0.0538758
0.0538779
0.0538779
0.0538778
0.053878
0.0538779
0.053878
0.0538776
0.0538776
0.0538775
0.0538777
0.0538776
0.0538777
0.0538758
0.0538774
0.0538774
0.0537769
0.0537552
0.0537561
0.0537566
0.0537558
0.0537768
0.053875
0.0538751
0.0538765
0.0538006
0.0538262
0.0538264
0.0538262
0.0538253
0.053799
0.0537996
0.0538574
0.0538573
0.0538577
0.0538575
0.0537993
0.0538763
0.0538748
0.0538749
0.053776
0.0537529
0.0537539
0.0537567
0.0537566
0.0537777
0.053809
0.0538087
0.0538518
0.0537288
0.0537447
0.0537444
0.0537468
0.0537466
0.0537313
0.0537438
0.0537431
0.0537265
0.0538527
0.0538092
0.0538091
0.0537652
0.0537188
0.0537195
0.0537178
0.053719
0.0537651
0.0537763
0.053756
0.0537559
0.0537144
0.0536799
0.0536798
0.0537071
0.0537074
0.0537208
0.0538747
0.0538748
0.0538745
0.0538755
0.0538751
0.053875
0.053875
0.0538751
0.0538749
0.0538754
0.0538753
0.0538752
0.0534704
0.0534643
0.0508863
0.0537982
0.0537205
0.0537205
0.0537204
0.0537207
0.0538024
0.0538757
0.0538758
0.0538756
0.0538761
0.0538759
0.0538758
0.053876
0.053876
0.0538762
0.0531654
0.0528045
0.0511561
0.0537528
0.0537051
0.0537018
0.0537011
0.0537037
0.0537517
0.0536957
0.0534077
0.0533376
0.053677
0.053678
0.0537097
0.0469482
0.0504912
0.0515329
0.053882
0.0538819
0.0538819
0.0538819
0.0538819
0.053882
0.0538817
0.0538819
0.0538818
0.0538817
0.0538817
0.0538817
0.053882
0.0538819
0.0538819
0.0538819
0.0538819
0.053882
0.0538802
0.0538801
0.0538801
0.0538801
0.0538801
0.0538802
0.0538799
0.05388
0.05388
0.0538803
0.0538802
0.0538802
0.0538789
0.0538789
0.0538788
0.0538789
0.0538789
0.053879
0.0538787
0.0538788
0.0538788
0.0538792
0.0538792
0.0538793
0.053879
0.0538791
0.0538791
0.0538791
0.0538791
0.053879
0.0538462
0.0538448
0.0538653
0.0538069
0.0538066
0.0538489
0.0537402
0.0537694
0.0537696
0.0537691
0.0537693
0.0537402
0.0538657
0.0538117
0.0537909
0.0538094
0.0538107
0.0538652
0.0522684
0.0536931
0.053672
0.0538814
0.0538815
0.0538815
0.0538815
0.0538815
0.0538814
0.0538817
0.0538816
0.0538815
0.0538805
0.0538804
0.0538805
0.0538808
0.0538809
0.0538808
0.0538809
0.0538809
0.0538808
0.053881
0.053881
0.053881
0.0538806
0.0538806
0.0538805
0.0538807
0.0538806
0.0538807
0.0538806
0.0538806
0.0538807
0.0538795
0.0538795
0.0538795
0.0538795
0.0538795
0.0538796
0.0538793
0.0538794
0.0538794
0.0538798
0.0538798
0.0538799
0.0538796
0.0538797
0.0538797
0.0538797
0.0538797
0.0538796
0.0538797
0.0538797
0.0538798
0.0538797
0.0538797
0.0538796
0.0538798
0.0538797
0.0538797
0.0538792
0.0538792
0.0538792
0.0538793
0.0538793
0.0538792
0.0538793
0.0538793
0.0538793
0.0538798
0.0538799
0.0538798
0.0538799
0.0538799
0.0538799
0.05388
0.0538799
0.05388
0.0538796
0.0538797
0.0538796
0.0538797
0.0538797
0.0538797
0.0538793
0.0538792
0.0538792
0.0538793
0.0538793
0.0538793
0.0538786
0.0538786
0.0538787
0.0538784
0.0538785
0.0538785
0.0538785
0.0538785
0.0538784
0.0538784
0.0538785
0.0538785
0.0538784
0.0538784
0.0538784
0.0538785
0.0538785
0.0538784
0.0538791
0.0538791
0.0538791
0.053879
0.0538791
0.053879
0.0538791
0.0538791
0.0538791
0.0538785
0.0538786
0.0538786
0.0538787
0.0538786
0.0538786
0.0538787
0.0538787
0.0538787
0.0538785
0.0538785
0.0538784
0.0538785
0.0538785
0.0538785
0.0538781
0.0538781
0.0538781
0.0538775
0.053878
0.053878
0.0538791
0.0538791
0.053879
0.0538792
0.0538791
0.0538791
0.0538787
0.0538786
0.0538786
0.0538787
0.0538787
0.0538787
0.0538453
0.0538454
0.0538645
0.0537965
0.0538208
0.0538204
0.053822
0.0538215
0.053798
0.053866
0.0538478
0.0538467
0.0538771
0.0538772
0.0538755
0.0538773
0.0538773
0.0538772
0.0538774
0.0538773
0.0538774
0.053877
0.0538769
0.0538769
0.0538771
0.053877
0.053877
0.0538752
0.0538769
0.053877
0.0538741
0.0538742
0.0538758
0.0537993
0.0538568
0.0538567
0.0538571
0.0538569
0.0537993
0.0538114
0.0538559
0.0538557
0.0538565
0.0538562
0.0538117
0.0538756
0.0538738
0.053874
0.0537005
0.0536793
0.0536799
0.0536785
0.0536788
0.0537001
0.053873
0.0538731
0.0538751
0.0538108
0.0538552
0.053855
0.0538557
0.0538555
0.0538111
0.0536805
0.0536812
0.0537023
0.0538815
0.0538815
0.0538814
0.0537019
0.0537021
0.0537179
0.0537176
0.053702
0.0537021
0.0538815
0.0538815
0.0538816
0.0538816
0.0538816
0.0538816
0.0538814
0.0538814
0.0538814
0.0537557
0.0537562
0.0537769
0.053717
0.0537369
0.0537361
0.0537154
0.0537354
0.0537361
0.0537354
0.0537351
0.0537149
0.0537761
0.053755
0.0537552
0.0537564
0.0537565
0.0537769
0.0537204
0.0537382
0.053738
0.0537371
0.0537378
0.0537199
0.0538812
0.0538812
0.0538811
0.0538813
0.0538812
0.0538812
0.053881
0.053881
0.053881
0.0538811
0.053881
0.0538811
0.0538802
0.0538801
0.0538801
0.0537769
0.0537566
0.053758
0.0537557
0.0537556
0.0537764
0.0537779
0.0537585
0.0537585
0.053759
0.0537589
0.0537781
0.0537059
0.0537064
0.0537203
0.0536744
0.053692
0.0536913
0.0536927
0.0536924
0.0536751
0.0536904
0.0536896
0.0536689
0.0537195
0.053705
0.0537054
0.0538808
0.0538808
0.0538808
0.0538807
0.0538808
0.0538808
0.053881
0.053881
0.053881
0.0538809
0.0538809
0.0538809
0.0538805
0.0538805
0.0538805
0.0538807
0.0538806
0.0538807
0.0538806
0.0538806
0.0538806
0.0538811
0.0538811
0.0538811
0.0538812
0.0538811
0.0538812
0.053881
0.0538811
0.0538811
0.0538806
0.0538806
0.0538805
0.0538808
0.0538808
0.0538808
0.0538807
0.0538807
0.0538808
0.0538807
0.0538807
0.0538807
0.0538795
0.0538795
0.0538795
0.0538796
0.0538796
0.0538795
0.0538796
0.0538796
0.0538796
0.0538794
0.0538794
0.0538794
0.0538793
0.0538794
0.0538793
0.0538794
0.0538794
0.0538794
0.05388
0.05388
0.0538801
0.05388
0.05388
0.05388
0.0538801
0.0538801
0.05388
0.0538796
0.0538795
0.0538795
0.0538796
0.0538796
0.0538796
0.0538795
0.0538795
0.0538796
0.0538793
0.0538793
0.0538793
0.0538794
0.0538794
0.0538794
0.0538795
0.0538794
0.0538795
0.0538782
0.0538783
0.0538783
0.0538784
0.0538783
0.0538783
0.0538784
0.0538784
0.0538784
0.0538789
0.0538789
0.0538789
0.053879
0.0538789
0.0538789
0.053879
0.053879
0.053879
0.0538787
0.0538788
0.0538788
0.0538787
0.0538787
0.0538787
0.0538788
0.0538788
0.0538787
0.0538784
0.0538783
0.0538783
0.0538784
0.0538784
0.0538784
0.053878
0.0538783
0.0538783
0.053878
0.0538781
0.0538775
0.0538782
0.0538782
0.0538781
0.0538782
0.0538782
0.0538782
0.053879
0.0538789
0.0538789
0.053879
0.053879
0.053879
0.0538788
0.0538788
0.0538787
0.0538789
0.0538788
0.0538788
0.0538686
0.0538528
0.0538523
0.0538524
0.0538529
0.0538686
0.0538684
0.0538513
0.0538523
0.0538517
0.0538513
0.0538684
0.0538273
0.0538279
0.0538031
0.0538678
0.0538515
0.0538513
0.0538679
0.0538511
0.0538516
0.0538511
0.053851
0.0538678
0.0537987
0.0538259
0.0538265
0.0538539
0.0538554
0.053871
0.0538702
0.0538561
0.053856
0.0538536
0.053855
0.0538699
0.0538697
0.053853
0.0538528
0.0538551
0.0538539
0.0538698
0.053865
0.0538462
0.0538455
0.0538457
0.0538455
0.053865
0.0537539
0.0537544
0.0537763
0.0537764
0.0537548
0.0537541
0.0537522
0.0537521
0.0537753
0.053777
0.0537553
0.0537535
0.0537785
0.0537601
0.0537602
0.053759
0.0537596
0.0537783
0.0537786
0.0537603
0.0537607
0.05376
0.05376
0.0537785
0.0537256
0.0537426
0.0537426
0.0537009
0.0536806
0.0536792
0.0536805
0.0536818
0.0537014
0.0536602
0.0536357
0.0536335
0.0536335
0.0536347
0.0536596
0.053882
0.0538823
0.0538824
0.0538823
0.0538823
0.053882
0.0538714
0.0538745
0.0538747
0.0538738
0.0538742
0.0538703
0.0538818
0.0538818
0.0538818
0.0538818
0.0538818
0.0538818
0.0538816
0.0538817
0.0538817
0.0538817
0.0538816
0.0538816
0.0538818
0.0538817
0.0538817
0.0538817
0.0538817
0.0538818
0.0538822
0.0538822
0.0538824
0.0538819
0.053882
0.0538821
0.0538803
0.0538803
0.0538802
0.0538779
0.0538779
0.0538778
0.0537975
0.0538212
0.0538219
0.0538203
0.0538205
0.0537965
0.053864
0.0538448
0.0538446
0.0538808
0.0538807
0.0538807
0.0538805
0.0538805
0.0538805
0.0538806
0.0538805
0.0538805
0.0538809
0.0538809
0.053881
0.0538808
0.0538809
0.0538809
0.0538809
0.0538809
0.0538809
0.0538803
0.0538804
0.0538804
0.0538803
0.0538803
0.0538803
0.0538804
0.0538804
0.0538804
0.0538798
0.0538799
0.0538799
0.0538783
0.0538783
0.0538782
0.0538783
0.0538783
0.0538784
0.0538781
0.0538782
0.0538782
0.0538772
0.0538779
0.0538779
0.053878
0.053878
0.0538773
0.0538781
0.0538781
0.0538781
0.0538772
0.0538778
0.0538777
0.0538779
0.0538778
0.0538772
0.0538776
0.0538777
0.0538764
0.0538764
0.0538765
0.0538746
0.0538768
0.0538767
0.0538767
0.0538102
0.0538544
0.0538542
0.0538548
0.0538546
0.0538105
0.0538748
0.0538727
0.0538728
0.0537401
0.0537687
0.0537689
0.0537677
0.0537683
0.0537398
0.0537182
0.053737
0.0537371
0.0537376
0.0537372
0.0537185
0.0537765
0.0537559
0.0537562
0.0538821
0.053882
0.053882
0.0538819
0.0538819
0.053882
0.0538817
0.0538818
0.0538818
0.0538814
0.0538814
0.0538813
0.0538815
0.0538814
0.0538814
0.0538814
0.0538814
0.0538814
0.0538446
0.0538447
0.0538638
0.0537975
0.0538208
0.0538205
0.053821
0.053821
0.053798
0.0538812
0.0538813
0.0538813
0.0538812
0.0538812
0.0538812
0.0538801
0.0538802
0.0538801
0.0538803
0.0538802
0.0538802
0.0538803
0.0538803
0.0538803
0.0538802
0.0538802
0.0538802
0.0538799
0.05388
0.05388
0.0538781
0.0538782
0.0538782
0.0538777
0.0538781
0.0538781
0.0538782
0.0538782
0.0538779
0.0538764
0.0538776
0.0538775
0.0538777
0.0538776
0.0538767
0.0538758
0.0538775
0.0538775
0.0538772
0.0538773
0.0538756
0.053825
0.0538258
0.0537998
0.0537981
0.0538246
0.0538248
0.0537456
0.053745
0.0537291
0.0537609
0.0537611
0.0537789
0.053731
0.0537464
0.053746
0.0537562
0.0537562
0.0537763
0.0537207
0.0537381
0.0537383
0.0537374
0.0537378
0.0537199
0.0537203
0.0537379
0.0537377
0.0537383
0.0537381
0.0537206
0.0536771
0.0536935
0.053693
0.0536945
0.053694
0.0536782
0.0537208
0.0537076
0.0537078
0.0536266
0.0534316
0.0535462
0.0533844
0.053402
0.0536214
0.0509924
0.0526874
0.0526141
0.0498988
0.0501102
0.04694
0.053649
0.0527868
0.0522189
0.0534848
0.0532108
0.0536525
0.0538819
0.0538818
0.0538818
0.0538818
0.0538818
0.0538818
0.0538816
0.0538817
0.0538817
0.053886
0.053886
0.0538866
0.053886
0.053886
0.0538866
0.053886
0.053886
0.0538866
0.053886
0.053886
0.0538866
0.0538847
0.0538847
0.0538853
0.0538847
0.0538847
0.0538853
0.0538834
0.0538834
0.053884
0.053884
0.053884
0.0538843
0.053884
0.053884
0.0538843
0.0538834
0.0538834
0.053884
0.0538821
0.0538821
0.0538827
0.0538827
0.0538827
0.053883
0.0538829
0.0538829
0.0538831
0.0538821
0.0538821
0.0538827
0.0538808
0.0538808
0.0538814
0.0538816
0.0538816
0.0538818
0.0538808
0.0538808
0.0538814
0.0538795
0.0538795
0.0538802
0.0538803
0.0538803
0.0538805
0.0538796
0.0538796
0.0538802
0.0538783
0.0538783
0.0538789
0.0538791
0.0538791
0.0538793
0.0538783
0.0538783
0.0538789
0.053877
0.053877
0.0538776
0.053878
0.053878
0.0538781
0.0538771
0.0538771
0.0538777
0.0538757
0.0538757
0.0538764
0.0538764
0.0538764
0.0538767
0.0538767
0.0538767
0.0538769
0.0538758
0.0538758
0.0538764
0.0538744
0.0538745
0.0538751
0.0538751
0.0538751
0.0538755
0.0538753
0.0538753
0.0538755
0.0538746
0.0538745
0.0538752
0.0538731
0.0538732
0.0538738
0.0538738
0.0538738
0.0538741
0.0488905
0.0524188
0.0524119
0.0538737
0.0538738
0.0538741
0.0538733
0.0538732
0.0538739
0.0538718
0.0538719
0.0538725
0.0538722
0.0538714
0.0538719
0.0523514
0.0537594
0.0537597
0.0538723
0.0538724
0.0538728
0.053872
0.0538719
0.0538726
0.0538706
0.0538705
0.0538711
0.0538706
0.0538707
0.0538714
0.0538692
0.053869
0.0538697
0.0538632
0.0533328
0.0533341
0.0530805
0.0538624
0.0538631
0.0538689
0.0538692
0.0538699
0.0538757
0.0538758
0.0538758
0.0538745
0.0538745
0.0538743
0.0538819
0.0538821
0.0538821
0.0538831
0.0538829
0.0538829
0.0538808
0.0538808
0.0538807
0.0538806
0.0538808
0.0538808
0.0538796
0.0538796
0.0538794
0.0538805
0.0538804
0.0538803
0.0538794
0.0538796
0.0538796
0.0538784
0.0538784
0.0538782
0.0538793
0.0538791
0.0538791
0.0538783
0.0538784
0.0538784
0.0538781
0.0538779
0.0538779
0.0538775
0.0538776
0.0538775
0.0538771
0.0538772
0.0538772
0.0534032
0.0533647
0.0513641
0.0538741
0.0538739
0.053874
0.0538811
0.053881
0.053881
0.0538804
0.0538805
0.0538805
0.0538803
0.0538803
0.0538804
0.0538746
0.053877
0.053877
0.053877
0.0538771
0.0538746
0.0538761
0.0538762
0.053874
0.0538744
0.0538721
0.0538723
0.0538724
0.0538726
0.0538747
0.0538057
0.0538053
0.0538474
0.0538812
0.0538813
0.0538812
0.0538818
0.0538817
0.0538817
0.0538758
0.0538761
0.0538761
0.0538762
0.0538763
0.0538762
0.0538768
0.0538767
0.0538767
0.0538749
0.0538749
0.0538746
0.0538756
0.0538752
0.0538752
0.0538816
0.0538816
0.0538817
0.0538811
0.0538812
0.0538812
0.0538769
0.0538769
0.0538768
0.0538774
0.0538773
0.0538773
0.0538735
0.0538759
0.053876
0.0538753
0.0538754
0.0538725
0.0538718
0.0538751
0.0538752
0.0538824
0.0538823
0.0538823
0.0538818
0.0538819
0.0538819
0.0538823
0.0538823
0.0538824
0.0538816
0.0538816
0.0538817
0.0537323
0.0537471
0.053747
0.0537472
0.0537472
0.0537329
0.0538004
0.0538258
0.0538259
0.0538261
0.0538257
0.0537997
0.0538745
0.0538748
0.0538748
0.053875
0.0538752
0.0538752
0.0538817
0.0538818
0.0538818
0.0537333
0.0537472
0.0537472
0.0538814
0.0538814
0.0538814
0.0538817
0.0538817
0.0538816
0.0537995
0.053825
0.053825
0.0538257
0.0538255
0.0537999
0.053883
0.0538827
0.0538827
0.0538748
0.0538747
0.0538747
0.0538824
0.0538822
0.0538822
0.0538818
0.0538819
0.0538819
0.0538804
0.0538804
0.0538805
0.0538803
0.0538803
0.0538803
0.053878
0.053878
0.0538781
0.0538778
0.0538779
0.0538779
0.0538807
0.0538807
0.0538808
0.0538806
0.0538806
0.0538807
0.0538767
0.0538766
0.0538765
0.0538468
0.0538049
0.0538041
0.0538817
0.0538818
0.0538818
0.0538836
0.0538837
0.0538833
0.0538833
0.0538836
0.0538836
0.0538836
0.0538836
0.0538833
0.0538843
0.053884
0.053884
0.0538833
0.0538836
0.0538836
0.0538836
0.0538836
0.0538833
0.0538843
0.053884
0.053884
0.0538833
0.0538836
0.0538836
0.053882
0.0538823
0.0538823
0.0538825
0.0538823
0.053882
0.053883
0.0538826
0.0538826
0.0538828
0.0538828
0.0538826
0.0538825
0.0538827
0.0538827
0.0538827
0.0538827
0.0538825
0.0538831
0.0538829
0.0538829
0.0538813
0.0538814
0.0538814
0.05388
0.0538802
0.0538802
0.0538788
0.053879
0.053879
0.0538777
0.0538778
0.0538778
0.0538764
0.0538766
0.0538766
0.0538733
0.0538734
0.0538731
0.0538741
0.0538738
0.0538736
0.0538732
0.0538736
0.0538734
0.053874
0.0538738
0.0538734
0.0524743
0.0524456
0.0490079
0.0535988
0.0533039
0.0533134
0.0533083
0.0533034
0.0536018
0.0538731
0.0538735
0.0538733
0.0538736
0.0538736
0.0538733
0.0538743
0.0538739
0.0538739
0.0538728
0.0538725
0.0538723
0.0538703
0.0538709
0.0538719
0.0528892
0.0538109
0.053805
0.0538246
0.0538174
0.0528921
0.0537579
0.0537588
0.0523648
0.0538716
0.0538602
0.0538598
0.053861
0.0538606
0.0538719
0.0538806
0.0538806
0.0538806
0.0538795
0.0538795
0.0538796
0.0538793
0.0538794
0.0538794
0.0538804
0.0538804
0.0538805
0.0538803
0.0538803
0.0538803
0.0538783
0.0538783
0.0538784
0.0538782
0.0538782
0.0538782
0.0538792
0.0538792
0.0538793
0.053879
0.0538791
0.0538791
0.053878
0.053878
0.0538781
0.0538779
0.0538779
0.0538779
0.0538741
0.0538743
0.0538741
0.0538748
0.0538746
0.0538745
0.0538747
0.0538746
0.0538748
0.05255
0.0524992
0.0506055
0.0470524
0.049881
0.0498355
0.0538821
0.053882
0.0538819
0.0538824
0.0538822
0.0538822
0.0538822
0.0538822
0.0538824
0.0538829
0.0538829
0.0538831
0.0538826
0.0538827
0.0538827
0.0538827
0.0538827
0.0538825
0.0538829
0.0538829
0.0538831
0.0538826
0.0538827
0.0538827
0.0538828
0.0538828
0.0538826
0.0538811
0.053881
0.053881
0.0538814
0.0538815
0.0538813
0.0538811
0.0538811
0.0538811
0.053881
0.0538811
0.053881
0.0538809
0.0538809
0.0538811
0.0538799
0.0538798
0.0538797
0.0538802
0.0538802
0.0538801
0.0538797
0.0538797
0.0538799
0.0538787
0.0538785
0.0538785
0.053879
0.053879
0.0538788
0.0538785
0.0538786
0.0538787
0.0538775
0.0538773
0.0538773
0.0538778
0.0538778
0.0538776
0.0538777
0.0538776
0.0538776
0.0538777
0.0538777
0.0538777
0.0538775
0.0538776
0.0538776
0.0538774
0.0538774
0.0538775
0.0537985
0.053821
0.053821
0.0538208
0.0538208
0.0537984
0.0536519
0.0536332
0.0522195
0.0538639
0.0538062
0.0538079
0.0537503
0.0536928
0.0536975
0.0536807
0.0536872
0.0537496
0.051318
0.0533272
0.053293
0.053721
0.0537214
0.0537972
0.0510597
0.0534804
0.0534759
0.0538617
0.0538728
0.0538734
0.0538703
0.0538717
0.053857
0.0538809
0.053881
0.053881
0.0538809
0.0538809
0.0538808
0.053881
0.053881
0.0538809
0.0538811
0.053881
0.053881
0.0538798
0.0538798
0.0538799
0.0538796
0.0538797
0.0538797
0.0538803
0.0538803
0.0538803
0.0538801
0.0538801
0.0538802
0.0538799
0.05388
0.05388
0.0538786
0.0538786
0.0538787
0.0538785
0.0538785
0.0538785
0.0538789
0.0538789
0.053879
0.0538788
0.0538788
0.0538788
0.0538754
0.053877
0.053877
0.0538771
0.0538771
0.0538755
0.0538759
0.0538772
0.0538772
0.0538773
0.0538773
0.053876
0.0538774
0.0538774
0.0538775
0.0538769
0.0538769
0.0538746
0.0538747
0.0538771
0.0538772
0.0538777
0.0538777
0.0538778
0.0538776
0.0538776
0.0538776
0.0537985
0.0538207
0.0538207
0.0538205
0.0538206
0.0537985
0.0538763
0.0538763
0.0538762
0.0538765
0.0538764
0.0538764
0.0538742
0.0538763
0.0538763
0.0538716
0.053872
0.0538743
0.0538092
0.0538535
0.0538527
0.053854
0.0538537
0.0538094
0.053792
0.0538357
0.0538349
0.0538489
0.0538399
0.0537952
0.0538026
0.053799
0.0538412
0.0537347
0.0537632
0.053766
0.0537608
0.0537616
0.0537335
0.0538814
0.0538813
0.0538813
0.0538816
0.0538816
0.0538815
0.0538764
0.0538764
0.0538763
0.0538766
0.0538766
0.0538765
0.0538815
0.0538815
0.0538815
0.0538812
0.0538812
0.0538811
0.0538814
0.0538813
0.0538813
0.0538812
0.0538813
0.0538814
0.0538771
0.053877
0.053877
0.0538772
0.0538772
0.0538772
0.0538757
0.0538758
0.0538733
0.0538727
0.0538755
0.0538756
0.0538823
0.0538823
0.0538824
0.0538821
0.0538823
0.0538823
0.0538822
0.0538822
0.0538821
0.0538823
0.0538823
0.0538822
0.0538819
0.0538819
0.0538818
0.0538821
0.053882
0.053882
0.053882
0.053882
0.0538821
0.0538823
0.0538823
0.0538824
0.0538821
0.0538822
0.0538822
0.0538823
0.0538823
0.0538822
0.0538821
0.0538822
0.0538822
0.0538822
0.0538822
0.0538821
0.0538824
0.0538823
0.0538823
0.0538813
0.0538813
0.0538813
0.0538812
0.0538812
0.0538812
0.0538815
0.0538816
0.0538815
0.0537978
0.0538208
0.0538209
0.053821
0.0538208
0.053798
0.0537473
0.0537473
0.0537326
0.0537327
0.0537472
0.0537472
0.0538808
0.0538808
0.0538808
0.0538809
0.0538809
0.0538808
0.0538806
0.0538807
0.0538806
0.0538807
0.0538807
0.0538807
0.053877
0.0538769
0.0538753
0.053876
0.0538774
0.0538773
0.0538775
0.0538774
0.0538761
0.0538255
0.0538257
0.0538
0.0537993
0.0538254
0.0538254
0.0537189
0.053737
0.053737
0.0537374
0.0537372
0.0537191
0.0537194
0.0537373
0.0537359
0.053737
0.0537373
0.0537193
0.0536803
0.0536952
0.0536949
0.0536947
0.0536953
0.0536805
0.0537049
0.0537545
0.0537589
0.0537262
0.0537206
0.0536908
0.053676
0.0536908
0.053692
0.0538819
0.053882
0.053882
0.053882
0.053882
0.0538819
0.0538817
0.0538818
0.0538817
0.0538819
0.0538818
0.0538818
0.0538819
0.053882
0.053882
0.0538819
0.0538819
0.0538819
0.0538819
0.0538819
0.0538819
0.0538345
0.0538342
0.0537905
0.0538815
0.0538815
0.0538814
0.0538816
0.0538816
0.0538816
0.053825
0.053825
0.0537994
0.0537995
0.0538252
0.053825
0.0538873
0.0538873
0.0538879
0.0538873
0.0538873
0.0538879
0.0538873
0.0538873
0.0538879
0.0538873
0.0538873
0.0538879
0.053886
0.053886
0.0538866
0.053886
0.053886
0.0538866
0.0538847
0.0538847
0.0538853
0.0538847
0.0538847
0.0538853
0.053884
0.053884
0.0538843
0.0538827
0.0538827
0.053883
0.0538814
0.0538814
0.0538817
0.0538801
0.0538802
0.0538805
0.0538789
0.0538789
0.0538792
0.0538777
0.0538777
0.053878
0.0538765
0.0538765
0.0538768
0.0538754
0.0538754
0.0538756
0.0538752
0.0538752
0.0538755
0.0538739
0.0538739
0.0538741
0.0538724
0.0538725
0.0538728
0.0538705
0.0538706
0.0538712
0.0538707
0.0538706
0.0538713
0.0538693
0.0538692
0.0538698
0.0538692
0.0538694
0.0538701
0.0538678
0.0538677
0.0538683
0.053858
0.0533304
0.0533316
0.0530828
0.0538606
0.0538616
0.0538676
0.0538678
0.0538685
0.0538742
0.0538744
0.0538745
0.0538818
0.0538816
0.0538816
0.0538772
0.0538772
0.053877
0.0538758
0.0538759
0.0538759
0.0522084
0.0536159
0.0535996
0.0534876
0.0534841
0.0511009
0.0538618
0.0538623
0.0538714
0.0538382
0.0537968
0.053796
0.0538759
0.0538759
0.0538757
0.0538768
0.0538767
0.0538767
0.0538744
0.0538745
0.0538705
0.0538756
0.0538756
0.0538755
0.0538761
0.053876
0.053876
0.0538819
0.0538821
0.0538821
0.0538846
0.053885
0.053885
0.053885
0.053885
0.0538846
0.0538846
0.053885
0.053885
0.053885
0.053885
0.0538846
0.0538833
0.0538837
0.0538837
0.0538843
0.053884
0.053884
0.0538834
0.0538834
0.0538833
0.0538833
0.0538834
0.0538834
0.0538837
0.0538837
0.0538833
0.0538824
0.0538824
0.053882
0.0538821
0.0538821
0.053882
0.0538826
0.0538828
0.0538828
0.0538831
0.0538829
0.0538829
0.053882
0.0538824
0.0538824
0.0538811
0.0538811
0.0538808
0.0538817
0.0538814
0.0538814
0.0538808
0.0538811
0.0538811
0.0538798
0.0538798
0.0538795
0.0538804
0.0538801
0.0538801
0.0538802
0.0538802
0.0538801
0.0538805
0.0538804
0.0538804
0.0538795
0.0538798
0.0538798
0.0538786
0.0538786
0.0538783
0.0538792
0.0538789
0.0538789
0.053879
0.053879
0.0538789
0.0538793
0.0538792
0.0538792
0.0538783
0.0538786
0.0538786
0.0538773
0.0538773
0.053877
0.053878
0.0538776
0.0538777
0.0538778
0.0538778
0.0538777
0.0538781
0.053878
0.053878
0.0538771
0.0538774
0.0538774
0.0538767
0.0538764
0.0538764
0.0538758
0.0538761
0.0538762
0.0538751
0.0538752
0.0538752
0.0538731
0.0538734
0.0538734
0.0538736
0.0538737
0.0538738
0.053872
0.0538721
0.0538718
0.0538717
0.0538721
0.0538719
0.0538807
0.0538807
0.0538808
0.0538771
0.0538771
0.0538772
0.0538819
0.0538819
0.0538819
0.0538808
0.0538808
0.0538807
0.0538811
0.053881
0.053881
0.0538796
0.0538796
0.0538795
0.0538799
0.0538798
0.0538798
0.0538784
0.0538784
0.0538783
0.0538787
0.0538786
0.0538786
0.0538772
0.0538772
0.0538771
0.0538775
0.0538774
0.0538774
0.0538761
0.0538761
0.0538762
0.0538733
0.0538731
0.0538725
0.0538022
0.0538043
0.0538635
0.0537973
0.0537218
0.0537221
0.0538537
0.0538696
0.0538698
0.0538738
0.0538736
0.0538732
0.0538811
0.053881
0.0538811
0.0538773
0.0538773
0.0538773
0.0538723
0.0538649
0.0538699
0.0538814
0.0538814
0.0538815
0.0538812
0.0538813
0.0538813
0.0538762
0.053876
0.053876
0.0538765
0.0538765
0.0538764
0.0538816
0.0538816
0.0538815
0.0538818
0.0538817
0.0538817
0.0538771
0.053877
0.0538771
0.0538774
0.0538774
0.0538774
0.0538772
0.0538773
0.0538773
0.053876
0.053876
0.0538759
0.0538761
0.0538761
0.0538761
0.0538758
0.0538757
0.0538758
0.0538749
0.053875
0.0538716
0.0538708
0.0538746
0.0538747
0.0538822
0.0538823
0.0538823
0.0538825
0.0538824
0.0538824
0.0538758
0.0538757
0.0538757
0.0538759
0.0538759
0.0538759
0.0538823
0.0538823
0.0538824
0.053882
0.053882
0.0538821
0.0538833
0.0538834
0.0538834
0.0538834
0.0538834
0.0538833
0.0538825
0.0538823
0.0538823
0.0538821
0.053882
0.053882
0.0538873
0.0538873
0.0538879
0.0538873
0.0538873
0.0538879
0.053886
0.053886
0.0538866
0.0538847
0.0538847
0.0538853
0.0538834
0.0538834
0.053884
0.053884
0.053884
0.0538843
0.0538834
0.0538834
0.053884
0.0538821
0.0538821
0.0538827
0.0538829
0.0538829
0.0538831
0.0538821
0.0538821
0.0538827
0.0538808
0.0538808
0.0538814
0.0538808
0.0538808
0.0538814
0.0538795
0.0538795
0.0538802
0.0538796
0.0538795
0.0538802
0.0538782
0.0538782
0.0538789
0.0538783
0.0538783
0.0538789
0.053877
0.053877
0.0538776
0.053877
0.053877
0.0538776
0.0538757
0.0538757
0.0538763
0.0538758
0.0538757
0.0538764
0.0538744
0.0538744
0.0538751
0.0538745
0.0538745
0.0538751
0.0538739
0.0538739
0.0538742
0.0538732
0.0538732
0.0538738
0.0538708
0.0538692
0.0538698
0.0523909
0.0537555
0.0537568
0.0538694
0.0538693
0.05387
0.0538831
0.0538829
0.0538829
0.0538744
0.0538746
0.0538746
0.0538755
0.0538754
0.0538754
0.053885
0.053885
0.0538847
0.0538846
0.053885
0.053885
0.0538837
0.0538837
0.0538833
0.0538843
0.053884
0.053884
0.0538833
0.0538837
0.0538837
0.053883
0.0538827
0.0538827
0.0538826
0.0538828
0.0538828
0.0538815
0.0538815
0.0538813
0.0538818
0.0538816
0.0538816
0.0538761
0.0538761
0.0538757
0.0538766
0.0538766
0.0538764
0.0538769
0.0538767
0.0538768
0.0538748
0.0538748
0.0538744
0.0538754
0.0538751
0.0538751
0.0538745
0.0538749
0.0538749
0.0538729
0.0538726
0.0538725
0.0537994
0.0537936
0.0528826
0.0538593
0.0538589
0.0538704
0.0538747
0.0538747
0.0538749
0.0538752
0.0538752
0.053875
0.0538828
0.0538828
0.0538826
0.0538653
0.053569
0.0482588
0.0538627
0.0535344
0.0481627
0.0538397
0.0532947
0.0467908
0.0538387
0.0532878
0.0466937
0.0536123
0.0523482
0.0421539
0.0538809
0.0538755
0.0528847
0.0538804
0.0538532
0.0522305
0.0538803
0.0538493
0.0521453
0.0536162
0.0523602
0.0422646
0.0529196
0.0502511
0.0359806
0.0538809
0.0538715
0.0528099
0.0538691
0.0536263
0.048824
0.0538693
0.0536305
0.0489176
0.0538574
0.0534655
0.0475228
0.0538573
0.0534648
0.0474685
0.0538075
0.0531007
0.0459201
0.0538139
0.0531375
0.0460243
0.0534055
0.0514701
0.038035
0.0534123
0.0514994
0.0383354
0.0504451
0.0468623
0.0359026
0.0538815
0.0538808
0.0534636
0.0538777
0.0537875
0.0509653
0.0538784
0.0538041
0.0511934
0.0538775
0.0537844
0.0508836
0.0538657
0.0535771
0.0484964
0.0538615
0.0535173
0.0479047
0.0538496
0.0533814
0.047095
0.053825
0.0531901
0.0464195
0.0536337
0.052407
0.0431926
0.0538812
0.0538776
0.0531428
0.0535928
0.05226
0.0418469
0.0534196
0.051529
0.0387245
0.0534143
0.051508
0.0384379
0.0531766
0.0507268
0.0376028
0.0538647
0.0535598
0.0480349
0.0538662
0.053583
0.0483277
0.0538685
0.0536188
0.0486746
0.0538682
0.0536127
0.0484261
0.0538712
0.0536636
0.0491223
0.0538688
0.0536245
0.0487723
0.0538711
0.0536622
0.049049
0.0538646
0.053558
0.0479578
0.0538612
0.053511
0.0476793
0.0538577
0.0534637
0.0473113
0.0538611
0.0535073
0.04758
0.0538438
0.0533391
0.0465481
0.0538488
0.0533733
0.046831
0.0538563
0.0534468
0.0472087
0.0538528
0.0534106
0.0469345
0.0538392
0.0533049
0.046448
0.0536875
0.0526476
0.0435784
0.0536322
0.0524241
0.0425916
0.0534208
0.0515321
0.0387987
0.0538784
0.0538052
0.0512719
0.053879
0.0538182
0.05153
0.0538791
0.0538191
0.051609
0.0538667
0.0535911
0.0485917
0.0538718
0.0536709
0.0491753
0.053861
0.0535105
0.0478071
0.0538498
0.0533849
0.0471687
0.053792
0.0530255
0.0456349
0.0538212
0.0531671
0.0463158
0.0535698
0.0521582
0.042243
0.0536016
0.0522869
0.0426637
0.0535772
0.0521874
0.0423484
0.0536244
0.052369
0.043085
0.0536046
0.0522957
0.0427499
0.0534641
0.0517519
0.0406465
0.0534052
0.051528
0.0397994
0.0533964
0.0514946
0.0396911
0.0531526
0.0506453
0.0374982
0.0530533
0.0503149
0.0371749
0.0538738
0.0537076
0.0496221
0.0538738
0.0537087
0.0496912
0.0538654
0.05357
0.0483207
0.0538737
0.0537053
0.0495331
0.0538725
0.053684
0.049442
0.0538618
0.053522
0.0480658
0.0538421
0.0533145
0.0468928
0.0537709
0.0529482
0.045224
0.0537741
0.0529547
0.0453017
0.0538379
0.0532832
0.0466249
0.0537618
0.0529044
0.0451181
0.0537527
0.0528634
0.0450116
0.0535648
0.0521454
0.0413834
0.0535706
0.0521691
0.0414949
0.0536094
0.0523391
0.0420554
0.0535592
0.0521226
0.041272
0.0535537
0.0521007
0.0411607
0.053881
0.0538761
0.0529493
0.0533659
0.0513896
0.0392515
0.0533538
0.0513417
0.0391436
0.0538806
0.0538583
0.0523127
0.053881
0.0538708
0.0527338
0.0538802
0.0538487
0.0520719
0.053621
0.0523785
0.0423759
0.0532007
0.0508356
0.0360761
0.0538808
0.0538706
0.0527119
0.0538757
0.053745
0.0501187
0.053869
0.0536244
0.0487437
0.05387
0.0536418
0.0490115
0.0538575
0.0534686
0.0476098
0.0538529
0.0534165
0.047369
0.0538039
0.0530886
0.0458169
0.0538169
0.053149
0.0461271
0.0537229
0.0527491
0.0445343
0.0533719
0.0514079
0.0393525
0.0533802
0.051432
0.0394846
0.0538815
0.053881
0.0535034
0.0538814
0.0538801
0.0534391
0.0534081
0.0514816
0.0381306
0.0534102
0.0514907
0.0382325
0.0538783
0.0538025
0.0510517
0.0538783
0.0538034
0.051125
0.0538774
0.053782
0.0507764
0.0538742
0.0537157
0.0498672
0.0538739
0.0537105
0.0497759
0.0538655
0.0535721
0.048401
0.0538719
0.0536721
0.0492405
0.053872
0.0536759
0.0493556
0.0538616
0.0535188
0.047973
0.0538464
0.0533523
0.0469941
0.0537828
0.0529851
0.045504
0.0537778
0.0529647
0.0454036
0.0538301
0.0532231
0.0465227
0.0537402
0.0528171
0.044798
0.0537457
0.0528351
0.0449048
0.0536488
0.0524706
0.0433715
0.053646
0.052465
0.0433002
0.0535828
0.0522193
0.0417108
0.0535767
0.0521938
0.0416057
0.0536004
0.0522953
0.041948
0.0535428
0.0520568
0.0409426
0.0535482
0.0520786
0.0410505
0.0535368
0.0520303
0.0408413
0.0534181
0.0515233
0.0386356
0.0534163
0.051516
0.0385393
0.0538811
0.0538769
0.0530524
0.0533202
0.0512166
0.0388036
0.0533336
0.0512628
0.0389365
0.0533438
0.0513039
0.0390372
0.0538807
0.0538608
0.0524964
0.0538806
0.0538589
0.0523777
0.0538808
0.0538625
0.0525748
0.0538808
0.053863
0.0526524
0.0538802
0.0538473
0.0519664
0.053877
0.0537734
0.0505263
0.0538648
0.0535626
0.0481288
0.0538652
0.0535695
0.0482285
0.0538684
0.0536163
0.0485827
0.0538683
0.0536146
0.0485056
0.0538695
0.0536358
0.0488696
0.0538711
0.0536602
0.0489662
0.0538645
0.053556
0.0478813
0.0538622
0.0535238
0.0477807
0.0538608
0.0535014
0.0474132
0.0538609
0.0535051
0.0475026
0.0538449
0.0533444
0.0466243
0.0538463
0.0533525
0.0467269
0.0538559
0.0534414
0.0471092
0.0538555
0.0534379
0.047037
0.0538343
0.0532684
0.0463545
0.0536264
0.0523996
0.0424866
0.0534222
0.0515345
0.0388576
0.053879
0.0538177
0.0514673
0.0538786
0.0538098
0.0513483
0.0538792
0.0538239
0.0516912
0.0538749
0.0537286
0.0499579
0.0538757
0.0537437
0.0500471
0.053869
0.0536237
0.0486859
0.0538718
0.0536693
0.0491041
0.0538584
0.0534798
0.0477088
0.0538505
0.0533927
0.0472688
0.0538011
0.0530805
0.045729
0.0538187
0.0531557
0.0462126
0.0537364
0.0528082
0.0446999
0.0537333
0.0528023
0.0446303
0.0537102
0.052698
0.0444015
0.0535631
0.0521304
0.042144
0.0535981
0.0522774
0.0425641
0.053586
0.0522223
0.0424562
0.0536102
0.0523114
0.0428813
0.0536168
0.0523388
0.0429799
0.0534149
0.0515652
0.0399076
0.0533884
0.0514644
0.0395849
0.0531253
0.050559
0.0373878
0.0530932
0.0504531
0.0372789
0.0538815
0.0538812
0.0536016
0.0538816
0.0538814
0.0536644
0.0538816
0.0538814
0.0536648
0.0532587
0.0508567
0.0364948
0.0532588
0.0508572
0.0364331
0.053879
0.0538156
0.0514851
0.0538779
0.0537923
0.0508847
0.0538791
0.0538185
0.0515674
0.0538774
0.0537805
0.0507934
0.0537555
0.0529217
0.0447538
0.0537145
0.0527616
0.0440091
0.0536667
0.0525696
0.0431424
0.0537112
0.0527531
0.0439114
0.0536637
0.0525611
0.0430456
0.0518321
0.0485313
0.0364803
0.0538803
0.0538593
0.0522561
0.0538802
0.05385
0.052178
0.053445
0.0516812
0.0402271
0.0534955
0.0518748
0.0410749
0.0534929
0.0518667
0.040984
0.0534421
0.0516705
0.040143
0.0534259
0.0516102
0.0400101
0.0538813
0.0538784
0.0532575
0.0538814
0.0538796
0.0533258
0.0453817
0.0417611
0.036155
0.0532502
0.0509684
0.0380568
0.0534602
0.0517044
0.0395959
0.0534584
0.0517004
0.0395226
0.0534496
0.0516658
0.0392026
0.053268
0.0508967
0.0366075
0.0532566
0.0508494
0.0362213
0.0538771
0.0537743
0.0506361
0.0536522
0.0524803
0.043465
0.053659
0.0525016
0.043598
0.0536867
0.0526237
0.0439076
0.0529842
0.0500969
0.0364193
0.0538811
0.0538726
0.0529206
0.0535165
0.0519483
0.04049
0.0538812
0.0538784
0.0532255
0.0538812
0.0538779
0.0531239
0.0532978
0.0511376
0.038488
0.0532344
0.0509127
0.0379473
0.0532908
0.0511134
0.038387
0.0532855
0.0511016
0.0382693
0.053881
0.0538714
0.0528024
0.0538781
0.0537964
0.0511318
0.0538783
0.0538003
0.0512212
0.0538798
0.0538357
0.05189
0.0538797
0.0538328
0.0518064
0.0537386
0.0528537
0.0444488
0.0537309
0.052821
0.0443391
0.0536813
0.0526213
0.0434736
0.0536417
0.0524625
0.0427281
0.0534897
0.051838
0.0399484
0.0535099
0.0519189
0.0403785
0.053496
0.0518661
0.0400498
0.0534446
0.051645
0.0390948
0.053281
0.0509566
0.0367181
0.0532565
0.050855
0.0362212
0.0538806
0.0538623
0.0524985
0.0538806
0.0538625
0.0525606
0.0538762
0.0537542
0.0503109
0.0538765
0.0537609
0.0505481
0.053876
0.0537505
0.0501974
0.0537034
0.0526712
0.0442996
0.0536901
0.052632
0.0439983
0.0534577
0.0517271
0.0405446
0.052954
0.0500168
0.0363076
0.053394
0.0514222
0.0378006
0.0532577
0.0508507
0.0365355
0.0532583
0.0508546
0.0363572
0.0529991
0.0501395
0.0367749
0.0529994
0.0501358
0.0368229
0.0529983
0.0501372
0.0367022
0.0529943
0.0501224
0.0366106
0.0538789
0.0538137
0.0513761
0.0533484
0.0512404
0.0371474
0.0533613
0.0512929
0.0372534
0.053878
0.053794
0.0509717
0.0538796
0.0538312
0.0516552
0.0538772
0.0537766
0.050703
0.0538758
0.0537483
0.0501765
0.0538759
0.0537506
0.0502675
0.0538735
0.0537044
0.0495063
0.0538736
0.0537057
0.0495792
0.0538758
0.0537468
0.0500956
0.0538757
0.0537458
0.0500301
0.0538722
0.0536812
0.0494121
0.0538716
0.0536721
0.0493227
0.0537617
0.0529388
0.0448885
0.0537673
0.0529631
0.0449865
0.0538013
0.0531024
0.0456095
0.0537977
0.053092
0.0455034
0.053806
0.0531222
0.0457171
0.0538117
0.0531499
0.0458243
0.0537521
0.0529129
0.0446596
0.0537189
0.0527744
0.0441188
0.0536707
0.0525814
0.0432525
0.0537077
0.0527444
0.0438143
0.0536585
0.0525429
0.042936
0.0532936
0.0510053
0.0369132
0.0533308
0.0511626
0.0370475
0.0538804
0.0538595
0.0523127
0.0538804
0.0538605
0.0523799
0.05388
0.0538483
0.0520698
0.0535538
0.0521023
0.0419195
0.0535569
0.0521119
0.0420119
0.0534479
0.0516915
0.040329
0.0535512
0.052095
0.041837
0.053538
0.0520354
0.0417289
0.053499
0.051886
0.0411808
0.0534873
0.0518477
0.0408788
0.0529354
0.0499996
0.0366176
0.0534009
0.0514541
0.0379043
0.0533813
0.0513685
0.0375818
0.0533877
0.0513951
0.0376913
0.0538815
0.0538811
0.0535602
0.0538814
0.0538795
0.0533979
0.0538813
0.0538793
0.0532945
0.0532672
0.0510295
0.0381659
0.0534706
0.0517558
0.039707
0.0534791
0.0517948
0.0398127
0.0534561
0.0516916
0.0394214
0.0534533
0.0516811
0.0393129
0.0532547
0.0508294
0.0364963
0.0532574
0.0508506
0.0362777
0.0538774
0.0537814
0.05072
0.0536662
0.0525318
0.0436961
0.0536747
0.0525666
0.0438007
0.0530448
0.0502945
0.0370418
0.0530277
0.0502388
0.036936
0.0529876
0.0501045
0.0364862
0.0538812
0.0538729
0.0529942
0.0538812
0.0538772
0.0530725
0.0535227
0.0519746
0.0406008
0.0535284
0.0519977
0.0407057
0.0533748
0.0513411
0.0374715
0.0533681
0.0513154
0.0373621
0.0533048
0.0511625
0.0385948
0.0533123
0.0511895
0.0387021
0.0532038
0.0508082
0.037738
0.0532193
0.0508615
0.0378399
0.0538781
0.053795
0.0510462
0.0538788
0.0538127
0.0513074
0.0538796
0.0538319
0.0517275
0.0538771
0.0537751
0.0506226
0.053877
0.0537714
0.0504488
0.0538762
0.0537565
0.0503601
0.0538737
0.0537093
0.0497484
0.0538736
0.0537073
0.0496583
0.053874
0.0537145
0.0498425
0.0538746
0.0537239
0.0499367
0.0538713
0.0536655
0.0492008
0.0537818
0.0530286
0.0451997
0.0537739
0.0529912
0.0450918
0.0537902
0.0530714
0.0453074
0.0537947
0.0530848
0.0454149
0.0538264
0.0532277
0.0461236
0.0538291
0.053239
0.0462231
0.0538243
0.0532208
0.0460374
0.0538187
0.0531909
0.045931
0.0537484
0.052904
0.0445581
0.0537244
0.0527946
0.044229
0.0536756
0.0525995
0.0433634
0.0536981
0.0526923
0.0437148
0.0536493
0.0524982
0.0428287
0.053506
0.0519053
0.0402684
0.0535012
0.051887
0.0401578
0.0534376
0.0516103
0.0389937
0.0532834
0.0509658
0.0368086
0.0532465
0.0508455
0.0361403
0.0538807
0.0538629
0.0526378
0.0538798
0.0538387
0.0519337
0.05388
0.0538478
0.0520139
0.0538797
0.053838
0.0518582
0.0538796
0.0538368
0.0517656
0.0538762
0.053755
0.0503767
0.0538763
0.0537565
0.0504591
0.0536977
0.0526513
0.0441924
0.0536934
0.0526395
0.0440863
0.0534521
0.0517068
0.0404368
0.0535203
0.0519656
0.0415153
0.0535285
0.0519974
0.0416209
0.0535037
0.0519028
0.0412828
0.0535123
0.0519326
0.0414158
0.053476
0.051797
0.0407793
0.0529413
0.0500025
0.0362412
0.0538816
0.0538813
0.0536405
)
;

boundaryField
{
    topAndBottom
    {
        type            calculated;
        value           nonuniform List<scalar> 
72
(
0.0538899
0.0538899
0.0538886
0.0538886
0.0538873
0.0538873
0.053886
0.053886
0.0538847
0.0538847
0.0538834
0.0538834
0.0538821
0.0538821
0.0538808
0.0538808
0.0538795
0.0538795
0.0538782
0.0538782
0.0538769
0.0538769
0.0538756
0.0538756
0.0538743
0.0538743
0.053873
0.053873
0.0538717
0.0538717
0.0538704
0.0538704
0.0538691
0.0538691
0.0538678
0.0538678
0.0538665
0.0538664
0.0538652
0.0538651
0.0538639
0.0538638
0.0538626
0.0538625
0.0538613
0.0538612
0.05386
0.0538599
0.0538587
0.0538586
0.0538574
0.0538573
0.0538561
0.053856
0.0538548
0.0538547
0.0538535
0.0538534
0.0538522
0.0538521
0.0538509
0.0538508
0.0538496
0.0538495
0.0538483
0.0538482
0.053847
0.0538468
0.0538457
0.0538455
0.0538444
0.0538442
)
;
    }
    inlet
    {
        type            calculated;
        value           uniform 0;
    }
    outlet
    {
        type            calculated;
        value           nonuniform List<scalar> 
24
(
0.0538444
0.0538444
0.0538444
0.0538444
0.0538445
0.0538445
0.0538446
0.0538446
0.0538446
0.0538444
0.0538417
0.053566
0.0534527
0.0538422
0.0538443
0.0538444
0.0538445
0.0538446
0.0538445
0.0538444
0.0538443
0.0538443
0.0538443
0.0538442
)
;
    }
    wing
    {
        type            calculated;
        value           uniform 0;
    }
    front
    {
        type            empty;
    }
    back
    {
        type            empty;
    }
}


// ************************************************************************* //
