/*--------------------------------*- C++ -*----------------------------------*\
| =========                 |                                                 |
| \\      /  F ield         | OpenFOAM: The Open Source CFD Toolbox           |
|  \\    /   O peration     | Version:  5.x                                   |
|   \\  /    A nd           | Web:      www.OpenFOAM.org                      |
|    \\/     M anipulation  |                                                 |
\*---------------------------------------------------------------------------*/
FoamFile
{
    version     2.0;
    format      ascii;
    class       volScalarField;
    location    "100";
    object      YSat;
}
// * * * * * * * * * * * * * * * * * * * * * * * * * * * * * * * * * * * * * //

dimensions      [0 0 0 0 0 0 0];

internalField   nonuniform List<scalar> 
6584
(
0.00431405
0.00431405
0.00431405
0.00431405
0.00431405
0.00431405
0.00431405
0.00431405
0.00431405
0.00431405
0.00431405
0.00431405
0.00431405
0.00431405
0.00431405
0.00431405
0.00431405
0.00431405
0.00431405
0.00431405
0.00431405
0.00431405
0.00431405
0.00431405
0.00431405
0.00431405
0.00431405
0.00431405
0.00431405
0.00431405
0.00431405
0.00431405
0.00431405
0.00431405
0.00431405
0.00431405
0.00431405
0.00431405
0.00431405
0.00431405
0.00431405
0.00431405
0.00431405
0.00431405
0.00431405
0.00431405
0.00431405
0.00431405
0.00431405
0.00431405
0.00431405
0.00431405
0.00431405
0.00431405
0.00431405
0.00431405
0.00431405
0.00431405
0.00431405
0.00431405
0.00431405
0.00431405
0.00431405
0.00431405
0.00431405
0.00431405
0.00431405
0.00431405
0.00431405
0.00431405
0.00431405
0.00431405
0.00431405
0.00431405
0.00431405
0.00431405
0.00431405
0.00431405
0.00431405
0.00431405
0.00431405
0.00431405
0.00431405
0.00431405
0.00431405
0.00431405
0.00431405
0.00431405
0.00431405
0.00431405
0.00431405
0.00431405
0.00431405
0.00431405
0.00431405
0.00431405
0.00431405
0.00431405
0.00431405
0.00431405
0.00431405
0.00431405
0.00431405
0.00431405
0.00431405
0.00431405
0.00431405
0.00431405
0.00431405
0.00431405
0.00431405
0.00431405
0.00431405
0.00431405
0.00431405
0.00431405
0.00431405
0.00431405
0.00431405
0.00431405
0.00431405
0.00431405
0.00431405
0.00431405
0.00431405
0.00431405
0.00431405
0.00431405
0.00431405
0.00431405
0.00431405
0.00431405
0.00431405
0.00431405
0.00431405
0.00431405
0.00431405
0.00431405
0.00431405
0.00431405
0.00431405
0.00431405
0.00431405
0.00431405
0.00431405
0.00431405
0.00431405
0.00431405
0.00431405
0.00431405
0.00431405
0.00431405
0.00431405
0.00431405
0.00431405
0.00431405
0.00431405
0.00431405
0.00431405
0.00431405
0.00431405
0.00431405
0.00431405
0.00431405
0.00431405
0.00431405
0.00431405
0.00431405
0.00431405
0.00431405
0.00431405
0.00431405
0.00431405
0.00431405
0.00431405
0.00431405
0.00431405
0.00431405
0.00431405
0.00431405
0.00431405
0.00431405
0.00431405
0.00431405
0.00431405
0.00431405
0.00431405
0.00431405
0.00431405
0.00431405
0.00431405
0.00431405
0.00431405
0.00431405
0.00431405
0.00431405
0.00431405
0.00431405
0.00431405
0.00431405
0.00431405
0.00431405
0.00431405
0.00431405
0.00431405
0.00431405
0.00431405
0.00431405
0.00431405
0.00431405
0.00431405
0.00431405
0.00431405
0.00431405
0.00431405
0.00431405
0.00431405
0.00431405
0.00431405
0.00431405
0.00431405
0.00431405
0.00431405
0.00431405
0.00431405
0.00431405
0.00431405
0.00431405
0.00431405
0.00431405
0.00431405
0.00431405
0.00431405
0.00431405
0.00431405
0.00431405
0.00431405
0.00431405
0.00431405
0.00431405
0.00431405
0.00431405
0.00431405
0.00431405
0.00431405
0.00431405
0.00431405
0.00431405
0.00431405
0.00431405
0.00431405
0.00431405
0.00431405
0.00431405
0.00431405
0.00431405
0.00431405
0.00431405
0.00431405
0.00431405
0.00431405
0.00431405
0.00431405
0.00431405
0.00431405
0.00431405
0.00431405
0.00431405
0.00431405
0.00431405
0.00431405
0.00431405
0.00431405
0.00431405
0.00431405
0.00431405
0.00431405
0.00431405
0.00431405
0.00431405
0.00431405
0.00431405
0.00431405
0.00431405
0.00431405
0.00431405
0.00431405
0.00431405
0.00431405
0.00431405
0.00431405
0.00431405
0.00431405
0.00431405
0.00431405
0.00431405
0.00431405
0.00431405
0.00431405
0.00431405
0.00431405
0.00431405
0.00431405
0.00431405
0.00431405
0.00431405
0.00431405
0.00431405
0.00431405
0.00431405
0.00431405
0.00431405
0.00431405
0.00431405
0.00431405
0.00431405
0.00431405
0.00431405
0.00427668
0.00431405
0.00431405
0.00431405
0.00431405
0.00431405
0.00431405
0.00431405
0.00431405
0.00431405
0.00431405
0.00431405
0.00431405
0.00431405
0.00431405
0.00431405
0.00431405
0.00431405
0.00431405
0.00431405
0.00431405
0.00431405
0.00431405
0.00431405
0.00430609
0.00431405
0.00431405
0.00431405
0.00431405
0.00431405
0.00431405
0.00431405
0.00431405
0.00431405
0.00431405
0.00431405
0.00431405
0.00431405
0.00431405
0.00431405
0.00431405
0.00431405
0.00431405
0.00431405
0.00431405
0.00431405
0.00431405
0.00431405
0.00430711
0.00431405
0.00431405
0.00431405
0.00431405
0.00431405
0.00431405
0.00431405
0.00431405
0.00431405
0.00431405
0.00431405
0.00431405
0.00431405
0.00431405
0.00431405
0.00431405
0.00431405
0.00431405
0.00431405
0.00431405
0.00431405
0.00431405
0.004314
0.00431085
0.00431405
0.00431405
0.00431405
0.00431405
0.00431405
0.00431405
0.00431405
0.00431405
0.00431405
0.00431405
0.00431405
0.00431405
0.00431405
0.00431405
0.00431405
0.00431405
0.00431405
0.00431405
0.00431405
0.00431405
0.00431405
0.00431405
0.00431396
0.00431103
0.00431405
0.00431405
0.00431405
0.00431405
0.00431405
0.00431405
0.00431405
0.00431405
0.00431405
0.00431405
0.00431405
0.00431405
0.00431405
0.00431405
0.00431405
0.00431405
0.00431405
0.00431405
0.00431405
0.00431405
0.00431405
0.00431404
0.00431257
0.00431261
0.00431405
0.00431405
0.00431405
0.00431405
0.00431405
0.00431405
0.00431405
0.00431405
0.00431405
0.00431405
0.00431405
0.00431405
0.00431405
0.00431405
0.00431405
0.00431405
0.00431405
0.00431405
0.00431405
0.00431405
0.00431405
0.00431404
0.00431259
0.00431265
0.00431405
0.00431405
0.00431405
0.00431405
0.00431405
0.00431405
0.00431405
0.00431405
0.00431405
0.00431405
0.00431405
0.00431405
0.00431405
0.00431405
0.00431405
0.00431405
0.00431405
0.00431405
0.00431405
0.00431405
0.00431405
0.00431403
0.00431261
0.00431268
0.00431405
0.00431405
0.00431405
0.00431405
0.00431405
0.00431405
0.00431405
0.00431405
0.00431405
0.00431405
0.00431405
0.00431405
0.00431405
0.00431405
0.00431405
0.00431405
0.00431405
0.00431405
0.00431405
0.00431405
0.00431405
0.00431403
0.00431263
0.00431271
0.00431405
0.00431405
0.00431405
0.00431405
0.00431405
0.00431405
0.00431405
0.00431405
0.00431405
0.00431405
0.00431405
0.00431405
0.00431405
0.00431405
0.00431405
0.00431405
0.00431405
0.00431405
0.00431405
0.00431405
0.00431405
0.00431402
0.00431266
0.00431274
0.00431405
0.00431405
0.00431405
0.00431405
0.00431405
0.00431405
0.00431405
0.00431405
0.00431405
0.00431405
0.00431405
0.00431405
0.00431405
0.00431405
0.00431405
0.00431405
0.00431405
0.00431405
0.00431405
0.00431405
0.00431405
0.00431402
0.00431268
0.00431277
0.00431405
0.00431405
0.00431405
0.00431405
0.00431405
0.00431405
0.00431405
0.00431405
0.00431405
0.00431405
0.00431405
0.00431405
0.00431405
0.00431405
0.00431405
0.00431405
0.00431405
0.00431405
0.00431405
0.00431405
0.00431405
0.00431402
0.0043127
0.0043128
0.00431405
0.00431405
0.00431405
0.00431405
0.00431405
0.00431405
0.00431405
0.00431405
0.00431405
0.00431405
0.00431405
0.00431405
0.00431405
0.00431405
0.00431405
0.00431405
0.00431405
0.00431405
0.00431405
0.00431405
0.00431405
0.00431402
0.00431272
0.00431283
0.00431405
0.00431405
0.00431405
0.00431405
0.00431405
0.00431405
0.00431405
0.00431405
0.00431405
0.00431405
0.00431405
0.00431405
0.00431405
0.00431405
0.00431405
0.00431405
0.00431405
0.00431405
0.00431405
0.00431405
0.00431405
0.00431402
0.00431274
0.00431286
0.00431405
0.00431405
0.00431405
0.00431405
0.00431405
0.00431405
0.00431405
0.00431405
0.00431405
0.00431405
0.00431405
0.00431405
0.00431405
0.00431405
0.00431405
0.00431405
0.00431405
0.00431405
0.00431405
0.00431405
0.00431405
0.00431402
0.00431276
0.00431289
0.00431405
0.00431405
0.00431405
0.00431405
0.00431405
0.00431405
0.00431405
0.00431405
0.00431405
0.00431405
0.00431405
0.00431405
0.00431405
0.00431405
0.00431405
0.00431405
0.00431405
0.00431405
0.00431405
0.00431405
0.00431405
0.00431402
0.00431278
0.00431291
0.00431405
0.00431405
0.00431405
0.00431405
0.00431405
0.00431405
0.00431405
0.00431405
0.00431405
0.00431405
0.00431405
0.00431405
0.00431405
0.00431405
0.00431405
0.00431405
0.00431405
0.00431405
0.00431405
0.00431405
0.00431405
0.00431402
0.0043128
0.00431294
0.00431405
0.00431405
0.00431405
0.00431405
0.00431405
0.00431405
0.00431405
0.00431405
0.00431405
0.00431405
0.00431405
0.00431405
0.00431405
0.00431405
0.00431405
0.00431405
0.00431405
0.00431405
0.00431405
0.00431405
0.00431405
0.00431402
0.00431282
0.00431296
0.00431405
0.00431405
0.00431405
0.00431405
0.00431405
0.00431405
0.00431405
0.00431405
0.00431405
0.00431405
0.00431405
0.00431405
0.00431405
0.00431405
0.00431405
0.00431405
0.00431405
0.00431405
0.00431405
0.00431405
0.00431405
0.00431402
0.00431285
0.00431299
0.00431405
0.00431405
0.00431405
0.00431405
0.00431405
0.00431405
0.00431405
0.00431405
0.00431405
0.00431405
0.00431405
0.00431405
0.00431405
0.00431405
0.00431405
0.00431405
0.00431405
0.00431405
0.00431405
0.00431405
0.00431405
0.00431402
0.00431287
0.00431301
0.00431405
0.00431405
0.00431405
0.00431405
0.00431405
0.00431405
0.00431405
0.00431405
0.00431405
0.00431405
0.00431405
0.00431405
0.00431405
0.00431405
0.00431405
0.00431405
0.00431405
0.00431405
0.00431405
0.00431405
0.00431405
0.00431402
0.00431289
0.00431303
0.00431405
0.00431405
0.00431405
0.00431405
0.00431405
0.00431405
0.00431405
0.00431405
0.00431405
0.00431405
0.00431405
0.00431405
0.00431405
0.00431405
0.00431405
0.00431405
0.00431405
0.00431405
0.00431405
0.00431405
0.00431405
0.00431402
0.00431291
0.00431305
0.00431405
0.00431405
0.00431405
0.00431405
0.00431405
0.00431405
0.00431405
0.00431405
0.00431405
0.00431405
0.00431405
0.00431405
0.00431405
0.00431405
0.00431405
0.00431405
0.00431405
0.00431405
0.00431405
0.00431405
0.00431405
0.00431402
0.00431293
0.00431307
0.00431405
0.00431405
0.00431405
0.00431405
0.00431405
0.00431405
0.00431405
0.00431405
0.00431405
0.00431405
0.00431405
0.00431405
0.00431405
0.00431405
0.00431405
0.00431405
0.00431405
0.00431405
0.00431405
0.00431405
0.00431405
0.00431405
0.00431405
0.00431405
0.00431405
0.00431405
0.00431405
0.00429738
0.00427518
0.00431405
0.00431405
0.00431405
0.00431405
0.00431405
0.00431405
0.00431405
0.00431405
0.00431405
0.00431405
0.00431405
0.00431405
0.00431405
0.00431405
0.00431405
0.00431405
0.00431405
0.00431405
0.00431405
0.00431405
0.00431405
0.00431405
0.00431405
0.00431405
0.00431405
0.00431405
0.00431405
0.00431405
0.00431405
0.00431405
0.00431405
0.00431401
0.00431404
0.00431405
0.00431405
0.00431405
0.00431405
0.00431405
0.00431405
0.00431405
0.00431405
0.00431405
0.00431404
0.00431401
0.00431405
0.00431405
0.00431405
0.00431405
0.00431405
0.00431405
0.00431405
0.00431405
0.00431405
0.00431405
0.00431405
0.00430339
0.00429693
0.00429852
0.00431405
0.00431405
0.00431405
0.00431405
0.00431405
0.00431405
0.00431405
0.00431405
0.00431405
0.00431405
0.00431405
0.00431405
0.00431405
0.00431405
0.00431405
0.00431405
0.00431405
0.00431405
0.00431405
0.00431405
0.00431405
0.00431404
0.00431405
0.00431405
0.00431405
0.00431405
0.00431405
0.00431405
0.00431405
0.00431405
0.00431405
0.00431405
0.00431405
0.00431405
0.00431405
0.00431405
0.00431401
0.00431401
0.00431405
0.00431405
0.00431405
0.00431405
0.00431405
0.00431405
0.00431405
0.00431405
0.00431405
0.00431405
0.00431405
0.00431404
0.00431405
0.00431405
0.00431405
0.00431405
0.00431405
0.00431405
0.00431405
0.00431405
0.00431405
0.00431405
0.00431405
0.00431405
0.00431405
0.00431405
0.00431405
0.00431405
0.00431405
0.00431405
0.00431405
0.00431405
0.00431405
0.00431405
0.00431405
0.00431405
0.00431405
0.00431405
0.00431405
0.00431405
0.00431405
0.00431405
0.00431405
0.00431405
0.00431404
0.00431403
0.00431405
0.00431405
0.00431405
0.00431405
0.00431405
0.00431405
0.00431405
0.00431405
0.00431405
0.00431405
0.00431405
0.00431396
0.004314
0.00431405
0.00431405
0.004314
0.00431403
0.00431403
0.004314
0.00431405
0.00431405
0.00431405
0.00431405
0.00431405
0.00431405
0.00431405
0.00431405
0.00431405
0.00431405
0.00431405
0.00431405
0.00431405
0.00431405
0.00431405
0.00431405
0.00431405
0.00431405
0.00431405
0.00431405
0.00431405
0.00431405
0.00431404
0.00431404
0.00431403
0.00431403
0.00431405
0.00431397
0.00431405
0.00431405
0.00431404
0.00431404
0.00431405
0.00431405
0.00431405
0.00431405
0.00431405
0.00431405
0.00431405
0.00431405
0.00431405
0.00431405
0.00431405
0.00431405
0.00431405
0.00431405
0.00431405
0.00431405
0.00431405
0.00431405
0.00431405
0.00431405
0.00431405
0.00431405
0.00431405
0.00431405
0.00431405
0.00431405
0.00431405
0.00431405
0.00431405
0.00431405
0.00431405
0.00431405
0.00431405
0.00431405
0.00431405
0.00431405
0.00431405
0.00431398
0.00431398
0.00431405
0.00431405
0.00431405
0.00431405
0.00431405
0.00431405
0.00431405
0.00431405
0.00431405
0.00431405
0.00431405
0.00431405
0.00431396
0.00431405
0.004314
0.00431396
0.00431403
0.004314
0.00431405
0.00431405
0.00431396
0.00431405
0.00431405
0.00431405
0.00431405
0.00431405
0.00431405
0.00431405
0.00431405
0.00431405
0.00431404
0.00431405
0.00431405
0.00431404
0.00431403
0.00431405
0.00431404
0.00431405
0.00431403
0.00431404
0.00431405
0.00431403
0.00431404
0.00431398
0.00431402
0.00431405
0.00431399
0.00431405
0.00431405
0.00431335
0.00431405
0.00431405
0.00430614
0.00431405
0.00431405
0.00431405
0.00431405
0.00431405
0.00431405
0.00431405
0.00431405
0.00431405
0.00429568
0.00431404
0.00431405
0.00431405
0.00431405
0.00431405
0.00431405
0.00431401
0.00431402
0.00430069
0.00431404
0.00431404
0.00431402
0.00431403
0.00431384
0.00431405
0.00425692
0.00431405
0.00431405
0.00431405
0.00431405
0.00431405
0.00431405
0.00431405
0.00431405
0.00431405
0.00431405
0.00431405
0.00431405
0.00431405
0.00431405
0.00431405
0.00431405
0.00431405
0.00431405
0.00431403
0.00431404
0.00431404
0.00431402
0.00431397
0.00431393
0.00431405
0.00431405
0.00431405
0.00431405
0.00431405
0.00430342
0.00431405
0.00431405
0.00431405
0.00431405
0.00431405
0.00431405
0.00431405
0.00431405
0.00431405
0.00431405
0.00431405
0.00431405
0.00431405
0.00431405
0.00431405
0.00431405
0.00431405
0.00431405
0.00431405
0.00431405
0.00431405
0.00431405
0.00431405
0.00431405
0.00431405
0.00431405
0.00431405
0.00431404
0.00431405
0.00431405
0.00431405
0.00431405
0.00431405
0.00431405
0.00431405
0.00431405
0.00431405
0.00431405
0.00431405
0.00431405
0.00431405
0.00431405
0.00431405
0.00431405
0.00431405
0.00431405
0.00431405
0.00431399
0.00431399
0.00431405
0.00431405
0.00431405
0.00431405
0.00431405
0.00431405
0.00431405
0.00431405
0.00431405
0.00431405
0.00431405
0.00431405
0.00431405
0.004314
0.00431402
0.00431394
0.00431394
0.00431404
0.00431405
0.00431405
0.00431405
0.00431405
0.00431405
0.00431405
0.00431405
0.00431405
0.00431405
0.00431405
0.00431405
0.00431405
0.00431404
0.00431404
0.00431405
0.00431405
0.00431405
0.00431404
0.00431404
0.004314
0.00431398
0.00431405
0.00431405
0.00431405
0.00431395
0.00431404
0.00431396
0.00431398
0.00431397
0.00431404
0.00431405
0.00431405
0.00431405
0.00431405
0.00431405
0.00431397
0.00431398
0.004314
0.00431401
0.00431405
0.00431402
0.00431401
0.00431403
0.00431402
0.00431405
0.00431401
0.00431402
0.00431402
0.00431401
0.00431405
0.00431404
0.00431403
0.00431403
0.00431403
0.00431405
0.00431405
0.00431405
0.00431405
0.00431405
0.00431405
0.00431405
0.00431405
0.00431403
0.00431404
0.00431404
0.00431402
0.00431396
0.00431403
0.00431402
0.00431404
0.00431404
0.00431396
0.004314
0.00431398
0.00431402
0.00431401
0.00431405
0.00431401
0.00431403
0.00431399
0.00431401
0.00431405
0.00431391
0.00431394
0.00431405
0.00431405
0.00431405
0.00431405
0.00431405
0.00431405
0.00431405
0.00431405
0.00431405
0.00431405
0.00431405
0.00431405
0.00431405
0.00431405
0.00431405
0.00431405
0.00431405
0.00431405
0.00431405
0.00431405
0.00431405
0.00431405
0.00431405
0.00431405
0.00431405
0.00431405
0.00431405
0.00431405
0.00431405
0.00431405
0.00431405
0.00431405
0.00431405
0.00431405
0.00431404
0.00431405
0.00431405
0.00431405
0.00431405
0.00431405
0.00431405
0.00431405
0.00431405
0.00431405
0.00431405
0.00431405
0.00431405
0.00431405
0.00431405
0.00431405
0.00431405
0.00431405
0.00431405
0.00431405
0.00431405
0.00431405
0.00431405
0.00431405
0.00431405
0.00431405
0.00431405
0.00431405
0.00431403
0.00431404
0.00431403
0.00431403
0.00431404
0.00431404
0.00431404
0.00431404
0.00431405
0.00431405
0.00431405
0.00431404
0.00431404
0.00431404
0.00431404
0.00431403
0.00431403
0.00431404
0.00431404
0.00431405
0.00431405
0.00431405
0.00431398
0.00431399
0.00431405
0.00431405
0.00431405
0.00431405
0.00431405
0.00431405
0.00431405
0.00431405
0.00431405
0.00431405
0.00431405
0.00431405
0.00431396
0.00431397
0.00431405
0.00431405
0.00431405
0.00431405
0.00431396
0.00431402
0.00431405
0.00431405
0.00431405
0.00431405
0.00431401
0.00431404
0.00431404
0.00431404
0.00431404
0.00431396
0.00431405
0.00431405
0.00431404
0.00431405
0.00431396
0.00431397
0.00431399
0.00431405
0.00431394
0.00431395
0.00431397
0.00431394
0.00431395
0.00431405
0.00431393
0.00431396
0.00431404
0.00431398
0.00431398
0.00431401
0.00431399
0.00431404
0.00431399
0.00431404
0.00431397
0.00431404
0.004314
0.00431404
0.00431404
0.00431405
0.00431404
0.00431401
0.00431396
0.00431396
0.00431404
0.00431404
0.00431403
0.00431404
0.00431402
0.00431401
0.00431405
0.00431405
0.00431405
0.00431405
0.00431405
0.00431405
0.00431405
0.00431405
0.00431405
0.00431405
0.00431405
0.00431405
0.00431405
0.00431405
0.00431405
0.00431405
0.00431405
0.00431405
0.00431405
0.00431405
0.00431405
0.00431401
0.00431404
0.00431405
0.00431405
0.00431405
0.00431396
0.00431395
0.00431401
0.00431402
0.00431403
0.00431405
0.00431405
0.00431405
0.00431405
0.00431405
0.00431405
0.00431405
0.00431405
0.00431405
0.00431405
0.00431405
0.00431405
0.00431405
0.00431404
0.00431405
0.00431405
0.00431405
0.00431405
0.00431405
0.00431405
0.00431405
0.00431405
0.00431405
0.00431405
0.00431405
0.00431405
0.00431405
0.00431405
0.00431405
0.00431401
0.00431397
0.00431398
0.00431401
0.00431405
0.00431405
0.00431405
0.00431405
0.00431405
0.00431405
0.00431405
0.00431405
0.00431405
0.00431405
0.00431405
0.00431405
0.00431405
0.00431405
0.00431405
0.00431405
0.00431405
0.00431405
0.00431399
0.004314
0.00431405
0.00431405
0.00431405
0.00431399
0.00431399
0.00431405
0.00431405
0.00431405
0.00431405
0.00431405
0.00431396
0.00431396
0.00431396
0.00431399
0.00431401
0.00431396
0.00431396
0.004314
0.00431399
0.00431403
0.00431398
0.00431397
0.004314
0.00431404
0.00431404
0.00431405
0.00431405
0.00431405
0.00431405
0.00431405
0.00431405
0.00431405
0.00431405
0.00431405
0.00431405
0.00431405
0.00431405
0.00431405
0.00431405
0.00431405
0.00431405
0.00431405
0.00431405
0.00431405
0.00431403
0.00431404
0.00431398
0.00431399
0.00431403
0.00431403
0.00431396
0.00431397
0.00431396
0.00431396
0.004314
0.004314
0.00431397
0.00431396
0.00431395
0.00431405
0.00431403
0.00431404
0.00431405
0.00431405
0.00431405
0.00431405
0.00431405
0.00431405
0.00431405
0.00431405
0.00431405
0.00431405
0.00431405
0.00431405
0.00431405
0.00431405
0.00431405
0.00431405
0.00431405
0.00431405
0.00431405
0.00431405
0.00431405
0.00431405
0.00431405
0.00431405
0.00431405
0.00431405
0.00431405
0.00431405
0.00431405
0.00431405
0.00431405
0.00431405
0.00431405
0.00431405
0.00431405
0.00431405
0.00431405
0.00431397
0.00431398
0.00431405
0.00431405
0.00431405
0.00431405
0.00431405
0.00431405
0.00431396
0.00431399
0.00431403
0.00431403
0.00431401
0.00431401
0.00431396
0.00431405
0.00431405
0.00431405
0.00431396
0.00431396
0.00431399
0.00431399
0.00431396
0.004314
0.004314
0.00431396
0.00431397
0.00431405
0.00431405
0.00431405
0.00431405
0.00431405
0.00431405
0.00431404
0.00431405
0.00431405
0.00431405
0.00431405
0.00431404
0.00431403
0.00431405
0.00431405
0.00431405
0.00431405
0.00431404
0.00431399
0.00431402
0.00431401
0.00431397
0.00431398
0.00431397
0.00431394
0.00431401
0.00431401
0.00431399
0.00431405
0.00431404
0.00431404
0.00431405
0.00431404
0.00431405
0.00431389
0.00431388
0.00431403
0.00431404
0.00431405
0.00431405
0.00431405
0.00431405
0.00431401
0.00431401
0.00431381
0.00431357
0.00429247
0.00431402
0.00431402
0.00431402
0.00431402
0.00431402
0.00431403
0.00425864
0.00431305
0.00431399
0.00431405
0.00431405
0.00431405
0.00431405
0.00431405
0.00431405
0.00431405
0.00431405
0.00431405
0.00431405
0.00431405
0.00431402
0.00431404
0.00431393
0.00431394
0.00431394
0.00431393
0.00431401
0.00431395
0.00431394
0.00431396
0.00431389
0.0043139
0.00431391
0.00431391
0.00431395
0.00431405
0.00431405
0.00431405
0.00431405
0.00431405
0.00431405
0.00431404
0.00431405
0.00431405
0.00431405
0.00431405
0.00431405
0.00431405
0.00431398
0.00431398
0.004314
0.004314
0.00431405
0.00431405
0.00431405
0.00431405
0.00431405
0.00431405
0.00431405
0.00431405
0.00431405
0.00431395
0.00431397
0.00431396
0.00431398
0.00431398
0.00431395
0.004314
0.004314
0.00431399
0.00431399
0.00431404
0.00431403
0.00431402
0.00431394
0.00431394
0.004314
0.00431394
0.00431396
0.00431391
0.00431393
0.00431399
0.00431405
0.00431405
0.00431405
0.00431405
0.00431405
0.00431405
0.00431405
0.00431405
0.00431405
0.00431405
0.00431396
0.00431401
0.00431401
0.00431402
0.00431402
0.00431397
0.00431399
0.00431399
0.00431398
0.00431401
0.004314
0.00431398
0.00431405
0.00431405
0.00431405
0.00431405
0.00431405
0.00431405
0.00431405
0.00431396
0.00431399
0.00431396
0.00431396
0.004314
0.004314
0.00431403
0.00431403
0.00431402
0.00431396
0.00431396
0.00431401
0.00431397
0.00431397
0.00431397
0.00431402
0.00431398
0.00431397
0.00431399
0.004314
0.00431402
0.00431398
0.00431397
0.00431398
0.00431398
0.00431401
0.00431397
0.00431398
0.00431403
0.00431401
0.00431401
0.00431401
0.00431401
0.00431403
0.00431405
0.00431405
0.00431405
0.00431405
0.00431405
0.00431405
0.00431405
0.00431405
0.00431405
0.00431405
0.00431405
0.00431405
0.00431405
0.00431405
0.00431403
0.00431404
0.00431394
0.00431394
0.00431394
0.00431394
0.00431404
0.00431399
0.004314
0.00431394
0.00431395
0.00431402
0.00431394
0.00431398
0.00431397
0.00431396
0.00431399
0.00431399
0.00431399
0.00431394
0.00431394
0.00431396
0.00431395
0.00431399
0.00431402
0.00431398
0.00431399
0.00431395
0.00431396
0.00431401
0.00431395
0.004314
0.00431403
0.00431403
0.00431391
0.00431392
0.00431405
0.00431405
0.00431405
0.00431405
0.00431405
0.00431405
0.00431405
0.00431405
0.00431405
0.00431405
0.00431405
0.00431405
0.00431405
0.00431405
0.00431405
0.00431405
0.00431405
0.00431405
0.00431405
0.00431405
0.00431405
0.00431405
0.00431405
0.00431405
0.00431405
0.00431405
0.00431405
0.00431405
0.00431405
0.00431405
0.00431405
0.00431405
0.00431405
0.00431405
0.00431405
0.00431405
0.00431405
0.00431405
0.00431405
0.00431405
0.00431405
0.00431405
0.00431405
0.00431405
0.00431405
0.00431405
0.00431404
0.00431404
0.00431405
0.00431405
0.00431405
0.00431405
0.00431405
0.00431405
0.00431405
0.00431405
0.00431405
0.00431405
0.00431405
0.00431405
0.00431405
0.00431405
0.00431405
0.00431405
0.00431405
0.00431405
0.00431405
0.00431405
0.00431405
0.00431405
0.00431405
0.00431405
0.00431405
0.00431405
0.00431405
0.00431405
0.00431405
0.00431405
0.00431403
0.00431402
0.00431402
0.00431401
0.00431401
0.00431404
0.00431403
0.00431402
0.00431402
0.00431403
0.00431404
0.00431398
0.00431399
0.00431399
0.00431398
0.00431404
0.00431404
0.004314
0.004314
0.004314
0.004314
0.00431404
0.00431404
0.00431404
0.00431404
0.00431404
0.00431403
0.00431403
0.00431404
0.00431404
0.00431398
0.00431398
0.00431405
0.00431405
0.00431405
0.00431405
0.00431405
0.00431405
0.00431396
0.00431402
0.00431403
0.00431399
0.00431396
0.00431401
0.00431402
0.00431397
0.00431397
0.00431404
0.00431402
0.00431401
0.00431404
0.00431401
0.004314
0.00431401
0.00431401
0.00431404
0.00431399
0.00431398
0.00431399
0.004314
0.00431396
0.00431397
0.00431398
0.00431398
0.00431402
0.00431402
0.00431403
0.00431402
0.00431398
0.00431394
0.00431395
0.00431396
0.00431395
0.00431396
0.00431395
0.00431393
0.004314
0.00431399
0.00431401
0.004314
0.00431394
0.00431398
0.00431401
0.00431402
0.00431401
0.00431401
0.00431398
0.004314
0.00431403
0.00431403
0.00431402
0.00431402
0.00431399
0.00431399
0.00431397
0.00431397
0.00431397
0.00431397
0.00431398
0.004314
0.004314
0.00431398
0.00431399
0.00431398
0.00431402
0.00431402
0.004314
0.00431397
0.00431397
0.00431401
0.00431401
0.00431404
0.00431401
0.00431401
0.00431402
0.00431402
0.00431404
0.00431399
0.00431399
0.00431391
0.00431392
0.00431405
0.00431405
0.00431405
0.00431405
0.00431405
0.00431405
0.00431405
0.00431405
0.00431405
0.00431405
0.00431405
0.00431405
0.00431405
0.00431405
0.00431405
0.00431405
0.00431405
0.00431405
0.00431405
0.00431405
0.00431405
0.00431405
0.00431405
0.00431405
0.00431405
0.00431405
0.00431405
0.00431405
0.00431405
0.00431405
0.00431405
0.00431405
0.00431405
0.00431405
0.00431405
0.00431405
0.00431405
0.00431405
0.00431405
0.00431405
0.00431405
0.00431405
0.00431405
0.00431405
0.00431405
0.00431405
0.00431405
0.00431405
0.00431405
0.00431405
0.00431405
0.00431405
0.00431405
0.00431405
0.00431405
0.00431405
0.00431405
0.00431405
0.00431405
0.00431405
0.00431405
0.00431405
0.00431405
0.00431405
0.00431405
0.00431405
0.00431405
0.00431405
0.00431405
0.00431405
0.00431405
0.00431405
0.00431405
0.00431405
0.00431405
0.00431405
0.00431405
0.00431405
0.00431405
0.00431405
0.00431405
0.00431405
0.00431405
0.00431405
0.00431405
0.00431405
0.00431405
0.00431405
0.00431405
0.00431405
0.00431405
0.00431405
0.00431405
0.00431405
0.00431405
0.00431405
0.00431405
0.00431405
0.00431405
0.00431405
0.00431405
0.00431405
0.00431405
0.00431405
0.00431405
0.00431405
0.00431405
0.00431405
0.00431405
0.00431405
0.00431405
0.00431405
0.00431405
0.00431405
0.00431405
0.00431405
0.00431405
0.00431405
0.00431405
0.00431405
0.00431405
0.00431405
0.00431405
0.00431405
0.00431405
0.00431405
0.00431405
0.00431405
0.00431405
0.00431405
0.00431405
0.00431405
0.00431405
0.00431405
0.00431405
0.00431405
0.00431405
0.00431405
0.00428139
0.0043135
0.00431359
0.00431405
0.00431405
0.00431405
0.00431405
0.00431405
0.00431405
0.00431405
0.00431405
0.00431405
0.00431405
0.00431405
0.00431405
0.00431405
0.00430831
0.00430818
0.00430689
0.00431405
0.00431405
0.00431405
0.00431405
0.00431405
0.00431405
0.00431405
0.00431405
0.00431405
0.00431405
0.00431405
0.00431402
0.00431104
0.00430837
0.00431075
0.00431405
0.00431405
0.00431405
0.00431405
0.00431405
0.00431405
0.00431405
0.00431405
0.00431405
0.00431405
0.00431405
0.00431405
0.00431405
0.00431405
0.00431405
0.00431405
0.00431405
0.00431405
0.00431405
0.00431405
0.00431405
0.00431405
0.00431405
0.00431405
0.00431405
0.00431405
0.00431405
0.00431405
0.00431405
0.00431405
0.00431405
0.00431405
0.00431405
0.00431405
0.00431405
0.00431405
0.00431405
0.00431405
0.00431405
0.00431405
0.00431405
0.00431405
0.00431405
0.00431405
0.00431405
0.00431405
0.00431405
0.00431405
0.00431405
0.00431405
0.00429134
0.00431261
0.0043123
0.0043048
0.0043047
0.00425922
0.00431405
0.00431405
0.00431405
0.00431405
0.00431405
0.00431405
0.00431405
0.00431405
0.00431405
0.00431405
0.00431405
0.00431405
0.00431405
0.00431405
0.00431405
0.00431405
0.00431405
0.00431405
0.00431405
0.00431405
0.00431405
0.00431405
0.00431405
0.00431405
0.00431405
0.00431405
0.00431405
0.00431405
0.00431405
0.00431405
0.00431405
0.00431405
0.00431405
0.00431405
0.00431405
0.00431405
0.00431405
0.00431405
0.00431405
0.00431405
0.00431405
0.00431405
0.00431405
0.00431405
0.00431405
0.00431405
0.00431405
0.00431405
0.00431405
0.00431405
0.00431405
0.00431405
0.00431405
0.00431405
0.00431405
0.00431405
0.00431405
0.00431405
0.00431405
0.00431405
0.00431405
0.00431405
0.00431405
0.00431405
0.00431405
0.00431405
0.00431405
0.00431405
0.00431405
0.00431405
0.00431405
0.00431405
0.00431405
0.00431405
0.00431405
0.00431405
0.00431405
0.00431405
0.00431405
0.00431405
0.00431405
0.00431405
0.00431405
0.00431405
0.00431405
0.00431405
0.00431405
0.00431405
0.00431405
0.00431405
0.00431405
0.00431405
0.00431405
0.00431405
0.00431405
0.00431405
0.00431405
0.00431405
0.00431405
0.00431405
0.00431405
0.00431405
0.00431405
0.00431405
0.00431405
0.00431405
0.00431405
0.00431405
0.00431405
0.00431405
0.00431405
0.00431405
0.00431405
0.00431405
0.00431405
0.00431405
0.00431405
0.00431405
0.00431405
0.00431404
0.00431401
0.00431401
0.00431405
0.00431405
0.00431405
0.00431405
0.00431405
0.00431405
0.00431405
0.00431405
0.00431405
0.00431405
0.00431404
0.00431405
0.00431405
0.00431405
0.00431405
0.00431405
0.00431405
0.00431405
0.00431405
0.00431405
0.00431405
0.00431405
0.00431405
0.00431405
0.00431405
0.00431405
0.00431405
0.00431405
0.00431405
0.00431405
0.00431405
0.00431405
0.00431405
0.00430338
0.00431405
0.00431405
0.00431404
0.00431403
0.00429606
0.00431404
0.00431404
0.00429649
0.00431405
0.00431405
0.00431405
0.00431405
0.00431405
0.00431405
0.00431405
0.00431405
0.00431405
0.00431405
0.00431405
0.00431405
0.00431405
0.00431405
0.00431405
0.00431405
0.00431405
0.00431405
0.00431405
0.00431405
0.00431405
0.00431405
0.00431405
0.00431405
0.00431405
0.00431405
0.00431405
0.00431405
0.00431405
0.00431405
0.00431405
0.00431405
0.00431405
0.00431405
0.00431405
0.00431405
0.00431405
0.00431405
0.00431405
0.00431405
0.00431405
0.00431405
0.00431405
0.00431405
0.00431405
0.00431405
0.00431405
0.00431405
0.00431405
0.00431405
0.00431405
0.00431405
0.00431405
0.00431405
0.00431405
0.00431405
0.00431405
0.00431405
0.00431405
0.00431405
0.00431405
0.00431405
0.00431405
0.00431405
0.00431405
0.00431405
0.00431405
0.00431405
0.00431405
0.00431405
0.00431405
0.00431405
0.00431405
0.00431405
0.00431405
0.00431405
0.00431405
0.00431405
0.00431405
0.00431405
0.00431405
0.00431405
0.00431405
0.00431405
0.00431405
0.00431405
0.00431405
0.00431405
0.00431405
0.00431405
0.00431405
0.00431405
0.00431405
0.00431405
0.00431405
0.00431405
0.00431405
0.00431405
0.00431405
0.00431405
0.00431405
0.00431405
0.00431405
0.00431405
0.00431405
0.00431405
0.00431405
0.00431405
0.00431405
0.00431405
0.00431405
0.00431405
0.00431405
0.00431405
0.00431405
0.00431404
0.00431405
0.00431402
0.00431402
0.00431404
0.00431405
0.00431405
0.00431405
0.00431405
0.00431405
0.00431405
0.00431405
0.00431405
0.00431405
0.00431405
0.00431405
0.00431405
0.00431405
0.00431405
0.00431405
0.00431405
0.00431405
0.00431405
0.00431405
0.00431405
0.00431405
0.00431405
0.00431405
0.00431405
0.00431405
0.00431405
0.00431405
0.00431405
0.00431405
0.00431405
0.00431405
0.00431405
0.00431405
0.00431405
0.00431405
0.00431405
0.00431405
0.00431405
0.00431405
0.00431405
0.00431405
0.00431405
0.00431405
0.00431405
0.00431405
0.00431405
0.00431405
0.00431405
0.00431405
0.00431405
0.00431405
0.00431405
0.00431405
0.00431405
0.00431405
0.00431405
0.00431405
0.00431405
0.00431405
0.00431405
0.00431405
0.00431405
0.00431405
0.00431405
0.00431405
0.00431405
0.00431405
0.00431405
0.00431405
0.00431405
0.00431405
0.00431405
0.00431405
0.00431405
0.00431405
0.00431405
0.00431405
0.00431405
0.00431405
0.00431405
0.00431405
0.00431405
0.00431405
0.00431405
0.00431404
0.00431403
0.00431404
0.00431401
0.00431402
0.00431403
0.00431405
0.00431405
0.00431405
0.00431405
0.00431405
0.00431405
0.00431405
0.00431405
0.00431405
0.00431405
0.00431405
0.00431405
0.00431405
0.00431405
0.00431405
0.00431405
0.00431405
0.00431405
0.00431405
0.00431405
0.00431405
0.00431405
0.00431405
0.00431405
0.00431405
0.00431405
0.00431405
0.00431405
0.00431404
0.00431404
0.00431405
0.00431405
0.00431405
0.00431403
0.004314
0.00431401
0.00431405
0.00431405
0.00431405
0.00431405
0.00431405
0.00431405
0.00431405
0.00431405
0.00431405
0.00431405
0.00431405
0.00431405
0.00431405
0.00431405
0.00431405
0.00431405
0.00431405
0.00431405
0.00431405
0.00431405
0.00431405
0.00431405
0.00431405
0.00431405
0.00431405
0.00431405
0.00431405
0.00431405
0.00431405
0.00431405
0.00431405
0.00431405
0.00431405
0.00431405
0.00431405
0.00431405
0.00431405
0.00431405
0.00431405
0.00431405
0.00431405
0.00431405
0.00431405
0.00431405
0.00431405
0.00431405
0.00431405
0.00431405
0.00431405
0.00431405
0.00431405
0.00431405
0.00431405
0.00431405
0.00431404
0.00431404
0.00431405
0.00431405
0.00431405
0.00431405
0.00431405
0.00431404
0.00431404
0.00431404
0.00431404
0.00431404
0.00431404
0.00431405
0.00431405
0.00431405
0.00431405
0.00431404
0.00431405
0.00431405
0.00431405
0.00431405
0.00431405
0.00431405
0.00431405
0.00431405
0.00431405
0.00431405
0.00431405
0.00431405
0.00431405
0.00431405
0.00431405
0.00431405
0.00431405
0.00431405
0.00431405
0.00431405
0.00431405
0.00431405
0.00431405
0.00431405
0.00431405
0.00431405
0.00431405
0.00431405
0.00431405
0.00431405
0.00431405
0.00431405
0.00431405
0.00431405
0.00431405
0.00431405
0.00431405
0.00431405
0.00431405
0.00431405
0.00431405
0.00431405
0.00431405
0.00431405
0.00431405
0.00431405
0.00431405
0.00431405
0.00431405
0.00431405
0.00431405
0.00431405
0.00431405
0.00431405
0.00431405
0.00431405
0.00431405
0.00431405
0.00431405
0.00431405
0.00431405
0.00431405
0.00431405
0.00431405
0.00431405
0.00431405
0.00431405
0.00431405
0.00431405
0.00431405
0.00431405
0.00431405
0.00431405
0.00431405
0.00431405
0.00431405
0.00431405
0.00431405
0.00431405
0.00431405
0.00431405
0.00431405
0.00431405
0.00431405
0.00431405
0.00431405
0.00431405
0.00431405
0.00431405
0.00431405
0.00431405
0.00431405
0.00431405
0.00431405
0.00431405
0.00431405
0.00431405
0.00431405
0.00431405
0.00431405
0.00431405
0.00431405
0.00431405
0.00431405
0.00431405
0.00431405
0.00431405
0.00431405
0.00431405
0.00431405
0.00431405
0.00431405
0.00431405
0.00431405
0.00431405
0.00431405
0.00431405
0.00431403
0.00431404
0.00431404
0.00431403
0.00431403
0.004314
0.00431405
0.00431405
0.00431405
0.00431405
0.00431405
0.00431405
0.00431404
0.00431404
0.00431405
0.00431405
0.00431404
0.00431404
0.00431405
0.00431405
0.00431405
0.00431405
0.00431405
0.00431405
0.00431405
0.00431405
0.00431405
0.00431405
0.00431405
0.00431405
0.00431405
0.00431405
0.00431405
0.00431405
0.00431405
0.00431405
0.00431404
0.00431403
0.00431403
0.00431404
0.00431404
0.00431405
0.00431405
0.00431405
0.00431405
0.00431404
0.00431405
0.00431405
0.00431404
0.00431404
0.00431403
0.00431404
0.00431405
0.00431405
0.00431405
0.00431405
0.00431404
0.00431405
0.00431405
0.00431405
0.00431403
0.004314
0.004314
0.00431403
0.00431403
0.00431404
0.00431405
0.00431405
0.00431405
0.00431403
0.00431404
0.00431404
0.00431404
0.00431404
0.00431404
0.00431403
0.00431403
0.00431402
0.00431405
0.00431405
0.00431405
0.00431405
0.00431405
0.00431405
0.00431405
0.00431405
0.00431405
0.00431405
0.00431405
0.00431405
0.00431405
0.00431404
0.00431404
0.00431404
0.00431405
0.00431405
0.00431405
0.00431405
0.00431405
0.00431405
0.00431405
0.00431405
0.00431405
0.00431405
0.00431405
0.00431405
0.00431405
0.00431405
0.00431275
0.00431268
0.00429478
0.00431404
0.00431397
0.00431398
0.00431401
0.00431397
0.00431404
0.00431405
0.00431405
0.00431405
0.00431405
0.00431405
0.00431405
0.00431405
0.00431405
0.00431405
0.00431051
0.00430773
0.0042948
0.00431404
0.00431397
0.00431399
0.00431395
0.00431397
0.00431404
0.00431398
0.00431209
0.00431165
0.00431404
0.00431402
0.00431405
0.00425749
0.00428808
0.00429655
0.00431405
0.00431405
0.00431405
0.00431405
0.00431405
0.00431405
0.00431405
0.00431405
0.00431405
0.00431405
0.00431405
0.00431405
0.00431405
0.00431405
0.00431405
0.00431405
0.00431405
0.00431405
0.00431405
0.00431405
0.00431405
0.00431405
0.00431405
0.00431405
0.00431405
0.00431405
0.00431405
0.00431405
0.00431405
0.00431405
0.00431405
0.00431405
0.00431405
0.00431405
0.00431405
0.00431405
0.00431405
0.00431405
0.00431405
0.00431405
0.00431405
0.00431405
0.00431405
0.00431405
0.00431405
0.00431405
0.00431405
0.00431405
0.004314
0.004314
0.00431404
0.00431405
0.00431405
0.00431405
0.00431405
0.00431405
0.00431405
0.00431405
0.00431405
0.00431405
0.00431405
0.00431405
0.00431405
0.00431404
0.00431404
0.00431405
0.0043035
0.00431372
0.00431353
0.00431405
0.00431405
0.00431405
0.00431405
0.00431405
0.00431405
0.00431405
0.00431405
0.00431405
0.00431405
0.00431405
0.00431405
0.00431405
0.00431405
0.00431405
0.00431405
0.00431405
0.00431405
0.00431405
0.00431405
0.00431405
0.00431405
0.00431405
0.00431405
0.00431405
0.00431405
0.00431405
0.00431405
0.00431405
0.00431405
0.00431405
0.00431405
0.00431405
0.00431405
0.00431405
0.00431405
0.00431405
0.00431405
0.00431405
0.00431405
0.00431405
0.00431405
0.00431405
0.00431405
0.00431405
0.00431405
0.00431405
0.00431405
0.00431405
0.00431405
0.00431405
0.00431405
0.00431405
0.00431405
0.00431405
0.00431405
0.00431405
0.00431405
0.00431405
0.00431405
0.00431405
0.00431405
0.00431405
0.00431405
0.00431405
0.00431405
0.00431405
0.00431405
0.00431405
0.00431405
0.00431405
0.00431405
0.00431405
0.00431405
0.00431405
0.00431405
0.00431405
0.00431405
0.00431405
0.00431405
0.00431405
0.00431405
0.00431405
0.00431405
0.00431405
0.00431405
0.00431405
0.00431405
0.00431405
0.00431405
0.00431405
0.00431405
0.00431405
0.00431405
0.00431405
0.00431405
0.00431405
0.00431405
0.00431405
0.00431405
0.00431405
0.00431405
0.00431405
0.00431405
0.00431405
0.00431405
0.00431405
0.00431405
0.00431405
0.00431405
0.00431405
0.00431405
0.00431405
0.00431405
0.00431405
0.00431405
0.00431405
0.00431405
0.00431405
0.00431405
0.00431405
0.00431405
0.00431405
0.00431405
0.00431405
0.00431405
0.00431405
0.00431405
0.00431405
0.00431405
0.00431405
0.00431405
0.00431405
0.00431405
0.00431405
0.00431405
0.00431405
0.00431405
0.00431405
0.00431405
0.00431405
0.00431405
0.00431405
0.00431405
0.00431405
0.00431405
0.00431405
0.00431404
0.00431404
0.00431405
0.004314
0.00431403
0.00431403
0.00431404
0.00431403
0.00431401
0.00431404
0.00431403
0.00431403
0.00431405
0.00431405
0.00431405
0.00431405
0.00431405
0.00431405
0.00431405
0.00431405
0.00431405
0.00431405
0.00431405
0.00431405
0.00431405
0.00431405
0.00431405
0.00431405
0.00431405
0.00431405
0.00431405
0.00431405
0.00431405
0.00431405
0.00431405
0.00431405
0.00431405
0.00431405
0.00431405
0.00431405
0.00431405
0.00431405
0.00431405
0.00431405
0.00431405
0.00431405
0.00431405
0.00431405
0.00431404
0.00431403
0.00431403
0.00431403
0.00431403
0.00431404
0.00431405
0.00431405
0.00431405
0.00431405
0.00431405
0.00431405
0.00431405
0.00431405
0.00431405
0.00431403
0.00431403
0.00431404
0.00431405
0.00431405
0.00431405
0.00431403
0.00431403
0.00431404
0.00431404
0.00431402
0.00431403
0.00431405
0.00431405
0.00431405
0.00431405
0.00431405
0.00431405
0.00431405
0.00431405
0.00431405
0.00431404
0.00431404
0.00431405
0.00431402
0.00431403
0.00431404
0.00431403
0.00431404
0.00431404
0.00431404
0.00431404
0.00431402
0.00431405
0.00431404
0.00431404
0.00431405
0.00431405
0.00431405
0.00431404
0.00431404
0.00431404
0.00431404
0.00431404
0.00431403
0.00431405
0.00431405
0.00431405
0.00431405
0.00431405
0.00431405
0.00431405
0.00431405
0.00431405
0.00431405
0.00431405
0.00431405
0.00431405
0.00431405
0.00431405
0.00431403
0.004314
0.00431401
0.00431399
0.004314
0.00431403
0.00431404
0.00431402
0.00431403
0.00431402
0.00431402
0.00431404
0.00431404
0.00431404
0.00431405
0.00431402
0.00431404
0.00431404
0.00431404
0.00431404
0.00431402
0.00431403
0.00431403
0.004314
0.00431404
0.00431404
0.00431404
0.00431405
0.00431405
0.00431405
0.00431405
0.00431405
0.00431405
0.00431405
0.00431405
0.00431405
0.00431405
0.00431405
0.00431405
0.00431405
0.00431405
0.00431405
0.00431405
0.00431405
0.00431405
0.00431405
0.00431405
0.00431405
0.00431405
0.00431405
0.00431405
0.00431405
0.00431405
0.00431405
0.00431405
0.00431405
0.00431405
0.00431405
0.00431405
0.00431405
0.00431405
0.00431405
0.00431405
0.00431405
0.00431405
0.00431405
0.00431405
0.00431405
0.00431405
0.00431405
0.00431405
0.00431405
0.00431405
0.00431405
0.00431405
0.00431405
0.00431405
0.00431405
0.00431405
0.00431405
0.00431405
0.00431405
0.00431405
0.00431405
0.00431405
0.00431405
0.00431405
0.00431405
0.00431405
0.00431405
0.00431405
0.00431405
0.00431405
0.00431405
0.00431405
0.00431405
0.00431405
0.00431405
0.00431405
0.00431405
0.00431405
0.00431405
0.00431405
0.00431405
0.00431405
0.00431405
0.00431405
0.00431405
0.00431405
0.00431405
0.00431405
0.00431405
0.00431405
0.00431405
0.00431405
0.00431405
0.00431405
0.00431405
0.00431405
0.00431405
0.00431405
0.00431405
0.00431405
0.00431405
0.00431405
0.00431405
0.00431405
0.00431405
0.00431405
0.00431405
0.00431405
0.00431405
0.00431405
0.00431405
0.00431405
0.00431405
0.00431405
0.00431405
0.00431405
0.00431405
0.00431405
0.00431405
0.00431405
0.00431405
0.00431405
0.00431405
0.00431405
0.00431405
0.00431405
0.00431405
0.00431405
0.00431405
0.00431405
0.00431405
0.00431405
0.00431405
0.00431405
0.00431405
0.00431405
0.00431405
0.00431405
0.00431405
0.00431405
0.00431405
0.00431405
0.00431405
0.00431405
0.00431405
0.00431405
0.00431405
0.00431405
0.00431405
0.00431404
0.00431404
0.00431404
0.00431404
0.00431405
0.00431405
0.00431404
0.00431404
0.00431404
0.00431404
0.00431405
0.00431404
0.00431404
0.00431402
0.00431405
0.00431405
0.00431405
0.00431405
0.00431405
0.00431404
0.00431405
0.00431405
0.00431405
0.00431401
0.00431404
0.00431404
0.00431402
0.00431402
0.00431404
0.00431405
0.00431403
0.00431403
0.00431404
0.00431404
0.00431405
0.00431405
0.00431402
0.00431402
0.00431403
0.00431403
0.00431405
0.00431405
0.00431404
0.00431404
0.00431403
0.00431403
0.00431405
0.00431404
0.00431403
0.00431404
0.00431405
0.00431404
0.00431404
0.00431401
0.00431401
0.00431403
0.00431404
0.00431402
0.00431402
0.00431404
0.00431404
0.00431404
0.00431403
0.00431403
0.00431404
0.00431405
0.00431404
0.00431404
0.00431404
0.00431404
0.00431405
0.00431401
0.00431403
0.00431403
0.00431404
0.00431404
0.00431403
0.00431404
0.00431404
0.00431404
0.00431402
0.00431398
0.00431398
0.00431397
0.00431397
0.00431401
0.00431405
0.00431405
0.00431405
0.00431405
0.00431405
0.00431405
0.00431405
0.00431405
0.00431405
0.00431405
0.00431405
0.00431405
0.00431405
0.00431405
0.00431405
0.00431405
0.00431405
0.00431405
0.00431405
0.00431405
0.00431405
0.00431405
0.00431405
0.00431405
0.00431405
0.00431405
0.00431405
0.00431405
0.00431405
0.00431405
0.00431405
0.00431405
0.00431405
0.00431405
0.00431405
0.00431405
0.00431405
0.00431405
0.00431405
0.00431405
0.00431405
0.00431405
0.00431402
0.00431404
0.00431404
0.00431404
0.00431404
0.00431403
0.00431405
0.00431405
0.00431405
0.00431405
0.00431405
0.00431405
0.00431405
0.00431405
0.00431405
0.00431405
0.00431405
0.00431405
0.00431405
0.00431405
0.00431405
0.00431405
0.00431405
0.00431405
0.00431405
0.00431405
0.00431405
0.00431405
0.00431405
0.00431405
0.00431405
0.00431405
0.00431405
0.00431405
0.00431405
0.00431405
0.00431405
0.00431405
0.00431405
0.00431405
0.00431405
0.00431405
0.00431405
0.00431405
0.00431405
0.00431405
0.00431405
0.00431405
0.00431405
0.00431405
0.00431405
0.00431405
0.00431405
0.00431405
0.00431405
0.00431405
0.00431405
0.00431405
0.00431405
0.00431405
0.00431405
0.00431405
0.00431405
0.00431405
0.00431405
0.00431405
0.00431405
0.00431405
0.00431405
0.00431405
0.00431405
0.00431405
0.00431405
0.00431405
0.00431405
0.00431405
0.00431405
0.00431405
0.00431405
0.00431405
0.00431405
0.00431405
0.00431405
0.00431405
0.00431405
0.00431405
0.00431405
0.00431404
0.00431405
0.00431405
0.00431404
0.00431404
0.00431404
0.00431405
0.00431405
0.00431405
0.00431405
0.00431405
0.00431405
0.00431405
0.00431405
0.00431405
0.00431405
0.00431405
0.00431405
0.00431405
0.00431405
0.00431405
0.00431405
0.00431405
0.00431405
0.00431405
0.00431405
0.00431405
0.00431405
0.00431405
0.00431405
0.00431403
0.00431404
0.00431404
0.00431404
0.00431404
0.00431404
0.00431405
0.00431405
0.00431405
0.00431405
0.00431405
0.00431405
0.00431405
0.00431405
0.00431405
0.00431405
0.00431405
0.00431405
0.00431405
0.00431405
0.00431405
0.00431405
0.00431405
0.00431405
0.00431405
0.00431405
0.00431405
0.00431405
0.00431405
0.00431405
0.00431405
0.00431405
0.00431405
0.00431405
0.00431405
0.00431405
0.00431405
0.00431405
0.00431405
0.00431405
0.00431405
0.00431405
0.00431405
0.00431405
0.00431405
0.00431405
0.00431405
0.00431405
0.00431405
0.00431405
0.00431404
0.00431403
0.00431404
0.00431404
0.00431404
0.00431404
0.00431403
0.00431404
0.00431404
0.00431405
0.00431404
0.00431404
0.00431404
0.00431405
0.00431405
0.00431405
0.00431404
0.00431405
0.00431405
0.00431405
0.00431405
0.00431404
0.00431404
0.00431405
0.00431405
0.00431405
0.00431405
0.00431404
0.00431403
0.00431404
0.00431404
0.00431404
0.00431404
0.00431403
0.00431405
0.00431405
0.00431405
0.0043136
0.00431231
0.00431313
0.00431198
0.0043121
0.00431357
0.00429346
0.00430685
0.00430631
0.00428398
0.0042853
0.00425807
0.004314
0.00430737
0.00430298
0.0043128
0.00431066
0.00431399
0.00431405
0.00431405
0.00431405
0.00431405
0.00431405
0.00431405
0.00431405
0.00431405
0.00431405
0.00431405
0.00431405
0.00431405
0.00431405
0.00431405
0.00431405
0.00431405
0.00431405
0.00431405
0.00431405
0.00431405
0.00431405
0.00431405
0.00431405
0.00431405
0.00431405
0.00431405
0.00431405
0.00431405
0.00431405
0.00431405
0.00431405
0.00431405
0.00431405
0.00431405
0.00431405
0.00431405
0.00431405
0.00431405
0.00431405
0.00431405
0.00431405
0.00431405
0.00431405
0.00431405
0.00431405
0.00431405
0.00431405
0.00431405
0.00431405
0.00431405
0.00431405
0.00431405
0.00431405
0.00431405
0.00431405
0.00431405
0.00431405
0.00431405
0.00431405
0.00431405
0.00431405
0.00431405
0.00431405
0.00431405
0.00431405
0.00431405
0.00431405
0.00431405
0.00431405
0.00431405
0.00431405
0.00431405
0.00431405
0.00431405
0.00431405
0.00431405
0.00431405
0.00431405
0.00431405
0.00431405
0.00431405
0.00431405
0.00431405
0.00431405
0.00431405
0.00431405
0.00431405
0.00431405
0.00431405
0.00431405
0.00431405
0.00431405
0.00431405
0.00431405
0.00431405
0.00431405
0.00431405
0.00431405
0.00431405
0.00431405
0.00431405
0.00431405
0.00431405
0.00431405
0.00431405
0.00431405
0.00431405
0.00431405
0.00431405
0.00431405
0.00431405
0.00431405
0.00431405
0.00431405
0.00431405
0.00431405
0.00431405
0.00427829
0.00430511
0.0043049
0.00431405
0.00431405
0.00431405
0.00431405
0.00431405
0.00431405
0.00431405
0.00431405
0.00431405
0.00431405
0.00431405
0.00431405
0.00430639
0.00431402
0.00431402
0.00431405
0.00431405
0.00431405
0.00431405
0.00431405
0.00431405
0.00431405
0.00431405
0.00431405
0.00431405
0.00431405
0.00431405
0.00431405
0.00431405
0.00431405
0.00431398
0.00431112
0.00431108
0.00431094
0.00431405
0.00431405
0.00431405
0.00431405
0.00431405
0.00431405
0.00431405
0.00431405
0.00431405
0.00431405
0.00431405
0.00431405
0.00431405
0.00431405
0.00431405
0.00431405
0.00431405
0.00431405
0.00431405
0.00431405
0.00431405
0.00431405
0.00431405
0.00431405
0.00431405
0.00431405
0.00431405
0.00431405
0.00431405
0.00431405
0.00431405
0.00431405
0.00431405
0.00431405
0.00431405
0.00431405
0.00431405
0.00431405
0.00431405
0.00431405
0.00431405
0.00431405
0.00431405
0.00431405
0.00431405
0.00431405
0.00431405
0.00431405
0.00431405
0.00431405
0.00431198
0.00431166
0.00429657
0.00431405
0.00431405
0.00431405
0.00431405
0.00431405
0.00431405
0.00431405
0.00431405
0.00431405
0.00431405
0.00431405
0.00431405
0.00431405
0.00431405
0.00431405
0.00431405
0.00431405
0.00431405
0.00431405
0.00431405
0.00431405
0.00431405
0.00431405
0.00431405
0.00431405
0.00431405
0.00431405
0.00431405
0.00431405
0.00431405
0.00431405
0.00431405
0.00431405
0.00431405
0.00431405
0.00431405
0.00431405
0.00431405
0.00431405
0.00431405
0.00431405
0.00431405
0.00431405
0.00431405
0.00431405
0.00431405
0.00431405
0.00431405
0.00431405
0.00431405
0.00431405
0.00431405
0.00431405
0.00431405
0.00431405
0.00431405
0.00431405
0.00431405
0.00431405
0.00431405
0.00431405
0.00431405
0.00431405
0.00431405
0.00431405
0.00431405
0.00431405
0.00431405
0.00431405
0.00431405
0.00431405
0.00431405
0.00431405
0.00431405
0.00431405
0.00431405
0.00431405
0.00431405
0.00431405
0.00431405
0.00431405
0.00431405
0.00431405
0.00431405
0.00431404
0.00431405
0.00431405
0.00431405
0.00431405
0.00431405
0.00431405
0.00431405
0.00431405
0.00431405
0.00431405
0.00431404
0.00431405
0.00431405
0.00431405
0.00431405
0.00431405
0.00431405
0.00431405
0.00431405
0.00431405
0.00431405
0.00431405
0.00431405
0.00431405
0.00431405
0.00431405
0.00431405
0.00431405
0.00431405
0.00431405
0.00431405
0.00431405
0.00431405
0.00431405
0.00431405
0.00431405
0.00431405
0.00431405
0.00431405
0.00431405
0.00431405
0.00431405
0.00431405
0.00431405
0.00431405
0.00431405
0.00431405
0.00431405
0.00431405
0.00431405
0.00431405
0.00431405
0.00431405
0.00431405
0.00431405
0.00431405
0.00431405
0.00431405
0.00431405
0.00431405
0.00431405
0.00431405
0.00431405
0.00431405
0.00431405
0.00431405
0.00431405
0.00431405
0.00431405
0.00431405
0.00431405
0.00431405
0.00431405
0.00431405
0.00431405
0.00431405
0.00431405
0.00431405
0.00431405
0.00431405
0.00431405
0.00431405
0.00431405
0.00431405
0.00431405
0.00431405
0.00431405
0.00431405
0.00431405
0.00431405
0.00431405
0.00431405
0.00431405
0.00431405
0.00431405
0.00431405
0.00431405
0.00431405
0.00431405
0.00431405
0.00431405
0.00431405
0.00431405
0.00431405
0.00431405
0.00431405
0.00431405
0.00431405
0.00431405
0.00431405
0.00431405
0.00431405
0.00431405
0.00431405
0.00431405
0.00431405
0.00431405
0.00431405
0.00431405
0.00431405
0.00431405
0.00431405
0.00431405
0.00431405
0.00431405
0.00431405
0.00431405
0.00431405
0.00431405
0.00431405
0.00431405
0.00431405
0.00431405
0.00431405
0.00431405
0.00431405
0.00431405
0.00431405
0.00431405
0.00431405
0.00431405
0.00431405
0.00431405
0.00431405
0.00431405
0.00431405
0.00430588
0.00430549
0.00427987
0.00431347
0.00431159
0.0043117
0.00431151
0.00431154
0.00431346
0.00431405
0.00431405
0.00431405
0.00431405
0.00431405
0.00431405
0.00431405
0.00431405
0.00431405
0.00431405
0.00431405
0.00431405
0.00431404
0.00431405
0.00431405
0.00430826
0.00431381
0.00431375
0.00431394
0.00431387
0.00430822
0.00431402
0.00431402
0.00430665
0.00431405
0.00431405
0.00431405
0.00431405
0.00431405
0.00431405
0.00431405
0.00431405
0.00431405
0.00431405
0.00431405
0.00431405
0.00431405
0.00431405
0.00431405
0.00431405
0.00431405
0.00431405
0.00431405
0.00431405
0.00431405
0.00431405
0.00431405
0.00431405
0.00431405
0.00431405
0.00431405
0.00431405
0.00431405
0.00431405
0.00431405
0.00431405
0.00431405
0.00431405
0.00431405
0.00431405
0.00431405
0.00431405
0.00431405
0.00431405
0.00431405
0.00431405
0.00431405
0.00431405
0.00431405
0.00431405
0.00431405
0.00431405
0.00430584
0.00430549
0.0042904
0.00426107
0.00428476
0.00428394
0.00431405
0.00431405
0.00431405
0.00431405
0.00431405
0.00431405
0.00431405
0.00431405
0.00431405
0.00431405
0.00431405
0.00431405
0.00431405
0.00431405
0.00431405
0.00431405
0.00431405
0.00431405
0.00431405
0.00431405
0.00431405
0.00431405
0.00431405
0.00431405
0.00431405
0.00431405
0.00431405
0.00431405
0.00431405
0.00431405
0.00431405
0.00431405
0.00431405
0.00431405
0.00431405
0.00431405
0.00431405
0.00431405
0.00431405
0.00431405
0.00431405
0.00431405
0.00431405
0.00431405
0.00431405
0.00431405
0.00431405
0.00431405
0.00431405
0.00431405
0.00431405
0.00431405
0.00431405
0.00431405
0.00431405
0.00431405
0.00431405
0.00431405
0.00431405
0.00431405
0.00431405
0.00431405
0.00431405
0.00431405
0.00431405
0.00431405
0.00431405
0.00431405
0.00431405
0.00431405
0.00431405
0.00431405
0.00431405
0.00431405
0.00431405
0.00431405
0.00431405
0.00431405
0.00431404
0.00431405
0.00431405
0.00431405
0.00431405
0.00431404
0.00431335
0.00431318
0.00430336
0.00431405
0.00431402
0.00431403
0.00431404
0.00431389
0.00431393
0.0043138
0.00431385
0.00431404
0.00429628
0.00431134
0.00431106
0.00431398
0.00431398
0.00431404
0.00429722
0.00431288
0.00431282
0.00431405
0.00431405
0.00431405
0.00431405
0.00431405
0.00431405
0.00431405
0.00431405
0.00431405
0.00431405
0.00431405
0.00431405
0.00431405
0.00431405
0.00431405
0.00431405
0.00431405
0.00431405
0.00431405
0.00431405
0.00431405
0.00431405
0.00431405
0.00431405
0.00431405
0.00431405
0.00431405
0.00431405
0.00431405
0.00431405
0.00431405
0.00431405
0.00431405
0.00431405
0.00431405
0.00431405
0.00431405
0.00431405
0.00431405
0.00431405
0.00431405
0.00431405
0.00431405
0.00431405
0.00431405
0.00431405
0.00431405
0.00431405
0.00431405
0.00431405
0.00431405
0.00431405
0.00431405
0.00431405
0.00431405
0.00431405
0.00431405
0.00431405
0.00431405
0.00431405
0.00431405
0.00431405
0.00431405
0.00431405
0.00431405
0.00431405
0.00431405
0.00431405
0.00431405
0.00431405
0.00431405
0.00431405
0.00431405
0.00431405
0.00431405
0.00431405
0.00431405
0.00431405
0.00431405
0.00431405
0.00431405
0.00431405
0.00431405
0.00431405
0.00431405
0.00431405
0.00431405
0.00431405
0.00431405
0.00431405
0.00431405
0.00431405
0.00431405
0.00431405
0.00431405
0.00431405
0.00431405
0.00431405
0.00431405
0.00431405
0.00431405
0.00431405
0.00431405
0.00431405
0.00431405
0.00431405
0.00431405
0.00431405
0.00431405
0.00431405
0.00431405
0.00431405
0.00431405
0.00431405
0.00431405
0.00431405
0.00431405
0.00431405
0.00431405
0.00431405
0.00431405
0.00431405
0.00431405
0.00431405
0.00431405
0.00431405
0.00431405
0.00431405
0.00431405
0.00431405
0.00431405
0.00431405
0.00431405
0.00431405
0.00431405
0.00431405
0.00431405
0.00431405
0.00431405
0.00431405
0.00431405
0.00431405
0.00431405
0.00431405
0.00431405
0.00431405
0.00431405
0.00431405
0.00431405
0.00431405
0.00431405
0.00431405
0.00431405
0.00431405
0.00431405
0.00431405
0.00431405
0.00431405
0.00431405
0.00431405
0.00431405
0.00431405
0.00431405
0.00431405
0.00431405
0.00431405
0.00431405
0.00431405
0.00431405
0.00431405
0.00431405
0.00431405
0.00431405
0.00431405
0.00431405
0.00431405
0.00431405
0.00431405
0.00431405
0.00431405
0.00431405
0.00431405
0.00431405
0.00431405
0.00431405
0.00431405
0.00431405
0.00431405
0.00431405
0.00431405
0.00431405
0.00431405
0.00431405
0.00431405
0.00431405
0.00431404
0.00431405
0.00431405
0.00431405
0.00431405
0.00431404
0.00431405
0.00431405
0.00431404
0.00431405
0.00431405
0.00431405
0.00431405
0.00431405
0.00431405
0.00431405
0.00431405
0.00431405
0.00431405
0.00431405
0.00431405
0.00431405
0.00431405
0.00431405
0.00431405
0.00431405
0.00431405
0.00431405
0.00431405
0.00431405
0.00431405
0.00431405
0.00431405
0.00431405
0.00431405
0.00431405
0.00431404
0.00431405
0.00431405
0.00431405
0.00431405
0.00431405
0.00431405
0.00431405
0.00431405
0.00431405
0.00431405
0.00431405
0.00431405
0.00431405
0.00431405
0.00431404
0.00431404
0.00431404
0.00431405
0.00431404
0.00431404
0.00431395
0.00431404
0.00431405
0.00431403
0.00431402
0.00431393
0.00431404
0.00431404
0.00431404
0.00431405
0.00431405
0.00431405
0.00431405
0.00431405
0.00431405
0.00431405
0.00431405
0.00431405
0.00431405
0.00431405
0.00431405
0.00431405
0.00431405
0.00431405
0.00431405
0.00431405
0.00431405
0.00431405
0.00431405
0.00431405
0.00431405
0.00431405
0.00431405
0.00431405
0.00431405
0.00431405
0.00431405
0.00431405
0.00431405
0.00431405
0.00431405
0.00431405
0.00431405
0.00431405
0.00431405
0.00431405
0.00431405
0.00431405
0.00431405
0.00431405
0.00431405
0.00431405
0.00431405
0.00431405
0.00431405
0.00431405
0.00431405
0.00431405
0.00431405
0.00431405
0.00431405
0.00431405
0.00431405
0.00431405
0.00431405
0.00431405
0.00431405
0.00431405
0.00431405
0.00431405
0.00431405
0.00431405
0.00431405
0.00431405
0.00431405
0.00431405
0.00431405
0.00431405
0.00431405
0.00431405
0.00431405
0.00431405
0.00431405
0.00431405
0.00431405
0.00431405
0.00431405
0.00431405
0.00431405
0.00431405
0.00431405
0.00431405
0.00431405
0.00431405
0.00431405
0.00431405
0.00431405
0.00431405
0.00431405
0.00431405
0.00431405
0.00431405
0.00431405
0.00431405
0.00431405
0.00431405
0.00431405
0.00431405
0.00431405
0.00431405
0.00431405
0.00431405
0.00431405
0.00431405
0.00431405
0.00431405
0.00431405
0.00431394
0.00431119
0.00431115
0.0043111
0.00431405
0.00431405
0.00431405
0.00431405
0.00431405
0.00431405
0.00431405
0.00431405
0.00431405
0.00431405
0.00431405
0.00431405
0.00431405
0.00431405
0.00431405
0.00431405
0.00431405
0.00430337
0.00431302
0.00431287
0.00431298
0.00431293
0.00429789
0.00431405
0.00431405
0.00431405
0.00431405
0.00431405
0.00431405
0.00431405
0.00431405
0.00431405
0.00431405
0.00431405
0.00431405
0.00431405
0.00431405
0.00431405
0.00431405
0.00431405
0.00431405
0.00431405
0.00431405
0.00431405
0.00431405
0.00431405
0.00431405
0.00431405
0.00431405
0.00431405
0.00431405
0.00431405
0.00431405
0.00431405
0.00431405
0.00431405
0.00431405
0.00431405
0.00431405
0.00431405
0.00431405
0.00431405
0.00431405
0.00431405
0.00431405
0.00431405
0.00431405
0.00431405
0.00431405
0.00431405
0.00431405
0.00431405
0.00431405
0.00431405
0.00431405
0.00431405
0.00431405
0.00431405
0.00431405
0.00431405
0.00431405
0.00431405
0.00431405
0.00431405
0.00431405
0.00431405
0.00431405
0.00431405
0.00431405
0.00431405
0.00431405
0.00431405
0.00431405
0.00431405
0.00431405
0.00431405
0.00431405
0.00431405
0.00431405
0.00431405
0.00431405
0.00431405
0.00431405
0.00431405
0.00431405
0.00431405
0.00431405
0.00431405
0.00431405
0.00431405
0.00431405
0.00431405
0.00431405
0.00431405
0.00431405
0.00431405
0.00431405
0.00431405
0.00431405
0.00431405
0.00431405
0.00431405
0.00431405
0.00431405
0.00431405
0.00431405
0.00431405
0.00431405
0.00431405
0.00431405
0.00431405
0.00431405
0.00431405
0.00431405
0.00431405
0.00431405
0.00431405
0.00431405
0.00431405
0.00431405
0.00431405
0.00431405
0.00431405
0.00431405
0.00431405
0.00431405
0.00431405
0.00431405
0.00431405
0.00431405
0.00431405
0.00431405
0.00431405
0.00431405
0.00431405
0.00431405
0.00431405
0.00431405
0.00431405
0.00431405
0.00431405
0.00431405
0.00431405
0.00431405
0.00431405
0.00431405
0.00431405
0.00431405
0.00431405
0.00431405
0.00431405
0.00431405
0.00431405
0.00431405
0.00431405
0.00431405
0.00431405
0.00431405
0.00431405
0.00431405
0.00431405
0.00431405
0.00431405
0.00431405
0.00431405
0.00431405
0.00431405
0.00431405
0.00431405
0.00431405
0.00431405
0.00431405
0.00431405
0.00431405
0.00431405
0.00431405
0.00431405
0.00431405
0.00431405
0.00431405
0.00431405
0.00431405
0.00431405
0.00431399
0.00431401
0.00431405
0.00431404
0.00431399
0.00431399
0.00431405
0.00431405
0.00431405
0.00431405
0.00431405
0.00431405
0.00431405
0.00431405
0.00431405
0.00431405
0.00431405
0.00431405
0.00431405
0.00431405
0.00431405
0.00431405
0.00431405
0.00431405
0.00431405
0.00431405
0.00431405
0.00431405
0.00431405
0.00431405
0.00431405
0.00431405
0.00431405
0.00431405
0.00431405
0.00431405
0.00431405
0.00431405
0.00431405
0.00431405
0.00431405
0.00431405
0.00431405
0.00431405
0.00431405
0.00431405
0.00431405
0.00431405
0.00431405
0.00431405
0.00431405
0.00431405
0.00431405
0.00431405
0.00431405
0.00431405
0.00431405
0.00431405
0.00431405
0.00431405
0.00431405
0.00431405
0.00431405
0.00431405
0.00431405
0.00431405
0.00431405
0.00431405
0.00431405
0.00431405
0.00431405
0.00431405
0.00431405
0.00431405
0.00431405
0.00431405
0.00431405
0.00431405
0.00431405
0.00431405
0.00431405
0.00431405
0.00431405
0.00431405
0.00431405
0.00431405
0.00431405
0.00431405
0.00431405
0.00431405
0.00431405
0.00431405
0.00431405
0.00431405
0.00431405
0.00431405
0.00431405
0.00431405
0.00431405
0.00431405
0.00431405
0.00431405
0.00431405
0.00431405
0.00431405
0.00431405
0.00431405
0.00431405
0.00431405
0.00431405
0.00431405
0.00431405
0.00431405
0.00431405
0.00431405
0.00431405
0.00431405
0.00431405
0.00431405
0.00431405
0.00431405
0.00431405
0.00431405
0.00431405
0.00431405
0.00431405
0.00431405
0.00431405
0.00431405
0.00431405
0.00431405
0.00431405
0.00431405
0.00431405
0.00431405
0.00431405
0.00431405
0.00431405
0.00431405
0.00431405
0.00431405
0.00431405
0.00431405
0.00431405
0.00431405
0.00431405
0.00431405
0.00431405
0.00431405
0.00431405
0.00431405
0.00431405
0.00431405
0.00431405
0.00431405
0.00431405
0.00431405
0.00431405
0.00431405
0.00431405
0.00431405
0.00431405
0.00431405
0.00431405
0.00431405
0.00431405
0.00431404
0.00431404
0.00430731
0.00431402
0.00431402
0.00431405
0.00431405
0.00431405
0.00431405
0.00431405
0.00431405
0.00431405
0.00431405
0.00431405
0.00431405
0.00431405
0.00431405
0.00431405
0.00431405
0.00431405
0.00431405
0.00431405
0.00431405
0.00431405
0.00431405
0.00431405
0.00431405
0.00431405
0.00431405
0.00431405
0.00431405
0.00431405
0.00431405
0.00431405
0.00431405
0.00431405
0.00431405
0.00431405
0.00431405
0.00431405
0.00431405
0.00431405
0.00431405
0.00431405
0.00431405
0.00431405
0.00431405
0.00431405
0.00431405
0.00431405
0.00431405
0.00431405
0.00431405
0.00431405
0.00431405
0.00431405
0.00431405
0.00431405
0.00431405
0.00431405
0.00431405
0.00431405
0.00431405
0.00431405
0.00431405
0.00431369
0.00431363
0.00430842
0.00431405
0.00431405
0.00431405
0.00431405
0.00431405
0.00431405
0.00431405
0.00431405
0.00431405
0.00431405
0.00431405
0.00431405
0.00431385
0.00430891
0.00421136
0.0043138
0.00430824
0.00420984
0.00431334
0.00430367
0.00418944
0.00431333
0.00430362
0.00418806
0.00431233
0.00429729
0.00415314
0.00431405
0.00431399
0.00429289
0.00431404
0.00431349
0.00427969
0.00431404
0.00431339
0.004278
0.00431231
0.00429711
0.00415348
0.00431102
0.00429425
0.00414209
0.00431405
0.00431389
0.00429138
0.00431391
0.00430997
0.00422025
0.00431392
0.00431003
0.00422178
0.00431368
0.00430683
0.00419989
0.00431368
0.00430683
0.00419912
0.00431296
0.00430091
0.00417867
0.00431303
0.00430146
0.00417981
0.00431293
0.00430015
0.0041429
0.00431282
0.00429941
0.0041433
0.00429002
0.00425893
0.00414262
0.00431405
0.00431404
0.004305
0.00431402
0.00431228
0.00425593
0.00431403
0.00431261
0.00426009
0.00431401
0.00431222
0.00425445
0.00431386
0.00430906
0.0042151
0.00431378
0.0043079
0.00420576
0.00431353
0.00430526
0.00419366
0.00431313
0.00430205
0.00418455
0.00431208
0.0042961
0.00416077
0.00431405
0.00431402
0.00429828
0.00431232
0.00429722
0.00415256
0.00431264
0.00429832
0.00414402
0.00431278
0.00429915
0.00414355
0.00431205
0.00429535
0.00414259
0.00431385
0.0043091
0.00420739
0.00431387
0.00430951
0.00421198
0.0043139
0.00431011
0.00421725
0.0043139
0.00431004
0.00421353
0.00431392
0.00431067
0.00422414
0.0043139
0.00431015
0.00421881
0.00431393
0.00431068
0.00422313
0.00431385
0.00430907
0.00420624
0.0043138
0.00430818
0.00420202
0.00431374
0.00430735
0.00419651
0.0043138
0.00430813
0.00420048
0.00431356
0.00430536
0.00418573
0.00431361
0.00430583
0.00418961
0.00431372
0.00430704
0.004195
0.00431367
0.00430648
0.00419106
0.0043135
0.00430478
0.00418445
0.00431243
0.00429764
0.00415853
0.0043123
0.00429701
0.00415443
0.00431259
0.004298
0.0041439
0.00431403
0.00431263
0.00426155
0.00431403
0.00431284
0.00426642
0.00431403
0.00431285
0.00426792
0.00431387
0.00430933
0.00421663
0.00431395
0.00431073
0.00422591
0.00431376
0.00430774
0.00420425
0.00431353
0.00430528
0.00419473
0.00431281
0.00430005
0.00417584
0.00431307
0.00430169
0.00418327
0.004312
0.0042958
0.00415768
0.00431207
0.00429616
0.00415886
0.004312
0.00429585
0.00415793
0.00431203
0.00429586
0.00416043
0.00431201
0.00429585
0.00415898
0.0043121
0.00429621
0.00415246
0.00431221
0.00429662
0.00415014
0.00431221
0.00429661
0.00414985
0.00431196
0.0042948
0.00414239
0.00431152
0.00429235
0.00414168
0.00431398
0.0043112
0.00423306
0.00431398
0.00431119
0.00423408
0.00431385
0.00430893
0.0042123
0.00431398
0.00431119
0.00423165
0.00431396
0.00431085
0.00423015
0.00431378
0.00430798
0.00420832
0.00431339
0.00430403
0.00419083
0.0043127
0.00429937
0.00417188
0.00431268
0.00429926
0.00417246
0.00431333
0.00430363
0.00418717
0.00431261
0.00429879
0.00417102
0.00431252
0.00429826
0.00417019
0.00431229
0.00429702
0.00415074
0.00431229
0.00429699
0.00415105
0.00431237
0.00429756
0.00415288
0.0043123
0.00429706
0.00415043
0.00431231
0.0042971
0.00415012
0.00431405
0.004314
0.0042942
0.00431228
0.00429703
0.00414829
0.00431226
0.00429683
0.00414802
0.00431405
0.00431364
0.00428131
0.00431405
0.0043139
0.00428985
0.00431404
0.00431337
0.00427652
0.0043123
0.00429704
0.00415383
0.00431276
0.0043003
0.004142
0.00431405
0.00431388
0.00428937
0.004314
0.00431164
0.00424114
0.00431391
0.00430995
0.00421899
0.00431393
0.00431022
0.00422331
0.00431369
0.00430688
0.00420125
0.0043136
0.00430591
0.00419765
0.00431293
0.00430079
0.00417756
0.00431306
0.00430158
0.00418098
0.00431238
0.00429754
0.00416727
0.00431225
0.00429684
0.00414847
0.00431224
0.00429676
0.00414955
0.00431405
0.00431404
0.00430589
0.00431405
0.00431404
0.00430454
0.0043129
0.0042999
0.00414286
0.00431286
0.00429966
0.00414304
0.00431403
0.00431259
0.0042575
0.00431403
0.00431261
0.00425884
0.00431401
0.0043122
0.0042525
0.00431398
0.00431122
0.00423695
0.00431398
0.0043112
0.00423541
0.00431385
0.00430896
0.00421357
0.00431395
0.00431074
0.00422687
0.00431395
0.00431076
0.00422874
0.00431378
0.00430793
0.00420682
0.00431347
0.00430471
0.00419224
0.00431272
0.00429944
0.00417425
0.00431269
0.00429925
0.00417339
0.0043132
0.0043026
0.00418586
0.00431244
0.00429783
0.00416863
0.00431246
0.00429796
0.0041694
0.00431212
0.00429634
0.00416113
0.00431217
0.00429664
0.00416114
0.00431228
0.00429697
0.00415154
0.00431229
0.00429698
0.00415135
0.00431234
0.00429729
0.00415264
0.00431233
0.00429721
0.0041496
0.00431232
0.00429714
0.00414983
0.00431234
0.00429729
0.00414955
0.00431269
0.00429861
0.00414395
0.00431273
0.00429889
0.00414378
0.00431405
0.00431401
0.00429635
0.00431224
0.00429658
0.00414661
0.00431226
0.00429678
0.00414771
0.00431226
0.00429678
0.00414779
0.00431405
0.00431366
0.00428502
0.00431405
0.00431365
0.0042826
0.00431405
0.0043137
0.00428662
0.00431405
0.00431371
0.00428821
0.00431404
0.00431336
0.0042744
0.00431397
0.00431157
0.00424655
0.00431386
0.00430915
0.00420885
0.00431386
0.00430927
0.00421041
0.0043139
0.00431008
0.00421585
0.0043139
0.00431007
0.00421472
0.00431391
0.0043103
0.00422037
0.00431393
0.00431068
0.00422191
0.00431385
0.00430904
0.0042051
0.00431382
0.00430843
0.00420357
0.00431379
0.00430805
0.00419801
0.0043138
0.0043081
0.00419936
0.00431356
0.00430538
0.00418673
0.00431357
0.00430547
0.00418816
0.00431371
0.00430699
0.0041935
0.00431371
0.00430697
0.00419251
0.00431344
0.00430418
0.00418334
0.0043123
0.004297
0.00415418
0.00431253
0.00429766
0.00414354
0.00431403
0.00431283
0.00426525
0.00431403
0.00431273
0.00426294
0.00431403
0.00431296
0.00426946
0.00431398
0.00431141
0.00423848
0.004314
0.00431164
0.00423999
0.00431391
0.00430994
0.00421814
0.00431395
0.00431072
0.00422482
0.00431371
0.00430713
0.00420275
0.00431355
0.00430544
0.00419619
0.00431293
0.00430085
0.00417664
0.00431305
0.00430156
0.00418202
0.00431244
0.00429795
0.00416791
0.00431247
0.00429813
0.00416768
0.00431225
0.00429686
0.004166
0.004312
0.00429586
0.00415759
0.0043121
0.00429644
0.00415854
0.00431203
0.004296
0.00415823
0.00431201
0.00429578
0.00416001
0.00431201
0.00429576
0.00416014
0.00431221
0.00429669
0.00415041
0.00431222
0.00429666
0.00414962
0.00431184
0.00429419
0.00414208
0.0043117
0.00429341
0.00414181
0.00431405
0.00431404
0.00430799
0.00431405
0.00431405
0.00430938
0.00431405
0.00431405
0.00430928
0.00431279
0.00429843
0.00414078
0.00431283
0.00429874
0.00414105
0.00431402
0.00431254
0.00426499
0.00431399
0.00431196
0.00425322
0.00431402
0.00431263
0.00426658
0.00431398
0.00431167
0.00425152
0.0043128
0.00429962
0.00416617
0.00431257
0.00429835
0.0041611
0.0043124
0.00429753
0.00415671
0.00431258
0.00429851
0.00416052
0.00431243
0.00429776
0.00415636
0.00430326
0.00427758
0.00414353
0.00431405
0.00431368
0.00428028
0.00431404
0.00431347
0.00427877
0.00431223
0.00429694
0.00415149
0.00431207
0.0042962
0.00415395
0.00431213
0.00429652
0.00415378
0.00431229
0.00429727
0.00415162
0.00431223
0.00429685
0.00415058
0.00431405
0.00431403
0.00430069
0.00431405
0.00431403
0.00430213
0.00424136
0.00420513
0.00414359
0.00431225
0.0042965
0.00414437
0.00431237
0.00429704
0.00414546
0.00431243
0.00429737
0.00414558
0.00431255
0.0042981
0.00414478
0.00431271
0.00429798
0.00413912
0.00431294
0.00429957
0.00414147
0.00431401
0.00431205
0.00425007
0.00431208
0.00429608
0.00416142
0.0043121
0.00429615
0.00416252
0.00431227
0.00429711
0.00416359
0.00431169
0.00429333
0.00413946
0.00431405
0.00431391
0.00429369
0.00431235
0.00429722
0.00414808
0.00431405
0.00431402
0.00429998
0.00431405
0.00431402
0.00429784
0.00431229
0.00429684
0.00414591
0.00431222
0.00429623
0.00414407
0.00431232
0.00429704
0.00414584
0.00431236
0.00429731
0.00414482
0.00431405
0.0043139
0.00429124
0.00431399
0.00431202
0.00425809
0.004314
0.00431216
0.0042598
0.00431403
0.00431308
0.00427294
0.00431403
0.00431298
0.0042713
0.00431271
0.00429913
0.0041639
0.00431265
0.00429876
0.00416315
0.00431241
0.0042975
0.00415813
0.00431235
0.00429729
0.0041555
0.00431243
0.00429765
0.00414693
0.00431235
0.00429719
0.00414777
0.00431241
0.00429757
0.00414697
0.00431258
0.00429822
0.00414458
0.00431274
0.00429827
0.00413939
0.00431298
0.00429988
0.0041424
0.00431405
0.00431371
0.0042851
0.00431405
0.00431371
0.00428634
0.004314
0.00431172
0.00424444
0.004314
0.00431179
0.00424851
0.004314
0.0043117
0.00424245
0.00431222
0.00429667
0.00416551
0.00431224
0.00429689
0.00416399
0.00431212
0.00429629
0.00415228
0.00431157
0.00429286
0.00413911
0.00431295
0.0043002
0.00414182
0.00431274
0.00429808
0.00414026
0.00431287
0.00429902
0.00414115
0.00431147
0.00429208
0.00414016
0.0043114
0.00429168
0.00413981
0.00431153
0.00429245
0.00414031
0.00431159
0.00429277
0.00414036
0.00431402
0.00431251
0.00426278
0.00431295
0.00430001
0.00414051
0.00431298
0.00430028
0.00414067
0.00431399
0.00431198
0.00425492
0.00431403
0.00431295
0.00426827
0.00431397
0.00431158
0.00424983
0.00431395
0.00431122
0.00424043
0.00431395
0.00431122
0.00424198
0.00431394
0.004311
0.00423015
0.00431394
0.00431097
0.00423112
0.00431395
0.00431124
0.00423915
0.00431395
0.00431127
0.00423821
0.00431392
0.00431071
0.00422863
0.00431392
0.00431067
0.00422721
0.00431284
0.0042998
0.00416768
0.00431287
0.00430004
0.00416836
0.00431313
0.00430175
0.00417433
0.00431312
0.00430167
0.00417319
0.00431317
0.00430202
0.0041755
0.00431322
0.00430243
0.0041767
0.00431281
0.00429971
0.00416546
0.00431258
0.00429836
0.00416175
0.00431239
0.00429742
0.00415717
0.00431259
0.00429868
0.00416003
0.00431242
0.00429777
0.00415597
0.00431271
0.00429808
0.00413955
0.00431289
0.00429954
0.00414053
0.00431405
0.00431369
0.00428138
0.00431405
0.00431369
0.00428269
0.00431404
0.00431346
0.00427663
0.00431206
0.00429622
0.00415639
0.00431201
0.00429591
0.00415657
0.00431218
0.00429662
0.00415171
0.00431212
0.00429654
0.00415633
0.00431205
0.00429608
0.00415605
0.00431203
0.00429596
0.00415424
0.00431216
0.00429666
0.00415357
0.00431162
0.00429349
0.00414465
0.00431295
0.00430026
0.00414194
0.00431297
0.0043002
0.00414136
0.00431296
0.0043002
0.00414161
0.00431405
0.00431404
0.00430705
0.00431405
0.00431403
0.00430361
0.00431405
0.00431403
0.00430142
0.0043123
0.00429684
0.00414465
0.00431239
0.00429731
0.00414574
0.0043124
0.00429742
0.00414591
0.00431248
0.00429767
0.00414535
0.00431252
0.00429792
0.00414506
0.00431269
0.00429762
0.00413886
0.00431291
0.00429929
0.00414119
0.00431401
0.0043122
0.00425155
0.00431212
0.00429625
0.00416273
0.00431217
0.00429649
0.00416312
0.00431155
0.00429261
0.00414042
0.00431151
0.00429241
0.00414018
0.00431164
0.00429302
0.00413927
0.00431405
0.00431392
0.00429522
0.00431405
0.00431401
0.00429684
0.00431234
0.00429722
0.00414836
0.00431233
0.00429716
0.00414853
0.00431297
0.00430021
0.00414115
0.00431298
0.00430023
0.0041409
0.00431227
0.00429672
0.00414615
0.00431225
0.00429665
0.00414642
0.00431216
0.00429593
0.00414374
0.00431219
0.00429605
0.00414383
0.00431399
0.004312
0.00425639
0.00431401
0.00431249
0.00426143
0.00431403
0.00431297
0.00426971
0.00431397
0.00431157
0.00424833
0.00431397
0.00431156
0.00424518
0.00431395
0.00431128
0.00424362
0.00431393
0.00431093
0.00423354
0.00431393
0.00431095
0.00423221
0.00431393
0.00431092
0.00423505
0.00431393
0.00431096
0.00423663
0.00431392
0.00431066
0.00422524
0.00431301
0.00430093
0.00417022
0.00431293
0.00430039
0.00416924
0.00431309
0.00430156
0.00417123
0.00431312
0.0043017
0.00417229
0.00431336
0.00430356
0.00418022
0.00431338
0.00430369
0.00418142
0.00431336
0.00430355
0.00417918
0.0043133
0.00430308
0.00417793
0.00431281
0.00429979
0.00416466
0.00431261
0.0042985
0.00416244
0.00431239
0.00429743
0.00415765
0.00431252
0.00429816
0.00415972
0.00431237
0.00429743
0.00415565
0.00431238
0.00429737
0.00414747
0.0043124
0.00429748
0.00414719
0.00431259
0.00429824
0.00414455
0.0043127
0.00429801
0.00413943
0.00431297
0.00430011
0.0041426
0.00431405
0.00431372
0.0042879
0.00431404
0.00431325
0.00427406
0.00431404
0.00431345
0.00427559
0.00431404
0.00431323
0.00427261
0.00431404
0.00431323
0.00427084
0.004314
0.00431172
0.00424552
0.004314
0.00431172
0.00424693
0.0043122
0.00429659
0.00416494
0.0043122
0.00429667
0.00416438
0.00431214
0.00429642
0.004152
0.00431201
0.00429586
0.00415553
0.00431202
0.00429591
0.00415576
0.004312
0.0042958
0.00415442
0.00431202
0.00429587
0.00415545
0.00431213
0.00429646
0.0041535
0.00431157
0.00429314
0.00413933
0.00431405
0.00431404
0.00430876
)
;

boundaryField
{
    topAndBottom
    {
        type            calculated;
        value           nonuniform List<scalar> 
72
(
0.00431405
0.00431405
0.00431405
0.00431405
0.00431405
0.00431405
0.00431405
0.00431405
0.00431405
0.00431405
0.00431405
0.00431405
0.00431405
0.00431405
0.00431405
0.00431405
0.00431405
0.00431405
0.00431405
0.00431405
0.00431405
0.00431405
0.00431405
0.00431405
0.00431405
0.00431405
0.00431405
0.00431405
0.00431405
0.00431405
0.00431405
0.00431405
0.00431405
0.00431405
0.00431405
0.00431405
0.00431405
0.00431405
0.00431405
0.00431405
0.00431405
0.00431405
0.00431405
0.00431405
0.00431405
0.00431405
0.00431405
0.00431405
0.00431405
0.00431405
0.00431405
0.00431405
0.00431405
0.00431405
0.00431405
0.00431405
0.00431405
0.00431405
0.00431405
0.00431405
0.00431405
0.00431405
0.00431405
0.00431405
0.00431405
0.00431405
0.00431405
0.00431405
0.00431405
0.00431405
0.00431405
0.00431405
)
;
    }
    inlet
    {
        type            calculated;
        value           uniform 0.00431405;
    }
    outlet
    {
        type            calculated;
        value           nonuniform List<scalar> 
24
(
0.00431405
0.00431405
0.00431405
0.00431405
0.00431405
0.00431405
0.00431405
0.00431405
0.00431405
0.00431405
0.00431402
0.00431293
0.00431307
0.00431405
0.00431405
0.00431405
0.00431405
0.00431405
0.00431405
0.00431405
0.00431405
0.00431405
0.00431405
0.00431405
)
;
    }
    wing
    {
        type            calculated;
        value           uniform 0.0029855;
    }
    front
    {
        type            empty;
    }
    back
    {
        type            empty;
    }
}


// ************************************************************************* //
