/*--------------------------------*- C++ -*----------------------------------*\
| =========                 |                                                 |
| \\      /  F ield         | OpenFOAM: The Open Source CFD Toolbox           |
|  \\    /   O peration     | Version:  5.x                                   |
|   \\  /    A nd           | Web:      www.OpenFOAM.org                      |
|    \\/     M anipulation  |                                                 |
\*---------------------------------------------------------------------------*/
FoamFile
{
    version     2.0;
    format      ascii;
    class       volScalarField;
    location    "100";
    object      xf;
}
// * * * * * * * * * * * * * * * * * * * * * * * * * * * * * * * * * * * * * //

dimensions      [0 0 0 0 0 0 0];

internalField   nonuniform List<scalar> 
6584
(
0.0538327
0.0538326
0.0538327
0.0538327
0.0538327
0.0538327
0.0538327
0.0538328
0.0538328
0.0538328
0.0538329
0.0538329
0.0538329
0.0538328
0.0538328
0.0538328
0.0538328
0.0538327
0.0538327
0.0538327
0.0538326
0.0538326
0.0538326
0.0538326
0.0537739
0.053774
0.0537739
0.053774
0.053774
0.0537741
0.0537742
0.0537743
0.0537744
0.0537745
0.0537745
0.0537745
0.0537745
0.0537745
0.0537745
0.0537744
0.0537743
0.0537743
0.0537742
0.0537741
0.053774
0.0537739
0.0537739
0.0537738
0.0537151
0.0537152
0.0537153
0.0537152
0.0537153
0.0537154
0.0537156
0.0537159
0.0537161
0.0537452
0.0537452
0.0537452
0.0537452
0.0537452
0.0537452
0.053716
0.0537158
0.0537157
0.0537155
0.0537154
0.0537153
0.0537153
0.0537152
0.0537151
0.0536565
0.0536565
0.0536566
0.0536566
0.0536567
0.0536568
0.053657
0.0536573
0.0536576
0.0536867
0.0536865
0.0536864
0.0536864
0.0536865
0.0536866
0.0536867
0.0536572
0.0536571
0.0536569
0.0536568
0.0536567
0.0536566
0.0536565
0.0536565
0.0535978
0.0535979
0.053598
0.0535981
0.0535982
0.0535982
0.0535983
0.0535983
0.053628
0.053628
0.0536276
0.0536272
0.0536271
0.0536272
0.0536277
0.0536279
0.053628
0.0535988
0.0535985
0.0535983
0.0535982
0.0535981
0.0535979
0.0535979
0.0535392
0.0535393
0.0535394
0.0535395
0.0535397
0.0535398
0.05354
0.053569
0.053569
0.0535686
0.053583
0.0535821
0.0535818
0.0535825
0.0535686
0.0535693
0.0535696
0.0535407
0.0535402
0.05354
0.0535397
0.0535395
0.0535394
0.0535393
0.0534807
0.0534807
0.0534809
0.053481
0.0534812
0.0534815
0.0534819
0.0535107
0.0535105
0.0535099
0.0535227
0.0535285
0.0535273
0.0535215
0.0535244
0.0535111
0.0535115
0.053483
0.0534821
0.0534817
0.0534814
0.0534811
0.0534809
0.0534808
0.0534222
0.0534223
0.0534224
0.0534226
0.0534229
0.0534233
0.0534241
0.0534526
0.0534524
0.0534524
0.0534638
0.0534661
0.0534673
0.0534659
0.0534537
0.0534539
0.0534255
0.0534242
0.0534236
0.0534231
0.0534228
0.0534225
0.0534224
0.0533637
0.0533638
0.0533641
0.0533644
0.0533647
0.0533653
0.0533664
0.0533948
0.053395
0.0533957
0.0534068
0.053409
0.0534097
0.0534094
0.0533973
0.0533968
0.0533682
0.0533664
0.0533656
0.053365
0.0533645
0.0533641
0.0533639
0.0533053
0.0533054
0.0533057
0.0533061
0.0533066
0.0533073
0.0533088
0.0533372
0.0533379
0.0533395
0.0533514
0.053355
0.0533567
0.0533547
0.0533415
0.0533401
0.0533111
0.0533088
0.0533076
0.0533068
0.0533062
0.0533058
0.0533055
0.0532469
0.0532471
0.0532474
0.0532479
0.0532485
0.0532494
0.0532511
0.0532797
0.0532809
0.0532833
0.0532961
0.0533011
0.0533042
0.0533004
0.0532859
0.0532836
0.0532539
0.0532512
0.0532497
0.0532486
0.053248
0.0532474
0.0532471
0.0531885
0.0531887
0.0531891
0.0531897
0.0531905
0.0531915
0.0531935
0.0532222
0.0532238
0.0532268
0.0532401
0.053245
0.0532493
0.0532452
0.0532298
0.0532269
0.0531966
0.0531936
0.0531918
0.0531905
0.0531896
0.0531891
0.0531887
0.0531301
0.0531304
0.0531308
0.0531315
0.0531324
0.0531336
0.0531358
0.0531645
0.0531664
0.0531696
0.0531827
0.0531861
0.0531904
0.0531881
0.0531731
0.0531697
0.0531392
0.0531358
0.0531339
0.0531324
0.0531313
0.0531307
0.0531302
0.0530717
0.053072
0.0530726
0.0530733
0.0530743
0.0530756
0.0530778
0.0530782
0.0531083
0.0531111
0.0531229
0.0531224
0.0217215
0.0531203
0.0531294
0.0531156
0.0531121
0.0530815
0.053078
0.0530758
0.0530741
0.053073
0.0530722
0.0530717
0.0530133
0.0530137
0.0530142
0.053015
0.0530161
0.0530175
0.0530195
0.0530194
0.0530493
0.0530521
0.053063
0.0530525
0.042105
0.0530575
0.0530543
0.0530571
0.0530236
0.0530231
0.0530195
0.0530175
0.0530159
0.0530147
0.0530138
0.0530131
0.0529549
0.0529553
0.0529559
0.0529568
0.0529579
0.0529592
0.0529611
0.0529609
0.0529907
0.0529937
0.052989
0.0529912
0.042225
0.0529827
0.0529945
0.0529984
0.0529651
0.0529648
0.052961
0.0529589
0.0529572
0.0529559
0.0529551
0.0529545
0.0528964
0.0528969
0.0528975
0.0528984
0.0528996
0.0529009
0.0529027
0.0529027
0.0529042
0.0529352
0.0529296
0.0528308
0.046833
0.0529209
0.0529346
0.0529394
0.0529064
0.0529063
0.0529026
0.0529003
0.0528986
0.0528972
0.0528964
0.0528956
0.052838
0.0528385
0.0528392
0.0528401
0.0528413
0.0528424
0.0528444
0.0528444
0.0528458
0.0528447
0.0528702
0.0527065
0.0467842
0.0528593
0.0528483
0.0528492
0.0528475
0.0528477
0.052844
0.0528417
0.0528399
0.0528385
0.0528376
0.0528368
0.0527795
0.0527801
0.0527808
0.0527817
0.0527829
0.052784
0.0527862
0.0527862
0.0527875
0.052786
0.0527696
0.0478185
0.0496594
0.0527732
0.0527887
0.0527901
0.0527886
0.0527891
0.0527853
0.0527829
0.0527811
0.0527797
0.0527788
0.0527779
0.0527211
0.0527216
0.0527224
0.0527234
0.0527246
0.0527257
0.052728
0.0527279
0.0527291
0.0527272
0.0527036
0.0477685
0.0496015
0.0527111
0.0527291
0.052731
0.0527296
0.0527305
0.0527267
0.0527242
0.0527224
0.0527209
0.05272
0.052719
0.0526626
0.0526632
0.0526639
0.052665
0.0526663
0.0526675
0.0526699
0.0526696
0.0526707
0.0526684
0.0526387
0.0477172
0.0495426
0.0526489
0.0526695
0.0526719
0.0526707
0.0526718
0.052668
0.0526655
0.0526636
0.0526621
0.0526611
0.0526601
0.0526041
0.0526047
0.0526055
0.0526066
0.0526079
0.0526092
0.0526117
0.0526114
0.0526124
0.0526096
0.0525747
0.047665
0.0494826
0.0525864
0.05261
0.0526128
0.0526118
0.0526131
0.0526092
0.0526067
0.0526048
0.0526032
0.0526022
0.0526012
0.0525456
0.0525463
0.0525471
0.0525482
0.0525496
0.052551
0.0525535
0.0525531
0.052554
0.0525508
0.0525116
0.0476121
0.0494218
0.0525238
0.0525504
0.0525538
0.0525528
0.0525544
0.0525505
0.0525479
0.0525459
0.0525444
0.0525433
0.0525423
0.0524872
0.0524878
0.0524886
0.0524898
0.0524913
0.0524927
0.0524953
0.0524948
0.0524957
0.052492
0.0524492
0.0475587
0.0493604
0.052461
0.0524909
0.0524947
0.0524939
0.0524957
0.0524917
0.0524891
0.0524871
0.0524855
0.0524844
0.0524833
0.0524287
0.0524293
0.0524302
0.0524314
0.0524329
0.0524344
0.0524371
0.0524365
0.0524373
0.0524332
0.0523873
0.0475049
0.0492983
0.0523982
0.0524314
0.0524356
0.0524349
0.052437
0.052433
0.0524303
0.0524282
0.0524266
0.0524255
0.0524244
0.0523702
0.0523709
0.0523718
0.052373
0.0523745
0.0523761
0.0523789
0.0523782
0.0523789
0.0523745
0.0523252
0.04745
0.0492364
0.0523359
0.0523719
0.0523765
0.052376
0.0523783
0.0523743
0.0523715
0.0523694
0.0523677
0.0523666
0.0523655
0.0523117
0.0523124
0.0523133
0.0523146
0.0523162
0.0523178
0.0523207
0.0523198
0.0523205
0.0523157
0.0522628
0.0473941
0.0491756
0.0522745
0.0523125
0.0523175
0.0523171
0.0523196
0.0523156
0.0523128
0.0523107
0.052309
0.0523078
0.0523067
0.0522532
0.0522539
0.0522548
0.0522562
0.0522578
0.0522595
0.0522624
0.0522615
0.0522621
0.052257
0.0522009
0.0473379
0.0491144
0.0522132
0.0522532
0.0522586
0.0522583
0.052261
0.0522569
0.0522541
0.0522519
0.0522502
0.052249
0.0522479
0.0521947
0.0521954
0.0521964
0.0521977
0.0521994
0.0522012
0.0522042
0.0522032
0.0522037
0.0521982
0.0521393
0.0472816
0.0490529
0.0521518
0.0521938
0.0521996
0.0521994
0.0522024
0.0521983
0.0521954
0.0521932
0.0521914
0.0521902
0.0521891
0.0521362
0.0521369
0.0521379
0.0521393
0.052141
0.0521429
0.052146
0.0521449
0.0521454
0.0521395
0.0520781
0.0472251
0.0489912
0.0520905
0.0521344
0.0521406
0.0521406
0.0521438
0.0521396
0.0521367
0.0521344
0.0521326
0.0521314
0.0521303
0.0520777
0.0520785
0.0520795
0.0520809
0.0520826
0.0520846
0.0520878
0.0520866
0.0520869
0.0520807
0.052017
0.0471685
0.0489292
0.0520292
0.0520751
0.0520816
0.0520817
0.0520851
0.0520809
0.0520779
0.0520756
0.0520738
0.0520726
0.0520715
0.0520192
0.05202
0.052021
0.0520224
0.0520242
0.0520263
0.0520296
0.0520282
0.0520285
0.052022
0.0519561
0.0471118
0.0488671
0.051968
0.0520157
0.0520226
0.0520228
0.0520265
0.0520222
0.0520192
0.0520169
0.052015
0.0520138
0.0520127
0.0519606
0.0519615
0.0519625
0.051964
0.0519658
0.051968
0.0519714
0.0519698
0.05197
0.0519632
0.0518954
0.0470551
0.0488049
0.0519068
0.0519564
0.0519635
0.0519639
0.0519678
0.0519635
0.0519605
0.0519581
0.0519562
0.051955
0.0519539
0.0519021
0.051903
0.051904
0.0519055
0.0519074
0.0519097
0.0519132
0.0519115
0.0519116
0.0519045
0.0518347
0.0469981
0.0487427
0.0518458
0.0518971
0.0519045
0.051905
0.0519091
0.0519048
0.0519017
0.0518993
0.0518974
0.0518962
0.0518951
0.0518436
0.0518445
0.0518455
0.051847
0.051849
0.0518514
0.0518549
0.0518531
0.0518531
0.0518457
0.051774
0.0469411
0.0486806
0.0517848
0.0518378
0.0518455
0.051846
0.0518505
0.0518461
0.051843
0.0518405
0.0518386
0.0518373
0.0518363
0.0517851
0.051786
0.0517871
0.0517885
0.0517906
0.0517931
0.0517967
0.0517946
0.0517946
0.051787
0.0517132
0.0468841
0.0486187
0.0517241
0.0517785
0.0517865
0.0517871
0.0517918
0.0517874
0.0517842
0.0517818
0.0517798
0.0517785
0.0517775
0.0534158
0.0534158
0.0534658
0.0533617
0.0533627
0.0534091
0.0533079
0.0533103
0.0533561
0.0532522
0.0532559
0.0533036
0.0531936
0.0531977
0.0532489
0.0531304
0.0142376
0.0212114
0.053135
0.0531901
0.0534737
0.0535274
0.0534734
0.0535284
0.0534209
0.0534168
0.0534676
0.0534361
0.053464
0.0534166
0.0534222
0.0534646
0.0533651
0.0533622
0.0534098
0.0533886
0.0533662
0.0534036
0.0533234
0.0533973
0.0533632
0.0533677
0.0534084
0.05331
0.0533082
0.0533555
0.0533349
0.0532708
0.0533005
0.0526195
0.0529915
0.0533108
0.053314
0.0533543
0.0532542
0.0532524
0.0533013
0.0532804
0.0532369
0.05325
0.052791
0.0526259
0.0532564
0.0532595
0.0533005
0.0527126
0.0529001
0.053198
0.0532031
0.0532456
0.0526219
0.0526719
0.0530678
0.0251487
0.0144541
0.0345595
0.0530642
0.0531264
0.0534082
0.0534354
0.0534368
0.0534343
0.0534002
0.0534652
0.0534379
0.0534004
0.0534342
0.0534364
0.0534336
0.0534058
0.0533066
0.053359
0.0533819
0.0533141
0.0531704
0.0533925
0.0533224
0.0530133
0.0533191
0.0533824
0.0533471
0.0532456
0.0534031
0.0533506
0.0533891
0.0532519
0.053268
0.0533282
0.053121
0.0531608
0.0531639
0.0531196
0.0526329
0.0525905
0.05333
0.0531774
0.0531594
0.053242
0.0531818
0.0533365
0.0531242
0.0531477
0.0531637
0.0531192
0.0528993
0.052814
0.0532767
0.0531359
0.0531681
0.0531528
0.0531333
0.0532835
0.053153
0.0531429
0.0531495
0.0531536
0.0526777
0.0527105
0.0531647
0.0531344
0.0532274
0.0531189
0.0530166
0.0531407
0.0531223
0.0524613
0.0526146
0.0534439
0.0534391
0.0534665
0.0534435
0.0534613
0.0531972
0.0531941
0.0532452
0.0532232
0.0531992
0.0532177
0.0509502
0.0506087
0.0531358
0.0531447
0.0531887
0.0534631
0.0534458
0.0534654
0.0534372
0.0534436
0.05322
0.0532349
0.0532734
0.0343923
0.0371144
0.0465379
0.04806
0.0372463
0.04077
0.0505445
0.0499882
0.0532201
0.0531291
0.0530863
0.0482451
0.0491656
0.0530798
0.0530284
0.0531669
0.0534977
0.0534948
0.0534693
0.0534683
0.0534944
0.0534976
0.0534414
0.0534477
0.0534424
0.0534626
0.0534446
0.0534515
0.053355
0.0533681
0.052813
0.0528354
0.052762
0.0527205
0.0527149
0.0499621
0.0528952
0.0512095
0.0509889
0.0510271
0.0512434
0.052651
0.053269
0.0534226
0.0529751
0.0533673
0.0528907
0.053418
0.0533821
0.0534446
0.0534493
0.0534403
0.053311
0.0534176
0.0534198
0.0532343
0.0532253
0.0533689
0.0533639
0.0531472
0.0531648
0.0532723
0.0533698
0.0533802
0.0533561
0.0533663
0.0532692
0.0533815
0.0533975
0.053408
0.0533836
0.0533941
0.0533757
0.0531405
0.0531427
0.0531302
0.0531269
0.0522807
0.0523229
0.0531372
0.0533162
0.0533261
0.053303
0.0533129
0.0531305
0.0532152
0.0533426
0.0533527
0.0533294
0.0533393
0.0532112
0.0347915
0.0531369
0.0387118
0.0358276
0.0423861
0.0388813
0.0531401
0.0530961
0.0361975
0.0531019
0.0528841
0.0528753
0.0531388
0.0532896
0.0532996
0.0532762
0.0532863
0.053144
0.0442469
0.0462144
0.0531531
0.0453793
0.0426264
0.047607
0.0456764
0.0531536
0.0411083
0.0439422
0.0526935
0.0506063
0.0509847
0.0500219
0.0505333
0.0526978
0.0498617
0.0488812
0.0491609
0.0223778
0.0492669
0.0487645
0.0329525
0.0511957
0.051229
0.0534576
0.0531385
0.0531333
0.0531866
0.0531633
0.0531501
0.053172
0.0337927
0.052025
0.0521784
0.0534585
0.0531746
0.0531964
0.0532159
0.0301573
0.0309017
0.00757998
0.0484815
0.0483098
0.0317896
0.0333036
0.0509087
0.051185
0.0129598
0.0534787
0.05348
0.0534656
0.053464
0.0534795
0.0534785
0.0533839
0.053396
0.0533855
0.0533317
0.053345
0.0533849
0.0532813
0.0533402
0.0533299
0.053354
0.0533436
0.0532855
0.0527078
0.0529274
0.0527619
0.0525888
0.0486689
0.0481616
0.0526438
0.0512656
0.051422
0.0528688
0.0528337
0.024481
0.0534532
0.0534477
0.0534645
0.0534078
0.053377
0.0533542
0.0534224
0.0534259
0.053437
0.0534116
0.0534223
0.0534186
0.0533275
0.0533679
0.0533574
0.053382
0.0533714
0.0533349
0.0532784
0.0521031
0.0528223
0.0515131
0.0516529
0.0531922
0.0528902
0.0529672
0.0533418
0.0530724
0.0532231
0.0533071
0.0533692
0.0533732
0.0533432
0.0533495
0.0532561
0.0533265
0.0533164
0.0532604
0.0531311
0.0511066
0.0506813
0.0531466
0.0513123
0.0514744
0.0506142
0.0507012
0.0531188
0.0524815
0.0524763
0.0531621
0.0533076
0.0533122
0.053285
0.0532953
0.0531498
0.0532308
0.0533352
0.0533412
0.0533138
0.0533188
0.0531948
0.0528897
0.0512461
0.0514364
0.0511887
0.0509951
0.0528465
0.0531791
0.0532626
0.0532728
0.0532489
0.0532592
0.0531773
0.0531499
0.0490179
0.0478156
0.0503922
0.0500594
0.0531484
0.0376204
0.038258
0.0531337
0.0507529
0.0504957
0.036834
0.0374395
0.0492958
0.0488
0.0534507
0.0534575
0.0534533
0.0483167
0.0508231
0.0486588
0.0488875
0.0488058
0.0507792
0.0534557
0.0534527
0.0534601
0.0534494
0.0534532
0.0345896
0.0355422
0.0310284
0.0303559
0.0472641
0.0341109
0.0335663
0.0356677
0.0342778
0.0474587
0.0380979
0.0387964
0.0503283
0.050233
0.0487117
0.0378752
0.036431
0.0334431
0.0342093
0.0534344
0.0534397
0.0534464
0.0534304
0.0534375
0.0534315
0.0533348
0.0533818
0.0527326
0.052905
0.052772
0.0525896
0.0500764
0.0513477
0.0512271
0.051471
0.0513874
0.0500556
0.0509591
0.0508819
0.0511958
0.0510225
0.0511338
0.0495785
0.0498625
0.0490782
0.0494395
0.0511013
0.0478834
0.0481789
0.0531599
0.0534062
0.0533823
0.0534298
0.0534132
0.0532082
0.0532693
0.0532252
0.0533668
0.0532871
0.0534275
0.053441
0.0534331
0.0534226
0.0534093
0.0534051
0.0533829
0.0534102
0.0533924
0.0534183
0.0534279
0.053398
0.0534148
0.0534262
0.0534193
0.0534081
0.051844
0.0519893
0.0532655
0.0508664
0.0501814
0.0522798
0.0509811
0.0491281
0.0483879
0.0499654
0.0494597
0.0532003
0.0517024
0.0518065
0.0528468
0.05271
0.053205
0.0529542
0.0525645
0.0524309
0.0526857
0.052598
0.0533476
0.0529861
0.0530405
0.0530921
0.0532124
0.0533601
0.0533669
0.0532906
0.0532595
0.0533516
0.053358
0.0512178
0.05118
0.053134
0.0466415
0.0467009
0.0438457
0.0462879
0.0465775
0.0474162
0.0466527
0.0465622
0.0510783
0.0512594
0.0531417
0.0471255
0.0462621
0.0482219
0.0473766
0.0445414
0.0437342
0.0459151
0.0449955
0.0531209
0.050795
0.0510048
0.0523605
0.0524384
0.0533018
0.0533061
0.0531563
0.0531392
0.0532966
0.0533003
0.0533276
0.0533333
0.0532269
0.0531989
0.0533205
0.0533258
0.0357375
0.0370502
0.0509949
0.0513452
0.0505072
0.0508625
0.03602
0.0409826
0.0517794
0.0509583
0.0514339
0.0516977
0.0402266
0.0488067
0.0490187
0.0479196
0.0487248
0.0374905
0.050019
0.0504121
0.0491421
0.049802
0.0376363
0.0511563
0.0512127
0.0528887
0.0506073
0.0508073
0.0508432
0.0505933
0.0508442
0.0528467
0.050929
0.051061
0.0450243
0.0304667
0.0311189
0.0330904
0.0306233
0.0453096
0.0311525
0.0421134
0.0313376
0.0425934
0.0502811
0.0515715
0.0514984
0.0516556
0.0515945
0.0503235
0.0496522
0.0497172
0.0385764
0.0392801
0.0348126
0.0365438
0.0496258
0.0494097
0.0534749
0.053479
0.0535233
0.0531591
0.053072
0.052991
0.0534701
0.053471
0.053462
0.0534598
0.0534701
0.0534697
0.0534968
0.0534955
0.0534697
0.05341
0.0533995
0.0533892
0.0533262
0.0532427
0.0532281
0.0526489
0.0529699
0.0532995
0.0532894
0.0532443
0.0520679
0.0519878
0.0526131
0.0514676
0.0515289
0.0528958
0.0534206
0.0534242
0.0534136
0.0533201
0.0533515
0.0534067
0.0534301
0.0534222
0.0534283
0.0533866
0.053204
0.0533068
0.0530331
0.0532128
0.0531965
0.0533092
0.0533018
0.0533042
0.0532492
0.0533777
0.0533818
0.0533588
0.0532581
0.053313
0.0533029
0.0514246
0.0512407
0.0531519
0.0526258
0.052213
0.0521455
0.052561
0.0531729
0.0532626
0.0532644
0.0532383
0.0532969
0.0532993
0.0532662
0.0532681
0.0531862
0.0530849
0.0517206
0.0515215
0.0531278
0.0532795
0.0532823
0.0531542
0.0532349
0.0532452
0.0278666
0.0277207
0.0510059
0.0508273
0.0531309
0.0281866
0.0280238
0.0514333
0.0514536
0.0525828
0.0534454
0.0534452
0.0341356
0.033267
0.033722
0.036906
0.0373924
0.0324011
0.0328118
0.0354478
0.0349566
0.0402879
0.0495746
0.0494919
0.050068
0.0390095
0.0381223
0.0488358
0.0534813
0.0534802
0.0534653
0.053438
0.0534391
0.053441
0.0534436
0.0534239
0.053427
0.0534487
0.0534557
0.053452
0.0533124
0.0533047
0.053345
0.0533748
0.0533565
0.0533448
0.0527839
0.052858
0.0520548
0.0520833
0.0527829
0.0526672
0.0518221
0.0519474
0.05016
0.050167
0.0505478
0.0504975
0.0499644
0.0502099
0.0502563
0.0528959
0.0515666
0.0516714
0.0532313
0.0530699
0.0532716
0.0532417
0.0534046
0.0533898
0.053339
0.0526215
0.0525289
0.0531713
0.0529877
0.0527599
0.0534471
0.0534432
0.0534339
0.0534348
0.0534209
0.0534291
0.0533445
0.0534131
0.0534202
0.053059
0.05315
0.0533827
0.052392
0.0522722
0.0531295
0.0531821
0.0533941
0.053398
0.0533915
0.0533617
0.0533858
0.05339
0.0531496
0.0512255
0.0512168
0.0522556
0.0523632
0.0532827
0.053285
0.053219
0.0532071
0.0532783
0.0532805
0.0352278
0.0384896
0.0439591
0.0442384
0.040885
0.0410957
0.0354996
0.0518506
0.0517556
0.0530905
0.037813
0.0373967
0.0405489
0.0404905
0.0366356
0.0406634
0.0407695
0.0371759
0.0373357
0.0532742
0.0532768
0.0531238
0.0531398
0.053269
0.0532717
0.0440324
0.0513152
0.0514297
0.0510746
0.0511925
0.0435562
0.0507772
0.051566
0.0516716
0.0516047
0.0515866
0.0508364
0.0501282
0.0506927
0.0506172
0.0497279
0.0496006
0.0498365
0.027868
0.0294479
0.0295045
0.0288879
0.0495322
0.0407394
0.0394576
0.0417309
0.041033
0.0486364
0.0469062
0.0470605
0.0499395
0.0501848
0.0512755
0.0534567
0.0534588
0.0534545
0.0300671
0.0302805
0.0375741
0.0368121
0.00835145
0.032656
0.0307788
0.0308816
0.0301116
0.0304827
0.0330876
0.012425
0.0488109
0.0495797
0.053472
0.053471
0.0534611
0.05327
0.0532566
0.0533289
0.0533251
0.0533534
0.0533759
0.0533395
0.0533474
0.0526798
0.0529486
0.0512617
0.0513387
0.051295
0.0512373
0.0525993
0.0519111
0.051839
0.0485583
0.0475214
0.0474768
0.0477728
0.0476961
0.0484159
0.0533701
0.0533907
0.0533934
0.0533841
0.0533881
0.0533625
0.0530527
0.0532849
0.0531784
0.0531383
0.0532527
0.0533067
0.0533092
0.0522967
0.052273
0.0525857
0.0525147
0.0532589
0.0532607
0.0531676
0.0532921
0.0532945
0.0532345
0.0531906
0.05327
0.053272
0.0511479
0.0515305
0.0514219
0.0515685
0.0515625
0.0510801
0.0276122
0.0276284
0.0286155
0.0283565
0.0370566
0.0322199
0.0320709
0.0475553
0.0475802
0.049144
0.047922
0.0481537
0.0475176
0.0476802
0.0489676
0.0534495
0.0534477
0.0534483
0.0534495
0.0534556
0.0534563
0.053459
0.0534517
0.0534535
0.0534536
0.0486033
0.0497483
0.0496765
0.0499521
0.0498458
0.0486815
0.0491001
0.0494172
0.0492797
0.0496194
0.0495463
0.04897
0.0534545
0.0534558
0.0534533
0.0534413
0.0534345
0.0534501
0.0534473
0.0340853
0.0364662
0.0341038
0.0342453
0.0308178
0.0305852
0.0383295
0.0386623
0.0338143
0.0322667
0.0321375
0.03764
0.0327294
0.0323926
0.0328175
0.0395955
0.0339603
0.0329222
0.0496547
0.0497831
0.0504134
0.0492877
0.0493228
0.0492067
0.0492229
0.0501428
0.0494627
0.0495229
0.033587
0.0293681
0.0297267
0.0291193
0.0291186
0.0338117
0.0534366
0.0534387
0.0534369
0.0534264
0.0534295
0.0534342
0.0532694
0.0533389
0.0532946
0.0532828
0.0533198
0.0533301
0.0532966
0.0533089
0.0527579
0.0528812
0.0515726
0.0516492
0.0514141
0.0514926
0.0527815
0.0520818
0.0520703
0.0517814
0.0517632
0.052619
0.0516921
0.0503119
0.0502098
0.0500076
0.0504581
0.0504068
0.0509206
0.0503213
0.0503141
0.0504634
0.0503799
0.0509004
0.0511561
0.0505848
0.0506356
0.050374
0.0504845
0.051095
0.0502781
0.049197
0.0501231
0.0500472
0.0478494
0.0479775
0.0531494
0.0533025
0.0532871
0.0531153
0.0532535
0.053356
0.0533247
0.052763
0.0526859
0.0530417
0.0530644
0.0532406
0.0529448
0.052852
0.053385
0.0534022
0.0534289
0.0534145
0.0533608
0.0533025
0.0533609
0.0534004
0.0534077
0.0534112
0.053397
0.0534018
0.0533874
0.0533724
0.0533861
0.0534212
0.0534157
0.0534118
0.0534251
0.0534187
0.0534244
0.0534027
0.0534071
0.0533977
0.0534063
0.0507091
0.0504271
0.0519155
0.0503517
0.0505872
0.0499732
0.0510951
0.0488442
0.0485972
0.0497806
0.0496314
0.0527789
0.0522327
0.0523729
0.0519779
0.0520975
0.0527387
0.0531715
0.052943
0.0530077
0.0524492
0.0527936
0.053099
0.0521659
0.052001
0.0525304
0.0510894
0.0512343
0.0508501
0.0509694
0.0524917
0.0526623
0.0517987
0.0518799
0.0513999
0.0515869
0.0526312
0.0531116
0.0531984
0.0467492
0.0435528
0.0440768
0.0424251
0.0429551
0.0467453
0.0444573
0.0443336
0.0443907
0.0454203
0.0466872
0.039723
0.0401286
0.0405413
0.0398163
0.0469668
0.0466136
0.0415257
0.0419494
0.0406988
0.0411564
0.046585
0.0469279
0.0466784
0.0480407
0.0476784
0.0441528
0.0438389
0.0456274
0.0453986
0.0522777
0.0524007
0.053223
0.0532873
0.0532897
0.053274
0.0532761
0.053203
0.0356036
0.0429089
0.0435382
0.038032
0.0354575
0.0415127
0.0421668
0.0388694
0.0383134
0.0488699
0.0432839
0.0432787
0.0483321
0.0426589
0.0416393
0.0432404
0.0430915
0.048588
0.040134
0.0394779
0.040022
0.0404721
0.0370939
0.037921
0.0390056
0.0511888
0.0518313
0.0518038
0.0518527
0.051842
0.0511998
0.0506659
0.0507462
0.0507496
0.0505476
0.0505173
0.0506443
0.0509055
0.051607
0.0515758
0.0517448
0.0516705
0.0509521
0.0306202
0.0349731
0.0352371
0.0346357
0.0347998
0.0308659
0.0321605
0.0371601
0.0378454
0.0356957
0.0363801
0.0312174
0.0310257
0.031397
0.0314966
0.0319767
0.031635
0.0317061
0.0339372
0.034396
0.032068
0.0330147
0.0318353
0.0508052
0.0507578
0.0502267
0.0496481
0.0497918
0.0279738
0.0286684
0.0355042
0.0304855
0.0295625
0.0318401
0.0313868
0.0361151
0.0289788
0.0288837
0.0472235
0.0473339
0.053598
0.0535977
0.0536275
0.0535972
0.053597
0.0536271
0.053597
0.053597
0.0536271
0.0535974
0.0535979
0.0536275
0.053539
0.0535385
0.0535683
0.0535378
0.053537
0.0535827
0.0535363
0.0535354
0.0535818
0.0535353
0.0535362
0.0535819
0.053537
0.0535381
0.053583
0.0535392
0.0535398
0.0535688
0.0534811
0.0534795
0.0535236
0.0534784
0.0534752
0.0535216
0.0535048
0.053504
0.0535283
0.053502
0.0535028
0.0535272
0.053506
0.0535071
0.0535219
0.0534804
0.0534822
0.0535109
0.0534239
0.0534219
0.0534649
0.0534493
0.0534489
0.0534633
0.0534586
0.0534579
0.0534655
0.0534449
0.0534483
0.0534702
0.0534234
0.0534259
0.0534539
0.0533676
0.0533658
0.0534078
0.0533928
0.0533927
0.0534066
0.0534021
0.053402
0.0534088
0.0533896
0.0533925
0.0534131
0.0533683
0.0533706
0.0533981
0.0533115
0.0533102
0.0533519
0.0533376
0.053338
0.0533516
0.0533483
0.0533479
0.0533546
0.0533371
0.0533388
0.0533589
0.053314
0.0533156
0.0533431
0.0532551
0.0532542
0.0532963
0.0532823
0.0532831
0.0532969
0.0532942
0.0532938
0.0533006
0.053284
0.0532849
0.0533052
0.0532591
0.0532603
0.053288
0.0531983
0.0531971
0.05324
0.0532378
0.0532373
0.0532445
0.0532278
0.053229
0.05325
0.0532026
0.0532041
0.0532323
0.0531407
0.0531386
0.0531826
0.0531673
0.0531709
0.0531856
0.0531442
0.0531469
0.0531756
0.0530814
0.053078
0.0531078
0.053078
0.053072
0.0531175
0.0530993
0.0530726
0.0530983
0.023337
0.0503791
0.0505804
0.0530734
0.0530845
0.0531298
0.0530845
0.0530889
0.053118
0.0530229
0.053019
0.0530485
0.0530188
0.0530116
0.0530569
0.0530065
0.0351078
0.034896
0.0422168
0.0529992
0.0530482
0.0530103
0.0530231
0.0530687
0.0530243
0.0530297
0.0530592
0.0529593
0.0529549
0.052985
0.0528902
0.0431743
0.035157
0.0468491
0.052833
0.0529828
0.0529518
0.0529625
0.0529928
0.0534157
0.0534226
0.0534228
0.0534226
0.0534249
0.0534137
0.0534652
0.0534578
0.0534583
0.0533613
0.053368
0.0533684
0.0533693
0.0533683
0.0533582
0.0534101
0.0533994
0.0534024
0.0533075
0.0533143
0.0533147
0.0533169
0.0533149
0.0533049
0.0533548
0.0533448
0.0533496
0.0532517
0.0532588
0.0532593
0.0532629
0.0532613
0.0532521
0.0533016
0.0532916
0.053297
0.0532052
0.0532026
0.0531952
0.0532453
0.0532384
0.0532418
0.0531068
0.0531425
0.0531554
0.00842323
0.0336218
0.0334836
0.0424392
0.0425455
0.0122776
0.0531877
0.0531802
0.0531824
0.0534707
0.0534959
0.053497
0.0534629
0.0534629
0.0534607
0.0535275
0.0535031
0.0535021
0.0534621
0.0534626
0.0534812
0.0534807
0.0534727
0.0535281
0.0535039
0.0535046
0.0534205
0.0534346
0.053435
0.053438
0.0534342
0.0534203
0.0534627
0.0534484
0.0534453
0.05344
0.0534391
0.0534324
0.0534633
0.0534589
0.0534598
0.05342
0.0534412
0.0534377
0.0534362
0.0534361
0.0534223
0.0534641
0.05345
0.0534503
0.0533653
0.053379
0.053379
0.0533825
0.0533791
0.0533656
0.0534064
0.0533927
0.0533893
0.0533883
0.0533951
0.0533954
0.0533725
0.0533832
0.0533789
0.0534072
0.0534033
0.053399
0.0533898
0.0533807
0.053393
0.0533656
0.0533857
0.053383
0.0533812
0.0533817
0.0533683
0.0534086
0.0533951
0.0533948
0.0533106
0.0533243
0.0533238
0.0533285
0.0533249
0.0533113
0.053352
0.0533385
0.0533353
0.0533345
0.0533412
0.0533416
0.0532741
0.0533167
0.0533133
0.0533387
0.0533347
0.0532949
0.053312
0.0533321
0.0533306
0.0533274
0.0533284
0.0533151
0.053355
0.0533417
0.0533409
0.0532552
0.0532692
0.0532683
0.0532736
0.05327
0.053256
0.0532977
0.0532839
0.0532806
0.0532799
0.0532869
0.0532873
0.0532424
0.0532859
0.0532758
0.0532848
0.0532817
0.0532481
0.0527702
0.0520814
0.0521416
0.0532572
0.0532778
0.0532772
0.0532733
0.0532745
0.0532607
0.0533017
0.0532881
0.0532869
0.0527146
0.0517876
0.0518364
0.0525024
0.052506
0.0528988
0.0532002
0.0532145
0.0532204
0.0532174
0.0532185
0.0532042
0.0532468
0.0532328
0.0532316
0.0526292
0.0520621
0.0520593
0.0520723
0.0520719
0.052665
0.05305
0.053064
0.0530832
0.0246724
0.0528206
0.0527718
0.0483248
0.0482699
0.0150718
0.052006
0.0520182
0.0340449
0.0530802
0.0527668
0.0528714
0.0529562
0.0527797
0.0531018
0.0534125
0.0534146
0.0534109
0.0534387
0.0534278
0.0534244
0.0534297
0.0534295
0.0534365
0.0534306
0.0534244
0.0534342
0.0534611
0.0534604
0.0534645
0.0534368
0.0534408
0.0534417
0.053403
0.0533976
0.0533945
0.0534338
0.0534316
0.0534323
0.0534359
0.0534287
0.0534293
0.0534299
0.0534309
0.0534346
0.053409
0.0534125
0.0534107
0.0533132
0.0533472
0.0533429
0.0533745
0.0533699
0.0533509
0.0533751
0.0533748
0.0533816
0.053304
0.0532145
0.0532387
0.0529467
0.0529579
0.0531773
0.0532555
0.0532682
0.0533294
0.053382
0.0533717
0.0533758
0.0533418
0.0533587
0.0533624
0.0533943
0.0534018
0.0534054
0.0533654
0.053368
0.0533534
0.0533957
0.0533958
0.0533854
0.0532538
0.0532909
0.0532878
0.05331
0.0533067
0.0532654
0.0533215
0.053321
0.0533278
0.0531246
0.0528732
0.0528642
0.0529711
0.0529615
0.0531576
0.0531578
0.0529262
0.0529363
0.0528585
0.0528558
0.0531179
0.0533282
0.0533182
0.0533234
0.0532525
0.0532527
0.0531619
0.0533431
0.0533415
0.0533315
0.0531289
0.0524091
0.0522939
0.0528364
0.0528186
0.0531456
0.0531666
0.0529903
0.0529809
0.0522586
0.0521275
0.0531139
0.0528964
0.0524794
0.0524934
0.0522123
0.0522678
0.0528331
0.0532748
0.0532647
0.0532698
0.0531375
0.0532578
0.0532606
0.0532385
0.0532418
0.0531704
0.0531443
0.0532494
0.0532512
0.0532633
0.0532661
0.0531339
0.0532903
0.0532882
0.0532782
0.0531522
0.0529577
0.0529506
0.0529846
0.0529817
0.0531449
0.0531509
0.0528667
0.0528513
0.0529423
0.0529323
0.0531538
0.0526833
0.0520699
0.0520715
0.0518512
0.0518877
0.0527072
0.0531608
0.0532316
0.0532351
0.0532208
0.0532312
0.0531487
0.0532346
0.0532314
0.0532243
0.0531073
0.0511556
0.0510526
0.0505539
0.0509887
0.0530946
0.0531386
0.0529885
0.052987
0.0525623
0.0514499
0.0514329
0.0534436
0.0534507
0.0534512
0.0534505
0.0534535
0.0534424
0.0534648
0.0534573
0.0534544
0.0534603
0.0534576
0.0534586
0.0532162
0.0532133
0.0531988
0.0532419
0.0532277
0.0532235
0.0532227
0.05323
0.0532305
0.0532075
0.0532253
0.0532182
0.0532395
0.0532324
0.0532102
0.0509085
0.0504693
0.0505357
0.0500403
0.0501391
0.0506723
0.0531409
0.053156
0.0531595
0.0534606
0.0534598
0.0534625
0.0534427
0.0534465
0.0534485
0.0534528
0.0534562
0.053468
0.0534408
0.0534523
0.0534488
0.0534509
0.0534504
0.0534431
0.0532268
0.0532585
0.0532464
0.0532723
0.0532621
0.0532289
0.0532664
0.0532659
0.0532729
0.0468122
0.0431015
0.0427825
0.0447842
0.0444555
0.0478554
0.0504817
0.0498665
0.0499457
0.0532172
0.0532099
0.0532127
0.0531114
0.0532065
0.0532171
0.0531905
0.0532026
0.0531053
0.048422
0.0454218
0.0451123
0.0467291
0.0465321
0.0490596
0.0530581
0.0531754
0.053183
0.0531599
0.0531677
0.0530509
0.0531747
0.0531725
0.0531648
0.0534982
0.0534847
0.0534838
0.0534863
0.0534855
0.0534988
0.053467
0.053481
0.0534821
0.0534726
0.0534722
0.0534677
0.0534984
0.053485
0.0534858
0.0534836
0.0534843
0.0534978
0.0534483
0.0534414
0.0534439
0.0534546
0.0534579
0.0534624
0.0534458
0.0534482
0.0534468
0.0534556
0.0534548
0.0534506
0.0516929
0.051765
0.0527148
0.0528962
0.0525337
0.0525383
0.0511878
0.0508861
0.0509224
0.0505974
0.0506514
0.0510238
0.0511367
0.0516334
0.0516203
0.0516539
0.0516444
0.0511658
0.0526583
0.0520709
0.0520693
0.0534057
0.0534203
0.0534268
0.0534126
0.0533626
0.0533981
0.0533952
0.053421
0.0534133
0.0534466
0.0534441
0.0534413
0.0534455
0.0534446
0.0534483
0.0534151
0.0534123
0.0534153
0.053422
0.0534199
0.0534175
0.053051
0.0530675
0.0532437
0.0532168
0.0530221
0.053036
0.0533354
0.0533448
0.0533737
0.0533586
0.0533171
0.0533262
0.0533226
0.053326
0.0532759
0.0533732
0.0533706
0.053367
0.053378
0.0533743
0.0533767
0.0533595
0.0533562
0.0533526
0.0533634
0.0533598
0.0533629
0.053266
0.053317
0.0533197
0.0533885
0.0533913
0.0533855
0.053401
0.0533997
0.0533962
0.0534068
0.0534033
0.0534045
0.0533871
0.0533853
0.0533817
0.0533925
0.0533889
0.0533906
0.0533699
0.0533819
0.0533853
0.0529174
0.0529126
0.0531385
0.0531449
0.0529276
0.0529224
0.0528779
0.0528843
0.0531334
0.0531248
0.0528674
0.0528721
0.0532517
0.0532535
0.0531439
0.0533195
0.0533155
0.0533122
0.0533221
0.0533188
0.0533228
0.0533063
0.0533026
0.0532993
0.053309
0.0533058
0.0533096
0.0531269
0.0532492
0.0532501
0.053346
0.0533422
0.0533388
0.0533491
0.0533456
0.0533493
0.0533327
0.0533287
0.0533254
0.0533354
0.053332
0.053336
0.0527496
0.0524482
0.0531334
0.0420815
0.0467016
0.0470001
0.0444722
0.0447321
0.0391247
0.053143
0.0527958
0.0527725
0.053108
0.0520687
0.0518922
0.0524113
0.0524277
0.0528896
0.0528631
0.0523481
0.0523824
0.0532446
0.0532441
0.0531323
0.053293
0.0532896
0.0532864
0.0532961
0.0532928
0.0532963
0.0532796
0.0532765
0.0532732
0.0532831
0.0532798
0.0532829
0.053147
0.0532445
0.0532446
0.0445111
0.0399565
0.0396847
0.0423913
0.0419216
0.0459252
0.0528975
0.0528827
0.0531522
0.0450055
0.0488028
0.0490172
0.0472381
0.0474807
0.0428721
0.0467846
0.0517035
0.0517827
0.051527
0.0516166
0.0464851
0.0531538
0.052921
0.0529099
0.0413994
0.035911
0.0357055
0.0393477
0.0388631
0.043564
0.0520645
0.052067
0.0526883
0.050664
0.0510771
0.0510361
0.0513105
0.051283
0.0509403
0.0509885
0.0509372
0.0504516
0.0527017
0.0520538
0.0520595
0.0489903
0.0425796
0.0419376
0.0432924
0.0428255
0.0490927
0.0493632
0.0471157
0.0469256
0.051181
0.050251
0.0503929
0.0509561
0.050988
0.0512464
0.0531496
0.0531546
0.0531391
0.0531842
0.0531695
0.0531641
0.0531574
0.0531665
0.0531589
0.0531815
0.053174
0.0531647
0.049337
0.0493098
0.0334759
0.0520384
0.0513328
0.0513284
0.0513513
0.0513432
0.0520778
0.0531843
0.0531964
0.053189
0.053211
0.0532037
0.0531874
0.0532085
0.0532079
0.0532153
0.0243
0.0215748
0.0082019
0.0483245
0.0431098
0.041883
0.0431492
0.0431145
0.0483043
0.0510958
0.0488529
0.0483922
0.0503505
0.0505575
0.0511836
0.0127587
0.0317843
0.0372036
0.0534791
0.0534738
0.0534732
0.0534752
0.0534748
0.0534798
0.0534633
0.0534722
0.0534704
0.0534668
0.0534663
0.0534633
0.0534793
0.0534739
0.0534746
0.0534729
0.0534731
0.0534786
0.0533915
0.0533874
0.0533783
0.0533925
0.0533908
0.0533945
0.0533835
0.0533872
0.053389
0.0533886
0.0533735
0.0533686
0.0533236
0.0533201
0.0532776
0.0533367
0.0533326
0.053336
0.0533257
0.0533292
0.0533333
0.0533505
0.0533465
0.0533501
0.0533395
0.053343
0.053347
0.0532899
0.0533308
0.0533271
0.0520581
0.0520548
0.0527582
0.052067
0.0520645
0.0526364
0.0513939
0.0516678
0.0516617
0.0516771
0.051673
0.0514089
0.0528577
0.0512718
0.0505639
0.0512047
0.0512474
0.0528459
0.0242699
0.0453552
0.0451343
0.0534523
0.0534563
0.0534571
0.0534546
0.0534554
0.0534513
0.0534636
0.0534595
0.053457
0.0534026
0.0534001
0.0534054
0.0534235
0.0534272
0.0534262
0.0534296
0.0534284
0.0534248
0.0534359
0.0534322
0.0534333
0.0534151
0.0534139
0.0534104
0.0534211
0.0534175
0.0534187
0.0534146
0.0534162
0.0534199
0.0533561
0.0533516
0.0533202
0.0533644
0.0533611
0.0533648
0.0533537
0.0533574
0.0533609
0.0533784
0.0533761
0.0533798
0.0533686
0.0533723
0.0533749
0.0533426
0.0533653
0.0533607
0.0531432
0.0531804
0.0532917
0.0523266
0.0529201
0.052815
0.0530891
0.0530269
0.0526571
0.0515558
0.052496
0.0524775
0.0525369
0.0525159
0.0516029
0.0531846
0.0529698
0.0529824
0.0529243
0.0531435
0.0531224
0.0531739
0.0531596
0.0529475
0.0533358
0.0532789
0.0532888
0.0533449
0.0533533
0.0533306
0.0533713
0.0533696
0.0533653
0.0533453
0.0533333
0.0533309
0.053338
0.0533356
0.0533474
0.0533232
0.053319
0.0533223
0.0533122
0.0533156
0.0533197
0.0532628
0.0533035
0.0533003
0.0528933
0.0528835
0.0531277
0.0509748
0.0523588
0.052392
0.0522894
0.0523213
0.0508145
0.0529073
0.0529164
0.0531519
0.0513712
0.0524238
0.0524054
0.0524602
0.0524428
0.0514319
0.0506038
0.0522623
0.0522697
0.0522696
0.0522634
0.0506282
0.0531187
0.0528558
0.0528573
0.0533091
0.0532941
0.0532925
0.0532974
0.0532957
0.0533107
0.0532817
0.0532809
0.0532941
0.053158
0.0532521
0.0532513
0.0533372
0.0533242
0.0533221
0.0533286
0.0533264
0.0533391
0.0533154
0.0533007
0.053299
0.0533043
0.0533025
0.0533171
0.0524479
0.0524633
0.0528935
0.0513076
0.0519107
0.0518754
0.0519827
0.0519493
0.0513788
0.0528451
0.0522922
0.052296
0.0532515
0.0532544
0.0531808
0.053266
0.0532633
0.0532599
0.0532699
0.0532666
0.0532694
0.0532522
0.0532498
0.0532463
0.0532566
0.0532532
0.0532558
0.0531734
0.0532451
0.0532484
0.0529701
0.0529641
0.0531511
0.0485242
0.0519731
0.0520277
0.0518522
0.0519148
0.0483514
0.0502841
0.0521512
0.0521872
0.0520736
0.052114
0.0501746
0.0531467
0.0529785
0.0529747
0.0378055
0.032729
0.0325997
0.0331365
0.0328902
0.0380089
0.0529899
0.0529894
0.0531361
0.0506741
0.0522748
0.0522975
0.0522208
0.0522495
0.0505895
0.0324778
0.0323527
0.0372535
0.0534559
0.0534548
0.0534523
0.0503464
0.0504048
0.0508657
0.05073
0.0502251
0.0502902
0.0534545
0.0534571
0.0534582
0.0534613
0.0534585
0.0534574
0.0534508
0.0534493
0.0534518
0.0436303
0.0433745
0.0470459
0.0339731
0.0389208
0.0391565
0.0349956
0.0400999
0.040579
0.0394063
0.0397095
0.0345421
0.0476641
0.0441568
0.0438829
0.0459275
0.0456923
0.0485756
0.0375611
0.0419377
0.0422426
0.0410882
0.0415565
0.0370975
0.0534419
0.0534404
0.0534383
0.0534451
0.0534427
0.0534442
0.0534328
0.0534304
0.053428
0.053436
0.0534331
0.0534351
0.053365
0.0533617
0.0533786
0.0513037
0.0507899
0.0508652
0.0506732
0.0507215
0.0512618
0.0514447
0.0510118
0.0510516
0.0509296
0.0509747
0.0514184
0.0508007
0.0508459
0.0511627
0.0496981
0.0504071
0.0503395
0.0505159
0.0504646
0.0497873
0.050266
0.0501932
0.0493074
0.0510641
0.050702
0.0507523
0.0533994
0.0533632
0.0533739
0.0533356
0.0533521
0.0533919
0.0534257
0.0534145
0.053422
0.0533867
0.0534016
0.05342
0.0532545
0.0530836
0.0531042
0.0533398
0.0532278
0.053302
0.0531308
0.053171
0.0533107
0.0534351
0.0534287
0.0534103
0.0534387
0.053436
0.0534394
0.0534273
0.0534319
0.053436
0.0534128
0.053409
0.0534056
0.0534248
0.0534224
0.0534241
0.0534149
0.0534194
0.0534223
0.0534139
0.0534165
0.0534112
0.0518845
0.0526664
0.0526408
0.0527429
0.0526981
0.0519305
0.0532541
0.053087
0.0531114
0.0529955
0.0530086
0.0532084
0.0517388
0.0525781
0.0525582
0.0526184
0.0525978
0.0517717
0.0532984
0.0533078
0.0533532
0.0530047
0.0532011
0.0531876
0.0532278
0.0532145
0.053023
0.0533623
0.0533536
0.0533507
0.0533609
0.053357
0.0533646
0.0532813
0.0533303
0.0533366
0.0533118
0.0533145
0.0532628
0.0533537
0.053343
0.0533405
0.053348
0.0533455
0.0533558
0.0512175
0.0524394
0.0524471
0.0524155
0.0524299
0.0512095
0.0531363
0.0529074
0.0529014
0.0511554
0.0523566
0.0523389
0.0523886
0.0523728
0.0512117
0.0531374
0.0528914
0.0528989
0.0528601
0.0528633
0.0531221
0.0508792
0.052295
0.0522815
0.0523223
0.052308
0.0509398
0.0533032
0.053288
0.0532866
0.053291
0.0532895
0.0533047
0.0531503
0.0532553
0.0532571
0.0532501
0.0532493
0.0531305
0.0532977
0.0532832
0.0532824
0.0532853
0.0532841
0.0532991
0.0533295
0.0533159
0.0533138
0.05332
0.0533179
0.0533313
0.0533222
0.053308
0.0533061
0.0533119
0.0533099
0.053324
0.0511177
0.0481608
0.0478395
0.0486174
0.0484171
0.0512404
0.0506104
0.0468691
0.0466728
0.0474808
0.047141
0.0507307
0.0459111
0.046303
0.0416318
0.0518534
0.0497799
0.0495865
0.0515228
0.0489691
0.0487915
0.0493765
0.049164
0.0516083
0.0395596
0.0450668
0.0454781
0.0433715
0.043302
0.0489348
0.0501873
0.046138
0.0457748
0.0465163
0.0463566
0.0503114
0.0493259
0.0439408
0.0435529
0.0452137
0.0445403
0.0495572
0.0528895
0.0524333
0.0524377
0.0522995
0.0523176
0.052854
0.0405338
0.040223
0.0447629
0.045617
0.0414112
0.0409295
0.0366647
0.0361904
0.0417164
0.0431005
0.0381692
0.0373699
0.0515505
0.0511871
0.0512217
0.0510973
0.0511445
0.0515258
0.0516362
0.0513158
0.0513482
0.0512524
0.0512836
0.0516162
0.0503774
0.0508882
0.0508453
0.0389583
0.034111
0.0335412
0.0346656
0.0346761
0.0393151
0.0495888
0.0485059
0.0484783
0.0482904
0.0484036
0.0495046
0.0534775
0.0534923
0.0534983
0.0534937
0.0534932
0.0534784
0.053057
0.0531422
0.0531514
0.0531184
0.053132
0.0530306
0.0534704
0.0534672
0.0534668
0.0534682
0.0534679
0.053471
0.0534609
0.0534646
0.0534653
0.0534634
0.0534622
0.05346
0.05347
0.0534666
0.0534669
0.0534663
0.0534662
0.0534697
0.0534871
0.0534877
0.0534958
0.0534719
0.0534798
0.0534828
0.0533942
0.0533994
0.0533955
0.0532462
0.0532787
0.0532756
0.0514849
0.0520147
0.0520032
0.05204
0.052025
0.0515021
0.0528967
0.0525085
0.0525134
0.0534219
0.0534183
0.0534166
0.0533311
0.0533756
0.0533684
0.0533887
0.0533823
0.0533413
0.0534275
0.0534294
0.0534317
0.0534248
0.0534271
0.0534248
0.0534303
0.0534293
0.0534271
0.0533752
0.0533845
0.0533899
0.0532565
0.0533358
0.0533162
0.0533602
0.0533498
0.053288
0.053356
0.0533706
0.0533731
0.0532972
0.053294
0.0532558
0.0533097
0.0533055
0.0533088
0.0532988
0.0533021
0.0533062
0.0513371
0.0525298
0.0525555
0.0524927
0.0525087
0.0512747
0.0531548
0.052953
0.0529455
0.0516742
0.0526375
0.0526608
0.0525829
0.0526088
0.051608
0.0532453
0.0532471
0.0531354
0.0532245
0.053228
0.0531576
0.0532429
0.0532394
0.0532419
0.0509537
0.0523532
0.0523669
0.0523187
0.0523371
0.0508948
0.0531282
0.0529898
0.0529901
0.0514429
0.051682
0.0516801
0.0516802
0.0516823
0.05145
0.0386453
0.0430171
0.043304
0.0425055
0.0427561
0.0383628
0.0489508
0.0463375
0.0461383
0.0534812
0.0534767
0.053477
0.0534754
0.0534759
0.0534805
0.0534669
0.0534713
0.0534707
0.0534511
0.05345
0.0534475
0.0534552
0.0534526
0.0534534
0.0534494
0.0534507
0.0534532
0.0525205
0.0525276
0.0528962
0.0516079
0.0520803
0.0520594
0.0521133
0.0520989
0.0516447
0.0534421
0.0534447
0.0534452
0.0534378
0.0534415
0.0534387
0.0530805
0.0532564
0.0532415
0.0532941
0.0532736
0.0531089
0.0533783
0.0533546
0.0533649
0.0533887
0.0533938
0.0533961
0.0533758
0.0533787
0.0533653
0.052939
0.0529331
0.0531471
0.0512193
0.0524711
0.0524808
0.0524546
0.0524625
0.0512169
0.051816
0.0527166
0.0527357
0.0526809
0.0526995
0.0517861
0.0531269
0.0532441
0.0532438
0.0532417
0.0532434
0.053145
0.0482592
0.0485524
0.0445445
0.0431625
0.0477024
0.0479895
0.0511722
0.0511252
0.0507185
0.051378
0.0514042
0.0516853
0.0508919
0.0512511
0.0512138
0.0474565
0.0472963
0.0494531
0.0403772
0.0442245
0.0444868
0.0436149
0.0439282
0.0399356
0.0415131
0.0452677
0.0454805
0.0447864
0.0450416
0.0412844
0.0500232
0.0506147
0.0505654
0.0507074
0.0506629
0.0501075
0.051262
0.0510175
0.0510443
0.036716
0.0307562
0.0322103
0.030517
0.0305365
0.0366976
0.00829594
0.0208947
0.0205626
0.0283897
0.0296644
0.0125911
0.0495643
0.044285
0.0412522
0.0477484
0.0464386
0.0495732
0.0534719
0.0534691
0.0534694
0.0534679
0.0534684
0.0534713
0.0534622
0.0534654
0.0534646
0.0536571
0.053657
0.0536865
0.0536568
0.0536568
0.0536864
0.0536568
0.0536568
0.0536864
0.053657
0.053657
0.0536865
0.0535985
0.0535983
0.0536279
0.0535982
0.0535982
0.0536277
0.0535396
0.0535396
0.0535691
0.0535669
0.0535669
0.0535821
0.0535665
0.0535664
0.0535818
0.0535401
0.0535402
0.0535694
0.0534814
0.0534814
0.0535104
0.0535078
0.0535076
0.0535227
0.053519
0.0535189
0.0535271
0.0534823
0.0534823
0.0535112
0.0534237
0.0534238
0.0534525
0.0534597
0.0534607
0.0534682
0.0534253
0.0534252
0.0534537
0.0533664
0.0533669
0.0533953
0.053403
0.0534039
0.0534107
0.0533693
0.0533686
0.0533968
0.0533094
0.0533103
0.0533386
0.0533502
0.0533507
0.0533573
0.0533137
0.0533124
0.0533405
0.0532524
0.0532537
0.053282
0.0532975
0.0532977
0.0533044
0.0532579
0.0532562
0.0532844
0.0531952
0.0531967
0.0532252
0.0532259
0.0532268
0.053241
0.0532422
0.0532424
0.0532495
0.0532016
0.0531996
0.053228
0.0531376
0.0531392
0.053168
0.0531682
0.053169
0.0531836
0.0531785
0.0531777
0.0531853
0.0531444
0.0531423
0.053171
0.053079
0.0530803
0.05311
0.0531077
0.0531082
0.0531233
0.0222869
0.042278
0.0423048
0.0531047
0.0531103
0.0531256
0.0530866
0.0530846
0.0531135
0.0530199
0.0530217
0.0530508
0.0530371
0.0530107
0.0530308
0.0421614
0.0516286
0.051649
0.0530417
0.0530486
0.0530642
0.0530277
0.0530252
0.0530545
0.0529645
0.05296
0.0529895
0.0529646
0.0529707
0.0530003
0.0529
0.0528946
0.0529248
0.0527689
0.0431667
0.0431726
0.0468112
0.0527657
0.0527997
0.0528901
0.0529018
0.0529321
0.0531929
0.0532004
0.0532011
0.0531431
0.0531409
0.0531324
0.0534731
0.0534809
0.0534813
0.0535274
0.0535192
0.0535192
0.0534238
0.0534247
0.0534177
0.0534177
0.0534246
0.0534235
0.053369
0.0533696
0.0533628
0.0534107
0.0534038
0.0534029
0.0533639
0.0533705
0.0533698
0.053315
0.0533152
0.0533084
0.053356
0.0533492
0.0533488
0.0533111
0.0533177
0.0533174
0.0533014
0.0532946
0.0532944
0.0532387
0.0532664
0.0532634
0.0532565
0.0532635
0.0532634
0.0332973
0.0331012
0.0146669
0.0531234
0.0531146
0.0531183
0.0534365
0.0534328
0.0534317
0.053407
0.0534089
0.0534083
0.0534002
0.0534028
0.053405
0.0531381
0.0532349
0.0532355
0.0532364
0.0532369
0.0531309
0.0532095
0.0532133
0.0531394
0.0531157
0.0529844
0.0529865
0.0529882
0.0529892
0.0531252
0.0520561
0.0520522
0.0526065
0.0534429
0.0534439
0.0534402
0.0534673
0.0534633
0.0534624
0.0531981
0.0532125
0.0532116
0.0532021
0.0532149
0.0532116
0.0532348
0.0532317
0.0532152
0.0531595
0.0531602
0.0531452
0.0531897
0.053175
0.0531741
0.0534612
0.0534622
0.0534663
0.0534383
0.0534422
0.053441
0.0532224
0.0532413
0.0532382
0.0532603
0.0532572
0.053233
0.0531233
0.0532016
0.0532056
0.0531764
0.0531806
0.053093
0.0530725
0.0531673
0.0531718
0.0534977
0.0534932
0.0534933
0.0534688
0.0534731
0.0534735
0.0534931
0.0534931
0.0534976
0.0534599
0.0534608
0.0534633
0.0510674
0.0513583
0.0513359
0.0514507
0.0514389
0.051219
0.0473644
0.0500681
0.0501841
0.0491918
0.04935
0.045941
0.053139
0.0531542
0.0531535
0.0531625
0.0531701
0.0531709
0.0534652
0.0534678
0.0534681
0.0512855
0.0514708
0.0514616
0.05345
0.0534512
0.053449
0.0534648
0.0534625
0.0534619
0.0488632
0.0507809
0.0508479
0.0502877
0.0503801
0.0480035
0.053523
0.0535081
0.0535084
0.053157
0.053149
0.0531512
0.0534966
0.0534886
0.053489
0.0534705
0.0534747
0.0534741
0.0534065
0.0534053
0.0534089
0.0533981
0.0534017
0.053403
0.0532962
0.0532921
0.0532954
0.0532854
0.0532887
0.0532927
0.0534207
0.0534197
0.0534233
0.0534125
0.0534161
0.0534171
0.0532382
0.0532359
0.0532324
0.0525959
0.0520467
0.0520388
0.0534658
0.0534683
0.053468
0.0535524
0.0535525
0.0535372
0.0535361
0.0535515
0.0535517
0.0535511
0.0535512
0.0535354
0.0535819
0.0535666
0.0535666
0.0535351
0.0535508
0.0535511
0.0535516
0.0535513
0.053536
0.0535818
0.0535666
0.0535668
0.0535371
0.0535522
0.0535523
0.053478
0.0534927
0.053493
0.0534983
0.0534919
0.0534772
0.0535219
0.0535069
0.0535062
0.0535122
0.0535121
0.0535041
0.0535021
0.0535106
0.0535107
0.0535111
0.0535109
0.0535026
0.053527
0.053519
0.0535192
0.053446
0.0534533
0.0534523
0.0533904
0.0533971
0.0533963
0.0533375
0.0533441
0.0533437
0.0532842
0.053291
0.0532908
0.053228
0.0532352
0.053235
0.0530872
0.0530934
0.0530784
0.0531234
0.0531083
0.0531023
0.0530812
0.0531006
0.0530928
0.0531162
0.0531084
0.0530898
0.0424862
0.0423787
0.0228245
0.0503636
0.0481081
0.0481627
0.0481843
0.0481218
0.0503943
0.0530799
0.0530951
0.053089
0.0530994
0.0531
0.053085
0.0531302
0.0531151
0.0531149
0.0530635
0.0530486
0.0530418
0.0529689
0.05299
0.0530218
0.0350492
0.0514903
0.0513814
0.0517324
0.0516068
0.0349795
0.0515779
0.0516044
0.0421968
0.0530155
0.0528219
0.0528047
0.0528551
0.0528388
0.0530319
0.0534147
0.0534182
0.0534174
0.0533649
0.0533664
0.0533698
0.0533597
0.0533631
0.0533615
0.0534065
0.0534076
0.0534111
0.0534006
0.0534041
0.0534029
0.0533116
0.0533133
0.0533165
0.0533067
0.0533099
0.0533083
0.0533515
0.053353
0.0533563
0.0533463
0.0533497
0.0533481
0.0532983
0.0533001
0.0533033
0.0532935
0.0532967
0.0532949
0.0531189
0.0531329
0.0531241
0.0531511
0.0531429
0.0531344
0.0531476
0.0531466
0.0531547
0.0202981
0.0201212
0.00852074
0.0130023
0.0280163
0.0278857
0.0534835
0.0534801
0.0534724
0.0534961
0.053488
0.0534878
0.053489
0.0534888
0.0534968
0.0535195
0.0535195
0.0535275
0.0535031
0.0535113
0.0535114
0.0535108
0.0535109
0.0535025
0.0535202
0.0535202
0.0535281
0.053504
0.0535121
0.0535121
0.0535125
0.0535126
0.0535045
0.0534389
0.0534318
0.0534309
0.0534526
0.0534535
0.0534462
0.0534369
0.0534381
0.0534403
0.0534338
0.053436
0.0534346
0.0534305
0.0534317
0.0534388
0.0533832
0.0533763
0.0533757
0.0533961
0.0533969
0.05339
0.0533764
0.0533771
0.0533837
0.0533288
0.0533221
0.0533218
0.053342
0.0533424
0.0533357
0.053324
0.0533244
0.053331
0.0532736
0.0532668
0.0532665
0.0532875
0.0532876
0.0532808
0.0532726
0.0532695
0.0532406
0.0532826
0.0532787
0.053282
0.053272
0.0532753
0.0532791
0.0532703
0.0532705
0.0532774
0.0518061
0.0521831
0.0521749
0.0521947
0.0521891
0.0518216
0.0449193
0.0447175
0.024845
0.0528062
0.0510933
0.0511517
0.0483266
0.0430814
0.0431377
0.0428858
0.0429959
0.0483099
0.0148689
0.0329078
0.0327395
0.051328
0.0513275
0.052014
0.0342479
0.0493698
0.0493575
0.0528873
0.0530889
0.0531046
0.053038
0.0530652
0.0528195
0.0534269
0.0534305
0.0534314
0.0534281
0.0534292
0.0534255
0.0534281
0.0534307
0.0534282
0.0534349
0.0534329
0.0534314
0.0533785
0.05338
0.0533834
0.0533732
0.0533766
0.0533751
0.0533984
0.0534006
0.0533972
0.0533923
0.0533937
0.0533972
0.0533868
0.0533903
0.0533889
0.0533249
0.0533264
0.0533297
0.0533198
0.0533231
0.0533216
0.0533382
0.0533397
0.053343
0.053333
0.0533363
0.0533348
0.0523691
0.0529269
0.0529399
0.0529004
0.0529139
0.0523303
0.0522211
0.0528725
0.052887
0.0528384
0.0528564
0.0521783
0.0532715
0.0532735
0.0532767
0.0532325
0.0532338
0.0531391
0.0531301
0.0532379
0.0532395
0.0532849
0.0532869
0.0532901
0.0532802
0.0532834
0.0532815
0.051865
0.0522049
0.0521999
0.0522112
0.0522086
0.0518775
0.0532242
0.0532218
0.0532183
0.0532289
0.0532254
0.0532279
0.0531441
0.0532171
0.0532208
0.0529744
0.0529814
0.0531119
0.0511332
0.0523956
0.0523942
0.0523784
0.0523881
0.0510951
0.050553
0.0519868
0.0519789
0.0523287
0.052089
0.0506682
0.0520241
0.0519913
0.0525169
0.0514427
0.0516565
0.0516723
0.0516432
0.0516475
0.0514392
0.0534515
0.0534477
0.0534466
0.0534584
0.0534593
0.0534554
0.0532216
0.0532184
0.0532048
0.0532127
0.0532283
0.0532251
0.053454
0.0534581
0.053457
0.0534446
0.0534436
0.0534397
0.0534514
0.0534475
0.0534485
0.0534449
0.0534461
0.05345
0.0532478
0.0532446
0.0532246
0.053231
0.0532541
0.0532509
0.0531935
0.0531976
0.0531172
0.0530992
0.0531852
0.0531894
0.0534938
0.0534938
0.0534982
0.0534847
0.0534893
0.0534893
0.0534886
0.0534887
0.053484
0.05349
0.0534901
0.0534857
0.0534715
0.0534723
0.0534678
0.0534813
0.0534768
0.0534763
0.0534778
0.0534775
0.0534819
0.0534941
0.0534941
0.0534984
0.0534851
0.0534896
0.0534896
0.0534901
0.0534901
0.0534857
0.0534836
0.0534884
0.0534884
0.0534889
0.0534889
0.0534842
0.0534978
0.0534934
0.0534934
0.0534459
0.0534466
0.0534486
0.0534424
0.0534445
0.0534436
0.0534558
0.0534583
0.0534572
0.0517154
0.0521394
0.0521265
0.0521649
0.0521519
0.0517398
0.051396
0.0513787
0.0511042
0.0511931
0.0514257
0.0514118
0.0534113
0.0534198
0.0534163
0.0534256
0.0534228
0.053416
0.0533748
0.0534013
0.053395
0.0534122
0.0534072
0.0533875
0.0529522
0.0529636
0.0524844
0.0520058
0.0527965
0.0528184
0.0527537
0.0527757
0.0519456
0.0497917
0.0499367
0.0470849
0.0462018
0.0494947
0.049647
0.042352
0.0460181
0.0462009
0.0456653
0.0458556
0.0421449
0.0433327
0.0466749
0.0466858
0.0463617
0.0465381
0.0430925
0.0503102
0.0508028
0.0507582
0.05086
0.0508387
0.0503625
0.0512292
0.0516051
0.0516333
0.0454896
0.0449187
0.0412255
0.0503471
0.0508222
0.0508247
0.0534738
0.0534766
0.0534766
0.053476
0.053476
0.0534733
0.0534664
0.0534669
0.0534641
0.0534723
0.0534696
0.0534694
0.053474
0.0534767
0.0534767
0.0534728
0.0534757
0.0534758
0.0534759
0.0534758
0.053473
0.0519796
0.0519789
0.0505699
0.0534557
0.0534534
0.0534523
0.0534595
0.0534602
0.0534579
0.0506287
0.0507073
0.0486976
0.0481789
0.0504662
0.0505489
0.0537159
0.0537159
0.0537452
0.0537158
0.0537158
0.0537452
0.0537158
0.0537158
0.0537452
0.0537159
0.0537159
0.0537452
0.0536573
0.0536573
0.0536867
0.0536572
0.0536572
0.0536866
0.0535985
0.0535988
0.0536283
0.0535986
0.0535986
0.0536279
0.0535675
0.0535674
0.0535825
0.0535096
0.0535098
0.0535245
0.0534516
0.053452
0.0534663
0.0533956
0.0533959
0.0534098
0.0533412
0.053341
0.0533547
0.0532868
0.053286
0.0532997
0.0532311
0.0532298
0.0532438
0.0531827
0.0531827
0.05319
0.0531736
0.0531722
0.0531865
0.0531147
0.0531135
0.0531213
0.0530482
0.0530488
0.0530636
0.0529616
0.0529634
0.0529926
0.0529689
0.0529661
0.0529955
0.0529059
0.052901
0.0529305
0.0529046
0.0529114
0.0529411
0.0528406
0.0528341
0.0528644
0.0526356
0.0431418
0.0431559
0.0467506
0.0526945
0.0527308
0.0528285
0.0528409
0.0528711
0.0531292
0.0531377
0.053139
0.0534683
0.0534608
0.05346
0.0532595
0.0532595
0.0532526
0.0531979
0.0532052
0.0532056
0.0249999
0.0445315
0.0443569
0.0493766
0.0493748
0.0344113
0.0527387
0.0527485
0.0530233
0.0524782
0.0519706
0.0519622
0.0532015
0.053202
0.0531948
0.0532453
0.0532384
0.053238
0.0531386
0.0531433
0.053036
0.0531779
0.053187
0.0531835
0.0532081
0.0532048
0.0531934
0.0534757
0.0534833
0.0534827
0.0535972
0.0536122
0.0536122
0.0536121
0.0536121
0.053597
0.053597
0.0536121
0.0536121
0.0536121
0.0536122
0.0535971
0.0535378
0.053553
0.0535528
0.0535827
0.0535677
0.0535676
0.0535433
0.0535433
0.0535354
0.0535352
0.0535432
0.0535432
0.053553
0.0535529
0.0535379
0.0534941
0.0534943
0.0534798
0.0534828
0.0534833
0.0534758
0.0535047
0.0535125
0.0535126
0.0535282
0.0535202
0.0535203
0.0534807
0.0534952
0.053495
0.0534361
0.0534364
0.0534222
0.0534652
0.0534508
0.0534505
0.0534238
0.0534379
0.0534374
0.0533797
0.0533798
0.0533658
0.053408
0.0533939
0.0533937
0.0533993
0.0533985
0.0533917
0.0534122
0.0534053
0.0534062
0.0533684
0.0533821
0.0533819
0.0533241
0.0533238
0.0533098
0.0533518
0.0533378
0.053338
0.0533455
0.053345
0.0533383
0.0533582
0.0533516
0.0533522
0.0533136
0.0533273
0.0533276
0.0532683
0.0532675
0.0532534
0.0532957
0.0532817
0.0532823
0.0532916
0.0532914
0.0532846
0.053305
0.0532982
0.0532985
0.0532581
0.0532719
0.053273
0.053239
0.0532248
0.0532258
0.0532012
0.0532153
0.0532169
0.0531674
0.0531748
0.053175
0.0530785
0.0530934
0.0530928
0.053098
0.0531058
0.0531069
0.0530267
0.0530335
0.0530185
0.0530173
0.0530327
0.053026
0.0534211
0.0534217
0.0534252
0.0532579
0.0532599
0.0532632
0.0534749
0.0534754
0.0534713
0.053427
0.0534262
0.0534192
0.0534405
0.0534333
0.0534341
0.0533723
0.0533715
0.0533649
0.0533849
0.0533782
0.053379
0.0533187
0.0533184
0.0533117
0.0533317
0.053325
0.0533255
0.053264
0.0532639
0.0532569
0.0532777
0.0532708
0.0532711
0.0532131
0.053213
0.0532202
0.0530848
0.0530771
0.0530554
0.0509622
0.0510312
0.0527902
0.0520096
0.0513254
0.0513227
0.0527585
0.0530159
0.053024
0.05311
0.0531049
0.0530931
0.0534351
0.0534342
0.053438
0.0532667
0.05327
0.0532681
0.053048
0.0528084
0.0529387
0.0534498
0.0534494
0.0534533
0.0534417
0.0534455
0.0534461
0.0532166
0.0532095
0.0532089
0.0532308
0.053231
0.053224
0.0534601
0.0534595
0.0534555
0.0534678
0.0534636
0.053464
0.0532551
0.0532516
0.053255
0.053269
0.0532652
0.0532686
0.0532584
0.0532618
0.0532654
0.0532099
0.0532075
0.0532038
0.0532147
0.0532111
0.0532137
0.0532001
0.0531964
0.0531992
0.0531581
0.0531625
0.0530655
0.0530433
0.0531484
0.0531531
0.0534862
0.0534905
0.0534905
0.0534988
0.0534944
0.0534945
0.0531941
0.0531907
0.0531811
0.0531904
0.0532011
0.0531978
0.0534905
0.053491
0.0534987
0.0534784
0.0534788
0.053483
0.0535355
0.0535434
0.0535434
0.053543
0.053543
0.053535
0.0534985
0.0534908
0.0534905
0.0534837
0.0534795
0.0534792
0.0537159
0.053716
0.0537452
0.053716
0.053716
0.0537452
0.0536573
0.0536572
0.0536867
0.0535987
0.0535987
0.0536279
0.0535399
0.0535399
0.053569
0.0535679
0.0535681
0.0535831
0.0535405
0.0535404
0.0535695
0.0534816
0.0534817
0.0535108
0.0535205
0.0535205
0.0535285
0.0534826
0.0534825
0.0535114
0.0534237
0.0534239
0.0534527
0.0534253
0.053425
0.0534536
0.053366
0.0533664
0.0533951
0.0533684
0.0533678
0.0533964
0.0533085
0.0533092
0.0533378
0.0533118
0.0533108
0.0533393
0.053251
0.0532519
0.0532806
0.0532552
0.0532539
0.0532824
0.0531934
0.0531946
0.0532233
0.0531984
0.0531966
0.0532252
0.0531356
0.053137
0.0531658
0.053141
0.053139
0.0531677
0.0531145
0.0531133
0.0531279
0.053083
0.053081
0.0531099
0.052976
0.0529253
0.0529474
0.0422207
0.0515205
0.05155
0.0529098
0.0529068
0.0529363
0.0535285
0.0535205
0.0535204
0.0531364
0.0531439
0.0531437
0.0531873
0.05318
0.0531791
0.0536126
0.0536126
0.0535977
0.0535974
0.0536123
0.0536123
0.0535534
0.0535533
0.0535384
0.053583
0.0535679
0.0535679
0.0535392
0.0535539
0.0535539
0.0535237
0.0535089
0.0535088
0.0535063
0.0535139
0.0535138
0.0534556
0.0534551
0.0534478
0.05347
0.0534625
0.0534629
0.0532114
0.0532103
0.053196
0.0532359
0.0532356
0.0532284
0.0532498
0.0532427
0.0532432
0.0531534
0.0531521
0.0531376
0.0531813
0.0531669
0.053168
0.0531428
0.0531573
0.0531589
0.0530695
0.053054
0.0530534
0.0512781
0.05117
0.0352008
0.0527875
0.0527702
0.0529669
0.0531517
0.053152
0.0531594
0.0531716
0.0531724
0.0531652
0.0535139
0.053514
0.0535063
0.0498876
0.0393815
0.0191957
0.0497761
0.0391209
0.0188891
0.0482924
0.0363629
0.0167928
0.0481849
0.0361952
0.016714
0.00309293
0
0
0.0533519
0.0518489
0.0365594
0.0514879
0.0420706
0.0121123
0.0512037
0.0410839
0.010765
0.00335668
0
0
0.000701084
2.39246e-05
0
0.0533342
0.0516135
0.0352903
0.0504303
0.0403956
0.0197083
0.0505103
0.0405615
0.0198151
0.0491665
0.0380138
0.0180824
0.0491099
0.0379612
0.0181482
0.0470507
0.0344396
0.0154567
0.0472248
0.0347086
0.0156953
3.87254e-07
0
0
1.51481e-05
0
0
0.000544724
2.38849e-05
0
0.0534434
0.0530904
0.0459244
0.0523128
0.0455571
0.0229267
0.0524916
0.0463017
0.0237506
0.0522504
0.0453032
0.0226269
0.0501011
0.0397291
0.0192586
0.0495387
0.0387158
0.0186843
0.0486863
0.0371342
0.0174575
0.0477591
0.0354578
0.0161358
0.0433453
0.0295823
0.0114571
0.0533203
0.0510794
0.0332534
0.00223969
0
0
3.58549e-05
0
0
2.23985e-05
0
0
0.0345437
0.016359
0.000390905
0.0302986
0.0079996
0
0.0318671
0.00904198
0
0.0338221
0.0104943
0
0.0325216
0.00945617
0
0.0363769
0.0129692
0
0.0343392
0.0109023
0
0.0359873
0.0124492
0
0.0298941
0.00771567
0
0.0282677
0.00677604
0
0.0261992
0.00565859
0
0.0277725
0.00648739
0
0.0217158
0.00364504
0
0.0233425
0.00433524
0
0.0256119
0.00537043
0
0.0240295
0.00462054
0
0.0210678
0.00339827
0
0.00707757
4.11929e-05
0
0.00418367
0
0
3.48946e-05
0
0
0.0525457
0.0465418
0.0240623
0.0527242
0.0473788
0.0248368
0.0527729
0.0476337
0.0252202
0.0501958
0.0399324
0.0194441
0.0507574
0.0411436
0.0203711
0.0494503
0.03855
0.0185551
0.0487649
0.037246
0.017466
0.0466202
0.0338218
0.014864
0.0476124
0.0352276
0.0159679
0.0422081
0.027873
0.00939509
0.0427691
0.0287641
0.0106608
0.0423453
0.0280889
0.00970973
0.043188
0.0293423
0.0111443
0.0428489
0.0288949
0.0108691
0.0402953
0.024778
0.00624086
0.0390748
0.0227525
0.00415596
0.0388816
0.0224535
0.00385278
0.0341859
0.0159489
0.000279971
0.0328965
0.0145949
3.45419e-05
0.0511657
0.042085
0.0207358
0.0512299
0.042216
0.0207132
0.0499473
0.039455
0.0191382
0.0510891
0.0418977
0.0206145
0.0509952
0.0416333
0.0203064
0.0496819
0.038934
0.0187278
0.0484172
0.0365881
0.016961
0.0460542
0.0331646
0.0147705
0.0461629
0.0332696
0.0148057
0.0480934
0.0360795
0.0167203
0.0458757
0.0329031
0.0145062
0.0456951
0.0326457
0.0142482
0.00148368
0
0
0.00169605
0
0
0.00283755
0
0
0.00128903
0
0
0.00113838
0
0
0.0533664
0.0520222
0.0376464
0.0382015
0.0213338
0.00301588
0.0379767
0.0210058
0.00273697
0.0517552
0.043027
0.013494
0.0527829
0.0475734
0.0224476
0.0509715
0.040224
0.00955662
0.00362897
0
0
0.00069702
2.28393e-05
0
0.0533053
0.0513375
0.034497
0.0516176
0.043296
0.0216883
0.0503605
0.040273
0.0196899
0.0505988
0.0407638
0.019991
0.0492432
0.0381319
0.0181324
0.0489789
0.037654
0.0178004
0.0468999
0.0342462
0.0153221
0.0473641
0.0349016
0.0158228
0.0450138
0.0317834
0.0133631
0.0383702
0.021614
0.00327041
0.0385199
0.0218618
0.00333586
0.0534439
0.0530464
0.0438932
0.0534352
0.052812
0.0419823
3.54496e-06
0
0
8.62597e-06
0
0
0.0523836
0.0458748
0.0234425
0.0524395
0.0460963
0.0236293
0.0521662
0.0450534
0.0229864
0.0513835
0.0426099
0.0209727
0.0513031
0.0423928
0.0207955
0.0500177
0.039568
0.019152
0.0508075
0.0412572
0.0204927
0.0509152
0.0414281
0.0201165
0.0496021
0.0387966
0.018654
0.0485586
0.0368759
0.0172289
0.0464273
0.0336256
0.0151374
0.0462907
0.0334243
0.0149207
0.047919
0.0357313
0.0163625
0.0453816
0.0322497
0.0138832
0.0455304
0.0324309
0.0140442
0.0435924
0.0299523
0.0119458
0.0435139
0.0298603
0.0118313
0.00213808
0
0
0.00191605
0
0
0.00254071
0
0
0.000883158
0
0
0.0010064
0
0
0.000765989
0
0
3.38256e-05
0
0
2.90094e-05
0
0
0.053388
0.0522744
0.0388635
0.0373544
0.020074
0.00206645
0.0375501
0.0203565
0.00223423
0.0377619
0.0206854
0.00247863
0.0522453
0.0450546
0.017154
0.0519263
0.0437197
0.0148529
0.052433
0.0459071
0.0187974
0.0525883
0.046666
0.0206089
0.0506302
0.0390145
0.00800267
0.0440627
0.0238491
0
0.0307676
0.0083179
0
0.0312908
0.00866476
0
0.0333565
0.0101196
0
0.0329508
0.00978143
0
0.0349059
0.0113466
0
0.0355432
0.0119198
0
0.0294786
0.00744745
0
0.0288298
0.00709503
0
0.0268747
0.00597853
0
0.0273519
0.00623406
0
0.0221869
0.00384354
0
0.0227307
0.00407755
0
0.0250974
0.00510993
0
0.0246626
0.00489108
0
0.0203997
0.00315522
0
0.00390651
0
0
3.65675e-05
0
0
0.0526808
0.0471711
0.024648
0.0525983
0.0468008
0.0245526
0.0528228
0.0479201
0.0258282
0.0514701
0.0428652
0.0212489
0.0515544
0.0431289
0.0215722
0.0503036
0.0402012
0.0197681
0.050697
0.0410227
0.0203024
0.0493375
0.0383073
0.0182834
0.0488628
0.0374202
0.0175837
0.0467745
0.0340945
0.0152048
0.0474801
0.0350408
0.0158614
0.0452524
0.0321128
0.013773
0.0451563
0.0320262
0.0137
0.0448324
0.0316001
0.0135878
0.0421049
0.0276831
0.00910531
0.0426651
0.0286078
0.0104381
0.0424982
0.0283313
0.0100418
0.0429515
0.0289603
0.010583
0.0430506
0.0291357
0.0108504
0.0392696
0.0230567
0.00448282
0.0386957
0.0221599
0.00357356
0.0337925
0.01553
0.000180554
0.0333665
0.0150903
9.6568e-05
0.0534526
0.0532323
0.0469073
0.0534574
0.0533298
0.0488872
0.0534573
0.0533339
0.0491324
0.000127647
0
0
0.000207808
0
0
0.0485761
0.0333807
0.00383691
0.0458183
0.0271995
0.000960307
0.0489537
0.0343229
0.00437925
0.0452988
0.0262755
0.000697496
0.0119727
0.000729913
0
0.00856793
0.000197326
0
0.00573448
0
0
0.00820745
0.000153291
0
0.00543248
0
0
0.0268057
0.0114433
0.00113663
0.0531323
0.0498608
0.0295505
0.0530947
0.0495735
0.0285808
0.0397425
0.0238348
0.00521515
0.0408431
0.0257008
0.00711423
0.0407332
0.0255298
0.0069188
0.0396412
0.0236422
0.00504017
0.0394601
0.0233622
0.00483587
0.0533905
0.0518563
0.0365968
0.0534146
0.0522806
0.0385248
0.00755722
0.0028777
2.7421e-05
0.0357946
0.0178524
0.000901876
0.000178686
0
0
0.000148547
0
0
7.29326e-05
0
0
0
0
0
0.000451722
0
0
0.0520513
0.0446396
0.0224943
0.0436822
0.0300877
0.0121443
0.043805
0.0301658
0.011839
0.0442402
0.030845
0.0127482
0.0314326
0.012676
0.000221949
0.0530864
0.0493148
0.0272201
0.000583452
0
0
0.0534163
0.0526563
0.0415846
0.053401
0.0524413
0.0402018
0.0367493
0.0191596
0.00145209
0.0354965
0.01748
0.000752923
0.0365435
0.0188445
0.00128274
0.0363829
0.0185978
0.0012364
0.0528969
0.0481985
0.0241923
0.0469341
0.029602
0.00191213
0.0473626
0.0305184
0.00230266
0.0502723
0.0380141
0.00723124
0.0499475
0.0370642
0.00643212
0.0105179
0.000465489
0
0.0099761
0.00038194
0
0.00673147
1.84638e-05
0
0.00436111
0
0
0.000257875
0
0
0.000509304
0
0
0.000317226
0
0
5.18931e-05
0
0
0
0
0
0.000553707
1.80444e-06
0
0.0532324
0.0506389
0.0315465
0.0532543
0.0508375
0.032244
0.0517784
0.0437397
0.0216875
0.0519742
0.0443513
0.022106
0.0516811
0.0435053
0.022003
0.0446983
0.0314
0.0133293
0.044351
0.030974
0.0128834
0.0401567
0.0245245
0.0059417
0.0311096
0.0123407
0.000123557
0
0
0
5.28122e-05
0
0
0.000285968
0
0
0.0320221
0.0134854
0.000201636
0.0321217
0.0135847
2.77736e-05
0.0319047
0.0133395
0.000299407
0.0317249
0.0130831
0.000301856
0.0481486
0.0322385
0.0030614
0
0
0
0
0
0
0.0462295
0.0280125
0.00123916
0.0494038
0.0353986
0.00499266
0.044843
0.0254393
0.000451662
0.0421589
0.0208181
0
0.0426106
0.0215467
0
0.0385258
0.0155666
0
0.0389145
0.0161149
0
0.0417648
0.0201471
0
0.0414393
0.0195828
0
0.0379017
0.0148546
0
0.0373705
0.0142033
0
0.0124128
0.000828393
0
0.0129823
0.00094097
0
0.0163603
0.00179933
0
0.0158393
0.0016474
0
0.0169247
0.00196762
0
0.017532
0.00215343
0
0.0115522
0.000640485
0
0.00897981
0.000249516
0
0.00605369
0
0
0.00783705
0.000113319
0
0.00510152
0
0
0
0
0
0
0
0
0.0531592
0.050058
0.0300198
0.053187
0.0502796
0.0307618
0.0530426
0.0492412
0.028312
0.0419082
0.0274336
0.00907762
0.0419961
0.0275875
0.00932546
0.0398693
0.0240449
0.00542503
0.0418165
0.0272914
0.00886674
0.0416375
0.0270032
0.00844216
0.0409611
0.0258958
0.00734484
0.0405959
0.0252991
0.00664015
0.0306304
0.0120738
0.000872578
1.5304e-06
0
0
0
0
0
0
0
0
0.053451
0.0532226
0.0475086
0.0534362
0.0529715
0.0445555
0.0534254
0.0527953
0.0429561
0.036094
0.018226
0.00106291
0.000216601
0
0
0.000256317
0
0
0.000121005
0
0
9.58455e-05
0
0
4.84147e-06
0
0
0.00036439
0
0
0.052119
0.0448962
0.0228606
0.0439129
0.0303447
0.0120988
0.044065
0.0305645
0.0123919
0.0327106
0.0143055
8.09829e-05
0.0324475
0.0139567
3.72637e-05
0.0315932
0.0128907
0.000262247
0.0531734
0.0499252
0.0292089
0.0532675
0.0505873
0.0312939
0.000661947
0
0
0.000744194
0
0
0
0
0
0
0
0
0.036955
0.019466
0.00164079
0.0371605
0.0197719
0.0018453
0.0348981
0.0167299
0.000491165
0.0352016
0.0171107
0.000615397
0.0465521
0.0287581
0.00155434
0.0478368
0.0314995
0.00269416
0.0496656
0.0361876
0.00567148
0.0444444
0.0246754
0.000245336
0.0436561
0.0231626
0
0.0431097
0.0223304
0
0.039773
0.0173517
0
0.0393167
0.0167083
0
0.0402746
0.0180418
0
0.040824
0.0187804
0
0.0368003
0.0135217
0
0.0141887
0.00122229
0
0.0135646
0.00107497
0
0.0148281
0.00137781
0
0.0153682
0.00151568
0
0.0192788
0.002728
0
0.0197806
0.00293011
0
0.0188062
0.00255665
0
0.0181916
0.0023595
0
0.0111021
0.000561728
0
0.00946411
0.000310491
0
0.00638747
5.15741e-06
0
0.00737319
7.33766e-05
0
0.00473139
0
0
0.000441869
0
0
0.000378531
0
0
3.29598e-05
0
0
0
0
0
0.000595737
6.19375e-06
0
0.0532779
0.0510697
0.0332903
0.0529687
0.0487475
0.0270312
0.0530118
0.049044
0.0278982
0.0529285
0.0484913
0.0264825
0.0528723
0.0482126
0.0266326
0.0518354
0.0438998
0.0217251
0.0519019
0.0441066
0.0218634
0.0445685
0.0312277
0.0131349
0.0444515
0.0310833
0.0129858
0.040012
0.0242771
0.00566746
0.0413273
0.0264909
0.00779465
0.0414765
0.026738
0.00810205
0.0410771
0.0261046
0.00760508
0.041205
0.0262643
0.00752985
0.0404365
0.0250116
0.00629959
0.0308769
0.0121299
0.000309291
0.0534559
0.0533095
0.0487421
)
;

boundaryField
{
    topAndBottom
    {
        type            calculated;
        value           nonuniform List<scalar> 
72
(
0.0538327
0.0538326
0.0537739
0.0537738
0.0537151
0.0537151
0.0536565
0.0536565
0.0535978
0.0535979
0.0535392
0.0535393
0.0534807
0.0534808
0.0534222
0.0534224
0.0533637
0.0533639
0.0533053
0.0533055
0.0532469
0.0532471
0.0531885
0.0531887
0.0531301
0.0531302
0.0530717
0.0530717
0.0530133
0.0530131
0.0529549
0.0529545
0.0528964
0.0528956
0.052838
0.0528368
0.0527795
0.0527779
0.0527211
0.052719
0.0526626
0.0526601
0.0526041
0.0526012
0.0525456
0.0525423
0.0524872
0.0524833
0.0524287
0.0524244
0.0523702
0.0523655
0.0523117
0.0523067
0.0522532
0.0522479
0.0521947
0.0521891
0.0521362
0.0521303
0.0520777
0.0520715
0.0520192
0.0520127
0.0519606
0.0519539
0.0519021
0.0518951
0.0518436
0.0518363
0.0517851
0.0517775
)
;
    }
    inlet
    {
        type            calculated;
        value           uniform 0;
    }
    outlet
    {
        type            calculated;
        value           nonuniform List<scalar> 
24
(
0.0517851
0.051786
0.0517871
0.0517885
0.0517906
0.0517931
0.0517967
0.0517946
0.0517946
0.051787
0.0517132
0.0468841
0.0486187
0.0517241
0.0517785
0.0517865
0.0517871
0.0517918
0.0517874
0.0517842
0.0517818
0.0517798
0.0517785
0.0517775
)
;
    }
    wing
    {
        type            calculated;
        value           uniform 0;
    }
    front
    {
        type            empty;
    }
    back
    {
        type            empty;
    }
}


// ************************************************************************* //
